#!ascii label  , from subject sub-v1s9x0051359_ses-1 vox2ras=TkReg
1565
101950  -56.437  23.948  36.575 0.0000000000
112837  -44.444  41.750  28.311 0.0000000000
108150  -44.892  33.514  37.801 0.0000000000
137315  -53.588  35.050  33.113 0.0000000000
110303  -50.547  36.587  21.573 0.0000000000
110233  -49.555  36.577  28.580 0.0000000000
108290  -54.529  33.815  25.232 0.0000000000
108205  -48.130  33.883  30.694 0.0000000000
97347  -53.314  18.448  44.610 0.0000000000
98942  -53.279  20.688  41.186 0.0000000000
116558  -40.895  47.062  28.534 0.0000000000
112283  -42.605  39.212  22.100 0.0000000000
107060  -46.659  31.636  19.016 0.0000000000
103354  -50.260  26.752  38.984 0.0000000000
113834  -48.438  42.860  35.476 0.0000000000
139654  -50.531  36.216  39.256 0.0000000000
105575  -53.722  29.746  37.114 0.0000000000
130015  -49.234  28.660  35.065 0.0000000000
104882  -44.285  28.612  33.258 0.0000000000
101984  -55.262  24.388  33.819 0.0000000000
107036  -52.311  31.361  21.216 0.0000000000
108967  -53.583  35.263  22.115 0.0000000000
107021  -53.945  30.502  22.336 0.0000000000
107644  -50.047  32.837  24.267 0.0000000000
98933  -55.345  19.962  43.667 0.0000000000
99720  -52.262  21.446  44.447 0.0000000000
133360  -47.219  48.294  31.873 0.0000000000
109621  -44.953  35.401  20.539 0.0000000000
101921  -47.376  24.749  39.224 0.0000000000
105557  -46.946  29.042  38.424 0.0000000000
113880  -41.549  42.145  31.764 0.0000000000
112187  -43.874  39.653  32.891 0.0000000000
127334  -52.540  36.706  30.720 0.0000000000
110184  -49.004  36.044  33.848 0.0000000000
109513  -52.390  35.802  35.671 0.0000000000
150285  -52.898  32.868  37.727 0.0000000000
107545  -53.325  32.789  36.250 0.0000000000
105587  -51.720  29.448  35.705 0.0000000000
106913  -50.648  32.464  34.226 0.0000000000
106930  -45.941  31.827  32.815 0.0000000000
112260  -47.916  40.018  25.869 0.0000000000
111504  -46.563  38.885  28.417 0.0000000000
112263  -51.248  40.161  25.327 0.0000000000
110256  -53.021  36.917  26.586 0.0000000000
108884  -53.897  34.365  28.802 0.0000000000
108192  -51.699  33.783  31.341 0.0000000000
108919  -50.777  34.671  27.488 0.0000000000
108257  -47.108  33.873  27.185 0.0000000000
97404  -55.226  17.635  40.302 0.0000000000
98177  -56.329  18.760  39.470 0.0000000000
99759  -54.242  21.132  37.505 0.0000000000
117031  -42.197  49.338  36.475 0.0000000000
115461  -44.638  45.134  31.001 0.0000000000
113890  -40.686  42.818  28.621 0.0000000000
111512  -43.321  38.882  26.045 0.0000000000
110936  -46.460  38.070  21.856 0.0000000000
107669  -48.739  32.815  22.320 0.0000000000
126858  -49.678  28.221  20.553 0.0000000000
104999  -47.135  27.878  17.775 0.0000000000
100476  -49.183  22.235  41.511 0.0000000000
100495  -50.988  22.936  37.886 0.0000000000
101928  -53.650  24.874  38.255 0.0000000000
112167  -47.564  39.405  36.843 0.0000000000
111468  -46.600  38.510  33.334 0.0000000000
129565  -49.743  40.229  37.604 0.0000000000
110135  -48.099  35.606  38.622 0.0000000000
106885  -49.338  31.955  38.360 0.0000000000
104822  -53.982  28.897  40.235 0.0000000000
103378  -54.852  26.911  37.626 0.0000000000
104102  -53.054  27.124  35.015 0.0000000000
103396  -50.680  26.502  35.118 0.0000000000
102687  -47.440  25.882  34.015 0.0000000000
106919  -48.355  31.508  33.527 0.0000000000
105601  -46.686  28.911  34.505 0.0000000000
103420  -45.720  27.084  31.785 0.0000000000
100509  -56.919  22.278  36.307 0.0000000000
101280  -56.787  23.492  34.438 0.0000000000
134062  -56.061  24.711  35.065 0.0000000000
105727  -53.603  28.529  20.676 0.0000000000
107047  -54.704  30.301  20.871 0.0000000000
105700  -52.727  28.512  21.649 0.0000000000
106365  -51.352  30.536  22.907 0.0000000000
106882  -45.812  31.856  38.368 0.0000000000
112832  -42.807  40.917  29.722 0.0000000000
110203  -54.111  36.074  32.358 0.0000000000
110186  -52.195  36.643  33.559 0.0000000000
109520  -53.884  35.613  34.548 0.0000000000
108161  -53.757  33.794  36.144 0.0000000000
108175  -53.366  34.035  34.715 0.0000000000
107544  -52.035  32.380  35.531 0.0000000000
108174  -52.198  33.598  34.188 0.0000000000
111566  -49.679  38.683  23.225 0.0000000000
138047  -49.979  40.902  25.692 0.0000000000
111568  -51.488  39.282  23.637 0.0000000000
108956  -54.693  33.648  23.397 0.0000000000
141714  -53.302  36.964  24.226 0.0000000000
109569  -54.850  34.680  25.979 0.0000000000
110248  -54.691  35.486  27.295 0.0000000000
108935  -54.665  33.994  26.902 0.0000000000
127569  -52.862  34.200  28.478 0.0000000000
108933  -53.032  34.307  26.424 0.0000000000
108286  -48.621  33.708  25.670 0.0000000000
98936  -54.341  20.585  42.585 0.0000000000
98940  -55.660  19.522  41.503 0.0000000000
98948  -54.048  20.198  39.790 0.0000000000
98956  -55.165  20.151  37.728 0.0000000000
98951  -53.150  20.671  39.072 0.0000000000
117073  -42.748  47.965  30.421 0.0000000000
115986  -45.922  46.640  31.538 0.0000000000
116010  -42.687  45.936  30.364 0.0000000000
114934  -42.358  44.233  29.619 0.0000000000
115492  -39.816  44.945  28.525 0.0000000000
112871  -41.453  40.124  23.548 0.0000000000
112868  -40.688  40.630  25.340 0.0000000000
111560  -42.795  38.806  23.860 0.0000000000
135064  -45.074  38.388  23.942 0.0000000000
111581  -44.291  38.583  22.316 0.0000000000
135514  -46.085  33.066  19.939 0.0000000000
108334  -46.419  33.641  21.775 0.0000000000
107045  -47.163  31.057  20.849 0.0000000000
151432  -49.025  30.721  21.418 0.0000000000
146990  -47.208  29.130  19.928 0.0000000000
104988  -47.639  27.761  19.727 0.0000000000
139499  -46.863  29.736  18.354 0.0000000000
100465  -45.236  22.519  42.725 0.0000000000
99715  -46.509  21.473  44.930 0.0000000000
100466  -46.761  22.180  42.691 0.0000000000
99738  -48.872  21.792  42.924 0.0000000000
100474  -47.399  22.582  41.520 0.0000000000
102645  -48.670  25.499  38.633 0.0000000000
101244  -48.899  23.702  38.623 0.0000000000
101927  -50.173  24.503  37.793 0.0000000000
101934  -52.880  24.212  37.581 0.0000000000
136962  -52.353  25.692  38.422 0.0000000000
147717  -48.198  44.207  37.614 0.0000000000
113305  -46.901  41.413  37.066 0.0000000000
113293  -49.354  41.992  37.608 0.0000000000
110874  -47.551  37.262  28.607 0.0000000000
110867  -46.122  37.072  30.615 0.0000000000
110213  -47.229  36.427  30.721 0.0000000000
110154  -50.044  36.780  37.112 0.0000000000
110827  -49.016  38.029  36.410 0.0000000000
111443  -50.993  39.236  38.976 0.0000000000
111430  -49.816  38.924  39.656 0.0000000000
110127  -50.534  36.925  40.458 0.0000000000
108141  -48.358  33.251  38.493 0.0000000000
141471  -49.917  33.836  38.537 0.0000000000
127024  -53.996  31.066  38.688 0.0000000000
106219  -53.514  30.330  39.440 0.0000000000
105563  -54.468  29.509  39.057 0.0000000000
104060  -54.839  27.758  39.287 0.0000000000
127118  -54.352  28.373  37.350 0.0000000000
104087  -54.163  27.136  35.944 0.0000000000
104863  -53.287  28.552  35.940 0.0000000000
105604  -50.076  29.226  35.189 0.0000000000
126782  -51.049  28.176  35.259 0.0000000000
104098  -49.305  27.625  35.266 0.0000000000
102689  -48.926  25.557  34.697 0.0000000000
104097  -48.302  27.103  35.129 0.0000000000
108206  -50.025  33.804  30.764 0.0000000000
107559  -49.395  32.705  32.616 0.0000000000
107573  -48.516  32.840  32.231 0.0000000000
133136  -44.856  29.863  33.767 0.0000000000
106281  -45.755  30.411  33.758 0.0000000000
151160  -45.285  28.443  34.061 0.0000000000
104110  -45.749  27.321  33.751 0.0000000000
104117  -44.599  27.973  32.839 0.0000000000
103435  -44.882  27.188  29.678 0.0000000000
98959  -57.514  19.362  36.412 0.0000000000
101982  -53.128  23.996  33.847 0.0000000000
108976  -51.392  33.926  21.647 0.0000000000
110305  -52.397  36.137  21.612 0.0000000000
108337  -53.540  33.359  21.003 0.0000000000
107671  -54.782  32.042  22.421 0.0000000000
107661  -54.459  32.593  23.537 0.0000000000
152546  -52.832  33.158  24.018 0.0000000000
107659  -51.445  32.012  23.553 0.0000000000
97360  -55.045  19.111  44.004 0.0000000000
98918  -54.832  20.219  45.234 0.0000000000
99740  -52.366  21.428  43.003 0.0000000000
117082  -42.232  48.623  28.543 0.0000000000
110965  -43.890  37.564  20.507 0.0000000000
108362  -46.643  33.613  18.126 0.0000000000
107709  -47.589  32.165  17.593 0.0000000000
101917  -46.056  24.064  40.174 0.0000000000
104044  -46.829  27.058  38.943 0.0000000000
140911  -48.676  27.992  38.705 0.0000000000
113356  -45.714  40.862  34.066 0.0000000000
110225  -50.978  36.514  29.730 0.0000000000
110208  -48.511  36.134  31.478 0.0000000000
145275  -50.120  36.177  32.303 0.0000000000
110172  -50.738  36.260  34.812 0.0000000000
109504  -50.988  35.714  37.036 0.0000000000
108822  -51.023  34.404  37.665 0.0000000000
108823  -52.052  34.108  36.892 0.0000000000
107528  -53.949  32.541  37.632 0.0000000000
106906  -53.815  31.525  37.591 0.0000000000
140982  -52.601  29.229  35.940 0.0000000000
106249  -52.240  31.081  36.340 0.0000000000
106268  -50.669  30.975  35.271 0.0000000000
140727  -49.852  30.368  34.847 0.0000000000
107572  -47.079  32.942  31.771 0.0000000000
109502  -45.093  35.528  36.512 0.0000000000
113394  -46.528  42.208  27.047 0.0000000000
112226  -45.517  40.467  28.533 0.0000000000
112847  -48.625  41.938  27.458 0.0000000000
112237  -49.804  40.958  26.815 0.0000000000
110889  -50.128  38.208  26.592 0.0000000000
132100  -52.516  38.048  23.331 0.0000000000
111520  -52.472  38.494  25.299 0.0000000000
110245  -51.616  36.710  27.728 0.0000000000
110227  -52.598  36.524  29.276 0.0000000000
145432  -53.965  35.811  29.639 0.0000000000
108862  -53.423  34.929  31.220 0.0000000000
108184  -52.489  34.336  32.400 0.0000000000
108209  -52.781  33.983  30.302 0.0000000000
108867  -51.483  33.903  30.035 0.0000000000
108879  -49.745  34.380  29.333 0.0000000000
108941  -50.874  34.508  25.175 0.0000000000
127055  -49.215  34.707  26.749 0.0000000000
97386  -56.142  18.570  41.869 0.0000000000
97405  -56.662  18.044  40.516 0.0000000000
97414  -57.280  18.089  38.465 0.0000000000
98957  -57.028  19.581  37.533 0.0000000000
135692  -55.812  20.524  37.129 0.0000000000
100500  -55.861  22.621  37.076 0.0000000000
116513  -41.800  47.667  35.102 0.0000000000
139273  -43.652  47.575  33.388 0.0000000000
115430  -41.676  45.541  33.630 0.0000000000
114927  -42.631  43.999  31.282 0.0000000000
130915  -43.152  43.030  29.651 0.0000000000
113375  -43.006  41.964  28.378 0.0000000000
115507  -39.646  44.990  26.181 0.0000000000
113897  -39.508  42.633  26.698 0.0000000000
112842  -40.927  40.816  27.198 0.0000000000
112854  -44.267  40.799  27.042 0.0000000000
111530  -45.859  38.725  25.651 0.0000000000
139916  -47.887  38.387  23.660 0.0000000000
110951  -48.967  37.749  21.715 0.0000000000
128209  -45.873  35.990  21.581 0.0000000000
109596  -48.191  35.252  22.311 0.0000000000
108966  -49.648  34.593  22.229 0.0000000000
107682  -50.363  32.068  21.908 0.0000000000
105710  -51.507  29.161  20.656 0.0000000000
104219  -48.999  26.351  19.947 0.0000000000
104233  -47.596  26.087  18.854 0.0000000000
106429  -48.275  30.328  16.644 0.0000000000
99733  -50.909  21.693  43.323 0.0000000000
99743  -51.652  21.478  41.421 0.0000000000
101236  -47.954  22.993  39.936 0.0000000000
100482  -50.055  22.226  40.091 0.0000000000
99752  -51.644  21.563  39.402 0.0000000000
100493  -52.270  22.178  37.859 0.0000000000
101251  -54.031  23.300  37.343 0.0000000000
101936  -55.412  24.466  38.005 0.0000000000
146244  -46.674  36.726  36.573 0.0000000000
127899  -44.813  38.286  30.078 0.0000000000
112198  -45.208  38.965  32.738 0.0000000000
140468  -48.041  40.937  34.224 0.0000000000
110182  -47.578  37.141  33.983 0.0000000000
112183  -48.567  39.707  35.202 0.0000000000
112799  -49.895  41.399  36.321 0.0000000000
132899  -49.552  40.525  37.667 0.0000000000
110818  -48.337  37.537  38.041 0.0000000000
108821  -46.756  34.808  37.934 0.0000000000
107509  -46.889  32.359  38.340 0.0000000000
106236  -48.275  30.516  38.356 0.0000000000
104837  -50.321  28.890  38.829 0.0000000000
133316  -50.988  31.871  38.521 0.0000000000
105562  -51.667  30.166  38.978 0.0000000000
104048  -51.940  27.486  39.722 0.0000000000
103357  -54.102  26.729  39.981 0.0000000000
102652  -55.238  25.602  38.749 0.0000000000
101949  -56.054  24.650  37.144 0.0000000000
102679  -55.455  25.345  35.467 0.0000000000
102693  -54.021  25.597  34.570 0.0000000000
101967  -52.580  24.640  34.304 0.0000000000
104862  -52.659  28.329  35.515 0.0000000000
103397  -51.713  26.493  34.917 0.0000000000
132213  -51.014  24.245  34.125 0.0000000000
153274  -49.651  24.506  34.156 0.0000000000
101978  -48.543  24.816  33.514 0.0000000000
108177  -51.085  33.393  32.871 0.0000000000
106912  -49.892  32.166  33.766 0.0000000000
106266  -49.071  30.318  34.476 0.0000000000
106918  -47.326  31.293  33.465 0.0000000000
106283  -47.789  30.699  33.989 0.0000000000
105602  -47.607  29.044  34.623 0.0000000000
104096  -46.877  27.388  34.603 0.0000000000
103407  -46.755  26.251  33.279 0.0000000000
141136  -56.696  23.068  36.431 0.0000000000
100517  -57.016  22.753  35.740 0.0000000000
101270  -56.720  23.509  35.481 0.0000000000
101971  -56.460  24.106  34.730 0.0000000000
101960  -56.402  24.214  35.550 0.0000000000
104966  -52.400  27.304  20.982 0.0000000000
105711  -53.804  28.434  21.171 0.0000000000
104956  -52.039  27.732  21.424 0.0000000000
106232  -45.027  30.668  38.411 0.0000000000
107507  -45.417  32.478  38.386 0.0000000000
112836  -43.795  41.518  28.711 0.0000000000
112830  -42.860  40.113  29.962 0.0000000000
112834  -44.008  40.738  28.941 0.0000000000
108855  -53.788  35.254  32.880 0.0000000000
110176  -54.079  35.846  33.751 0.0000000000
134182  -53.990  34.923  33.806 0.0000000000
108847  -53.864  34.521  34.683 0.0000000000
108854  -53.520  34.649  33.803 0.0000000000
108179  -52.742  34.276  33.503 0.0000000000
110940  -50.263  38.326  21.937 0.0000000000
111567  -50.610  38.966  23.250 0.0000000000
110941  -51.105  38.117  21.953 0.0000000000
108304  -54.501  33.656  24.708 0.0000000000
109578  -54.652  34.647  24.959 0.0000000000
108945  -54.719  34.034  25.494 0.0000000000
108936  -54.853  34.173  26.511 0.0000000000
108944  -54.671  34.035  26.050 0.0000000000
135396  -54.186  33.975  26.257 0.0000000000
151108  -54.343  33.861  25.583 0.0000000000
97374  -53.292  18.516  42.908 0.0000000000
98943  -54.218  20.191  40.804 0.0000000000
98947  -53.002  20.735  40.145 0.0000000000
116549  -42.012  47.639  29.883 0.0000000000
140201  -42.734  46.908  30.477 0.0000000000
116548  -41.762  46.762  30.106 0.0000000000
116022  -41.558  45.816  30.107 0.0000000000
133492  -40.171  45.716  28.700 0.0000000000
112282  -41.861  39.772  21.985 0.0000000000
112874  -41.479  40.504  22.517 0.0000000000
112275  -41.757  39.799  22.836 0.0000000000
112276  -42.020  39.323  23.484 0.0000000000
111579  -42.732  38.973  22.918 0.0000000000
142785  -43.671  38.615  23.240 0.0000000000
111580  -43.396  38.800  22.274 0.0000000000
142209  -46.529  31.839  19.646 0.0000000000
107691  -46.433  32.474  20.697 0.0000000000
136442  -46.885  30.865  20.225 0.0000000000
106401  -47.665  30.425  20.842 0.0000000000
106411  -46.849  30.233  19.713 0.0000000000
105738  -46.730  29.392  19.207 0.0000000000
106417  -46.673  30.575  18.916 0.0000000000
101226  -43.574  23.279  41.852 0.0000000000
101220  -45.234  22.861  41.881 0.0000000000
128789  -46.005  22.085  43.102 0.0000000000
100472  -46.004  22.514  42.279 0.0000000000
100467  -47.411  22.275  42.330 0.0000000000
133318  -49.384  26.145  38.665 0.0000000000
102646  -49.505  25.225  38.296 0.0000000000
126733  -50.067  25.989  38.603 0.0000000000
102648  -51.428  25.666  38.256 0.0000000000
103361  -50.928  26.265  38.726 0.0000000000
114350  -47.809  43.469  35.953 0.0000000000
114339  -49.011  44.035  37.130 0.0000000000
113810  -49.194  43.463  37.440 0.0000000000
114340  -49.593  43.536  36.936 0.0000000000
110875  -48.416  37.138  28.136 0.0000000000
110871  -47.057  36.877  29.473 0.0000000000
110223  -48.493  36.352  29.862 0.0000000000
110144  -50.748  37.602  38.316 0.0000000000
110137  -51.149  37.150  39.470 0.0000000000
110789  -51.139  38.200  40.744 0.0000000000
110128  -51.121  36.969  40.222 0.0000000000
108810  -49.555  34.631  38.877 0.0000000000
109484  -50.069  35.299  39.038 0.0000000000
105566  -54.076  30.363  37.869 0.0000000000
106242  -54.213  30.411  38.591 0.0000000000
105567  -54.323  29.715  38.001 0.0000000000
104840  -54.532  28.893  38.162 0.0000000000
104850  -54.097  29.033  37.248 0.0000000000
104849  -53.900  28.397  36.561 0.0000000000
130634  -53.621  29.012  36.582 0.0000000000
138356  -50.431  28.448  35.301 0.0000000000
104873  -49.900  28.348  35.235 0.0000000000
104872  -48.463  28.100  35.099 0.0000000000
142011  -49.050  33.915  30.830 0.0000000000
107574  -49.241  33.170  32.037 0.0000000000
108189  -48.560  33.442  31.516 0.0000000000
105615  -44.135  29.344  33.508 0.0000000000
104883  -44.881  28.922  33.945 0.0000000000
134164  -44.967  28.226  33.660 0.0000000000
104123  -44.481  27.869  31.570 0.0000000000
104890  -43.962  28.391  32.255 0.0000000000
98971  -57.298  20.186  36.529 0.0000000000
101291  -54.774  23.645  33.366 0.0000000000
101983  -54.182  24.181  33.824 0.0000000000
108336  -52.046  33.123  21.410 0.0000000000
137980  -52.611  33.947  21.237 0.0000000000
146175  -53.025  33.115  20.932 0.0000000000
106379  -54.595  29.812  21.534 0.0000000000
107038  -54.675  30.794  21.222 0.0000000000
107022  -54.559  30.811  22.139 0.0000000000
107012  -54.676  31.746  22.755 0.0000000000
107011  -54.072  31.560  23.010 0.0000000000
131148  -52.675  31.843  23.342 0.0000000000
139735  -53.080  31.144  22.866 0.0000000000
106364  -50.249  30.645  23.121 0.0000000000
98102  -54.522  19.514  46.465 0.0000000000
99736  -53.858  21.028  43.405 0.0000000000
99735  -52.887  21.399  43.931 0.0000000000
117542  -43.348  49.697  29.354 0.0000000000
109002  -46.069  34.111  18.554 0.0000000000
109014  -47.196  33.906  17.358 0.0000000000
109665  -47.010  35.375  16.580 0.0000000000
132772  -46.206  29.010  38.438 0.0000000000
104056  -46.342  27.684  38.741 0.0000000000
104833  -46.645  28.393  38.547 0.0000000000
104045  -47.640  27.130  38.850 0.0000000000
105558  -47.585  29.139  38.435 0.0000000000
114372  -41.437  43.280  33.658 0.0000000000
112813  -45.345  40.337  33.647 0.0000000000
127607  -51.610  36.548  30.241 0.0000000000
127336  -50.473  36.402  31.330 0.0000000000
127338  -51.331  36.530  31.924 0.0000000000
152675  -52.311  36.374  34.846 0.0000000000
110173  -51.750  36.393  34.569 0.0000000000
110167  -51.841  36.230  35.300 0.0000000000
110166  -50.805  36.234  35.638 0.0000000000
110156  -51.435  35.950  36.083 0.0000000000
109493  -51.373  34.939  36.992 0.0000000000
109506  -52.983  35.104  36.011 0.0000000000
107546  -53.870  33.305  36.587 0.0000000000
108154  -54.008  33.157  36.975 0.0000000000
107537  -54.050  32.800  37.068 0.0000000000
129621  -53.958  32.273  37.534 0.0000000000
107536  -53.399  31.905  36.887 0.0000000000
106250  -52.952  30.879  36.956 0.0000000000
106905  -52.491  31.889  36.162 0.0000000000
107547  -51.544  32.861  34.692 0.0000000000
106910  -51.551  31.442  35.710 0.0000000000
106909  -50.990  31.979  35.058 0.0000000000
106267  -50.076  31.502  34.521 0.0000000000
112249  -47.257  40.971  26.330 0.0000000000
113395  -47.433  42.187  27.211 0.0000000000
112863  -48.572  41.502  26.484 0.0000000000
112262  -50.696  40.621  25.656 0.0000000000
112859  -50.000  41.252  26.395 0.0000000000
112250  -50.413  40.621  26.300 0.0000000000
111509  -49.914  39.536  26.567 0.0000000000
111517  -50.664  39.321  26.166 0.0000000000
109598  -53.007  35.819  21.775 0.0000000000
130514  -52.272  37.471  22.465 0.0000000000
110942  -52.816  37.124  22.956 0.0000000000
110274  -53.536  36.769  24.921 0.0000000000
110902  -53.195  37.586  25.100 0.0000000000
110892  -52.668  37.699  25.784 0.0000000000
110882  -51.634  37.271  26.763 0.0000000000
110246  -52.381  36.800  27.213 0.0000000000
110235  -51.712  36.549  28.718 0.0000000000
129773  -53.264  36.540  27.608 0.0000000000
109545  -54.608  34.624  28.093 0.0000000000
144544  -54.009  35.951  28.812 0.0000000000
144793  -54.042  35.236  29.707 0.0000000000
109537  -53.977  35.331  30.518 0.0000000000
108870  -53.833  34.777  29.776 0.0000000000
108861  -53.030  34.388  30.739 0.0000000000
108882  -53.310  34.219  29.390 0.0000000000
127342  -51.754  34.410  27.909 0.0000000000
108901  -51.847  34.177  28.832 0.0000000000
108900  -50.806  34.486  28.307 0.0000000000
108880  -50.878  34.241  29.261 0.0000000000
107645  -51.053  32.896  23.909 0.0000000000
108949  -51.850  34.256  24.772 0.0000000000
108300  -50.755  33.780  24.501 0.0000000000
108271  -48.325  34.106  26.452 0.0000000000
108272  -49.013  34.266  26.051 0.0000000000
98118  -55.211  19.631  43.960 0.0000000000
97361  -55.599  19.256  43.280 0.0000000000
98125  -55.989  19.070  42.632 0.0000000000
98164  -56.267  18.759  40.310 0.0000000000
98150  -56.170  18.926  40.976 0.0000000000
98165  -56.793  18.033  40.035 0.0000000000
98178  -57.048  18.200  39.095 0.0000000000
98191  -57.165  18.752  38.321 0.0000000000
98190  -56.344  19.079  38.540 0.0000000000
152666  -54.974  20.874  37.309 0.0000000000
99760  -55.027  21.573  37.030 0.0000000000
99761  -56.176  21.582  36.797 0.0000000000
117488  -42.169  50.075  38.260 0.0000000000
117013  -41.784  49.502  38.750 0.0000000000
117030  -41.820  49.010  37.180 0.0000000000
116502  -41.853  48.754  38.019 0.0000000000
117035  -41.827  48.423  35.896 0.0000000000
117510  -47.034  49.256  32.834 0.0000000000
117056  -46.960  47.835  32.330 0.0000000000
116000  -45.039  45.561  31.279 0.0000000000
116528  -44.408  46.842  32.563 0.0000000000
115984  -44.136  46.073  32.087 0.0000000000
115978  -43.022  46.828  33.059 0.0000000000
115983  -42.915  45.989  32.466 0.0000000000
115442  -41.894  45.010  32.719 0.0000000000
115460  -43.842  44.734  31.190 0.0000000000
114394  -41.958  43.645  29.289 0.0000000000
114395  -42.994  43.581  29.575 0.0000000000
114398  -42.646  43.054  29.088 0.0000000000
113892  -42.728  42.422  28.741 0.0000000000
113374  -42.131  42.066  28.294 0.0000000000
114951  -39.456  44.241  26.589 0.0000000000
113901  -39.620  42.714  25.924 0.0000000000
112259  -42.506  39.056  25.802 0.0000000000
112851  -40.828  40.417  26.304 0.0000000000
112245  -42.753  39.498  26.496 0.0000000000
112853  -43.259  40.411  27.081 0.0000000000
112246  -43.707  39.640  26.554 0.0000000000
112247  -44.630  39.942  26.547 0.0000000000
111513  -44.237  38.987  26.143 0.0000000000
111563  -46.475  38.578  22.978 0.0000000000
133830  -45.977  38.344  24.003 0.0000000000
111564  -47.228  38.541  22.959 0.0000000000
111583  -47.954  38.410  22.504 0.0000000000
110937  -47.544  38.067  21.959 0.0000000000
110313  -44.703  36.318  20.681 0.0000000000
110299  -45.313  36.885  21.252 0.0000000000
109606  -45.405  35.358  21.242 0.0000000000
107668  -47.829  32.883  22.220 0.0000000000
108964  -47.610  34.336  22.446 0.0000000000
108323  -48.250  33.579  22.446 0.0000000000
109597  -49.032  35.197  22.217 0.0000000000
108324  -49.231  33.660  22.398 0.0000000000
108325  -50.295  33.797  22.157 0.0000000000
107670  -49.808  32.870  22.298 0.0000000000
105708  -49.400  29.320  21.006 0.0000000000
106391  -50.619  30.295  21.296 0.0000000000
105709  -50.292  29.427  21.038 0.0000000000
150890  -50.826  28.574  20.624 0.0000000000
105724  -50.708  27.629  20.528 0.0000000000
104977  -49.135  27.435  20.326 0.0000000000
104993  -47.123  27.413  18.674 0.0000000000
150446  -47.472  27.205  19.267 0.0000000000
104240  -47.390  26.261  17.715 0.0000000000
144508  -47.548  27.228  17.042 0.0000000000
107071  -47.985  30.996  16.985 0.0000000000
132007  -49.044  21.297  44.721 0.0000000000
100469  -49.423  21.933  42.454 0.0000000000
150513  -49.568  21.738  43.127 0.0000000000
100470  -50.058  21.942  42.072 0.0000000000
128202  -50.810  21.738  42.570 0.0000000000
100477  -50.008  22.051  41.139 0.0000000000
101920  -46.673  24.321  39.670 0.0000000000
101235  -47.365  23.199  40.177 0.0000000000
101240  -47.468  23.742  39.537 0.0000000000
100491  -50.247  23.013  38.280 0.0000000000
100490  -49.488  23.048  38.684 0.0000000000
100488  -50.800  22.409  38.571 0.0000000000
99751  -50.846  21.933  39.569 0.0000000000
144609  -51.297  21.952  38.808 0.0000000000
99755  -51.909  21.741  38.559 0.0000000000
100496  -51.780  22.842  37.671 0.0000000000
101250  -53.183  23.380  37.344 0.0000000000
101935  -54.028  24.089  37.764 0.0000000000
143591  -54.859  23.751  37.642 0.0000000000
101929  -54.755  24.875  38.465 0.0000000000
112779  -47.376  40.712  36.956 0.0000000000
110164  -46.261  37.198  36.097 0.0000000000
112227  -46.360  40.252  28.382 0.0000000000
111500  -44.769  38.881  29.384 0.0000000000
111501  -45.275  38.298  29.527 0.0000000000
110860  -45.930  37.486  31.839 0.0000000000
111481  -45.180  37.927  31.518 0.0000000000
112199  -46.029  38.853  32.986 0.0000000000
139206  -46.761  40.195  33.711 0.0000000000
112190  -46.663  39.501  33.530 0.0000000000
127311  -48.508  36.127  33.054 0.0000000000
110199  -47.992  36.193  32.339 0.0000000000
110183  -48.182  36.417  33.718 0.0000000000
111450  -49.200  39.534  36.460 0.0000000000
111460  -48.459  38.547  35.502 0.0000000000
129526  -48.672  40.695  34.823 0.0000000000
146873  -49.832  40.642  36.781 0.0000000000
112757  -49.994  41.192  37.243 0.0000000000
139361  -49.630  40.731  37.586 0.0000000000
141178  -49.222  36.939  39.692 0.0000000000
110811  -49.061  37.967  38.990 0.0000000000
110142  -48.033  36.528  38.116 0.0000000000
136574  -47.402  35.852  37.717 0.0000000000
109491  -47.437  35.137  38.176 0.0000000000
131123  -46.777  33.062  38.440 0.0000000000
108140  -47.450  33.561  38.499 0.0000000000
144670  -48.541  31.700  38.296 0.0000000000
137690  -49.007  31.024  38.328 0.0000000000
139209  -48.931  30.081  38.407 0.0000000000
106237  -49.873  30.382  38.471 0.0000000000
108143  -51.704  33.071  37.873 0.0000000000
140454  -50.770  33.800  38.060 0.0000000000
106887  -51.958  31.879  38.415 0.0000000000
105543  -53.506  29.506  39.920 0.0000000000
106218  -52.679  30.689  39.152 0.0000000000
129848  -52.505  29.091  39.746 0.0000000000
104820  -51.928  28.265  39.721 0.0000000000
129933  -52.810  27.807  40.114 0.0000000000
127017  -52.545  27.104  39.810 0.0000000000
104049  -53.597  27.366  40.200 0.0000000000
103371  -55.059  26.993  38.702 0.0000000000
103363  -54.982  26.878  39.473 0.0000000000
103372  -55.220  26.337  38.218 0.0000000000
102662  -55.404  25.658  38.219 0.0000000000
143537  -55.235  25.996  37.277 0.0000000000
102672  -55.605  25.302  36.603 0.0000000000
103379  -54.975  25.939  36.112 0.0000000000
103385  -53.717  26.970  35.345 0.0000000000
103400  -54.203  26.149  35.014 0.0000000000
103399  -53.493  26.355  34.860 0.0000000000
102692  -53.084  25.563  34.561 0.0000000000
129272  -52.046  28.738  35.568 0.0000000000
104100  -51.354  27.362  35.146 0.0000000000
130222  -51.179  25.745  34.848 0.0000000000
102690  -50.405  25.402  34.825 0.0000000000
101965  -50.288  24.612  34.412 0.0000000000
143197  -49.616  25.041  34.612 0.0000000000
102688  -48.273  25.322  34.129 0.0000000000
102701  -47.923  25.282  33.471 0.0000000000
102709  -48.142  25.052  32.598 0.0000000000
102708  -47.388  25.649  32.878 0.0000000000
108183  -51.790  33.850  32.189 0.0000000000
108182  -50.936  33.504  32.096 0.0000000000
107550  -49.217  32.087  33.294 0.0000000000
126914  -49.847  32.525  33.127 0.0000000000
106920  -49.292  31.509  33.927 0.0000000000
106284  -48.680  30.858  34.153 0.0000000000
107557  -46.579  32.383  32.275 0.0000000000
106931  -46.932  31.800  32.858 0.0000000000
105617  -46.254  29.674  34.231 0.0000000000
106282  -46.791  30.553  33.901 0.0000000000
106264  -47.230  29.819  34.334 0.0000000000
104871  -47.135  28.216  34.705 0.0000000000
104870  -46.320  28.045  34.497 0.0000000000
103405  -45.669  27.103  32.946 0.0000000000
103406  -46.194  26.837  33.603 0.0000000000
103413  -46.219  26.664  32.546 0.0000000000
103429  -46.741  26.888  30.802 0.0000000000
99768  -57.193  21.269  36.266 0.0000000000
100510  -57.222  22.054  35.872 0.0000000000
101293  -56.788  23.206  33.568 0.0000000000
106393  -53.115  30.472  20.644 0.0000000000
107046  -54.165  30.477  20.636 0.0000000000
105728  -54.553  28.964  20.847 0.0000000000
105701  -54.627  29.075  21.226 0.0000000000
106378  -53.675  29.376  21.834 0.0000000000
107020  -52.664  30.410  22.626 0.0000000000
106377  -52.087  29.557  22.396 0.0000000000
106233  -45.727  30.524  38.383 0.0000000000
106234  -46.602  30.335  38.363 0.0000000000
113365  -42.107  41.436  30.581 0.0000000000
112828  -41.825  40.792  31.115 0.0000000000
112202  -43.289  39.189  31.271 0.0000000000
128382  -53.241  36.866  31.337 0.0000000000
110200  -52.268  36.779  32.491 0.0000000000
110187  -53.090  37.032  32.947 0.0000000000
110175  -53.585  36.330  34.079 0.0000000000
109514  -53.350  35.625  35.311 0.0000000000
131541  -53.699  34.926  35.611 0.0000000000
136783  -53.919  35.076  35.140 0.0000000000
108170  -53.866  34.116  35.434 0.0000000000
108169  -53.663  33.630  35.843 0.0000000000
107548  -52.651  33.271  35.246 0.0000000000
111549  -48.585  38.649  24.418 0.0000000000
131448  -49.065  40.635  25.778 0.0000000000
112277  -50.230  39.108  23.898 0.0000000000
112278  -50.967  39.453  24.080 0.0000000000
112279  -51.718  39.731  24.307 0.0000000000
109599  -54.281  34.547  22.727 0.0000000000
109587  -53.769  35.529  23.136 0.0000000000
109577  -53.916  35.843  24.287 0.0000000000
110275  -54.342  35.678  25.376 0.0000000000
110264  -53.871  36.463  25.807 0.0000000000
110247  -54.130  36.241  27.345 0.0000000000
110258  -54.466  35.900  26.678 0.0000000000
144020  -54.785  34.228  27.390 0.0000000000
108921  -54.432  34.034  27.680 0.0000000000
108902  -53.512  34.226  28.798 0.0000000000
108934  -54.066  33.944  27.208 0.0000000000
127810  -52.923  34.265  27.516 0.0000000000
127308  -51.555  34.674  26.761 0.0000000000
108299  -49.691  33.419  24.813 0.0000000000
151048  -55.600  18.310  41.993 0.0000000000
140203  -55.162  20.332  43.285 0.0000000000
98937  -55.605  19.726  42.549 0.0000000000
98939  -54.437  20.283  41.757 0.0000000000
98944  -55.267  19.612  40.475 0.0000000000
98949  -55.139  19.563  39.545 0.0000000000
98953  -55.087  19.627  38.646 0.0000000000
98952  -54.068  20.195  38.855 0.0000000000
98955  -54.294  20.405  38.130 0.0000000000
99757  -53.503  20.910  38.166 0.0000000000
117498  -42.954  49.659  35.698 0.0000000000
117063  -45.427  48.074  31.326 0.0000000000
116541  -46.507  47.272  31.718 0.0000000000
116551  -45.443  46.409  30.852 0.0000000000
116012  -45.050  45.839  30.691 0.0000000000
115470  -44.585  45.355  30.742 0.0000000000
114929  -44.075  44.861  30.785 0.0000000000
115482  -42.834  44.861  29.952 0.0000000000
115481  -41.288  44.987  29.894 0.0000000000
113889  -40.017  43.474  28.607 0.0000000000
113402  -41.114  41.597  23.499 0.0000000000
113397  -40.349  41.485  25.053 0.0000000000
112869  -41.195  40.188  24.632 0.0000000000
112269  -42.217  39.084  24.422 0.0000000000
111544  -42.795  38.739  24.661 0.0000000000
111546  -44.499  38.397  24.727 0.0000000000
140391  -44.296  38.479  23.894 0.0000000000
111561  -44.705  38.545  23.074 0.0000000000
136947  -46.088  38.487  22.268 0.0000000000
108348  -45.681  33.888  20.460 0.0000000000
108333  -45.856  34.056  21.329 0.0000000000
108343  -46.060  33.240  21.020 0.0000000000
107679  -47.332  32.384  21.712 0.0000000000
107680  -48.181  32.127  21.913 0.0000000000
107681  -49.218  31.995  22.013 0.0000000000
106388  -47.816  30.893  21.196 0.0000000000
106389  -48.493  30.196  21.109 0.0000000000
105723  -48.687  28.911  20.646 0.0000000000
105722  -48.058  28.378  20.246 0.0000000000
105739  -46.767  28.606  18.604 0.0000000000
105743  -47.181  29.101  17.694 0.0000000000
101909  -43.078  23.943  41.319 0.0000000000
101218  -43.606  22.758  42.674 0.0000000000
134708  -44.501  22.186  43.956 0.0000000000
100454  -45.211  22.148  43.571 0.0000000000
99717  -48.317  21.464  44.278 0.0000000000
100456  -47.478  21.825  43.039 0.0000000000
100457  -48.104  21.929  42.637 0.0000000000
100475  -48.233  22.374  41.434 0.0000000000
149863  -48.113  24.927  38.836 0.0000000000
101922  -48.102  24.142  38.935 0.0000000000
101925  -48.724  24.605  38.526 0.0000000000
101926  -49.367  24.325  38.220 0.0000000000
101247  -50.526  23.641  37.758 0.0000000000
101248  -51.324  23.535  37.570 0.0000000000
101933  -51.807  24.388  37.524 0.0000000000
102661  -52.617  25.029  37.956 0.0000000000
102649  -53.287  25.613  38.645 0.0000000000
113291  -47.531  42.445  37.564 0.0000000000
113306  -48.085  41.674  37.443 0.0000000000
112755  -48.680  40.922  37.477 0.0000000000
128955  -47.189  38.177  28.266 0.0000000000
111502  -45.896  37.996  29.192 0.0000000000
110873  -46.676  37.621  28.903 0.0000000000
110221  -46.756  36.701  30.289 0.0000000000
110206  -46.576  36.857  31.750 0.0000000000
110165  -49.239  36.644  35.671 0.0000000000
110838  -48.589  37.258  35.419 0.0000000000
149241  -48.939  37.200  36.015 0.0000000000
110820  -50.306  38.762  38.139 0.0000000000
111442  -50.231  39.659  38.434 0.0000000000
112130  -50.247  39.753  39.276 0.0000000000
112131  -50.835  39.593  39.833 0.0000000000
110801  -49.958  37.236  40.341 0.0000000000
109482  -48.845  35.434  39.288 0.0000000000
136421  -48.180  34.124  38.730 0.0000000000
108809  -48.850  34.711  39.107 0.0000000000
140053  -49.039  33.922  38.763 0.0000000000
107511  -49.443  32.975  38.507 0.0000000000
106889  -53.872  31.866  38.280 0.0000000000
106888  -53.122  31.896  38.427 0.0000000000
106240  -53.581  31.153  38.920 0.0000000000
106220  -54.022  29.998  39.704 0.0000000000
105544  -54.154  29.527  39.776 0.0000000000
104050  -54.151  27.976  40.262 0.0000000000
104838  -54.719  28.586  38.992 0.0000000000
104068  -54.717  27.893  38.160 0.0000000000
130722  -54.638  26.682  36.532 0.0000000000
104080  -54.370  27.611  36.811 0.0000000000
104079  -53.750  27.751  35.914 0.0000000000
104086  -53.196  27.737  35.438 0.0000000000
105586  -50.929  29.455  35.454 0.0000000000
104861  -51.383  28.755  35.449 0.0000000000
104860  -50.749  28.802  35.363 0.0000000000
104099  -50.393  27.637  35.259 0.0000000000
144110  -49.825  26.846  35.279 0.0000000000
130223  -49.730  25.946  35.053 0.0000000000
103395  -49.027  26.514  35.154 0.0000000000
103394  -48.197  26.136  34.691 0.0000000000
108191  -50.593  33.570  31.412 0.0000000000
108181  -50.032  33.226  32.062 0.0000000000
107558  -48.467  32.221  32.846 0.0000000000
106916  -45.600  31.188  33.313 0.0000000000
106917  -46.392  31.219  33.394 0.0000000000
105616  -45.470  29.521  34.075 0.0000000000
105600  -45.738  28.752  34.299 0.0000000000
104094  -45.577  27.913  34.135 0.0000000000
104109  -45.244  27.622  33.355 0.0000000000
104118  -45.116  27.484  32.280 0.0000000000
104124  -45.221  27.536  30.987 0.0000000000
140793  -44.544  27.548  30.268 0.0000000000
97445  -57.449  18.703  36.449 0.0000000000
109610  -50.781  35.758  21.595 0.0000000000
110304  -51.528  36.265  21.540 0.0000000000
109611  -52.148  35.515  21.464 0.0000000000
138312  -52.721  34.847  21.338 0.0000000000
109613  -53.246  35.006  21.510 0.0000000000
107037  -54.242  31.259  20.853 0.0000000000
136870  -54.086  32.847  20.983 0.0000000000
108978  -54.473  33.430  21.929 0.0000000000
108326  -54.825  32.889  22.763 0.0000000000
108314  -54.622  33.138  23.781 0.0000000000
108303  -54.439  33.355  24.407 0.0000000000
108313  -53.772  33.062  24.177 0.0000000000
107660  -53.436  32.509  23.635 0.0000000000
108312  -52.170  32.717  23.720 0.0000000000
107010  -51.940  31.216  23.170 0.0000000000
107009  -50.806  31.331  23.384 0.0000000000
127259  -53.948  18.635  43.834 0.0000000000
97348  -54.402  18.819  44.691 0.0000000000
98117  -54.972  19.566  44.798 0.0000000000
98928  -55.042  20.233  44.415 0.0000000000
98917  -54.368  20.618  45.587 0.0000000000
98927  -54.590  20.775  44.821 0.0000000000
98932  -54.812  20.649  44.047 0.0000000000
98935  -53.095  21.028  42.476 0.0000000000
99744  -52.624  21.091  41.675 0.0000000000
117525  -45.392  48.997  31.431 0.0000000000
117075  -44.443  48.743  31.103 0.0000000000
117078  -42.312  48.461  29.465 0.0000000000
150496  -41.394  47.673  28.562 0.0000000000
131535  -43.482  38.552  21.120 0.0000000000
109629  -44.956  35.287  19.496 0.0000000000
108992  -45.762  33.913  19.452 0.0000000000
108354  -46.253  33.344  18.913 0.0000000000
107702  -46.994  32.311  18.385 0.0000000000
107061  -47.145  31.435  18.278 0.0000000000
108363  -47.201  33.025  17.854 0.0000000000
108375  -47.749  33.063  17.165 0.0000000000
103351  -46.480  26.352  39.232 0.0000000000
132924  -46.962  25.631  39.247 0.0000000000
103353  -48.001  26.560  38.867 0.0000000000
104058  -48.528  27.191  38.811 0.0000000000
104059  -49.317  27.657  38.854 0.0000000000
113853  -46.070  41.971  34.722 0.0000000000
143447  -46.948  41.861  34.543 0.0000000000
128637  -50.164  36.484  29.336 0.0000000000
110215  -49.200  36.281  30.646 0.0000000000
151562  -49.911  36.354  30.951 0.0000000000
144761  -49.531  36.200  31.484 0.0000000000
148959  -49.307  35.971  32.967 0.0000000000
127340  -51.165  36.413  32.908 0.0000000000
110185  -50.969  36.293  33.918 0.0000000000
127608  -49.932  36.104  34.342 0.0000000000
127121  -49.933  36.408  36.125 0.0000000000
141744  -50.437  36.298  37.485 0.0000000000
131673  -50.484  36.302  38.285 0.0000000000
109492  -50.454  35.289  37.972 0.0000000000
144118  -51.586  33.733  37.579 0.0000000000
108152  -52.605  33.398  37.379 0.0000000000
108831  -52.939  34.400  36.385 0.0000000000
108153  -53.414  33.651  36.683 0.0000000000
107527  -53.668  33.027  37.450 0.0000000000
106898  -54.022  31.860  38.066 0.0000000000
106246  -54.067  31.071  38.129 0.0000000000
106251  -53.633  30.637  37.423 0.0000000000
105588  -53.224  29.319  36.377 0.0000000000
105574  -53.015  30.038  36.640 0.0000000000
106255  -52.227  30.198  36.216 0.0000000000
106254  -51.361  30.394  35.720 0.0000000000
105605  -50.542  30.079  35.324 0.0000000000
108188  -47.574  33.444  31.239 0.0000000000
108187  -46.702  33.296  31.048 0.0000000000
107571  -46.267  32.807  31.594 0.0000000000
152681  -45.385  32.000  32.573 0.0000000000
106929  -45.004  31.549  32.928 0.0000000000
142947  -44.904  30.726  33.434 0.0000000000
106280  -44.128  30.193  33.445 0.0000000000
104881  -43.515  29.072  32.783 0.0000000000
113388  -45.974  42.321  27.492 0.0000000000
112838  -45.434  41.654  28.282 0.0000000000
113389  -46.836  42.187  27.630 0.0000000000
112840  -46.988  41.303  28.207 0.0000000000
112235  -48.161  40.771  27.722 0.0000000000
112864  -49.622  41.456  26.510 0.0000000000
112236  -49.145  41.084  27.326 0.0000000000
111505  -47.512  39.220  27.879 0.0000000000
111507  -48.432  39.452  27.454 0.0000000000
110879  -48.797  38.107  27.360 0.0000000000
110876  -49.193  36.985  27.834 0.0000000000
146522  -51.702  37.646  22.075 0.0000000000
111569  -52.353  38.927  23.677 0.0000000000
112265  -52.167  39.514  24.501 0.0000000000
110927  -52.951  37.592  23.804 0.0000000000
110913  -52.763  38.477  24.618 0.0000000000
111519  -52.023  39.107  25.246 0.0000000000
110890  -51.041  38.120  26.367 0.0000000000
110881  -50.664  37.177  27.207 0.0000000000
110243  -50.006  36.770  27.900 0.0000000000
110234  -50.951  36.511  29.059 0.0000000000
110226  -51.710  36.534  29.532 0.0000000000
127333  -52.321  36.562  30.000 0.0000000000
153118  -53.935  36.246  28.120 0.0000000000
110228  -53.507  36.320  29.484 0.0000000000
110209  -53.326  36.677  30.720 0.0000000000
110210  -53.764  36.426  31.036 0.0000000000
109533  -53.982  35.499  31.906 0.0000000000
108858  -53.448  35.117  32.210 0.0000000000
135600  -53.077  34.842  32.764 0.0000000000
108857  -52.967  34.744  31.695 0.0000000000
108193  -52.473  34.017  30.862 0.0000000000
108208  -52.045  33.829  30.553 0.0000000000
108881  -52.791  34.040  29.327 0.0000000000
108228  -52.396  33.867  29.947 0.0000000000
108207  -51.081  33.776  30.728 0.0000000000
108866  -50.444  34.090  30.068 0.0000000000
108865  -49.418  34.206  30.119 0.0000000000
147207  -48.614  34.200  30.200 0.0000000000
108302  -52.896  33.665  24.557 0.0000000000
108942  -51.799  34.625  25.598 0.0000000000
108932  -50.707  34.861  25.925 0.0000000000
108287  -49.425  33.969  25.462 0.0000000000
108931  -49.769  34.684  26.061 0.0000000000
127176  -50.253  34.911  26.730 0.0000000000
143112  -54.865  18.680  43.231 0.0000000000
97376  -55.783  18.703  42.628 0.0000000000
97395  -55.727  17.950  41.199 0.0000000000
133312  -56.234  19.021  42.125 0.0000000000
97396  -56.372  18.208  41.020 0.0000000000
96616  -56.248  17.811  40.577 0.0000000000
97413  -56.937  17.889  39.196 0.0000000000
97422  -57.349  18.081  37.752 0.0000000000
98192  -57.311  18.605  37.868 0.0000000000
98958  -57.290  19.441  37.112 0.0000000000
98970  -56.902  20.629  36.809 0.0000000000
136132  -56.264  19.570  37.700 0.0000000000
99762  -56.806  21.714  36.550 0.0000000000
100501  -56.465  22.511  36.705 0.0000000000
101253  -56.270  23.443  37.220 0.0000000000
117037  -43.471  49.006  34.587 0.0000000000
116529  -45.658  46.908  32.239 0.0000000000
117047  -44.328  48.349  33.649 0.0000000000
116515  -43.221  48.195  34.102 0.0000000000
116514  -42.504  47.520  34.077 0.0000000000
115970  -41.822  46.901  34.344 0.0000000000
137105  -41.446  46.081  35.089 0.0000000000
114902  -41.498  44.677  33.617 0.0000000000
114918  -41.736  44.177  32.462 0.0000000000
114389  -41.815  43.495  31.773 0.0000000000
128952  -43.307  44.051  30.453 0.0000000000
114390  -42.766  43.514  30.745 0.0000000000
113883  -42.027  42.192  30.830 0.0000000000
113884  -42.828  42.334  30.004 0.0000000000
113886  -43.194  42.130  28.780 0.0000000000
113376  -43.629  41.849  28.291 0.0000000000
116029  -40.348  46.329  27.136 0.0000000000
115498  -39.543  44.832  27.797 0.0000000000
114403  -39.571  43.450  27.876 0.0000000000
147885  -39.872  42.878  28.192 0.0000000000
141785  -40.222  41.147  25.887 0.0000000000
113392  -40.239  41.221  26.734 0.0000000000
113383  -40.491  41.552  27.530 0.0000000000
113385  -42.493  41.641  27.923 0.0000000000
112844  -42.862  41.156  27.527 0.0000000000
113387  -45.031  41.924  27.459 0.0000000000
112855  -45.205  41.229  26.810 0.0000000000
111515  -46.103  39.864  26.228 0.0000000000
111516  -46.812  39.310  25.876 0.0000000000
111547  -45.421  38.260  24.880 0.0000000000
151430  -46.520  38.616  25.443 0.0000000000
147223  -47.788  38.461  24.623 0.0000000000
111565  -48.764  38.482  23.355 0.0000000000
111584  -49.033  38.432  22.458 0.0000000000
110302  -49.519  36.949  21.636 0.0000000000
127803  -44.674  38.296  21.639 0.0000000000
131897  -45.713  37.701  21.588 0.0000000000
134598  -46.201  37.173  21.609 0.0000000000
148345  -45.919  34.871  21.646 0.0000000000
110290  -46.879  36.417  21.892 0.0000000000
110300  -47.672  37.237  21.804 0.0000000000
110291  -47.879  36.222  22.040 0.0000000000
109608  -48.827  36.051  22.015 0.0000000000
109609  -49.860  35.708  21.885 0.0000000000
108975  -50.726  34.848  21.772 0.0000000000
134518  -50.894  33.023  21.855 0.0000000000
137139  -51.542  32.215  21.556 0.0000000000
107034  -49.729  31.140  21.598 0.0000000000
107035  -51.042  31.249  21.540 0.0000000000
106392  -51.878  30.325  21.051 0.0000000000
106402  -52.810  29.325  20.520 0.0000000000
104979  -52.412  27.498  20.755 0.0000000000
104218  -48.477  27.163  19.952 0.0000000000
104227  -48.235  26.291  19.611 0.0000000000
106422  -47.207  30.601  18.009 0.0000000000
105749  -47.680  29.650  17.050 0.0000000000
133144  -47.664  28.419  16.860 0.0000000000
99719  -51.077  21.518  44.232 0.0000000000
129525  -49.171  21.576  43.800 0.0000000000
99732  -50.146  21.658  43.637 0.0000000000
99734  -51.806  21.609  43.655 0.0000000000
152337  -51.465  21.655  42.985 0.0000000000
128346  -52.215  21.381  42.192 0.0000000000
99748  -52.324  21.119  40.805 0.0000000000
101230  -47.032  23.018  40.743 0.0000000000
100479  -47.725  22.711  40.721 0.0000000000
100480  -48.511  22.556  40.632 0.0000000000
101241  -48.290  23.397  39.237 0.0000000000
100486  -49.381  22.652  39.469 0.0000000000
100481  -49.302  22.429  40.457 0.0000000000
99746  -50.777  21.780  40.747 0.0000000000
99747  -51.528  21.490  40.343 0.0000000000
152894  -52.141  21.225  40.004 0.0000000000
99753  -52.355  21.173  39.255 0.0000000000
99756  -52.678  21.410  38.330 0.0000000000
99758  -53.241  21.864  37.584 0.0000000000
101249  -52.218  23.464  37.462 0.0000000000
100498  -53.590  22.640  37.253 0.0000000000
138616  -54.086  21.979  37.197 0.0000000000
100499  -54.727  22.739  37.172 0.0000000000
101252  -55.713  23.592  37.550 0.0000000000
101938  -56.155  24.150  37.482 0.0000000000
110163  -45.530  36.874  35.843 0.0000000000
110152  -46.060  36.421  36.318 0.0000000000
108819  -45.421  34.900  37.133 0.0000000000
112215  -44.292  39.697  29.221 0.0000000000
112203  -43.966  38.758  31.662 0.0000000000
110869  -45.505  37.650  30.153 0.0000000000
111471  -44.731  38.466  32.000 0.0000000000
112188  -44.829  39.653  33.143 0.0000000000
136306  -46.321  40.533  33.833 0.0000000000
112814  -47.187  40.787  33.980 0.0000000000
113855  -48.289  42.125  34.826 0.0000000000
110214  -48.044  36.228  30.697 0.0000000000
110198  -47.100  36.734  32.501 0.0000000000
111469  -47.031  37.903  33.700 0.0000000000
110841  -47.925  37.779  34.782 0.0000000000
111464  -47.432  38.165  34.263 0.0000000000
112191  -47.247  39.090  33.907 0.0000000000
112182  -47.974  40.008  34.274 0.0000000000
112806  -48.784  41.444  34.843 0.0000000000
113835  -49.180  42.576  35.501 0.0000000000
141975  -50.117  42.369  37.150 0.0000000000
112756  -49.709  41.252  37.538 0.0000000000
112150  -48.582  40.043  37.452 0.0000000000
111429  -49.485  39.064  38.820 0.0000000000
111441  -48.705  38.616  38.107 0.0000000000
110826  -47.914  38.063  37.283 0.0000000000
110153  -47.277  36.608  37.160 0.0000000000
110141  -46.647  35.968  36.973 0.0000000000
108820  -46.102  34.600  37.718 0.0000000000
108139  -46.084  33.358  38.335 0.0000000000
106883  -46.576  31.806  38.321 0.0000000000
135798  -47.025  31.137  38.314 0.0000000000
135707  -47.607  32.610  38.351 0.0000000000
145205  -47.336  31.837  38.279 0.0000000000
106235  -47.515  30.453  38.351 0.0000000000
132296  -48.081  29.709  38.408 0.0000000000
104836  -49.299  28.574  38.664 0.0000000000
104818  -50.081  28.048  39.087 0.0000000000
108811  -50.250  34.524  38.379 0.0000000000
108142  -50.551  33.105  38.344 0.0000000000
107512  -50.308  32.310  38.463 0.0000000000
106239  -52.482  31.333  38.760 0.0000000000
135556  -51.350  31.321  38.623 0.0000000000
106238  -50.888  30.631  38.640 0.0000000000
105561  -50.620  29.774  38.705 0.0000000000
104819  -50.902  28.363  39.251 0.0000000000
104047  -50.920  27.570  39.315 0.0000000000
103362  -52.117  26.399  39.051 0.0000000000
145152  -52.974  26.175  38.997 0.0000000000
102650  -54.279  25.590  38.953 0.0000000000
103358  -54.628  26.793  39.811 0.0000000000
102641  -54.584  26.226  39.516 0.0000000000
102651  -54.990  25.611  39.049 0.0000000000
101930  -55.274  25.131  38.513 0.0000000000
101937  -55.682  24.835  38.017 0.0000000000
101959  -56.074  24.712  36.057 0.0000000000
147495  -55.287  24.882  34.343 0.0000000000
103386  -54.397  26.488  35.631 0.0000000000
102694  -54.879  25.461  34.731 0.0000000000
101969  -54.586  24.921  34.250 0.0000000000
101968  -53.611  24.788  34.255 0.0000000000
104101  -52.658  27.692  35.243 0.0000000000
104874  -51.927  28.042  35.270 0.0000000000
128542  -52.252  27.217  35.047 0.0000000000
103398  -52.636  26.418  34.798 0.0000000000
102691  -52.015  25.473  34.643 0.0000000000
101966  -51.705  24.569  34.340 0.0000000000
101981  -51.994  23.943  33.814 0.0000000000
101287  -51.021  23.759  33.377 0.0000000000
101992  -50.105  23.950  33.073 0.0000000000
101964  -48.984  24.795  34.189 0.0000000000
101979  -49.374  24.394  33.523 0.0000000000
108178  -51.889  33.823  33.157 0.0000000000
107552  -51.238  33.214  33.773 0.0000000000
107560  -50.296  32.997  32.668 0.0000000000
107551  -50.467  32.781  33.382 0.0000000000
150255  -49.397  30.942  34.397 0.0000000000
143115  -49.168  29.568  34.755 0.0000000000
153216  -47.859  33.052  31.864 0.0000000000
106265  -48.291  29.894  34.418 0.0000000000
105603  -48.455  28.966  34.803 0.0000000000
127609  -47.651  27.645  34.913 0.0000000000
103393  -47.475  26.736  34.671 0.0000000000
104095  -46.205  27.316  34.236 0.0000000000
103392  -46.751  26.645  34.194 0.0000000000
97433  -57.394  18.630  37.164 0.0000000000
98137  -56.257  18.615  41.428 0.0000000000
98151  -56.521  18.238  40.781 0.0000000000
98906  -54.206  20.200  46.452 0.0000000000
98907  -54.660  20.095  45.932 0.0000000000
99731  -48.255  21.671  43.420 0.0000000000
99739  -50.154  21.780  42.871 0.0000000000
99742  -50.782  21.762  41.741 0.0000000000
100444  -46.011  21.730  44.086 0.0000000000
100464  -44.355  22.463  43.191 0.0000000000
100468  -48.649  22.122  42.188 0.0000000000
100485  -48.687  22.825  39.757 0.0000000000
100487  -50.086  22.468  39.049 0.0000000000
100492  -51.493  22.360  38.166 0.0000000000
100497  -52.663  22.698  37.470 0.0000000000
101219  -44.438  22.847  42.290 0.0000000000
101234  -46.343  23.336  40.699 0.0000000000
101239  -46.791  23.606  40.096 0.0000000000
101242  -48.881  23.066  39.056 0.0000000000
101245  -49.740  23.695  38.132 0.0000000000
101932  -50.921  24.196  37.535 0.0000000000
101980  -50.209  24.165  33.820 0.0000000000
101990  -48.821  24.573  32.899 0.0000000000
102639  -47.851  25.732  38.928 0.0000000000
102640  -53.812  26.168  39.416 0.0000000000
102642  -55.037  26.207  39.377 0.0000000000
102647  -50.479  25.448  38.134 0.0000000000
102660  -51.058  24.917  37.639 0.0000000000
102678  -54.740  25.876  35.329 0.0000000000
102695  -55.579  25.018  34.723 0.0000000000
103352  -47.302  26.407  39.038 0.0000000000
103355  -51.446  26.937  39.343 0.0000000000
103356  -53.233  26.666  39.703 0.0000000000
103360  -48.629  26.351  38.755 0.0000000000
103364  -55.247  26.242  38.926 0.0000000000
103421  -46.287  26.793  31.504 0.0000000000
104046  -49.966  27.365  39.074 0.0000000000
104051  -54.532  27.511  39.881 0.0000000000
104057  -47.145  27.756  38.687 0.0000000000
104130  -45.582  27.395  30.044 0.0000000000
104208  -52.627  27.499  20.840 0.0000000000
104821  -53.117  28.623  40.154 0.0000000000
104823  -54.411  28.572  39.747 0.0000000000
104834  -47.427  28.471  38.536 0.0000000000
104835  -48.270  28.710  38.522 0.0000000000
104957  -52.989  27.692  21.128 0.0000000000
104967  -53.110  27.731  20.925 0.0000000000
104968  -53.788  28.451  20.912 0.0000000000
104980  -53.076  27.815  20.722 0.0000000000
104987  -46.984  28.268  19.321 0.0000000000
105541  -51.453  29.186  39.215 0.0000000000
105542  -52.560  29.852  39.442 0.0000000000
105559  -48.828  29.324  38.472 0.0000000000
105560  -49.641  29.496  38.557 0.0000000000
105712  -54.698  28.980  20.980 0.0000000000
105713  -54.979  29.263  20.977 0.0000000000
105725  -51.673  27.893  20.540 0.0000000000
105726  -52.658  28.173  20.508 0.0000000000
106241  -54.126  30.238  39.261 0.0000000000
106380  -54.841  30.132  21.402 0.0000000000
106390  -49.541  30.222  21.311 0.0000000000
106394  -54.979  29.336  21.051 0.0000000000
106400  -47.243  30.258  20.345 0.0000000000
106403  -53.958  29.507  20.601 0.0000000000
106404  -54.797  29.590  20.828 0.0000000000
106405  -55.023  29.675  21.032 0.0000000000
106428  -47.656  30.499  17.289 0.0000000000
106884  -47.980  31.942  38.263 0.0000000000
106886  -50.216  31.356  38.467 0.0000000000
107023  -54.678  31.157  21.975 0.0000000000
107031  -46.924  31.974  21.112 0.0000000000
107032  -47.589  31.591  21.416 0.0000000000
107033  -48.533  31.251  21.514 0.0000000000
107044  -46.686  31.649  20.370 0.0000000000
107053  -46.673  31.131  19.677 0.0000000000
107065  -47.627  31.240  17.531 0.0000000000
107508  -46.140  32.576  38.405 0.0000000000
107510  -48.528  32.391  38.345 0.0000000000
107513  -51.299  32.442  38.301 0.0000000000
107514  -53.554  32.487  37.975 0.0000000000
107525  -45.448  33.145  38.251 0.0000000000
107526  -52.461  32.437  38.094 0.0000000000
107662  -54.773  32.415  23.088 0.0000000000
107678  -46.645  32.770  21.434 0.0000000000
107683  -52.772  32.330  21.084 0.0000000000
107684  -53.749  32.436  20.828 0.0000000000
107685  -54.323  31.985  21.142 0.0000000000
107686  -54.643  31.707  21.698 0.0000000000
107696  -46.369  32.281  19.982 0.0000000000
107701  -46.476  32.495  19.163 0.0000000000
108151  -45.591  33.966  37.844 0.0000000000
108190  -49.583  33.517  31.445 0.0000000000
108229  -52.943  33.983  29.805 0.0000000000
108288  -50.125  34.022  25.097 0.0000000000
108289  -53.945  33.574  24.988 0.0000000000
108301  -51.879  33.512  24.179 0.0000000000
108322  -47.007  33.807  22.275 0.0000000000
108335  -47.071  33.126  22.025 0.0000000000
108338  -54.034  33.509  21.267 0.0000000000
108339  -54.548  32.640  21.682 0.0000000000
108355  -46.726  32.965  18.464 0.0000000000
108808  -47.387  34.403  38.439 0.0000000000
108829  -44.408  34.992  36.526 0.0000000000
108830  -52.187  34.783  36.462 0.0000000000
108832  -53.659  34.388  36.056 0.0000000000
108838  -53.863  34.475  35.392 0.0000000000
108848  -54.030  34.909  34.622 0.0000000000
108849  -54.030  35.383  33.373 0.0000000000
108859  -53.734  35.287  31.967 0.0000000000
108868  -53.249  34.205  29.952 0.0000000000
108869  -53.472  34.579  30.300 0.0000000000
108883  -53.510  34.393  29.469 0.0000000000
108903  -54.037  34.140  28.359 0.0000000000
108904  -54.398  34.219  28.105 0.0000000000
108916  -47.761  34.140  27.079 0.0000000000
108918  -49.768  34.770  27.701 0.0000000000
108920  -53.835  34.014  28.082 0.0000000000
108940  -50.165  34.480  25.552 0.0000000000
108943  -53.191  34.075  25.375 0.0000000000
108950  -54.711  33.872  24.375 0.0000000000
108963  -46.619  34.502  22.162 0.0000000000
108965  -48.650  34.430  22.416 0.0000000000
108968  -54.563  33.755  22.489 0.0000000000
108977  -53.985  34.301  21.744 0.0000000000
108985  -45.416  34.658  20.926 0.0000000000
108991  -45.292  34.590  19.978 0.0000000000
109001  -45.478  34.651  19.009 0.0000000000
109012  -45.836  34.826  18.145 0.0000000000
109029  -46.756  34.761  17.113 0.0000000000
109475  -49.615  36.197  39.943 0.0000000000
109476  -50.274  36.173  39.835 0.0000000000
109481  -48.136  34.871  38.791 0.0000000000
109483  -49.520  35.406  39.398 0.0000000000
109490  -46.267  35.241  37.333 0.0000000000
109503  -45.821  35.689  36.687 0.0000000000
109505  -51.863  35.387  36.305 0.0000000000
109529  -53.994  35.476  32.620 0.0000000000
109535  -54.098  35.848  31.336 0.0000000000
109539  -54.165  34.630  28.806 0.0000000000
109553  -54.848  34.834  27.552 0.0000000000
109562  -54.958  34.911  26.865 0.0000000000
109588  -54.462  34.624  23.831 0.0000000000
109595  -47.239  35.344  22.262 0.0000000000
109607  -46.466  35.398  21.987 0.0000000000
109612  -52.742  35.474  21.506 0.0000000000
110117  -51.061  37.585  40.710 0.0000000000
110118  -51.271  37.735  40.506 0.0000000000
110136  -48.726  36.176  39.226 0.0000000000
110143  -48.607  36.977  38.845 0.0000000000
110151  -45.292  36.175  36.188 0.0000000000
110155  -50.625  36.185  36.582 0.0000000000
110168  -52.719  36.241  35.084 0.0000000000
110170  -48.323  36.720  34.470 0.0000000000
110171  -49.130  36.374  34.824 0.0000000000
110174  -52.785  36.534  34.398 0.0000000000
110188  -53.738  36.431  33.208 0.0000000000
110189  -54.102  35.820  33.083 0.0000000000
110201  -53.125  37.037  32.110 0.0000000000
110202  -53.744  36.588  31.785 0.0000000000
110207  -47.392  36.364  31.511 0.0000000000
110212  -46.631  36.649  31.038 0.0000000000
110216  -50.422  36.456  30.375 0.0000000000
110217  -53.048  36.602  30.107 0.0000000000
110218  -53.676  36.300  30.305 0.0000000000
110219  -54.035  35.864  30.484 0.0000000000
110222  -47.547  36.458  30.037 0.0000000000
110224  -49.441  36.400  29.723 0.0000000000
110229  -54.256  35.232  28.838 0.0000000000
110231  -47.887  36.582  29.239 0.0000000000
110232  -48.788  36.490  28.929 0.0000000000
110236  -52.477  36.561  28.221 0.0000000000
110237  -53.325  36.416  28.615 0.0000000000
110244  -50.871  36.616  28.233 0.0000000000
110257  -53.744  36.567  26.519 0.0000000000
110265  -54.613  35.512  26.184 0.0000000000
110284  -53.310  36.579  23.483 0.0000000000
110292  -52.642  36.632  22.107 0.0000000000
110293  -53.213  36.212  22.512 0.0000000000
110301  -48.509  37.009  21.740 0.0000000000
110788  -51.023  38.296  40.834 0.0000000000
110802  -50.683  37.844  40.687 0.0000000000
110803  -51.411  37.702  40.118 0.0000000000
110812  -51.336  38.401  39.554 0.0000000000
110819  -49.760  37.860  37.299 0.0000000000
110828  -49.404  37.106  36.447 0.0000000000
110836  -45.663  37.634  35.702 0.0000000000
110837  -46.411  38.162  36.088 0.0000000000
110843  -46.689  37.529  33.013 0.0000000000
110844  -47.186  37.103  33.294 0.0000000000
110852  -46.488  37.272  32.343 0.0000000000
110861  -46.132  37.034  31.252 0.0000000000
110866  -45.567  37.414  31.032 0.0000000000
110870  -46.303  37.254  29.798 0.0000000000
110878  -47.866  38.118  27.773 0.0000000000
110880  -49.635  37.520  27.220 0.0000000000
110883  -52.326  37.313  26.419 0.0000000000
110891  -51.940  38.120  25.895 0.0000000000
110893  -53.232  37.225  25.756 0.0000000000
110901  -52.856  38.182  25.155 0.0000000000
110914  -53.091  37.785  24.480 0.0000000000
110926  -52.756  38.483  24.063 0.0000000000
110938  -48.528  38.219  21.976 0.0000000000
110939  -49.393  38.323  21.941 0.0000000000
110950  -45.072  37.758  21.360 0.0000000000
110952  -49.688  37.875  21.677 0.0000000000
110953  -50.394  37.573  21.610 0.0000000000
110954  -51.256  37.247  21.662 0.0000000000
110955  -52.015  36.940  21.799 0.0000000000
110966  -44.548  37.163  20.891 0.0000000000
111401  -50.876  38.857  40.679 0.0000000000
111402  -51.080  38.812  40.746 0.0000000000
111416  -50.618  39.387  40.115 0.0000000000
111417  -51.023  39.380  40.368 0.0000000000
111418  -51.330  38.635  40.353 0.0000000000
111431  -51.148  39.466  39.813 0.0000000000
111440  -48.258  39.086  37.355 0.0000000000
111451  -49.586  38.991  37.485 0.0000000000
111465  -47.863  38.919  34.648 0.0000000000
111472  -45.519  38.228  32.314 0.0000000000
111473  -46.185  37.967  32.656 0.0000000000
111480  -44.492  38.321  31.224 0.0000000000
111491  -44.957  37.927  30.767 0.0000000000
111508  -49.279  39.646  27.075 0.0000000000
111514  -45.159  39.268  26.158 0.0000000000
111518  -51.362  39.100  25.698 0.0000000000
111527  -43.065  38.692  25.324 0.0000000000
111528  -43.898  38.595  25.434 0.0000000000
111529  -44.829  38.587  25.552 0.0000000000
111531  -47.237  38.633  25.274 0.0000000000
111532  -48.313  39.110  25.245 0.0000000000
111533  -52.417  39.035  24.788 0.0000000000
111545  -43.556  38.556  24.470 0.0000000000
111548  -46.329  38.237  25.001 0.0000000000
111550  -49.485  38.904  24.160 0.0000000000
111551  -52.135  39.560  24.037 0.0000000000
111552  -52.463  39.137  24.279 0.0000000000
111562  -45.614  38.581  23.007 0.0000000000
111582  -45.217  38.515  22.268 0.0000000000
111585  -49.992  38.596  22.454 0.0000000000
111586  -51.032  38.740  22.662 0.0000000000
111587  -51.867  38.357  22.736 0.0000000000
111597  -43.856  38.555  21.656 0.0000000000
111598  -44.427  37.823  21.137 0.0000000000
111599  -45.577  38.193  21.810 0.0000000000
111610  -43.956  38.185  21.128 0.0000000000
112151  -49.435  39.719  38.127 0.0000000000
112152  -50.611  39.656  39.256 0.0000000000
112178  -49.288  40.559  35.807 0.0000000000
112189  -45.916  39.745  33.368 0.0000000000
112196  -43.496  39.299  32.135 0.0000000000
112197  -44.315  39.079  32.456 0.0000000000
112225  -44.724  40.676  28.666 0.0000000000
112228  -47.226  40.417  28.115 0.0000000000
112244  -41.737  39.647  26.276 0.0000000000
112248  -45.415  40.262  26.470 0.0000000000
112251  -51.009  40.141  25.752 0.0000000000
112252  -51.520  39.741  25.302 0.0000000000
112258  -41.798  39.418  25.169 0.0000000000
112261  -49.347  39.547  25.039 0.0000000000
112264  -51.937  39.629  24.924 0.0000000000
112268  -41.672  39.572  24.244 0.0000000000
112270  -50.375  39.830  24.792 0.0000000000
112271  -51.279  40.075  24.844 0.0000000000
112272  -51.814  39.805  24.649 0.0000000000
112287  -43.127  38.879  21.536 0.0000000000
112798  -49.304  41.265  35.347 0.0000000000
112812  -44.310  40.252  33.474 0.0000000000
112815  -47.340  40.173  33.900 0.0000000000
112824  -41.778  40.722  31.898 0.0000000000
112825  -42.151  40.206  31.354 0.0000000000
112829  -42.330  40.598  30.451 0.0000000000
112833  -43.409  40.960  29.301 0.0000000000
112839  -46.312  41.464  28.282 0.0000000000
112843  -41.829  40.839  27.431 0.0000000000
112845  -43.917  41.570  27.591 0.0000000000
112846  -47.694  41.668  27.897 0.0000000000
112848  -49.505  41.777  27.011 0.0000000000
112852  -42.251  40.169  27.006 0.0000000000
112856  -46.172  41.389  26.597 0.0000000000
112857  -47.978  42.100  26.876 0.0000000000
112858  -48.924  42.073  27.097 0.0000000000
112860  -50.685  40.916  26.003 0.0000000000
112862  -41.185  39.982  25.567 0.0000000000
112865  -50.292  41.202  26.127 0.0000000000
112880  -41.555  40.453  21.635 0.0000000000
113292  -48.608  42.749  37.656 0.0000000000
113294  -49.989  41.836  37.358 0.0000000000
113307  -50.217  41.802  37.016 0.0000000000
113322  -49.572  41.926  35.473 0.0000000000
113323  -50.073  42.162  36.470 0.0000000000
113341  -46.520  41.263  34.238 0.0000000000
113342  -48.332  41.569  34.584 0.0000000000
113343  -48.879  41.910  34.946 0.0000000000
113355  -44.775  40.857  34.025 0.0000000000
113362  -41.657  41.412  31.403 0.0000000000
113366  -42.681  41.564  29.844 0.0000000000
113369  -43.169  41.746  29.292 0.0000000000
113370  -43.432  41.781  28.847 0.0000000000
113373  -41.051  42.052  28.255 0.0000000000
113377  -45.299  42.065  27.873 0.0000000000
113378  -46.218  42.136  27.959 0.0000000000
113379  -47.043  41.992  28.035 0.0000000000
113382  -39.785  41.946  27.137 0.0000000000
113384  -41.426  41.455  27.797 0.0000000000
113386  -43.467  41.861  27.954 0.0000000000
113391  -39.777  41.875  26.217 0.0000000000
113393  -45.777  42.049  26.996 0.0000000000
113808  -47.965  43.505  37.846 0.0000000000
113809  -48.739  43.521  37.598 0.0000000000
113811  -49.713  43.092  37.287 0.0000000000
113822  -50.002  42.883  36.757 0.0000000000
113833  -46.901  42.550  35.168 0.0000000000
113836  -49.788  42.527  36.047 0.0000000000
113854  -47.524  42.085  34.697 0.0000000000
113870  -41.428  42.707  33.163 0.0000000000
113878  -41.460  42.830  32.198 0.0000000000
113881  -42.956  42.958  30.269 0.0000000000
113885  -43.101  42.438  29.266 0.0000000000
113891  -41.886  42.669  28.621 0.0000000000
113894  -39.608  42.724  27.501 0.0000000000
113895  -40.141  42.271  27.915 0.0000000000
113902  -39.969  42.334  25.308 0.0000000000
114325  -48.111  44.041  37.810 0.0000000000
114326  -48.749  43.922  37.463 0.0000000000
114327  -49.264  43.644  37.284 0.0000000000
114351  -48.997  43.580  36.300 0.0000000000
114352  -49.636  43.083  36.313 0.0000000000
114387  -41.454  43.418  32.782 0.0000000000
114392  -43.349  43.669  29.975 0.0000000000
114393  -40.790  43.565  29.152 0.0000000000
114409  -39.384  43.414  27.070 0.0000000000
114416  -39.492  43.444  26.194 0.0000000000
114867  -48.493  44.203  37.347 0.0000000000
114919  -42.683  44.557  31.692 0.0000000000
114928  -43.533  44.392  30.838 0.0000000000
114931  -43.408  44.426  30.319 0.0000000000
114933  -41.039  44.252  29.550 0.0000000000
114935  -43.194  44.084  29.809 0.0000000000
114940  -39.645  44.183  28.259 0.0000000000
114941  -40.173  44.189  29.046 0.0000000000
114947  -39.450  44.196  27.442 0.0000000000
115425  -41.509  45.441  34.455 0.0000000000
115431  -42.157  45.652  32.888 0.0000000000
115443  -42.815  45.236  32.030 0.0000000000
115444  -43.968  45.373  31.560 0.0000000000
115462  -45.258  45.597  30.968 0.0000000000
115480  -40.428  44.947  29.341 0.0000000000
115499  -39.810  45.628  27.705 0.0000000000
115503  -39.538  44.978  27.048 0.0000000000
115504  -39.898  45.661  26.665 0.0000000000
115969  -41.504  46.937  35.362 0.0000000000
115976  -41.597  46.174  34.401 0.0000000000
115977  -42.078  46.313  33.503 0.0000000000
115985  -45.242  46.103  31.684 0.0000000000
116001  -45.657  45.886  31.103 0.0000000000
116011  -43.971  45.876  30.467 0.0000000000
116013  -45.592  45.884  30.911 0.0000000000
116014  -45.784  46.369  31.262 0.0000000000
116021  -40.722  45.731  29.534 0.0000000000
116025  -40.359  46.401  28.078 0.0000000000
116026  -41.015  46.579  29.490 0.0000000000
116508  -41.617  48.028  36.253 0.0000000000
116522  -45.858  47.837  32.811 0.0000000000
116530  -46.624  47.253  32.030 0.0000000000
116531  -47.218  47.667  31.985 0.0000000000
116539  -44.812  47.573  31.040 0.0000000000
116540  -45.928  47.219  31.332 0.0000000000
116550  -44.102  46.901  30.674 0.0000000000
116554  -41.388  47.359  29.290 0.0000000000
116560  -41.353  47.572  27.871 0.0000000000
117022  -41.813  49.546  38.723 0.0000000000
117036  -42.434  48.535  35.027 0.0000000000
117049  -46.515  48.616  33.074 0.0000000000
117050  -47.331  48.330  32.187 0.0000000000
117064  -46.426  48.019  31.512 0.0000000000
117074  -43.611  48.333  30.724 0.0000000000
117077  -41.752  48.063  28.991 0.0000000000
117079  -42.931  48.936  29.910 0.0000000000
117084  -41.753  48.141  28.179 0.0000000000
117536  -43.700  49.365  30.300 0.0000000000
117545  -42.711  49.182  28.956 0.0000000000
126698  -49.347  26.901  38.878 0.0000000000
126976  -47.714  36.518  33.167 0.0000000000
127325  -47.954  27.864  38.678 0.0000000000
127335  -51.493  36.574  31.022 0.0000000000
127337  -52.385  36.782  31.587 0.0000000000
127339  -48.978  36.021  32.265 0.0000000000
127341  -50.076  36.086  33.371 0.0000000000
128713  -53.620  28.139  40.320 0.0000000000
128788  -47.960  22.232  42.038 0.0000000000
129607  -49.895  36.264  35.243 0.0000000000
131777  -47.852  28.410  34.857 0.0000000000
132120  -44.349  42.045  27.945 0.0000000000
132357  -47.222  29.705  38.387 0.0000000000
132358  -45.925  29.749  38.403 0.0000000000
132483  -46.948  38.459  22.297 0.0000000000
133291  -43.765  45.110  30.414 0.0000000000
133573  -41.592  43.175  28.960 0.0000000000
134436  -47.835  29.602  20.543 0.0000000000
135327  -44.914  39.666  28.868 0.0000000000
135797  -47.943  31.231  38.301 0.0000000000
136474  -45.535  39.078  28.774 0.0000000000
136650  -48.395  44.259  36.881 0.0000000000
136737  -42.162  39.426  22.665 0.0000000000
136756  -46.204  31.149  38.341 0.0000000000
136892  -41.435  43.900  33.342 0.0000000000
136894  -54.476  35.521  28.034 0.0000000000
136970  -53.632  34.331  28.905 0.0000000000
137066  -51.834  34.763  21.473 0.0000000000
137694  -47.779  42.568  35.180 0.0000000000
138707  -53.381  34.192  21.260 0.0000000000
138803  -47.607  41.498  34.348 0.0000000000
138823  -53.978  30.572  39.248 0.0000000000
138935  -55.980  24.111  37.740 0.0000000000
138976  -45.420  31.238  38.395 0.0000000000
139697  -41.464  42.095  32.718 0.0000000000
139932  -40.733  40.912  24.611 0.0000000000
140061  -51.531  21.603  42.337 0.0000000000
141133  -42.466  38.927  25.106 0.0000000000
141274  -49.963  39.868  38.190 0.0000000000
141602  -47.089  41.956  26.771 0.0000000000
141653  -49.364  42.939  37.547 0.0000000000
142028  -51.076  24.917  34.615 0.0000000000
142249  -55.641  19.607  43.116 0.0000000000
142814  -52.460  34.194  31.471 0.0000000000
142941  -41.950  42.878  31.231 0.0000000000
143141  -53.501  31.461  20.761 0.0000000000
143180  -41.469  40.299  26.859 0.0000000000
143219  -48.251  37.733  21.802 0.0000000000
143272  -51.834  39.029  23.372 0.0000000000
144023  -46.952  37.486  21.801 0.0000000000
144048  -53.590  36.699  32.477 0.0000000000
144079  -53.332  36.183  34.737 0.0000000000
144324  -50.131  28.699  20.731 0.0000000000
144689  -47.586  32.436  32.406 0.0000000000
145034  -46.994  38.266  24.103 0.0000000000
145293  -53.153  36.764  33.666 0.0000000000
145317  -47.754  40.158  37.025 0.0000000000
145733  -48.240  42.095  27.318 0.0000000000
145770  -53.768  35.151  31.010 0.0000000000
145831  -47.540  33.531  22.344 0.0000000000
145890  -51.914  33.953  29.520 0.0000000000
146139  -49.478  38.446  26.869 0.0000000000
146263  -46.588  29.562  38.405 0.0000000000
146340  -49.822  42.455  37.435 0.0000000000
146432  -45.179  35.959  21.145 0.0000000000
146476  -40.533  46.350  28.894 0.0000000000
146481  -50.213  38.400  40.342 0.0000000000
146545  -47.726  42.029  27.651 0.0000000000
146729  -44.421  38.392  30.584 0.0000000000
147068  -48.151  36.764  28.698 0.0000000000
147649  -47.716  37.225  37.409 0.0000000000
148338  -46.549  33.989  38.291 0.0000000000
148371  -50.295  36.558  28.629 0.0000000000
148991  -54.254  27.267  40.147 0.0000000000
149293  -55.641  25.234  37.522 0.0000000000
149318  -51.821  25.180  37.817 0.0000000000
149455  -53.542  36.559  27.019 0.0000000000
149634  -41.267  40.927  23.212 0.0000000000
149943  -46.165  34.255  21.763 0.0000000000
150364  -40.044  41.686  25.624 0.0000000000
150525  -51.275  36.285  35.100 0.0000000000
150574  -51.815  30.841  38.845 0.0000000000
150590  -44.770  47.544  32.908 0.0000000000
151073  -46.894  35.403  37.597 0.0000000000
151105  -47.303  29.967  17.656 0.0000000000
151167  -41.036  40.866  23.927 0.0000000000
151202  -53.515  20.772  41.930 0.0000000000
151637  -42.265  46.902  33.745 0.0000000000
151676  -54.029  29.530  40.015 0.0000000000
151756  -49.492  36.455  29.147 0.0000000000
152046  -49.568  37.851  39.890 0.0000000000
152489  -54.106  35.285  34.030 0.0000000000
152811  -51.382  35.431  21.519 0.0000000000
152983  -48.985  36.692  28.355 0.0000000000
153139  -54.837  24.316  38.016 0.0000000000
