#!ascii label  , from subject sub-v1s9x0051359_ses-1 vox2ras=TkReg
1974
4380  -3.200  -84.325  15.728 0.5000000000
4898  -1.976  -84.193  19.432 0.5000000000
135805  -3.699  -85.001  19.872 0.5000000000
142873  -3.846  -86.500  19.735 0.5000000000
4961  -3.626  -83.055  13.884 0.5000000000
4393  -3.404  -84.077  14.961 0.5000000000
149385  -4.581  -83.694  14.674 0.5000000000
4935  -3.914  -84.075  15.780 0.5000000000
4937  -5.711  -83.632  15.324 0.6000000238
4925  -3.643  -83.952  16.714 0.5000000000
3308  -4.491  -87.223  18.856 0.5000000000
4909  -2.319  -83.203  18.568 0.5000000000
3319  -5.077  -86.936  18.037 0.5000000000
4340  -2.974  -84.045  19.669 0.6000000238
3299  -5.080  -86.260  19.556 0.6000000238
136761  -4.061  -83.218  19.421 0.6000000238
138087  -4.549  -85.037  19.993 0.6000000238
153197  -5.647  -86.475  18.430 0.6999999881
4901  -4.971  -83.449  19.719 0.6999999881
3795  -5.355  -85.490  19.906 0.6999999881
4902  -5.884  -84.036  20.304 0.6999999881
4343  -6.000  -84.771  20.224 0.6999999881
3796  -6.313  -85.349  19.713 0.6999999881
5609  -5.618  -82.954  13.432 0.5000000000
4963  -5.775  -83.414  14.049 0.6000000238
5610  -6.168  -82.169  13.075 0.6000000238
5598  -6.428  -82.815  13.969 0.6000000238
5565  -4.169  -82.951  17.756 0.5000000000
3320  -5.826  -86.451  17.588 0.5000000000
3329  -5.270  -86.720  16.841 0.5000000000
3344  -6.561  -86.461  15.236 0.6999999881
131955  -6.073  -86.386  16.772 0.6999999881
146038  -6.828  -86.205  16.212 0.6999999881
5533  -2.958  -82.855  18.938 0.6000000238
5553  -4.583  -82.654  18.492 0.6999999881
3815  -7.038  -85.702  17.886 0.6999999881
5536  -5.236  -82.647  19.112 0.6999999881
126723  -6.017  -83.065  19.839 0.6999999881
3805  -7.510  -85.365  18.560 0.6999999881
146404  -7.118  -83.434  20.354 0.6999999881
4331  -7.211  -84.067  20.357 0.6999999881
3797  -7.144  -85.106  19.396 0.6999999881
4346  -8.899  -84.899  18.963 0.6999999881
4886  -7.728  -83.452  20.352 0.6999999881
4887  -8.576  -83.318  20.256 0.6999999881
4333  -9.005  -83.954  19.934 0.6999999881
4888  -9.520  -83.467  20.229 0.6999999881
5620  -5.232  -82.212  12.849 0.5000000000
134107  -5.679  -81.253  11.928 0.6000000238
133648  -6.273  -80.936  11.943 0.6000000238
138398  -6.517  -81.142  13.249 0.6000000238
6966  -7.460  -80.458  12.422 0.6000000238
126804  -6.906  -82.884  14.934 0.6000000238
6948  -6.721  -80.909  14.171 0.6000000238
150823  -6.167  -83.295  16.352 0.6000000238
3345  -7.526  -86.391  15.285 0.6999999881
5566  -5.214  -82.854  17.718 0.6999999881
3331  -7.895  -86.134  16.083 0.6999999881
3359  -8.141  -86.430  14.444 0.6999999881
3851  -9.007  -86.110  14.445 0.6999999881
146214  -6.221  -82.533  17.633 0.6999999881
3346  -8.527  -86.311  15.251 0.6999999881
3865  -9.026  -85.500  13.738 0.6999999881
5554  -5.481  -82.551  18.351 0.6999999881
6206  -6.893  -81.925  18.091 0.6999999881
3322  -7.409  -85.877  16.971 0.6999999881
3826  -8.484  -85.923  16.810 0.6999999881
3836  -9.390  -85.893  15.337 0.6999999881
3852  -9.447  -85.252  14.510 0.6999999881
5555  -6.156  -82.271  18.828 0.6999999881
6193  -7.438  -81.380  18.569 0.6999999881
3817  -8.839  -85.621  17.619 0.6999999881
3837  -9.964  -85.397  15.887 0.6999999881
5538  -7.953  -82.114  20.029 0.6999999881
4355  -10.009  -85.011  18.948 0.6999999881
3818  -9.692  -85.615  17.531 0.6999999881
5521  -9.151  -82.691  20.323 0.6999999881
4347  -10.081  -84.271  19.780 0.6999999881
4356  -10.927  -85.148  18.590 0.6999999881
5522  -9.844  -82.906  20.517 0.6999999881
4348  -10.956  -84.749  19.385 0.6999999881
133403  -10.591  -82.663  20.748 0.6999999881
6286  -5.111  -81.192  11.236 0.5000000000
6287  -5.995  -81.004  11.075 0.6000000238
6992  -6.761  -80.797  10.506 0.6000000238
6305  -5.394  -80.784  9.408 0.5000000000
130799  -7.911  -80.771  9.814 0.6000000238
6991  -4.459  -80.519  9.890 0.5000000000
6304  -4.897  -80.766  9.810 0.5000000000
6982  -7.853  -80.523  11.547 0.6000000238
7009  -8.707  -80.569  8.997 0.6000000238
139321  -8.302  -80.390  12.184 0.6000000238
150705  -8.207  -80.599  10.758 0.6000000238
6237  -7.137  -82.138  15.394 0.6000000238
5589  -7.021  -82.760  15.732 0.6999999881
6937  -7.257  -80.401  14.773 0.6999999881
136215  -7.106  -82.163  17.097 0.6999999881
6222  -7.258  -81.350  15.864 0.6999999881
4409  -9.297  -84.257  13.781 0.6999999881
135655  -7.449  -81.456  17.592 0.6999999881
6919  -7.692  -80.687  16.260 0.6999999881
4394  -9.615  -84.089  14.740 0.6999999881
4964  -9.589  -83.220  13.276 0.6999999881
6908  -8.332  -80.281  17.660 0.6999999881
3829  -10.458  -84.947  16.438 0.6999999881
4939  -9.849  -83.179  15.028 0.6999999881
4979  -9.431  -83.117  12.272 0.6999999881
6879  -8.774  -80.665  19.284 0.6000000238
4364  -10.917  -84.689  17.154 0.6999999881
4373  -10.610  -83.627  16.308 0.6999999881
4952  -10.090  -82.701  14.551 0.6999999881
136541  -10.245  -82.777  12.738 0.6999999881
4980  -10.336  -82.860  11.859 0.6999999881
6184  -9.173  -81.191  19.899 0.6999999881
4365  -11.352  -84.575  18.015 0.6999999881
4921  -11.505  -83.435  17.757 0.6000000238
4929  -10.962  -82.871  16.586 0.6999999881
4941  -10.678  -82.785  15.920 0.6999999881
6170  -10.598  -81.499  20.782 0.6000000238
4889  -10.485  -83.576  20.360 0.6999999881
149084  -11.961  -84.141  20.106 0.6999999881
4334  -11.582  -84.455  19.630 0.6999999881
4911  -12.247  -83.479  19.085 0.6000000238
5568  -11.940  -82.819  18.054 0.6000000238
6171  -11.544  -81.315  21.183 0.6000000238
5523  -11.512  -82.368  21.096 0.6000000238
4891  -12.329  -83.431  20.356 0.6000000238
5540  -13.207  -82.149  19.833 0.5000000000
5556  -12.397  -82.610  18.719 0.5000000000
5569  -12.414  -81.977  17.999 0.5000000000
6157  -12.212  -81.057  21.333 0.6000000238
6853  -13.340  -80.512  21.146 0.5000000000
5525  -13.293  -81.948  20.503 0.5000000000
7007  -6.912  -80.629  8.539 0.6000000238
7017  -5.573  -80.359  8.403 0.6000000238
7020  -8.443  -80.478  7.807 0.5000000000
133881  -8.443  -79.471  7.513 0.6999999881
7006  -4.764  -80.596  9.130 0.5000000000
149829  -4.434  -79.457  8.326 0.6000000238
7785  -5.620  -79.416  7.976 0.6000000238
8512  -3.561  -78.033  9.009 0.6000000238
145145  -3.961  -79.361  8.581 0.6000000238
7751  -10.085  -79.973  8.973 0.4000000060
8520  -4.027  -78.159  8.395 0.6000000238
6994  -9.816  -80.321  10.636 0.5000000000
6967  -9.099  -80.254  12.356 0.6000000238
6950  -8.230  -80.279  13.100 0.6000000238
6930  -7.863  -80.220  15.515 0.6999999881
6938  -8.201  -79.988  14.757 0.6000000238
135738  -8.227  -80.062  16.124 0.6999999881
7617  -8.866  -79.792  18.115 0.6000000238
7626  -8.744  -79.688  17.295 0.6000000238
6880  -9.640  -80.436  19.640 0.6000000238
5577  -11.374  -82.327  16.395 0.6000000238
5591  -11.162  -82.483  15.401 0.6000000238
5611  -10.655  -82.609  14.226 0.6999999881
138906  -10.962  -82.773  13.056 0.6999999881
4437  -11.066  -83.412  11.600 0.6999999881
6865  -10.369  -80.565  20.261 0.6000000238
5578  -11.980  -82.047  17.140 0.6000000238
4451  -11.087  -83.715  10.803 0.6999999881
7570  -12.321  -79.723  21.078 0.6000000238
6195  -13.462  -81.457  19.072 0.4000000060
6208  -13.141  -81.358  17.986 0.4000000060
129818  -12.706  -81.673  17.288 0.5000000000
141321  -12.240  -82.315  15.801 0.6000000238
4966  -11.254  -82.813  13.689 0.6000000238
4425  -11.671  -84.280  12.271 0.6000000238
7571  -13.035  -79.716  21.161 0.5000000000
7572  -13.867  -79.718  21.062 0.5000000000
6867  -13.851  -80.489  20.890 0.5000000000
6185  -13.645  -81.458  20.036 0.5000000000
5579  -12.843  -81.953  16.450 0.4000000060
5592  -13.424  -82.426  15.599 0.6000000238
8524  -7.848  -79.129  7.917 0.6000000238
7031  -7.906  -80.223  7.593 0.6000000238
8534  -9.023  -78.960  7.482 0.6000000238
8521  -4.607  -78.342  8.183 0.6000000238
8522  -5.764  -78.540  8.003 0.5000000000
144684  -5.807  -77.712  8.595 0.6000000238
10654  -5.016  -75.821  9.090 0.6000000238
153309  -9.412  -79.469  7.558 0.6000000238
9248  -3.883  -77.205  8.640 0.6999999881
10664  -4.789  -76.169  8.738 0.6000000238
11445  -4.741  -75.086  9.325 0.6000000238
143117  -10.416  -79.974  10.108 0.5000000000
7752  -10.189  -79.396  8.563 0.6000000238
10652  -3.327  -75.165  9.437 0.6000000238
11458  -4.093  -74.910  9.214 0.6999999881
7735  -10.282  -79.915  11.014 0.5000000000
11444  -3.433  -74.412  9.540 0.6999999881
7692  -9.911  -79.950  12.534 0.6000000238
12248  -2.550  -73.516  10.422 0.6000000238
7643  -8.705  -79.731  15.594 0.6000000238
7656  -9.598  -79.885  14.021 0.6000000238
142290  -10.009  -79.728  14.735 0.6000000238
7634  -9.360  -79.373  16.198 0.6000000238
8409  -9.893  -78.924  18.009 0.6000000238
7619  -10.224  -79.136  18.788 0.6000000238
9138  -12.563  -77.546  19.106 0.6000000238
7586  -10.963  -79.850  20.375 0.6000000238
9133  -13.512  -77.102  20.118 0.6000000238
7588  -12.623  -79.033  20.970 0.6000000238
4954  -12.541  -83.204  14.512 0.6000000238
4967  -12.215  -83.469  13.861 0.6000000238
3883  -12.465  -85.028  12.770 0.6000000238
8389  -13.947  -78.255  20.988 0.5000000000
7589  -14.592  -79.276  20.823 0.5000000000
7604  -14.883  -79.644  20.121 0.5000000000
130673  -12.789  -85.900  11.910 0.6000000238
5580  -13.902  -81.919  16.090 0.4000000060
4955  -13.371  -83.509  14.492 0.6000000238
147754  -13.269  -84.640  13.550 0.6000000238
9241  -7.540  -78.163  9.677 0.6000000238
9230  -7.327  -77.921  10.676 0.5000000000
9231  -7.894  -77.681  10.454 0.6000000238
9941  -8.423  -76.982  10.207 0.5000000000
9250  -6.339  -78.418  8.258 0.6000000238
9928  -6.337  -77.267  11.805 0.6000000238
8514  -8.082  -78.488  8.437 0.5000000000
9242  -8.311  -77.781  9.228 0.5000000000
138084  -9.217  -77.544  7.731 0.5000000000
9939  -5.658  -76.706  9.898 0.5000000000
9229  -6.850  -77.993  10.357 0.6000000238
134928  -5.261  -75.619  10.148 0.5000000000
9259  -9.890  -77.935  7.435 0.6000000238
12260  -3.373  -73.833  9.802 0.6999999881
11417  -4.104  -74.030  9.884 0.6000000238
13010  -3.293  -72.494  10.570 0.6000000238
7693  -10.478  -79.366  12.752 0.5000000000
12981  -2.451  -73.062  11.925 0.5000000000
13008  -2.601  -72.810  10.883 0.6999999881
7673  -10.049  -79.766  13.345 0.5000000000
7635  -10.183  -79.323  15.977 0.5000000000
8431  -9.917  -79.074  16.740 0.6000000238
9153  -12.390  -77.651  18.121 0.6000000238
8411  -11.478  -78.488  18.418 0.5000000000
9838  -12.850  -76.988  18.476 0.6000000238
8412  -12.032  -78.077  18.701 0.6000000238
9125  -14.538  -77.579  20.729 0.5000000000
142016  -14.983  -81.810  15.168 0.5000000000
5601  -14.414  -82.720  14.611 0.5000000000
152753  -13.977  -84.340  13.326 0.6000000238
4412  -13.636  -85.011  12.886 0.6000000238
9212  -6.881  -77.386  12.163 0.6000000238
9221  -7.558  -77.664  11.147 0.6000000238
10619  -6.022  -76.120  12.983 0.6000000238
9954  -8.696  -76.967  9.046 0.5000000000
10631  -5.493  -75.922  11.352 0.6000000238
11365  -5.239  -74.463  11.867 0.6999999881
132852  -10.077  -77.272  7.523 0.6000000238
13012  -4.234  -72.983  10.617 0.6000000238
147141  -4.814  -74.184  10.817 0.6000000238
9252  -10.314  -78.040  7.986 0.6000000238
150535  -2.956  -71.745  11.329 0.6000000238
13755  -3.529  -71.871  10.911 0.6000000238
8497  -10.656  -79.391  10.928 0.5000000000
7657  -10.734  -79.263  14.815 0.5000000000
12205  -2.589  -73.414  13.077 0.5000000000
12982  -2.714  -72.405  12.257 0.6000000238
138145  -10.876  -79.004  16.565 0.5000000000
8433  -12.048  -78.157  16.742 0.6000000238
8432  -11.634  -78.628  16.709 0.5000000000
9860  -13.158  -76.408  17.739 0.5000000000
9839  -13.482  -76.445  18.760 0.5000000000
5612  -14.656  -82.421  13.845 0.6000000238
139853  -14.575  -82.943  13.271 0.6000000238
9905  -6.973  -76.625  13.490 0.6000000238
9918  -7.362  -77.053  12.819 0.5000000000
10632  -8.533  -76.470  11.262 0.5000000000
11366  -6.085  -75.324  13.512 0.6999999881
10640  -8.719  -75.769  10.329 0.5000000000
12231  -5.281  -73.416  12.197 0.6999999881
137520  -5.679  -75.184  12.713 0.6000000238
134703  -8.755  -75.070  9.583 0.5000000000
12240  -4.758  -73.533  11.151 0.6000000238
10665  -8.945  -76.048  8.239 0.5000000000
9964  -10.348  -76.783  7.778 0.6000000238
13733  -3.808  -71.129  11.360 0.6999999881
9243  -10.738  -77.898  9.029 0.6000000238
13732  -3.302  -71.419  11.462 0.6000000238
8506  -11.024  -78.555  10.814 0.6000000238
13698  -3.302  -71.562  13.370 0.6999999881
134886  -3.146  -71.580  12.811 0.6999999881
134347  -10.864  -78.727  13.128 0.5000000000
8498  -11.192  -78.206  11.768 0.5000000000
129278  -2.995  -72.177  13.087 0.6000000238
8481  -11.195  -78.222  13.663 0.5000000000
12958  -3.507  -72.536  14.369 0.5000000000
9185  -11.709  -78.083  15.023 0.6000000238
8448  -11.358  -78.808  15.363 0.5000000000
149061  -3.573  -73.905  15.054 0.6000000238
8449  -11.824  -78.312  15.952 0.5000000000
9874  -12.686  -76.802  16.970 0.6000000238
10576  -13.625  -75.372  16.746 0.5000000000
10595  -6.706  -75.456  14.320 0.6999999881
9906  -7.597  -76.518  13.569 0.5000000000
9919  -8.246  -76.564  13.042 0.5000000000
12959  -6.356  -72.722  14.293 0.8000000119
11328  -6.760  -74.697  14.715 0.6999999881
141355  -8.786  -76.101  12.166 0.5000000000
11419  -8.862  -74.607  10.298 0.5000000000
12984  -5.881  -71.541  13.024 0.6999999881
12983  -5.612  -72.742  12.875 0.6999999881
143234  -6.111  -74.383  13.930 0.8000000119
132592  -5.207  -72.537  12.073 0.6999999881
11446  -8.698  -74.211  9.322 0.5000000000
14537  -5.135  -70.268  11.851 0.6999999881
14521  -5.385  -71.073  12.109 0.6999999881
10673  -9.470  -75.883  7.713 0.6000000238
134912  -8.822  -74.968  8.726 0.5000000000
15304  -3.442  -69.381  12.991 0.6000000238
14536  -3.671  -70.407  11.904 0.6000000238
9244  -11.028  -77.034  9.367 0.6000000238
14472  -3.678  -70.000  14.321 0.6999999881
150576  -3.334  -70.882  12.885 0.6999999881
8490  -11.298  -78.012  12.754 0.6000000238
9222  -11.356  -77.556  11.138 0.6000000238
13687  -3.735  -71.634  14.531 0.6000000238
9203  -11.509  -77.621  13.494 0.6000000238
146282  -12.082  -77.586  15.420 0.6000000238
12142  -4.450  -73.984  16.451 0.6000000238
9886  -12.735  -76.389  16.125 0.6000000238
9875  -13.145  -76.052  16.834 0.5000000000
12182  -6.827  -73.171  15.119 0.6000000238
11329  -7.179  -74.276  15.358 0.5000000000
10597  -8.190  -75.666  14.846 0.5000000000
11367  -9.251  -74.993  12.095 0.5000000000
13688  -6.346  -71.795  13.918 0.8000000119
12241  -9.037  -73.778  10.654 0.5000000000
14522  -5.758  -70.045  12.195 0.6999999881
145943  -10.408  -75.706  7.660 0.6000000238
12864  -6.063  -72.925  20.647 0.6000000238
16090  -3.886  -68.794  12.213 0.8000000119
12871  -6.761  -72.837  19.856 0.6000000238
15269  -3.681  -68.901  14.187 0.6999999881
16076  -3.602  -68.460  12.765 0.8000000119
146857  -10.931  -76.303  8.533 0.6000000238
12124  -5.739  -73.525  18.859 0.6000000238
149237  -4.046  -70.003  14.934 0.6000000238
9213  -11.508  -77.353  12.077 0.6000000238
9921  -12.009  -76.346  12.737 0.6000000238
12884  -5.119  -72.983  17.428 0.6000000238
12903  -4.593  -73.029  16.658 0.6000000238
13676  -4.118  -71.401  15.325 0.6000000238
9204  -11.869  -77.106  13.856 0.6000000238
9908  -12.146  -76.383  13.451 0.6000000238
12931  -3.966  -72.315  15.171 0.5000000000
9887  -12.849  -75.870  15.414 0.5000000000
140823  -13.600  -74.969  16.023 0.5000000000
132249  -13.518  -74.532  14.492 0.5000000000
148699  -7.366  -73.516  15.720 0.5000000000
10585  -7.843  -74.812  15.637 0.5000000000
12960  -6.784  -72.151  14.779 0.6000000238
12932  -7.319  -72.606  15.576 0.5000000000
13699  -6.378  -70.917  13.457 0.8000000119
13689  -6.850  -71.213  14.337 0.6999999881
15305  -6.420  -69.372  11.763 0.8000000119
14538  -5.691  -69.435  11.747 0.8000000119
11480  -9.213  -74.885  8.001 0.6000000238
12253  -8.816  -72.991  10.118 0.5000000000
13575  -6.924  -71.904  21.831 0.6000000238
16091  -4.731  -68.759  11.945 0.8000000119
12270  -8.949  -73.172  8.340 0.5000000000
12872  -7.346  -72.034  19.617 0.6999999881
12865  -6.736  -72.719  20.588 0.6000000238
133206  -3.624  -68.266  13.952 0.8000000119
136007  -11.379  -76.219  9.745 0.6000000238
10675  -10.849  -75.103  7.719 0.6000000238
11481  -9.804  -74.425  7.567 0.6000000238
13592  -6.580  -72.236  19.039 0.6000000238
10633  -11.975  -75.813  11.385 0.6000000238
9942  -11.376  -76.846  10.460 0.6000000238
10656  -11.469  -75.568  9.164 0.6000000238
12885  -5.637  -72.931  18.161 0.6000000238
14445  -4.421  -70.472  15.925 0.6000000238
15248  -3.915  -69.297  14.714 0.5000000000
10622  -12.373  -75.210  11.818 0.6000000238
13627  -4.753  -71.932  16.788 0.6000000238
10599  -12.604  -75.644  13.946 0.6000000238
11369  -12.751  -74.888  12.544 0.6000000238
11342  -12.876  -74.930  13.324 0.5000000000
12210  -13.883  -73.805  13.307 0.5000000000
11334  -14.207  -74.120  14.955 0.5000000000
12211  -14.405  -73.395  13.767 0.5000000000
13677  -7.352  -71.570  15.214 0.6000000238
14494  -6.984  -70.334  13.784 0.6999999881
14350  -7.006  -70.961  23.224 0.6000000238
13566  -7.468  -71.381  22.513 0.6000000238
15316  -6.136  -68.772  11.271 0.8000000119
12262  -8.590  -73.177  9.150 0.5000000000
13577  -8.647  -71.207  21.491 0.6000000238
16078  -5.551  -67.415  11.325 0.8000000119
13034  -9.244  -72.460  8.147 0.5000000000
13576  -8.027  -71.810  20.942 0.6999999881
16853  -4.200  -67.477  13.583 0.8000000119
11483  -11.199  -74.235  7.526 0.6000000238
12271  -9.664  -73.369  7.689 0.6000000238
13606  -7.069  -71.314  18.902 0.8000000119
16036  -3.725  -68.416  14.273 0.6999999881
10641  -11.726  -75.621  10.080 0.6000000238
11462  -11.723  -73.839  7.722 0.6000000238
13605  -6.354  -71.320  18.316 0.6999999881
13629  -5.695  -71.261  17.695 0.6999999881
15233  -4.525  -69.757  15.775 0.6000000238
10642  -12.075  -75.256  10.780 0.6000000238
11448  -11.908  -74.089  8.486 0.6000000238
13628  -5.324  -72.028  17.610 0.6000000238
134048  -12.269  -74.599  10.323 0.5000000000
11395  -12.855  -74.403  11.942 0.5000000000
14473  -7.454  -70.625  14.707 0.6000000238
14474  -8.108  -70.028  15.024 0.5000000000
15131  -6.692  -69.635  24.964 0.6000000238
15291  -7.886  -69.019  13.491 0.6999999881
14335  -6.932  -70.145  24.384 0.6000000238
153168  -7.045  -69.361  12.124 0.6999999881
16067  -8.050  -68.198  12.900 0.6000000238
144044  -8.538  -70.475  22.693 0.6000000238
15140  -8.189  -70.051  23.356 0.6000000238
16079  -7.082  -68.714  11.391 0.6000000238
16878  -6.054  -66.992  11.035 0.6999999881
13584  -8.723  -71.155  20.611 0.8000000119
16870  -4.878  -67.254  12.279 0.6999999881
17672  -6.421  -66.403  11.452 0.6000000238
13594  -8.507  -70.991  19.889 0.8000000119
16054  -5.194  -67.707  14.726 0.8000000119
16855  -5.892  -66.853  14.359 0.6999999881
15201  -7.259  -69.870  18.246 0.6999999881
15222  -6.180  -69.934  17.222 0.6999999881
16015  -5.741  -68.753  16.241 0.6000000238
16037  -5.392  -68.256  15.564 0.8000000119
15118  -6.923  -68.896  25.283 0.6000000238
15132  -7.511  -69.725  24.203 0.6000000238
15146  -8.847  -69.915  22.494 0.6999999881
18547  -7.289  -65.711  11.920 0.6000000238
14358  -9.414  -70.020  21.414 0.6999999881
15160  -9.446  -69.576  21.007 0.6999999881
17663  -5.649  -66.526  13.355 0.6999999881
17657  -6.491  -66.117  13.614 0.6000000238
15177  -8.779  -69.564  19.574 0.8000000119
15224  -8.453  -68.422  18.580 0.6000000238
145047  -7.698  -69.140  18.189 0.5000000000
16846  -6.267  -67.382  15.384 0.6999999881
16847  -7.202  -66.827  15.622 0.6999999881
17658  -6.840  -65.632  14.001 0.6000000238
15202  -8.202  -69.536  18.827 0.8000000119
16002  -7.044  -68.668  17.146 0.6000000238
16016  -6.645  -68.348  16.594 0.6000000238
15891  -6.440  -68.433  25.880 0.6000000238
15892  -7.131  -68.030  25.275 0.6000000238
16731  -7.770  -68.627  23.430 0.6999999881
15909  -7.290  -69.181  24.680 0.6000000238
15931  -8.343  -69.322  22.911 0.6999999881
15940  -8.272  -68.719  21.885 0.6999999881
15941  -9.252  -68.892  21.112 0.6999999881
15949  -9.009  -68.167  20.192 0.6000000238
17665  -6.902  -65.290  12.664 0.6000000238
15974  -8.835  -68.170  19.453 0.6000000238
16004  -8.317  -67.594  17.928 0.6000000238
18548  -7.609  -64.347  12.369 0.5000000000
18525  -7.047  -65.373  14.665 0.6000000238
18537  -6.838  -64.744  13.282 0.5000000000
19532  -7.050  -64.089  13.165 0.5000000000
17640  -7.537  -65.890  16.031 0.6000000238
19514  -6.650  -64.483  14.065 0.5000000000
17526  -7.999  -66.291  25.460 0.6000000238
16691  -7.500  -67.078  25.250 0.6000000238
16715  -7.397  -67.852  23.718 0.6999999881
16700  -7.566  -67.447  24.507 0.6999999881
16730  -6.987  -67.782  22.735 0.6999999881
15930  -7.497  -68.382  22.409 0.6999999881
15939  -7.310  -68.138  21.560 0.6000000238
15948  -8.393  -68.242  20.937 0.5000000000
16783  -7.950  -67.206  19.871 0.6999999881
151364  -5.870  -66.902  19.318 0.6000000238
16784  -8.601  -67.438  19.433 0.6000000238
151380  -8.487  -66.932  18.696 0.6000000238
17600  -7.639  -66.129  18.594 0.6000000238
147871  -8.002  -66.367  17.268 0.6000000238
18512  -7.556  -65.566  16.729 0.5000000000
19466  -6.431  -64.709  16.653 0.5000000000
19512  -5.906  -63.639  14.917 0.5000000000
20359  -7.621  -63.694  27.427 0.6999999881
20370  -7.598  -63.514  26.551 0.6999999881
20358  -7.074  -63.155  27.209 0.6999999881
18413  -8.388  -65.589  25.090 0.6000000238
19374  -8.340  -64.130  25.297 0.6999999881
20369  -6.869  -63.064  26.273 0.6999999881
21315  -4.825  -62.782  25.600 0.6999999881
21314  -4.048  -62.413  25.885 0.6000000238
17538  -7.995  -66.367  24.569 0.6999999881
19388  -8.147  -64.387  24.412 0.6999999881
19387  -7.402  -63.996  24.007 0.6999999881
20396  -5.629  -63.061  25.229 0.6999999881
18423  -7.572  -65.847  23.790 0.6999999881
142891  -8.203  -65.307  24.382 0.6999999881
127708  -6.018  -63.355  24.510 0.6999999881
16743  -6.489  -67.938  21.941 0.6999999881
151881  -5.831  -67.667  20.711 0.6000000238
16782  -6.755  -67.471  20.353 0.6000000238
17588  -3.861  -66.175  18.518 0.6000000238
17590  -7.174  -66.750  19.447 0.6000000238
17599  -6.474  -66.216  18.765 0.6000000238
140604  -4.630  -65.837  18.152 0.6000000238
18475  -5.764  -65.682  18.154 0.5000000000
18492  -4.867  -65.159  17.384 0.6000000238
18491  -3.670  -64.954  16.838 0.6000000238
18494  -7.134  -65.206  17.254 0.5000000000
19465  -5.514  -64.565  16.673 0.5000000000
19464  -4.464  -64.623  16.484 0.5000000000
20343  -7.189  -63.305  28.155 0.6999999881
20382  -5.792  -62.795  26.124 0.6999999881
21301  -4.774  -62.246  26.479 0.6000000238
21300  -3.722  -61.846  26.279 0.6000000238
21313  -3.234  -62.205  25.662 0.6000000238
22179  -1.918  -61.516  24.506 0.4000000060
20404  -4.405  -63.411  23.855 0.6000000238
21328  -3.939  -62.782  25.195 0.5000000000
21327  -2.989  -62.570  24.853 0.5000000000
22178  -1.789  -61.469  24.002 0.4000000060
22981  -2.210  -60.654  23.538 0.5000000000
17544  -7.040  -67.237  23.226 0.6999999881
148518  -6.834  -65.342  23.181 0.8000000119
19398  -6.007  -64.086  23.255 0.6999999881
20403  -3.472  -63.338  23.604 0.5000000000
151116  -2.469  -63.096  23.375 0.4000000060
22180  -1.781  -61.765  23.273 0.4000000060
149139  -1.885  -61.489  23.052 0.4000000060
134141  -2.339  -60.792  22.333 0.4000000060
18429  -6.034  -66.100  22.791 0.8000000119
18428  -5.229  -65.963  22.559 0.8000000119
150928  -5.775  -64.911  22.808 0.8000000119
19410  -4.680  -64.533  22.658 0.8000000119
19409  -3.560  -64.256  22.449 0.6000000238
20415  -2.931  -63.616  22.892 0.5000000000
21334  -1.900  -62.657  22.403 0.4000000060
22185  -1.862  -61.652  22.629 0.4000000060
17556  -6.201  -67.174  22.821 0.6999999881
145306  -4.902  -67.044  21.628 0.8000000119
17563  -4.313  -66.696  21.244 0.6999999881
17573  -4.127  -66.930  20.277 0.5000000000
20414  -1.963  -63.301  21.852 0.5000000000
21337  -1.991  -62.892  21.749 0.4000000060
22196  -2.183  -61.721  21.618 0.4000000060
17574  -5.004  -67.347  20.701 0.6000000238
17589  -4.001  -66.759  19.315 0.5000000000
149364  -3.087  -66.217  19.018 0.5000000000
18473  -3.128  -65.648  18.230 0.6000000238
18474  -3.755  -65.532  17.728 0.6000000238
18490  -3.197  -65.110  17.459 0.6000000238
21303  -6.255  -62.815  27.017 0.6000000238
21288  -5.881  -62.441  27.805 0.5000000000
22156  -4.563  -61.478  26.858 0.5000000000
22155  -3.542  -61.206  26.465 0.4000000060
22154  -2.745  -60.928  26.012 0.5000000000
22968  -2.417  -60.704  25.259 0.5000000000
22166  -2.038  -61.081  24.617 0.5000000000
23802  -2.600  -59.908  23.712 0.5000000000
23803  -3.123  -59.286  23.304 0.5000000000
138955  -3.595  -58.723  23.008 0.5000000000
23812  -2.645  -60.229  22.916 0.5000000000
23815  -4.423  -58.910  22.490 0.5000000000
18427  -4.700  -65.390  22.366 0.6999999881
19413  -2.080  -64.554  21.088 0.5000000000
19408  -2.188  -63.894  22.017 0.5000000000
22989  -2.929  -60.300  22.236 0.5000000000
22990  -3.796  -59.811  22.370 0.5000000000
17555  -5.405  -66.888  22.301 0.8000000119
18436  -3.927  -65.819  21.746 0.6999999881
18450  -3.517  -66.335  20.831 0.6000000238
20426  -1.814  -63.856  21.298 0.5000000000
135632  -2.039  -63.468  20.899 0.4000000060
22210  -2.324  -62.377  21.107 0.5000000000
23000  -3.642  -61.016  21.763 0.4000000060
22186  -4.571  -60.809  22.176 0.5000000000
18449  -2.641  -65.994  20.380 0.5000000000
143601  -1.869  -65.349  19.574 0.5000000000
19425  -1.528  -64.786  20.187 0.6000000238
20437  -1.617  -63.836  20.369 0.5000000000
21352  -2.317  -62.913  20.288 0.5000000000
21353  -3.213  -62.446  20.266 0.5000000000
149482  -2.443  -65.468  18.867 0.5000000000
19448  -1.859  -64.297  19.197 0.5000000000
19434  -1.416  -64.275  19.881 0.5000000000
21365  -2.127  -63.290  19.598 0.5000000000
19449  -2.497  -64.756  18.469 0.6000000238
20462  -2.725  -63.426  18.153 0.6000000238
21269  -5.327  -61.826  28.463 0.5000000000
22142  -5.178  -61.167  27.826 0.5000000000
22141  -4.480  -60.957  26.943 0.5000000000
22956  -3.804  -60.665  26.593 0.4000000060
23771  -2.866  -60.296  25.857 0.4000000060
22127  -4.697  -61.272  28.879 0.5000000000
22941  -5.050  -60.676  27.527 0.4000000060
23787  -2.605  -60.028  25.062 0.6000000238
24637  -2.911  -59.217  24.663 0.5000000000
24650  -3.519  -58.273  23.335 0.5000000000
25661  -3.847  -57.505  22.783 0.4000000060
24659  -4.000  -57.789  22.319 0.4000000060
25664  -5.407  -57.346  22.050 0.4000000060
133404  -5.284  -60.286  27.749 0.4000000060
22957  -4.855  -60.338  26.920 0.4000000060
23772  -3.697  -59.964  26.326 0.4000000060
23788  -3.098  -59.547  25.513 0.5000000000
24648  -3.369  -58.209  24.088 0.5000000000
24621  -3.961  -59.236  25.976 0.4000000060
25617  -4.862  -57.860  25.410 0.4000000060
25616  -3.847  -57.833  24.725 0.5000000000
25634  -3.733  -57.190  23.836 0.4000000060
26716  -3.867  -56.773  23.150 0.4000000060
25662  -4.005  -56.865  22.323 0.4000000060
26736  -4.168  -56.190  21.850 0.4000000060
23732  -5.049  -59.658  28.310 0.4000000060
23752  -5.359  -59.890  27.399 0.4000000060
23773  -4.847  -59.747  26.638 0.4000000060
25577  -5.913  -58.122  27.711 0.4000000060
24602  -6.486  -58.266  26.929 0.4000000060
24640  -5.544  -58.523  25.975 0.4000000060
147912  -5.865  -58.054  25.697 0.4000000060
130045  -5.424  -57.441  25.405 0.5000000000
26700  -4.424  -56.946  24.586 0.5000000000
26717  -4.041  -56.346  23.440 0.4000000060
26723  -3.932  -56.167  22.543 0.4000000060
26702  -6.820  -56.704  25.437 0.4000000060
27770  -5.624  -55.636  24.767 0.4000000060
27786  -4.778  -54.854  23.544 0.4000000060
27785  -4.111  -55.346  22.878 0.4000000060
27793  -4.216  -55.360  22.093 0.4000000060
25576  -4.979  -57.426  28.249 0.4000000060
142177  -5.598  -57.234  27.922 0.3000000119
25601  -7.074  -57.693  26.297 0.3000000119
25618  -7.341  -57.226  25.825 0.4000000060
27737  -6.305  -55.951  27.549 0.4000000060
26671  -7.012  -57.093  27.268 0.3000000119
26672  -7.748  -56.943  26.713 0.3000000119
25602  -7.652  -57.111  26.170 0.4000000060
28903  -8.911  -54.960  25.807 0.5000000000
28902  -7.158  -54.674  25.073 0.4000000060
27787  -5.820  -54.542  24.335 0.4000000060
28917  -5.784  -53.766  23.538 0.4000000060
28939  -5.916  -53.988  22.028 0.3000000119
28880  -9.241  -54.624  26.089 0.5000000000
28881  -9.287  -54.450  25.826 0.5000000000
28919  -7.463  -53.883  24.822 0.4000000060
29960  -6.477  -53.236  23.889 0.4000000060
29959  -6.111  -53.413  23.141 0.3000000119
26670  -5.803  -56.635  27.745 0.4000000060
28860  -6.254  -54.872  27.444 0.4000000060
28861  -7.791  -54.961  27.240 0.5000000000
137149  -8.852  -55.226  26.120 0.5000000000
29909  -6.836  -54.087  27.427 0.4000000060
28879  -8.707  -54.823  26.599 0.5000000000
29923  -9.220  -54.089  26.492 0.5000000000
29924  -9.538  -54.071  25.932 0.4000000060
29962  -8.809  -53.133  24.992 0.4000000060
30920  -6.850  -52.614  23.752 0.3000000119
137377  -9.076  -52.412  26.847 0.3000000119
30897  -9.624  -53.177  26.233 0.3000000119
30906  -10.050  -52.407  25.833 0.3000000119
143037  -4.901  -55.578  27.687 0.4000000060
29922  -6.007  -53.385  27.288 0.3000000119
134329  -7.337  -52.291  27.225 0.4000000060
31827  -8.103  -51.826  23.997 0.3000000119
29921  -5.122  -53.214  27.132 0.3000000119
32721  -5.932  -50.861  27.189 0.3000000119
7030  -6.995  -80.239  7.842 0.6000000238
148640  -6.877  -79.545  7.727 0.5000000000
16831  -7.657  -66.727  16.447 0.6000000238
16805  -8.194  -67.001  17.359 0.6000000238
3792  -2.519  -85.895  19.825 0.5000000000
4341  -4.078  -84.016  19.811 0.6000000238
4926  -4.528  -83.793  16.432 0.5000000000
4342  -5.140  -84.516  20.089 0.6999999881
3310  -6.299  -86.097  18.204 0.6999999881
3804  -6.699  -85.639  18.855 0.6999999881
5537  -6.710  -82.476  19.655 0.6999999881
3798  -7.984  -84.930  19.151 0.6999999881
4332  -8.071  -83.997  20.199 0.6999999881
6949  -7.683  -80.152  14.024 0.5000000000
3827  -9.363  -85.942  16.291 0.6999999881
6194  -8.039  -80.952  18.943 0.6999999881
6182  -7.615  -81.552  19.356 0.6999999881
3819  -10.429  -85.391  17.306 0.6999999881
6864  -9.870  -81.093  20.214 0.6999999881
7008  -7.702  -80.682  8.606 0.6000000238
129445  -11.144  -83.546  17.110 0.6999999881
7601  -9.889  -79.716  19.198 0.6000000238
6866  -10.985  -80.673  20.826 0.6000000238
150846  -12.699  -82.434  21.021 0.5000000000
9249  -4.507  -77.398  8.394 0.6999999881
148083  -10.290  -79.984  19.792 0.6000000238
5599  -12.069  -82.576  15.043 0.6000000238
4410  -11.778  -83.762  13.115 0.6000000238
7587  -11.817  -79.352  20.714 0.5000000000
8390  -14.801  -78.380  20.833 0.5000000000
5600  -13.866  -83.015  14.953 0.5000000000
9962  -5.041  -77.190  8.418 0.6000000238
10662  -3.980  -75.474  8.950 0.6999999881
8505  -10.765  -78.595  9.770 0.6000000238
8419  -11.262  -78.700  17.457 0.5000000000
7603  -11.305  -79.009  20.041 0.5000000000
9123  -12.859  -77.640  20.173 0.6000000238
8387  -12.207  -78.507  20.381 0.5000000000
9124  -13.672  -77.571  20.681 0.5000000000
3866  -12.980  -85.143  13.162 0.6000000238
4956  -14.159  -83.329  14.194 0.6000000238
6252  -15.166  -81.313  14.672 0.5000000000
136168  -4.813  -71.896  11.581 0.6000000238
11459  -8.868  -73.997  8.517 0.5000000000
12108  -6.043  -73.339  19.675 0.6000000238
12133  -4.939  -73.950  17.235 0.6000000238
144812  -12.640  -76.008  14.741 0.6000000238
12878  -6.053  -72.803  18.743 0.6000000238
16861  -4.001  -67.829  12.701 0.8000000119
13604  -5.910  -72.064  18.290 0.6000000238
11420  -11.912  -75.044  9.806 0.6000000238
14446  -4.897  -70.472  16.447 0.6000000238
11394  -12.526  -74.502  11.097 0.6000000238
16854  -4.893  -67.131  13.911 0.8000000119
145553  -10.546  -73.223  7.297 0.6000000238
15250  -4.806  -68.997  15.707 0.6000000238
15234  -5.400  -69.672  16.471 0.6999999881
15223  -6.961  -69.366  17.583 0.6000000238
16791  -8.586  -67.507  18.691 0.6000000238
16830  -7.013  -67.521  16.196 0.6999999881
16806  -8.436  -66.928  18.029 0.6000000238
19489  -7.117  -65.030  15.468 0.5000000000
17575  -5.858  -67.425  19.955 0.5000000000
18477  -7.764  -65.778  17.737 0.6000000238
134941  -5.723  -64.168  15.872 0.5000000000
19340  -8.054  -64.092  26.790 0.6999999881
19357  -8.332  -64.480  26.154 0.6000000238
152764  -7.294  -63.391  25.014 0.6999999881
19399  -6.765  -64.408  23.359 0.8000000119
20416  -4.319  -63.839  23.148 0.6000000238
21302  -5.571  -62.434  26.951 0.6000000238
21326  -2.095  -62.177  24.353 0.5000000000
20395  -3.747  -63.108  24.380 0.5000000000
135210  -3.148  -61.850  21.125 0.5000000000
21287  -5.265  -61.909  27.370 0.5000000000
23813  -3.345  -59.514  22.787 0.5000000000
150653  -3.524  -65.251  21.776 0.6000000238
18434  -2.162  -65.312  20.576 0.6000000238
20447  -2.136  -63.724  19.054 0.5000000000
22925  -4.794  -60.675  28.628 0.5000000000
24638  -3.387  -58.677  25.092 0.6000000238
24582  -5.291  -58.438  28.191 0.4000000060
24601  -5.835  -58.828  27.415 0.4000000060
24623  -5.877  -58.784  26.672 0.4000000060
128661  -6.448  -57.679  27.431 0.3000000119
25600  -6.350  -58.245  26.154 0.4000000060
26701  -5.485  -56.635  25.110 0.5000000000
26718  -4.582  -55.859  24.046 0.4000000060
26703  -7.871  -56.544  25.775 0.4000000060
27771  -7.011  -55.700  25.290 0.4000000060
129230  -5.148  -54.173  23.258 0.4000000060
28938  -5.276  -54.379  22.065 0.4000000060
137041  -7.422  -56.505  27.210 0.3000000119
129175  -7.988  -56.419  26.833 0.5000000000
26687  -8.568  -55.850  25.944 0.4000000060
140598  -8.341  -54.716  25.334 0.5000000000
27772  -8.214  -55.558  25.539 0.4000000060
28925  -5.599  -54.005  22.623 0.4000000060
132186  -9.530  -53.307  25.669 0.5000000000
29942  -8.927  -54.036  25.375 0.4000000060
29961  -7.603  -53.113  24.542 0.4000000060
29910  -8.214  -54.116  27.197 0.5000000000
30881  -7.178  -53.278  27.359 0.5000000000
30896  -8.656  -53.273  27.031 0.4000000060
30922  -9.233  -52.530  25.032 0.4000000060
30880  -5.836  -51.821  27.067 0.3000000119
31797  -6.675  -51.356  27.000 0.3000000119
31798  -8.040  -51.501  27.095 0.3000000119
2973  -12.537  -87.707  6.189 0.5000000000
2974  -13.010  -88.222  6.548 0.5000000000
131074  -14.666  -89.512  8.241 0.5000000000
2544  -13.577  -88.901  7.283 0.5000000000
127285  -15.516  -89.038  8.401 0.5000000000
2545  -14.707  -89.015  8.164 0.5000000000
131239  -16.731  -88.394  8.202 0.6000000238
3448  -11.752  -86.147  6.513 0.5000000000
2966  -12.820  -87.427  6.856 0.5000000000
2967  -13.492  -88.158  7.446 0.5000000000
2968  -14.320  -88.559  8.196 0.5000000000
144328  -17.874  -87.481  7.978 0.6000000238
129461  -15.346  -88.330  8.429 0.6000000238
127086  -16.399  -87.955  8.035 0.6000000238
3944  -10.960  -85.734  6.223 0.4000000060
4466  -7.067  -83.686  9.590 0.4000000060
5002  -8.016  -83.445  9.830 0.4000000060
5031  -8.295  -83.412  8.384 0.5000000000
5044  -9.119  -83.650  7.809 0.5000000000
4496  -9.324  -84.734  6.525 0.5000000000
4480  -10.013  -83.889  7.746 0.5000000000
5032  -9.870  -83.534  8.595 0.5000000000
4497  -9.878  -84.789  6.474 0.5000000000
3935  -10.798  -84.878  7.257 0.5000000000
136972  -18.376  -87.023  8.225 0.6000000238
151083  -18.651  -86.350  8.220 0.6000000238
3928  -11.263  -85.073  7.846 0.5000000000
3431  -12.067  -85.970  7.696 0.5000000000
3929  -11.631  -85.382  8.769 0.5000000000
3443  -17.859  -86.796  7.580 0.6000000238
2960  -13.272  -87.415  8.093 0.5000000000
2962  -14.891  -87.748  8.717 0.6000000238
3442  -16.719  -86.765  7.472 0.6000000238
3453  -18.151  -86.069  7.148 0.6000000238
3450  -16.485  -85.914  7.057 0.6000000238
3946  -17.554  -85.726  6.625 0.6000000238
3952  -17.640  -85.041  6.033 0.6999999881
150106  -16.467  -85.393  6.461 0.6000000238
3951  -16.835  -85.287  6.173 0.6999999881
3880  -7.487  -85.754  12.324 0.6000000238
3894  -7.583  -85.160  11.820 0.6000000238
4408  -8.813  -84.806  13.019 0.6000000238
4449  -7.563  -83.996  10.573 0.5000000000
4450  -8.363  -83.454  10.715 0.5000000000
4992  -8.812  -83.329  11.510 0.6000000238
5016  -9.084  -83.286  8.908 0.5000000000
5003  -8.936  -82.965  9.917 0.5000000000
5017  -9.830  -83.129  9.552 0.5000000000
146706  -10.447  -83.950  8.412 0.5000000000
5018  -10.650  -83.819  9.301 0.5000000000
4482  -11.017  -84.557  8.650 0.5000000000
3932  -19.183  -84.973  8.501 0.6999999881
3939  -19.185  -85.147  7.423 0.6000000238
152259  -19.460  -84.804  7.509 0.8000000119
3930  -12.275  -86.121  9.089 0.5000000000
3433  -13.485  -87.107  9.082 0.5000000000
2950  -14.293  -87.211  9.277 0.6000000238
3938  -18.754  -85.602  7.305 0.6999999881
3948  -19.143  -85.008  6.753 0.6999999881
3441  -16.275  -86.733  7.906 0.6000000238
4505  -17.776  -84.404  5.453 0.6999999881
3937  -16.098  -85.735  7.390 0.6000000238
3945  -16.013  -85.221  6.500 0.6000000238
4492  -14.703  -84.123  6.340 0.6999999881
4503  -15.666  -84.133  5.245 0.6999999881
5061  -16.840  -82.813  4.406 0.6000000238
3879  -6.674  -85.955  12.340 0.5000000000
140964  -8.537  -85.629  13.143 0.6000000238
4423  -8.639  -84.033  12.302 0.6000000238
4993  -9.656  -82.805  11.309 0.6000000238
4994  -10.437  -82.994  11.016 0.6000000238
4467  -11.083  -84.013  10.095 0.5000000000
4452  -11.509  -84.695  10.584 0.6000000238
5035  -19.727  -84.140  8.098 0.6999999881
4468  -11.397  -84.818  9.632 0.5000000000
3895  -11.957  -85.456  11.136 0.5000000000
5047  -20.367  -83.858  6.936 0.5000000000
5656  -20.975  -82.989  7.115 0.6000000238
3920  -12.360  -86.210  10.064 0.6000000238
3420  -13.725  -86.776  9.994 0.5000000000
4501  -19.527  -84.372  6.184 0.6000000238
3422  -15.404  -86.164  9.118 0.5000000000
4506  -18.661  -84.672  5.938 0.6999999881
4507  -19.228  -84.111  5.552 0.6000000238
4484  -15.618  -85.312  8.201 0.5000000000
5056  -18.488  -83.839  5.090 0.6000000238
5674  -17.498  -81.974  4.252 0.6000000238
4483  -14.820  -84.445  8.536 0.5000000000
5046  -14.050  -83.695  7.160 0.6000000238
5053  -15.190  -83.318  4.714 0.5000000000
5049  -13.522  -82.473  5.575 0.5000000000
6356  -16.137  -81.586  4.724 0.5000000000
3374  -6.834  -86.533  13.630 0.6000000238
3391  -8.048  -86.073  12.930 0.6000000238
3357  -6.282  -86.552  14.378 0.4000000060
3882  -12.198  -85.336  11.936 0.5000000000
5664  -20.721  -83.291  6.310 0.6000000238
3404  -12.926  -86.320  11.295 0.5000000000
5058  -20.475  -83.230  5.565 0.5000000000
3921  -14.840  -85.715  9.994 0.5000000000
5669  -19.868  -82.953  4.812 0.5000000000
5676  -19.953  -81.896  4.272 0.5000000000
5670  -20.760  -82.284  4.846 0.5000000000
138241  -14.478  -83.967  10.168 0.5000000000
5063  -18.923  -82.988  4.577 0.5000000000
6358  -18.235  -81.365  4.340 0.5000000000
5020  -14.108  -83.837  9.174 0.6000000238
5019  -13.463  -82.980  8.564 0.6000000238
5673  -16.464  -82.003  4.406 0.5000000000
6357  -17.254  -81.466  4.526 0.6000000238
5645  -13.128  -82.153  7.895 0.6000000238
5655  -13.236  -82.128  6.878 0.5000000000
3330  -5.899  -86.492  15.988 0.4000000060
3897  -13.494  -85.871  11.620 0.5000000000
6360  -20.591  -81.351  4.365 0.5000000000
4469  -14.607  -85.012  10.667 0.5000000000
4453  -14.483  -84.219  11.146 0.5000000000
139867  -19.010  -80.780  4.477 0.5000000000
7053  -19.811  -80.576  4.513 0.5000000000
7807  -20.841  -79.695  5.109 0.5000000000
7801  -21.269  -79.435  5.825 0.5000000000
7776  -21.622  -79.322  8.001 0.5000000000
5627  -14.183  -82.602  11.058 0.6000000238
5632  -13.770  -82.229  10.092 0.6000000238
133598  -18.019  -80.899  4.711 0.5000000000
6307  -13.333  -81.404  9.421 0.6000000238
6339  -17.099  -81.176  6.328 0.5000000000
7011  -13.259  -80.547  8.996 0.5000000000
7022  -13.161  -80.143  8.057 0.5000000000
6277  -14.682  -81.899  12.811 0.5000000000
7049  -19.535  -80.229  4.980 0.5000000000
7043  -19.490  -80.018  5.836 0.5000000000
7044  -20.393  -79.658  5.879 0.5000000000
7775  -20.863  -79.573  7.536 0.5000000000
5621  -14.575  -82.645  12.435 0.5000000000
126870  -14.422  -80.981  12.081 0.6000000238
7048  -18.751  -80.429  5.173 0.5000000000
7042  -18.607  -80.392  6.057 0.5000000000
7025  -20.312  -79.913  7.993 0.5000000000
128220  -20.832  -79.648  8.607 0.5000000000
7757  -21.202  -79.505  9.453 0.5000000000
6995  -13.446  -80.806  9.835 0.5000000000
7041  -17.940  -80.753  5.443 0.5000000000
6328  -17.671  -81.151  7.199 0.5000000000
6262  -14.929  -81.415  13.739 0.5000000000
150021  -18.848  -81.078  9.265 0.5000000000
147333  -19.366  -80.670  8.835 0.5000000000
142248  -20.013  -80.176  8.802 0.5000000000
6987  -19.654  -80.264  11.495 0.4000000060
7014  -19.414  -80.619  9.741 0.4000000060
6292  -4.161  -80.543  10.870 0.4000000060
12858  -6.464  -72.412  21.188 0.5000000000
14340  -5.675  -70.369  23.808 0.5000000000
134739  -5.770  -70.778  23.087 0.5000000000
143039  -5.919  -69.664  25.272 0.5000000000
14334  -6.020  -70.160  24.577 0.5000000000
13574  -5.967  -71.846  21.735 0.5000000000
134409  -7.903  -64.429  27.621 0.5000000000
19321  -7.264  -64.050  28.900 0.5000000000
21271  -6.416  -62.868  28.410 0.5000000000
4982  -14.489  -83.559  12.734 0.5000000000
4439  -14.275  -84.656  12.047 0.5000000000
2969  -16.766  -87.421  7.715 0.6000000238
2961  -13.964  -87.801  8.535 0.6000000238
3451  -16.924  -86.033  6.839 0.6000000238
4499  -15.425  -84.501  5.932 0.6999999881
4436  -8.008  -84.278  11.529 0.6000000238
3413  -12.938  -86.579  10.540 0.5000000000
131981  -15.035  -84.519  7.450 0.6000000238
4498  -14.634  -83.627  5.314 0.6000000238
5050  -13.841  -83.323  5.878 0.6000000238
4486  -20.329  -83.583  7.667 0.6999999881
3414  -13.601  -86.341  10.817 0.5000000000
146428  -14.844  -84.747  9.747 0.5000000000
5034  -13.876  -83.594  8.231 0.6000000238
5045  -13.392  -82.763  6.418 0.6000000238
5052  -14.386  -82.739  4.809 0.5000000000
6351  -16.941  -81.196  5.006 0.5000000000
152872  -19.283  -82.274  4.307 0.5000000000
6359  -19.823  -81.086  4.203 0.5000000000
5639  -13.838  -83.055  9.561 0.5000000000
129703  -13.094  -81.203  8.217 0.5000000000
133921  -14.480  -82.983  11.845 0.5000000000
6288  -14.005  -81.202  11.154 0.5000000000
126816  -14.338  -82.014  11.728 0.5000000000
7037  -19.152  -80.310  7.030 0.5000000000
6340  -17.954  -80.812  6.387 0.5000000000
7001  -19.938  -80.259  10.496 0.5000000000
6318  -17.895  -81.275  8.123 0.4000000060
7000  -19.031  -80.692  10.787 0.4000000060
6321  -23.312  -81.564  8.000 0.5000000000
6320  -22.615  -81.558  8.043 0.6000000238
6329  -22.447  -81.546  6.351 0.6000000238
6319  -22.043  -81.649  8.444 0.6000000238
5641  -21.561  -81.885  9.692 0.4000000060
6354  -22.911  -80.495  4.625 0.4000000060
6353  -21.965  -81.006  4.656 0.4000000060
6341  -22.337  -81.385  5.249 0.5000000000
5657  -21.668  -82.169  6.804 0.6000000238
5665  -21.711  -82.123  5.859 0.5000000000
5671  -21.551  -81.872  5.110 0.4000000060
5647  -21.447  -81.985  8.820 0.5000000000
133855  -21.205  -82.733  6.303 0.5000000000
5646  -20.856  -82.669  8.237 0.6000000238
5021  -19.499  -83.822  9.134 0.6000000238
145159  -18.870  -84.646  9.745 0.6000000238
3922  -18.826  -85.838  9.152 0.6000000238
3436  -18.837  -85.967  8.420 0.6000000238
3416  -18.590  -86.614  9.616 0.6000000238
3435  -18.568  -86.781  8.675 0.5000000000
2964  -18.423  -87.433  8.816 0.5000000000
2540  -17.682  -88.512  8.789 0.4000000060
2117  -16.471  -89.367  8.722 0.5000000000
7739  -20.575  -79.982  10.959 0.3000000119
2123  -13.935  -89.514  7.754 0.4000000060
13791  -9.593  -71.919  8.005 0.4000000060
13044  -10.835  -72.493  7.251 0.4000000060
12279  -11.574  -73.471  7.379 0.5000000000
131415  -3.643  -63.377  15.782 0.5000000000
20490  -3.039  -63.885  16.291 0.5000000000
21415  -3.855  -62.502  16.102 0.5000000000
21396  -3.336  -61.924  16.953 0.4000000060
21383  -2.902  -62.386  18.485 0.4000000060
133517  -6.069  -59.829  17.346 0.4000000060
21366  -2.886  -62.643  19.416 0.4000000060
22221  -3.456  -61.526  18.949 0.4000000060
22237  -3.212  -61.510  18.003 0.4000000060
21367  -4.176  -62.243  19.825 0.4000000060
23037  -5.019  -60.144  18.684 0.4000000060
145789  -4.306  -62.245  20.599 0.4000000060
21355  -5.919  -62.240  20.182 0.4000000060
23847  -6.167  -59.498  19.172 0.4000000060
21338  -5.141  -62.140  21.085 0.4000000060
21339  -5.994  -62.219  20.825 0.4000000060
128871  -4.864  -61.493  21.727 0.4000000060
22198  -5.809  -61.813  21.663 0.4000000060
24660  -4.895  -58.092  22.214 0.3000000119
23816  -5.553  -59.228  22.708 0.4000000060
134084  -5.537  -55.428  21.614 0.3000000119
26738  -5.829  -56.433  21.842 0.3000000119
24661  -6.010  -58.390  22.699 0.3000000119
25644  -6.490  -57.559  22.714 0.3000000119
22251  -4.844  -61.023  17.246 0.4000000060
23036  -4.451  -60.510  18.297 0.4000000060
22250  -3.930  -61.168  17.662 0.4000000060
22268  -4.252  -61.698  16.608 0.4000000060
148948  -4.356  -60.344  18.894 0.4000000060
23023  -4.318  -60.986  19.225 0.4000000060
23858  -6.103  -59.027  18.763 0.4000000060
23024  -4.917  -60.352  19.073 0.4000000060
22222  -5.188  -61.122  19.365 0.4000000060
21368  -5.238  -62.013  19.783 0.4000000060
152059  -29.893  -81.767  8.936 0.3000000119
7027  -30.229  -80.562  8.326 0.3000000119
5028  -28.954  -83.180  9.801 0.4000000060
5654  -29.289  -81.985  8.737 0.3000000119
136822  -28.558  -81.830  8.320 0.4000000060
4474  -27.700  -83.907  9.853 0.3000000119
5653  -28.189  -82.585  8.743 0.3000000119
5662  -27.741  -82.043  8.040 0.4000000060
4460  -27.257  -84.481  10.382 0.3000000119
5040  -27.500  -83.187  8.873 0.3000000119
5652  -27.220  -82.715  8.353 0.3000000119
4473  -26.639  -84.118  9.662 0.3000000119
137468  -26.306  -83.700  9.050 0.3000000119
5651  -26.372  -82.769  8.069 0.3000000119
4459  -25.783  -84.448  9.953 0.3000000119
146468  -25.884  -84.030  9.406 0.3000000119
5037  -25.243  -83.268  8.397 0.3000000119
3923  -24.952  -84.634  10.028 0.3000000119
4472  -25.278  -84.142  9.525 0.3000000119
5024  -24.933  -83.692  9.106 0.3000000119
3409  -24.359  -86.209  11.505 0.3000000119
3417  -24.764  -85.592  10.993 0.3000000119
4458  -24.402  -84.717  10.138 0.3000000119
4471  -24.637  -84.240  9.722 0.3000000119
5023  -24.164  -83.556  9.475 0.3000000119
3902  -24.049  -85.687  10.981 0.4000000060
7026  -28.500  -80.720  7.964 0.3000000119
5010  -28.886  -83.525  10.324 0.4000000060
6335  -27.397  -81.464  7.373 0.4000000060
4461  -28.383  -84.078  10.559 0.3000000119
5661  -26.911  -82.165  7.650 0.4000000060
3917  -26.277  -84.842  10.635 0.3000000119
5660  -26.109  -82.201  7.357 0.4000000060
5659  -25.402  -82.164  7.091 0.4000000060
139183  -26.003  -85.928  11.813 0.3000000119
5649  -25.026  -82.653  7.670 0.4000000060
3397  -25.428  -86.533  12.264 0.3000000119
2930  -25.847  -87.038  12.966 0.4000000060
140227  -23.886  -82.095  8.424 0.4000000060
5636  -23.433  -82.696  9.879 0.3000000119
2920  -26.279  -87.426  13.704 0.3000000119
139566  -29.303  -80.513  8.214 0.3000000119
7782  -28.738  -80.088  8.382 0.3000000119
7764  -29.366  -79.686  8.762 0.3000000119
7799  -27.974  -80.254  7.916 0.3000000119
7798  -27.235  -79.978  7.224 0.3000000119
136891  -28.593  -84.538  12.991 0.4000000060
6347  -27.124  -80.953  6.765 0.3000000119
7806  -26.538  -79.824  6.607 0.3000000119
3905  -27.593  -85.210  11.658 0.3000000119
3906  -28.417  -84.868  11.960 0.4000000060
6346  -26.526  -80.851  6.373 0.4000000060
7047  -26.279  -80.146  6.027 0.3000000119
6333  -25.937  -81.557  6.604 0.4000000060
6345  -25.771  -80.854  5.907 0.4000000060
3411  -27.029  -85.727  12.114 0.3000000119
3383  -28.007  -85.909  13.678 0.3000000119
6332  -25.232  -81.517  6.218 0.4000000060
6344  -25.072  -80.934  5.365 0.4000000060
3398  -26.422  -86.364  12.540 0.3000000119
2910  -27.669  -87.176  15.515 0.3000000119
130666  -24.574  -81.330  5.956 0.4000000060
6355  -23.803  -80.605  4.878 0.5000000000
3382  -27.448  -86.451  13.650 0.3000000119
6343  -23.756  -81.130  5.793 0.4000000060
6342  -23.033  -81.071  5.542 0.5000000000
2506  -25.923  -88.111  14.170 0.3000000119
145674  -27.586  -79.768  8.023 0.3000000119
7763  -28.156  -79.675  8.923 0.3000000119
4403  -28.241  -85.251  14.381 0.4000000060
7805  -25.856  -79.573  5.963 0.4000000060
129008  -24.233  -78.889  5.562 0.4000000060
127935  -28.089  -85.834  14.363 0.4000000060
7045  -24.620  -80.150  4.808 0.4000000060
7810  -24.150  -79.276  4.771 0.5000000000
150610  -22.740  -79.447  4.662 0.4000000060
3367  -27.792  -86.523  15.029 0.3000000119
7052  -23.731  -79.883  4.464 0.4000000060
2888  -27.931  -87.331  16.570 0.3000000119
6362  -22.213  -80.101  4.569 0.4000000060
7051  -21.174  -80.116  4.660 0.4000000060
2909  -27.383  -87.237  14.877 0.3000000119
2908  -26.637  -87.702  14.485 0.3000000119
2486  -26.513  -88.459  15.673 0.3000000119
7781  -26.757  -79.568  8.212 0.3000000119
7796  -26.018  -79.490  6.857 0.3000000119
7795  -25.068  -79.169  6.436 0.3000000119
3858  -28.037  -85.900  15.114 0.4000000060
7802  -22.177  -79.139  5.899 0.4000000060
3337  -27.931  -86.753  16.456 0.4000000060
7808  -21.906  -79.432  4.897 0.4000000060
2865  -28.416  -87.897  18.690 0.3000000119
3324  -28.044  -87.338  17.233 0.3000000119
2479  -27.966  -88.101  17.077 0.3000000119
2478  -27.713  -88.686  17.244 0.3000000119
2036  -26.280  -88.718  16.507 0.3000000119
2037  -27.186  -88.718  17.009 0.3000000119
131902  -25.329  -79.377  7.541 0.3000000119
129696  -23.944  -79.043  6.898 0.4000000060
129484  -23.039  -79.091  7.470 0.4000000060
2853  -28.363  -87.823  19.606 0.3000000119
2844  -28.112  -88.100  20.603 0.3000000119
2453  -28.315  -88.745  18.628 0.3000000119
2438  -28.349  -89.041  19.558 0.3000000119
2020  -27.914  -89.263  18.354 0.3000000119
2839  -27.719  -88.373  21.533 0.3000000119
1962  -27.668  -89.122  21.104 0.3000000119
2423  -28.165  -89.167  20.390 0.3000000119
1984  -27.637  -89.403  19.736 0.3000000119
2005  -27.754  -89.382  19.045 0.3000000119
7759  -22.695  -79.275  9.661 0.3000000119
148563  -22.357  -79.203  8.027 0.4000000060
2412  -27.183  -88.784  21.973 0.3000000119
2421  -26.610  -88.633  21.337 0.3000000119
7723  -23.467  -79.424  11.544 0.3000000119
130095  -23.059  -79.325  10.691 0.3000000119
135543  -21.847  -79.330  9.797 0.3000000119
135046  -23.025  -79.436  12.206 0.3000000119
7741  -22.082  -79.367  10.641 0.3000000119
151140  -21.860  -79.496  11.320 0.3000000119
20476  -2.745  -63.575  16.983 0.5000000000
22991  -5.120  -60.194  22.586 0.5000000000
22187  -5.471  -61.217  22.341 0.4000000060
21395  -2.880  -62.518  17.402 0.4000000060
5022  -20.121  -83.148  8.662 0.6000000238
6361  -21.261  -80.777  4.480 0.4000000060
7792  -21.520  -79.346  6.850 0.4000000060
7793  -22.325  -79.143  7.076 0.4000000060
149895  -21.431  -79.413  8.763 0.4000000060
7740  -21.287  -79.561  10.353 0.3000000119
20514  -4.450  -62.859  15.448 0.5000000000
22269  -5.109  -61.503  16.131 0.4000000060
23868  -5.638  -59.555  18.342 0.4000000060
4475  -28.450  -83.621  10.012 0.3000000119
3903  -25.617  -85.439  11.143 0.3000000119
3410  -25.077  -86.051  11.594 0.3000000119
4432  -28.684  -84.370  12.144 0.4000000060
5658  -24.818  -81.899  6.850 0.4000000060
3889  -28.552  -84.989  12.758 0.4000000060
3400  -28.218  -85.497  13.127 0.3000000119
3399  -27.502  -86.053  12.955 0.3000000119
7046  -25.540  -80.129  5.368 0.4000000060
2898  -27.687  -87.680  16.202 0.3000000119
7803  -23.597  -78.837  5.003 0.4000000060
2487  -27.184  -88.165  15.972 0.3000000119
3314  -28.023  -87.071  18.770 0.3000000119
2018  -26.945  -88.791  17.378 0.3000000119
7760  -23.513  -79.324  9.049 0.3000000119
2422  -26.870  -88.925  20.426 0.3000000119
2526  -18.290  -87.967  9.855 0.5000000000
2934  -18.064  -87.033  10.698 0.5000000000
137571  -18.413  -86.469  10.407 0.5000000000
4455  -18.858  -84.075  10.892 0.5000000000
5008  -20.033  -82.777  9.782 0.4000000060
6952  -15.034  -80.524  13.357 0.4000000060
6312  -22.648  -81.610  8.886 0.5000000000
5635  -22.726  -82.142  10.281 0.3000000119
4456  -22.903  -83.457  11.146 0.3000000119
144796  -23.344  -81.804  8.848 0.4000000060
3914  -23.954  -85.046  10.417 0.3000000119
4470  -24.009  -84.417  10.042 0.3000000119
3336  -27.891  -86.662  16.972 0.3000000119
3822  -27.447  -86.255  17.227 0.3000000119
3832  -27.673  -86.118  16.314 0.3000000119
5000  -29.011  -83.635  10.816 0.3000000119
3821  -26.718  -85.698  17.624 0.3000000119
3831  -27.188  -85.345  15.807 0.3000000119
3857  -28.105  -85.264  14.929 0.3000000119
147592  -28.411  -84.671  13.779 0.3000000119
4987  -28.710  -83.620  12.253 0.3000000119
132256  -27.885  -84.026  13.721 0.3000000119
139664  -26.884  -85.604  16.670 0.3000000119
4387  -26.611  -84.524  15.301 0.3000000119
4388  -27.636  -84.919  15.082 0.3000000119
4401  -26.956  -84.045  14.424 0.3000000119
127853  -28.941  -83.686  11.441 0.3000000119
5631  -29.842  -82.381  10.248 0.3000000119
4376  -26.302  -84.824  16.140 0.3000000119
5623  -29.129  -82.832  11.417 0.3000000119
5622  -28.320  -82.294  12.242 0.3000000119
1723  -15.122  -89.744  8.488 0.3000000119
5640  -20.789  -82.404  9.268 0.5000000000
5007  -19.408  -83.451  10.317 0.4000000060
4454  -18.588  -84.930  10.605 0.5000000000
137462  -23.047  -82.793  10.579 0.3000000119
25715  -6.772  -57.914  19.050 0.3000000119
24695  -6.539  -58.616  19.077 0.3000000119
22199  -6.713  -61.893  21.473 0.3000000119
136803  -17.983  -88.507  9.848 0.4000000060
2933  -17.649  -87.661  11.129 0.4000000060
3841  -18.142  -85.054  16.234 0.4000000060
4396  -17.272  -84.623  14.951 0.4000000060
3869  -18.118  -84.764  13.061 0.4000000060
4428  -18.659  -84.432  12.455 0.4000000060
4441  -19.041  -83.884  11.920 0.4000000060
3394  -17.802  -86.043  11.943 0.4000000060
3886  -18.186  -85.341  11.958 0.4000000060
4440  -18.576  -84.716  11.477 0.4000000060
2905  -19.079  -87.537  14.515 0.3000000119
3842  -19.095  -85.056  15.952 0.4000000060
144610  -19.046  -83.986  14.319 0.4000000060
3405  -17.667  -86.738  11.514 0.4000000060
4383  -17.672  -84.659  15.792 0.4000000060
3868  -17.412  -85.000  13.694 0.4000000060
3349  -18.612  -85.761  16.053 0.3000000119
4384  -18.546  -84.606  15.683 0.4000000060
4413  -18.225  -84.384  14.281 0.4000000060
4414  -18.817  -84.154  13.463 0.4000000060
4429  -19.292  -83.752  12.852 0.4000000060
133428  -19.820  -87.627  14.237 0.3000000119
3350  -19.547  -85.852  15.643 0.3000000119
4385  -19.460  -84.487  15.461 0.3000000119
3843  -20.051  -85.135  15.622 0.3000000119
4969  -20.292  -83.564  13.859 0.3000000119
4984  -20.392  -82.846  12.118 0.3000000119
4415  -19.555  -83.713  13.773 0.3000000119
5628  -21.319  -82.382  11.383 0.3000000119
5634  -21.877  -81.983  10.486 0.3000000119
4996  -19.646  -83.309  12.307 0.3000000119
4997  -20.208  -82.634  10.955 0.3000000119
135931  -19.524  -83.242  11.448 0.3000000119
2817  -18.574  -87.239  22.731 0.3000000119
3760  -17.791  -85.800  23.592 0.3000000119
3789  -26.491  -86.179  21.572 0.3000000119
4309  -18.768  -84.740  23.784 0.3000000119
4310  -19.881  -84.644  23.862 0.3000000119
3746  -21.737  -85.016  24.397 0.3000000119
3747  -22.626  -85.203  24.419 0.3000000119
149570  -23.908  -84.975  24.326 0.3000000119
4313  -24.681  -85.078  23.913 0.3000000119
4314  -25.263  -85.580  23.771 0.3000000119
3785  -25.924  -85.736  22.227 0.3000000119
140804  -19.904  -83.735  24.452 0.3000000119
4296  -21.290  -84.336  24.429 0.3000000119
4297  -22.248  -84.421  24.381 0.3000000119
4298  -23.310  -84.534  24.315 0.3000000119
4312  -24.129  -84.480  24.087 0.3000000119
4398  -19.752  -83.935  14.680 0.3000000119
3277  -18.933  -85.841  22.662 0.3000000119
138900  -22.096  -85.585  24.231 0.3000000119
3763  -20.388  -85.328  23.211 0.3000000119
3764  -21.383  -85.451  23.849 0.3000000119
4311  -20.866  -84.855  24.146 0.3000000119
4846  -20.700  -83.582  24.363 0.3000000119
1963  -27.948  -89.152  20.969 0.3000000119
1970  -27.477  -89.292  20.440 0.3000000119
1971  -27.890  -89.348  20.462 0.3000000119
1983  -27.144  -89.196  19.626 0.3000000119
1985  -28.034  -89.394  19.723 0.3000000119
2004  -27.413  -89.291  19.098 0.3000000119
2006  -28.113  -89.293  19.061 0.3000000119
2019  -27.565  -88.921  17.710 0.3000000119
2050  -26.154  -88.763  15.967 0.3000000119
2051  -26.809  -88.561  16.325 0.3000000119
2116  -15.836  -89.404  8.552 0.3000000119
2118  -17.167  -89.212  9.000 0.5000000000
2124  -16.291  -88.860  8.410 0.5000000000
2125  -16.999  -88.762  8.487 0.6000000238
2413  -27.559  -88.736  21.585 0.3000000119
2414  -28.092  -88.824  20.970 0.3000000119
2465  -28.105  -88.780  17.747 0.3000000119
2493  -26.237  -88.345  14.951 0.3000000119
2494  -26.902  -87.942  15.274 0.3000000119
2534  -18.248  -88.120  9.251 0.5000000000
2541  -18.115  -87.826  8.512 0.6000000238
2546  -15.793  -88.425  8.330 0.6000000238
2547  -16.249  -88.394  8.237 0.6000000238
2548  -17.393  -88.079  8.172 0.6000000238
2797  -17.950  -87.037  23.499 0.3000000119
2854  -28.379  -88.568  20.138 0.3000000119
2874  -28.254  -88.098  17.877 0.3000000119
2896  -18.920  -86.644  15.411 0.3000000119
2897  -27.401  -87.664  15.586 0.3000000119
2921  -27.083  -87.042  14.019 0.3000000119
2937  -24.684  -86.592  11.996 0.3000000119
2942  -18.429  -87.290  10.017 0.5000000000
2951  -15.078  -86.954  9.206 0.6000000238
2952  -18.500  -87.320  9.312 0.5000000000
2963  -15.749  -87.599  8.365 0.6000000238
2970  -17.282  -87.451  7.706 0.6000000238
2975  -17.127  -86.835  7.319 0.6000000238
2979  -12.062  -87.639  5.950 0.5000000000
3255  -18.208  -86.335  23.072 0.3000000119
3288  -27.087  -87.092  21.997 0.3000000119
3298  -4.483  -86.694  19.470 0.6000000238
3309  -5.144  -86.698  18.992 0.6000000238
3315  -28.183  -87.441  18.042 0.3000000119
3321  -6.568  -86.083  17.249 0.6999999881
3323  -27.908  -86.823  17.728 0.3000000119
3332  -8.792  -86.201  15.964 0.6999999881
3351  -27.882  -86.782  15.836 0.3000000119
3358  -7.187  -86.535  14.442 0.6999999881
3363  -19.765  -86.810  14.908 0.3000000119
3366  -27.679  -86.473  14.287 0.3000000119
3375  -7.713  -86.435  13.642 0.6000000238
3390  -7.263  -86.291  12.917 0.5000000000
3406  -18.096  -86.217  11.215 0.4000000060
3415  -14.302  -86.261  10.322 0.5000000000
3419  -12.891  -86.690  9.655 0.5000000000
3421  -14.701  -86.524  9.710 0.5000000000
3423  -18.662  -86.573  8.985 0.6000000238
3432  -12.788  -86.713  8.583 0.5000000000
3434  -15.644  -86.954  8.661 0.6000000238
3440  -12.699  -86.817  7.609 0.5000000000
3444  -18.503  -86.267  7.767 0.6000000238
3445  -18.850  -85.749  7.872 0.6000000238
3449  -12.134  -86.987  6.184 0.5000000000
3452  -17.489  -86.316  7.079 0.6000000238
3761  -18.408  -85.471  23.292 0.3000000119
3762  -19.316  -85.203  23.162 0.3000000119
3767  -25.033  -85.776  24.209 0.3000000119
3793  -3.408  -85.871  19.868 0.5000000000
3794  -4.377  -85.894  19.853 0.6000000238
3803  -5.828  -86.088  19.178 0.6999999881
3806  -8.397  -85.287  18.374 0.6999999881
3807  -9.367  -85.364  18.264 0.6999999881
3808  -10.291  -85.416  18.098 0.6999999881
3816  -7.906  -85.581  17.690 0.6999999881
3828  -9.937  -85.657  16.738 0.6999999881
3844  -27.857  -85.652  15.487 0.3000000119
3845  -27.909  -86.241  15.824 0.4000000060
3864  -8.514  -86.153  13.675 0.6999999881
3872  -28.383  -85.212  13.611 0.4000000060
3881  -8.191  -85.211  12.414 0.6000000238
3884  -13.096  -85.586  12.510 0.6000000238
3885  -17.590  -85.515  12.668 0.4000000060
3888  -28.012  -85.418  12.439 0.3000000119
3893  -6.899  -85.412  11.724 0.6000000238
3896  -12.457  -85.909  11.452 0.6000000238
3898  -14.223  -85.256  11.493 0.5000000000
3899  -18.403  -85.606  10.954 0.5000000000
3904  -26.614  -85.367  11.377 0.3000000119
3910  -11.900  -85.552  10.339 0.5000000000
3911  -12.376  -86.130  10.857 0.5000000000
3912  -14.214  -85.767  10.847 0.5000000000
3913  -18.612  -85.722  10.056 0.6000000238
3915  -24.527  -85.138  10.463 0.3000000119
3916  -25.261  -84.996  10.510 0.3000000119
3919  -11.895  -85.650  9.600 0.6000000238
3931  -15.931  -86.209  8.316 0.6000000238
3936  -11.267  -85.441  6.924 0.5000000000
3943  -10.549  -85.085  6.600 0.5000000000
3947  -18.377  -85.403  6.629 0.6999999881
3950  -10.155  -85.384  6.195 0.5000000000
4295  -20.364  -84.234  24.358 0.3000000119
4299  -24.403  -85.459  24.331 0.3000000119
4330  -6.485  -84.259  20.312 0.6999999881
4344  -6.776  -84.680  20.063 0.6999999881
4345  -7.596  -84.541  19.890 0.6999999881
4357  -11.539  -84.669  18.972 0.6999999881
4381  -10.086  -84.160  15.567 0.6999999881
4395  -12.953  -84.072  14.054 0.6000000238
4397  -18.864  -84.171  15.066 0.4000000060
4402  -28.026  -84.716  14.424 0.3000000119
4411  -12.677  -84.521  13.460 0.6000000238
4424  -9.070  -83.805  12.939 0.6000000238
4426  -13.744  -85.338  12.139 0.6000000238
4427  -14.258  -84.340  12.642 0.5000000000
4438  -11.577  -84.528  11.421 0.6000000238
4443  -27.997  -84.704  11.154 0.3000000119
4444  -28.689  -84.260  11.381 0.4000000060
4481  -10.648  -84.407  7.831 0.5000000000
4485  -19.467  -84.750  7.809 0.6999999881
4490  -9.562  -84.259  7.057 0.5000000000
4491  -10.241  -84.479  7.103 0.5000000000
4493  -15.499  -84.938  6.860 0.6000000238
4494  -19.734  -84.510  6.956 0.8000000119
4500  -16.138  -84.867  5.890 0.6999999881
4504  -16.747  -84.501  5.430 0.6999999881
4885  -6.584  -83.702  20.365 0.6999999881
4890  -11.582  -83.475  20.618 0.6999999881
4899  -2.448  -83.380  19.203 0.5000000000
4900  -3.302  -83.278  19.376 0.6000000238
4903  -12.286  -83.811  19.835 0.6000000238
4910  -12.015  -84.237  19.435 0.6999999881
4919  -3.377  -83.284  17.548 0.5000000000
4920  -4.957  -83.443  17.101 0.6999999881
4927  -5.524  -83.579  16.204 0.6000000238
4928  -6.401  -83.278  15.669 0.6000000238
4936  -4.816  -83.765  15.440 0.6000000238
4938  -6.204  -83.403  14.712 0.6000000238
4940  -10.286  -82.721  15.227 0.6999999881
4942  -12.990  -82.878  15.079 0.6000000238
4949  -4.130  -83.851  15.024 0.5000000000
4950  -5.329  -83.642  14.660 0.6000000238
4951  -9.706  -83.249  14.232 0.6999999881
4953  -11.475  -82.680  14.504 0.6000000238
4962  -4.796  -83.436  13.965 0.5000000000
4965  -10.245  -82.702  13.671 0.6999999881
4968  -13.570  -84.054  13.958 0.6000000238
4981  -11.059  -83.086  12.397 0.6999999881
4983  -20.013  -83.328  13.029 0.3000000119
4995  -14.465  -83.829  12.032 0.5000000000
4998  -21.329  -82.789  12.308 0.3000000119
5001  -29.390  -82.980  10.204 0.3000000119
5004  -9.776  -82.848  10.456 0.6000000238
5005  -10.507  -83.289  10.194 0.6000000238
5006  -14.246  -83.194  10.539 0.5000000000
5009  -23.474  -83.717  10.181 0.3000000119
5011  -29.585  -82.388  9.434 0.4000000060
5025  -25.574  -83.700  8.995 0.3000000119
5026  -27.174  -83.631  9.225 0.3000000119
5027  -28.155  -83.325  9.408 0.3000000119
5033  -13.380  -82.907  7.514 0.6000000238
5036  -24.590  -82.932  8.492 0.4000000060
5038  -25.945  -83.297  8.489 0.3000000119
5039  -26.742  -83.289  8.646 0.3000000119
5051  -20.136  -83.864  6.286 0.6000000238
5054  -16.200  -83.621  4.740 0.6000000238
5055  -17.316  -83.743  4.843 0.6000000238
5057  -19.797  -83.733  5.587 0.6000000238
5060  -15.809  -82.717  4.458 0.5000000000
5062  -17.918  -82.897  4.453 0.5000000000
5509  -12.378  -81.970  21.247 0.6000000238
5519  -6.736  -83.067  20.157 0.6999999881
5520  -7.338  -82.754  20.175 0.6999999881
5524  -12.853  -82.617  20.560 0.5000000000
5534  -3.696  -82.843  19.130 0.6000000238
5535  -4.401  -82.806  19.178 0.6000000238
5539  -12.646  -82.957  19.667 0.5000000000
5551  -2.977  -82.922  18.211 0.6000000238
5552  -3.674  -82.741  18.476 0.6000000238
5557  -12.810  -82.001  18.888 0.4000000060
5567  -11.370  -82.700  17.181 0.6999999881
5576  -5.861  -83.209  16.966 0.6000000238
5590  -10.628  -82.549  14.777 0.6000000238
5593  -14.384  -82.340  15.296 0.5000000000
5633  -20.940  -82.237  10.317 0.5000000000
5638  -13.269  -82.196  8.964 0.6000000238
5642  -23.103  -81.907  9.533 0.4000000060
5643  -23.789  -82.471  9.103 0.4000000060
5644  -28.857  -82.726  9.285 0.3000000119
5648  -24.312  -81.999  7.710 0.4000000060
5650  -25.606  -82.783  7.844 0.4000000060
5663  -13.335  -82.101  6.033 0.5000000000
5675  -19.122  -81.491  4.163 0.5000000000
6158  -12.903  -81.257  21.256 0.6000000238
6168  -8.783  -81.922  20.167 0.6999999881
6169  -9.675  -81.957  20.463 0.6999999881
6172  -13.023  -81.998  21.000 0.5000000000
6173  -13.501  -81.260  20.829 0.5000000000
6181  -6.952  -81.868  19.073 0.6999999881
6183  -8.362  -81.337  19.641 0.6999999881
6207  -7.458  -81.489  16.691 0.6999999881
6221  -7.243  -82.221  16.218 0.6999999881
6238  -14.686  -81.657  15.787 0.5000000000
6250  -6.830  -81.970  14.527 0.6000000238
6251  -14.844  -82.074  14.555 0.5000000000
6274  -4.876  -81.549  12.148 0.5000000000
6275  -5.714  -81.710  12.522 0.6000000238
6276  -6.177  -81.332  12.507 0.6000000238
6285  -4.369  -81.092  11.453 0.4000000060
6293  -4.688  -80.880  10.558 0.5000000000
6294  -5.326  -80.945  10.319 0.5000000000
6295  -6.048  -80.864  9.910 0.5000000000
6296  -6.954  -80.754  9.446 0.6000000238
6297  -13.676  -81.361  10.331 0.5000000000
6298  -13.952  -81.883  10.877 0.5000000000
6301  -22.312  -81.740  9.725 0.5000000000
6306  -6.150  -80.741  8.951 0.6000000238
6311  -21.974  -81.635  9.164 0.5000000000
6322  -28.179  -81.299  7.870 0.3000000119
6323  -30.111  -81.249  8.549 0.3000000119
6330  -22.991  -81.346  6.915 0.6000000238
6331  -23.861  -81.421  6.850 0.4000000060
6334  -26.697  -81.551  6.940 0.4000000060
6350  -15.860  -81.390  4.984 0.5000000000
6352  -21.255  -81.480  4.632 0.4000000060
6851  -11.717  -80.294  21.086 0.6000000238
6852  -12.584  -80.420  21.252 0.6000000238
6868  -14.318  -80.040  20.623 0.5000000000
6881  -14.004  -80.760  20.347 0.5000000000
6882  -14.498  -80.305  19.771 0.5000000000
6894  -7.968  -80.906  18.047 0.6999999881
6895  -8.485  -80.392  18.522 0.6000000238
6896  -9.162  -80.026  18.897 0.6000000238
6907  -7.978  -80.948  17.148 0.6999999881
6920  -8.266  -80.191  16.820 0.6999999881
6929  -6.881  -81.108  15.098 0.6999999881
6939  -8.675  -80.024  13.983 0.6000000238
6951  -9.307  -80.120  13.233 0.6000000238
6965  -6.694  -80.738  12.540 0.6000000238
6968  -14.696  -80.320  12.663 0.4000000060
6983  -8.882  -80.418  11.362 0.6000000238
6984  -9.803  -80.138  11.636 0.5000000000
6993  -8.923  -80.574  10.197 0.6000000238
7005  -4.407  -80.110  8.712 0.6000000238
7010  -9.707  -80.374  9.515 0.4000000060
7015  -20.343  -79.947  9.557 0.5000000000
7018  -6.381  -80.474  8.340 0.6000000238
7019  -7.411  -80.522  8.004 0.6000000238
7021  -9.387  -80.295  8.321 0.4000000060
7024  -19.650  -80.341  7.992 0.5000000000
7029  -6.025  -80.121  8.056 0.6000000238
7032  -8.570  -80.159  7.362 0.5000000000
7036  -18.362  -80.822  7.190 0.5000000000
7038  -20.099  -79.880  6.980 0.5000000000
7039  -26.897  -80.328  6.641 0.3000000119
7040  -27.595  -80.656  7.361 0.3000000119
7050  -20.295  -80.161  4.781 0.5000000000
7054  -20.464  -80.697  4.440 0.5000000000
7573  -14.150  -78.914  21.020 0.5000000000
7602  -10.589  -79.405  19.572 0.6000000238
7618  -9.532  -79.445  18.465 0.6000000238
7627  -9.232  -79.241  16.956 0.6000000238
7633  -8.720  -79.644  16.490 0.6999999881
7644  -9.643  -79.592  15.430 0.6000000238
7645  -10.317  -79.493  15.338 0.5000000000
7655  -9.122  -79.790  14.749 0.6000000238
7674  -10.261  -79.506  14.059 0.5000000000
7715  -10.449  -79.527  11.817 0.5000000000
7721  -21.501  -79.663  11.953 0.3000000119
7722  -22.465  -79.431  11.562 0.3000000119
7750  -3.609  -78.945  9.138 0.6000000238
7758  -21.986  -79.236  8.912 0.4000000060
7767  -4.162  -78.824  8.266 0.6000000238
7768  -4.802  -79.062  8.077 0.6000000238
7769  -5.095  -79.924  8.242 0.6000000238
7770  -9.124  -80.082  7.470 0.5000000000
7771  -9.718  -79.794  8.102 0.6000000238
7777  -22.848  -79.245  8.549 0.4000000060
7778  -23.650  -79.166  8.082 0.3000000119
7780  -26.009  -79.538  7.957 0.3000000119
7784  -5.297  -78.670  8.027 0.6000000238
7786  -7.387  -79.955  7.568 0.6000000238
7787  -8.192  -79.956  7.363 0.6000000238
7788  -8.930  -79.651  7.359 0.6999999881
7791  -20.826  -79.552  6.613 0.5000000000
7794  -23.170  -78.906  6.082 0.4000000060
7797  -26.803  -79.618  7.349 0.3000000119
7800  -20.094  -79.930  5.322 0.5000000000
7804  -24.976  -79.417  5.341 0.4000000060
7809  -23.398  -79.271  4.626 0.4000000060
8371  -13.448  -78.955  21.089 0.5000000000
8388  -13.080  -78.243  20.901 0.6000000238
8401  -10.932  -78.809  19.159 0.6000000238
8402  -11.661  -78.448  19.463 0.5000000000
8403  -12.220  -78.000  19.640 0.6000000238
8410  -10.670  -78.733  18.229 0.5000000000
8417  -9.708  -79.014  17.362 0.6000000238
8418  -10.345  -78.827  17.406 0.5000000000
8420  -11.952  -78.282  17.588 0.5000000000
8447  -10.865  -79.201  15.686 0.5000000000
8464  -11.237  -78.526  14.502 0.5000000000
8480  -10.723  -78.826  13.943 0.5000000000
8489  -10.873  -78.782  12.282 0.5000000000
8513  -7.282  -78.591  8.502 0.6000000238
8515  -10.455  -78.723  8.730 0.6000000238
8523  -6.800  -79.048  7.869 0.5000000000
8525  -8.649  -78.816  7.697 0.6000000238
8526  -9.531  -78.728  7.601 0.6000000238
8527  -9.938  -78.888  7.820 0.6000000238
8532  -6.117  -79.122  7.879 0.5000000000
8533  -7.590  -79.621  7.622 0.6000000238
9139  -13.152  -77.011  19.412 0.5000000000
9171  -12.389  -77.651  17.221 0.6000000238
9186  -12.337  -77.406  16.230 0.6000000238
9194  -11.557  -77.782  14.214 0.6000000238
9195  -12.025  -77.317  14.677 0.6000000238
9220  -6.924  -77.758  11.338 0.5000000000
9232  -11.084  -77.747  10.130 0.6000000238
9239  -5.478  -77.990  8.223 0.5000000000
9240  -6.742  -78.184  9.210 0.6000000238
9251  -8.720  -78.124  8.003 0.5000000000
9257  -5.092  -78.008  8.180 0.6000000238
9258  -9.365  -78.252  7.563 0.6000000238
9260  -10.019  -78.026  7.436 0.6000000238
9820  -13.813  -76.564  19.673 0.6000000238
9859  -12.653  -77.078  17.705 0.6000000238
9897  -12.313  -76.546  14.316 0.6000000238
9907  -11.697  -77.054  12.964 0.6000000238
9916  -5.829  -76.550  12.116 0.6000000238
9917  -6.530  -76.898  12.748 0.6000000238
9920  -11.785  -76.671  12.281 0.6000000238
9927  -5.761  -76.701  11.104 0.5000000000
9929  -7.507  -77.432  11.853 0.6000000238
9930  -8.077  -77.272  11.222 0.6000000238
9931  -11.671  -76.596  11.464 0.6000000238
9940  -6.308  -77.481  10.795 0.6000000238
9951  -2.896  -76.127  9.828 0.6000000238
9952  -3.661  -76.161  9.007 0.6000000238
9953  -6.189  -77.604  9.636 0.6000000238
9955  -10.575  -77.246  8.290 0.6000000238
9960  -4.234  -76.374  8.635 0.6999999881
9961  -4.635  -76.525  8.567 0.6999999881
9963  -8.860  -77.215  8.229 0.5000000000
9970  -9.338  -76.765  7.766 0.5000000000
9971  -9.839  -76.604  7.528 0.6000000238
9972  -10.218  -76.388  7.615 0.6000000238
10566  -13.581  -75.756  17.392 0.5000000000
10596  -7.464  -75.300  15.041 0.5000000000
10600  -13.042  -75.266  14.783 0.5000000000
10607  -6.591  -76.146  13.756 0.6999999881
10608  -7.386  -76.103  14.251 0.6999999881
10611  -13.001  -74.887  14.076 0.5000000000
10623  -12.403  -75.631  12.851 0.6000000238
10653  -4.594  -75.337  9.077 0.6000000238
10655  -8.745  -75.972  9.299 0.5000000000
10663  -4.439  -75.755  8.829 0.6000000238
10666  -10.616  -75.938  7.848 0.6000000238
10667  -11.150  -75.389  8.194 0.6000000238
10674  -9.981  -75.834  7.510 0.6000000238
11319  -8.568  -74.624  15.909 0.5000000000
11333  -13.605  -74.738  15.264 0.5000000000
11340  -5.641  -74.397  12.936 0.6999999881
11343  -13.412  -74.383  13.684 0.5000000000
11344  -13.949  -73.927  14.125 0.5000000000
11370  -13.309  -74.285  12.765 0.5000000000
11393  -9.160  -74.506  11.140 0.5000000000
11418  -4.605  -74.543  9.970 0.6000000238
11421  -12.142  -74.334  9.480 0.5000000000
11443  -2.757  -73.978  9.859 0.6000000238
11447  -11.662  -74.838  8.790 0.6000000238
11460  -9.246  -73.937  8.005 0.5000000000
11461  -11.422  -74.613  7.920 0.6000000238
11482  -10.646  -74.486  7.485 0.6000000238
12107  -5.713  -73.348  20.103 0.6000000238
12141  -3.973  -73.955  15.696 0.6000000238
12154  -7.836  -74.154  16.034 0.5000000000
12181  -6.492  -73.757  14.568 0.8000000119
12185  -14.486  -73.593  14.442 0.5000000000
12206  -5.689  -73.631  13.171 0.8000000119
12207  -5.966  -73.247  13.763 0.8000000119
12230  -2.329  -73.640  11.955 0.5000000000
12239  -2.370  -73.401  11.311 0.5000000000
12242  -9.375  -73.909  11.517 0.5000000000
12249  -3.010  -73.488  10.014 0.6999999881
12250  -3.473  -73.294  10.165 0.6999999881
12251  -3.925  -73.430  10.175 0.6000000238
12252  -4.311  -73.722  10.297 0.6000000238
12261  -3.840  -73.905  9.845 0.6000000238
12272  -12.327  -73.487  8.017 0.6000000238
12278  -10.351  -73.892  7.391 0.6000000238
12280  -12.092  -73.280  7.482 0.5000000000
12857  -5.602  -72.349  21.095 0.5000000000
12859  -7.273  -72.253  21.145 0.6000000238
12866  -7.411  -72.319  20.395 0.6000000238
12879  -6.262  -73.017  19.286 0.6000000238
12902  -4.283  -72.157  16.032 0.6000000238
12933  -7.874  -73.248  16.275 0.5000000000
12957  -3.074  -72.848  13.551 0.6000000238
12971  -2.505  -73.158  12.446 0.5000000000
12972  -2.740  -72.757  12.891 0.5000000000
12973  -5.959  -72.344  13.493 0.8000000119
12994  -2.539  -72.755  11.549 0.6999999881
12995  -2.754  -72.168  11.317 0.6000000238
12996  -4.719  -72.748  11.391 0.6000000238
13009  -2.890  -72.394  10.718 0.6999999881
13011  -3.823  -72.569  10.540 0.6000000238
13033  -8.686  -72.327  8.747 0.5000000000
13043  -9.986  -72.523  7.583 0.4000000060
13565  -6.412  -71.391  22.466 0.5000000000
13567  -8.366  -71.088  22.359 0.6000000238
13583  -8.052  -71.685  20.125 0.6999999881
13593  -7.832  -71.181  19.425 0.8000000119
13653  -4.376  -71.229  16.056 0.6000000238
13654  -5.085  -71.172  17.065 0.6000000238
13686  -3.400  -72.108  13.862 0.6999999881
13714  -2.993  -71.719  11.915 0.6000000238
13715  -5.449  -71.979  12.421 0.6999999881
13734  -4.091  -71.755  11.020 0.6000000238
13735  -4.595  -71.038  11.519 0.6999999881
13754  -3.040  -71.916  10.928 0.6000000238
13767  -8.634  -71.771  8.992 0.5000000000
13792  -10.280  -71.841  7.644 0.4000000060
14341  -6.510  -70.514  23.858 0.5000000000
14342  -7.484  -70.372  23.773 0.6000000238
14351  -7.997  -70.766  23.101 0.6000000238
14357  -9.065  -70.453  21.957 0.6999999881
14365  -9.290  -70.464  21.122 0.8000000119
14377  -8.340  -70.348  19.413 0.8000000119
14378  -9.077  -70.167  20.225 0.8000000119
14397  -6.800  -70.599  18.287 0.6999999881
14398  -7.571  -70.484  18.805 0.8000000119
14423  -5.564  -70.520  17.094 0.6999999881
14424  -6.191  -70.615  17.720 0.6999999881
14444  -4.195  -70.554  15.401 0.6000000238
14453  -3.921  -70.719  14.740 0.6000000238
14454  -4.165  -69.829  15.287 0.5000000000
14455  -7.995  -70.941  15.557 0.5000000000
14471  -3.507  -71.090  14.017 0.6000000238
14492  -3.417  -70.797  13.480 0.6999999881
14493  -6.482  -70.001  12.752 0.8000000119
14519  -3.312  -70.975  12.388 0.6000000238
14520  -3.462  -70.097  12.528 0.6000000238
15116  -5.467  -69.159  25.602 0.5000000000
15117  -6.195  -69.190  25.728 0.6000000238
15152  -8.944  -69.353  22.014 0.6999999881
15153  -9.319  -69.663  21.676 0.6999999881
15203  -8.779  -68.884  19.332 0.6000000238
15235  -6.322  -69.156  16.857 0.6000000238
15249  -4.052  -69.057  14.985 0.6999999881
15270  -7.690  -69.810  14.105 0.6000000238
15288  -3.388  -70.330  13.049 0.6999999881
15289  -3.505  -69.622  13.672 0.6000000238
15290  -7.248  -69.549  13.133 0.6999999881
15306  -7.583  -68.895  12.361 0.6000000238
15314  -3.633  -69.362  12.346 0.6000000238
15315  -4.074  -69.461  11.906 0.8000000119
15922  -7.968  -69.447  23.732 0.6000000238
16003  -7.704  -68.489  17.750 0.6000000238
16017  -7.563  -67.765  17.069 0.6000000238
16038  -6.167  -68.037  16.066 0.6000000238
16053  -4.226  -67.846  14.193 0.8000000119
16065  -3.620  -67.971  13.399 0.8000000119
16066  -3.649  -67.925  13.728 0.8000000119
16077  -4.864  -67.982  12.051 0.8000000119
16092  -5.567  -68.258  11.352 0.8000000119
16093  -6.360  -67.855  10.982 0.8000000119
16742  -5.625  -67.519  21.532 0.6000000238
16759  -6.421  -67.862  21.154 0.6000000238
16760  -7.532  -67.794  20.707 0.5000000000
16761  -8.449  -67.704  20.194 0.6000000238
16862  -4.017  -67.550  13.159 0.8000000119
16863  -4.727  -66.951  13.097 0.8000000119
16871  -5.638  -66.860  11.435 0.6999999881
16879  -6.964  -67.085  11.134 0.6999999881
17545  -7.404  -66.860  23.857 0.6999999881
17564  -6.023  -67.512  22.294 0.6999999881
17572  -3.230  -66.534  19.892 0.5000000000
17591  -8.220  -66.672  19.084 0.6000000238
17598  -5.048  -66.529  18.802 0.6000000238
17601  -8.260  -66.403  18.248 0.6000000238
17650  -6.821  -66.464  14.750 0.6999999881
17651  -7.287  -66.146  15.317 0.6000000238
17664  -6.380  -66.067  12.497 0.6999999881
17671  -5.558  -66.584  12.272 0.6000000238
18380  -8.346  -65.159  26.273 0.6000000238
18397  -8.496  -64.987  25.585 0.6000000238
18414  -8.484  -64.858  24.892 0.6999999881
18435  -3.008  -65.442  21.202 0.6000000238
18437  -4.687  -66.342  22.032 0.8000000119
18448  -1.941  -65.580  20.041 0.5000000000
18460  -2.425  -65.959  19.600 0.5000000000
18472  -2.900  -65.153  18.087 0.6000000238
18476  -6.967  -65.550  18.067 0.5000000000
18493  -6.227  -65.060  17.446 0.5000000000
18511  -3.160  -64.560  16.738 0.5000000000
19322  -7.639  -64.724  28.449 0.5000000000
19400  -7.598  -64.821  23.768 0.6999999881
19412  -1.589  -64.174  20.780 0.6000000238
19414  -3.062  -64.722  21.792 0.5000000000
19415  -3.953  -64.967  22.157 0.6000000238
19424  -1.548  -64.162  20.452 0.5000000000
19435  -1.778  -64.835  19.361 0.5000000000
19463  -2.934  -64.716  17.470 0.6000000238
19467  -7.081  -64.975  16.417 0.5000000000
19485  -2.837  -64.268  16.875 0.5000000000
19486  -3.725  -64.210  16.028 0.5000000000
19487  -4.718  -64.116  15.771 0.5000000000
19488  -6.398  -64.461  15.675 0.5000000000
20344  -7.624  -63.971  28.160 0.5000000000
20383  -6.635  -63.165  25.306 0.6999999881
20384  -7.601  -63.439  25.577 0.6999999881
20385  -8.106  -63.864  26.063 0.6999999881
20397  -6.978  -63.506  24.534 0.6999999881
20398  -7.756  -63.695  24.735 0.6999999881
20402  -1.932  -62.942  22.672 0.4000000060
20405  -5.389  -63.641  23.699 0.6000000238
20406  -6.484  -63.775  23.823 0.6999999881
20417  -5.300  -64.148  23.061 0.8000000119
20425  -1.911  -63.797  21.063 0.5000000000
20446  -1.624  -63.801  19.743 0.5000000000
20461  -2.433  -64.152  18.492 0.6000000238
21289  -6.642  -62.868  27.769 0.6000000238
21312  -2.446  -61.837  25.177 0.4000000060
21325  -1.654  -61.890  23.791 0.4000000060
21331  -1.790  -62.232  23.050 0.4000000060
21350  -1.899  -63.429  20.325 0.5000000000
21351  -2.163  -62.901  21.122 0.4000000060
21354  -5.245  -62.301  20.294 0.4000000060
21382  -2.574  -63.131  18.916 0.5000000000
21414  -3.093  -62.936  16.443 0.4000000060
21416  -4.616  -62.192  15.852 0.5000000000
22167  -2.291  -61.201  25.269 0.5000000000
22168  -2.845  -61.507  25.916 0.6000000238
22194  -1.810  -62.149  22.539 0.4000000060
22195  -1.877  -62.057  21.895 0.4000000060
22197  -4.271  -61.836  21.239 0.4000000060
22200  -7.545  -61.700  21.404 0.3000000119
22238  -3.833  -60.809  18.616 0.4000000060
22977  -1.975  -60.916  24.096 0.5000000000
22978  -2.308  -60.546  24.597 0.5000000000
22980  -1.894  -61.277  23.482 0.4000000060
22988  -2.064  -61.100  22.832 0.4000000060
22998  -2.005  -61.379  22.177 0.4000000060
22999  -2.558  -61.115  21.817 0.4000000060
23025  -5.653  -60.387  19.233 0.4000000060
23050  -5.234  -60.242  17.814 0.4000000060
23753  -5.582  -59.416  27.057 0.4000000060
23799  -2.585  -59.873  24.373 0.5000000000
23814  -3.797  -58.691  22.719 0.5000000000
23846  -5.539  -59.734  18.957 0.4000000060
24581  -4.517  -58.819  28.679 0.4000000060
24600  -5.452  -59.260  27.937 0.4000000060
24622  -5.130  -59.115  26.356 0.4000000060
24639  -4.397  -58.519  25.627 0.4000000060
24647  -2.936  -59.092  23.933 0.5000000000
24658  -3.769  -58.098  22.774 0.5000000000
24709  -6.592  -58.325  18.678 0.3000000119
25578  -7.021  -57.734  26.928 0.3000000119
25579  -7.413  -57.403  26.671 0.3000000119
25642  -3.723  -57.393  23.334 0.5000000000
25643  -3.878  -56.864  22.818 0.4000000060
25663  -4.411  -57.085  21.900 0.4000000060
25732  -7.137  -57.656  18.669 0.3000000119
26686  -8.114  -56.520  26.248 0.5000000000
26737  -4.798  -55.737  21.580 0.4000000060
27736  -5.200  -55.039  27.483 0.4000000060
27738  -7.502  -55.823  27.268 0.3000000119
27753  -8.373  -55.753  26.577 0.5000000000
27794  -4.752  -54.630  22.501 0.4000000060
27808  -4.902  -54.896  21.801 0.4000000060
28918  -6.386  -53.917  24.348 0.4000000060
126887  -8.399  -83.236  9.204 0.4000000060
127057  -12.456  -76.747  15.256 0.6000000238
127272  -4.859  -63.207  24.639 0.5000000000
127525  -4.440  -68.428  14.941 0.8000000119
127668  -5.371  -76.806  8.845 0.6000000238
128124  -5.507  -75.588  12.078 0.6000000238
128523  -10.281  -75.156  7.560 0.6000000238
128814  -21.086  -82.660  5.668 0.5000000000
128891  -9.720  -75.230  7.602 0.6000000238
129576  -27.507  -88.400  16.654 0.3000000119
129648  -3.867  -79.840  9.219 0.6000000238
129843  -13.257  -81.482  7.302 0.5000000000
130374  -11.354  -73.102  7.162 0.5000000000
130431  -2.975  -72.965  10.368 0.6999999881
130715  -20.654  -79.781  10.163 0.5000000000
130742  -6.894  -80.691  11.587 0.6000000238
130763  -7.438  -68.416  24.522 0.6000000238
130768  -9.297  -79.306  17.709 0.6000000238
130780  -16.776  -87.959  7.924 0.6000000238
130868  -3.549  -68.588  13.566 0.6999999881
131210  -11.841  -83.989  18.586 0.6000000238
131581  -6.488  -57.548  25.686 0.4000000060
131708  -10.213  -83.163  15.572 0.6999999881
132048  -12.018  -76.023  12.090 0.6000000238
132638  -8.186  -75.190  15.398 0.5000000000
132961  -7.094  -80.444  13.398 0.5000000000
133121  -28.463  -88.389  19.324 0.3000000119
133462  -9.716  -77.396  7.522 0.6000000238
133487  -22.253  -81.675  7.503 0.6000000238
133599  -16.248  -87.634  8.075 0.6000000238
133751  -9.242  -68.927  20.208 0.6999999881
134139  -14.731  -81.021  12.920 0.4000000060
134515  -13.922  -82.846  5.214 0.5000000000
134678  -4.663  -71.031  16.476 0.6000000238
134773  -8.015  -82.850  20.328 0.6999999881
134932  -8.724  -73.722  9.900 0.5000000000
135635  -7.274  -82.110  19.670 0.6999999881
135792  -2.728  -84.994  19.781 0.5000000000
135943  -21.538  -82.101  7.857 0.5000000000
135981  -8.153  -76.900  12.113 0.5000000000
136063  -5.509  -68.941  11.556 0.8000000119
136154  -4.130  -73.088  15.889 0.6000000238
136423  -4.946  -67.129  19.675 0.5000000000
136821  -19.158  -85.267  7.894 0.6000000238
137231  -11.715  -76.046  10.689 0.6000000238
137663  -6.077  -60.973  22.799 0.4000000060
138710  -3.952  -79.977  10.213 0.5000000000
138797  -14.410  -83.444  11.356 0.5000000000
139039  -7.816  -71.684  21.751 0.6000000238
139285  -14.471  -84.027  11.640 0.5000000000
139298  -6.636  -70.079  17.817 0.6999999881
139307  -9.284  -84.507  19.456 0.6999999881
139314  -5.929  -52.677  27.181 0.3000000119
139434  -12.324  -82.848  20.962 0.5000000000
139766  -4.933  -69.545  11.823 0.8000000119
139845  -7.473  -80.676  10.752 0.6000000238
140073  -3.816  -74.273  9.599 0.6999999881
140143  -8.454  -84.451  19.642 0.6999999881
140217  -29.275  -81.161  8.202 0.4000000060
140628  -5.033  -80.409  8.616 0.5000000000
140654  -6.535  -79.751  7.829 0.5000000000
141013  -29.330  -83.083  10.768 0.3000000119
141110  -10.864  -85.236  17.862 0.6999999881
141213  -7.784  -66.129  26.130 0.6000000238
141377  -9.947  -52.316  26.253 0.3000000119
141452  -6.686  -82.861  16.524 0.6999999881
141564  -3.772  -73.179  15.056 0.6000000238
141821  -27.283  -89.105  21.106 0.3000000119
141822  -9.285  -85.840  17.006 0.6999999881
141851  -8.970  -75.414  11.218 0.5000000000
142035  -12.355  -86.613  6.870 0.5000000000
142081  -9.857  -85.066  15.157 0.6999999881
142113  -10.497  -79.383  9.423 0.6000000238
142341  -4.267  -74.573  9.516 0.6999999881
142893  -23.062  -79.802  4.482 0.4000000060
143023  -21.332  -79.670  11.172 0.3000000119
143212  -22.839  -78.938  4.985 0.4000000060
143476  -8.491  -82.569  20.273 0.6999999881
144015  -6.549  -81.851  13.730 0.6000000238
144436  -5.926  -70.692  12.727 0.8000000119
144465  -10.877  -78.902  11.527 0.5000000000
144486  -4.249  -72.331  10.936 0.6000000238
144542  -19.868  -84.322  7.443 0.5000000000
144746  -6.849  -67.584  25.804 0.6000000238
144819  -6.872  -66.452  23.226 0.8000000119
145187  -7.687  -69.021  24.163 0.6000000238
145435  -10.689  -79.223  10.244 0.6000000238
145441  -3.795  -68.666  14.364 0.5000000000
145521  -7.330  -67.844  11.179 0.6000000238
145552  -1.884  -62.450  23.507 0.4000000060
145589  -7.231  -80.719  15.527 0.6999999881
145639  -18.104  -84.373  15.249 0.4000000060
145886  -13.158  -75.628  16.105 0.5000000000
146089  -5.487  -80.587  8.751 0.6000000238
146107  -4.041  -68.280  12.289 0.8000000119
146117  -11.404  -78.879  16.051 0.5000000000
146183  -2.747  -64.240  17.681 0.5000000000
146258  -5.186  -75.009  11.027 0.5000000000
146850  -2.288  -60.382  24.090 0.5000000000
147021  -11.215  -84.268  20.062 0.6999999881
147317  -9.105  -82.927  10.788 0.6000000238
147508  -15.228  -85.301  9.197 0.5000000000
147527  -27.179  -84.973  11.014 0.3000000119
147808  -19.328  -83.615  5.075 0.5000000000
147860  -11.004  -73.796  7.270 0.6000000238
147898  -18.469  -82.049  4.187 0.5000000000
148029  -2.724  -62.859  24.047 0.5000000000
148040  -1.747  -83.679  18.865 0.5000000000
148143  -18.815  -80.939  8.254 0.5000000000
148381  -4.841  -56.532  21.647 0.4000000060
148548  -4.308  -70.256  11.639 0.6999999881
148869  -4.064  -82.674  18.853 0.6999999881
149299  -4.154  -83.539  17.144 0.5000000000
149377  -10.172  -77.480  7.610 0.6000000238
149488  -3.921  -83.627  14.433 0.5000000000
149818  -28.440  -84.081  13.171 0.3000000119
149827  -6.296  -73.124  20.210 0.6000000238
149870  -7.641  -68.481  23.961 0.6999999881
150226  -13.236  -75.280  15.513 0.5000000000
150237  -7.281  -80.775  10.147 0.6000000238
150606  -7.112  -80.396  14.105 0.5000000000
150646  -12.085  -82.100  16.453 0.6000000238
150905  -14.213  -83.724  13.562 0.6000000238
151026  -12.638  -85.517  12.287 0.6000000238
151127  -5.721  -72.137  12.968 0.6999999881
151180  -3.440  -84.204  16.185 0.5000000000
151270  -10.481  -79.245  13.439 0.5000000000
151516  -3.765  -74.912  9.255 0.6999999881
151672  -26.466  -84.467  10.125 0.3000000119
152208  -24.426  -80.879  5.230 0.5000000000
152292  -4.248  -80.307  9.319 0.5000000000
152750  -3.512  -82.872  17.957 0.5000000000
152756  -3.822  -78.701  8.494 0.6000000238
152769  -28.638  -80.414  8.146 0.3000000119
152892  -6.534  -76.491  13.291 0.6000000238
