#!ascii label  , from subject sub-v1s9x0051359_ses-1 vox2ras=TkReg
1038
9916  27.460  -67.305  19.198 0.3000000119
17815  32.680  -57.554  19.139 0.6000000238
18618  33.057  -56.098  23.090 0.6999999881
19457  32.570  -55.560  23.608 0.6999999881
10589  27.448  -66.518  18.821 0.4000000060
14340  32.074  -61.590  15.444 0.4000000060
11273  27.618  -65.797  19.277 0.5000000000
9901  27.475  -67.316  20.043 0.5000000000
17829  32.840  -57.713  18.309 0.6999999881
145644  32.583  -57.302  20.678 0.6999999881
17793  32.987  -57.463  19.926 0.5000000000
18635  34.351  -56.459  22.412 0.6000000238
18636  33.452  -56.569  22.432 0.6000000238
19475  33.949  -56.042  23.094 0.6999999881
20262  33.770  -54.542  23.691 0.6999999881
11988  28.278  -64.776  18.270 0.5000000000
12759  31.845  -62.948  15.623 0.4000000060
11989  27.852  -65.176  18.861 0.6000000238
16102  31.916  -59.503  15.430 0.4000000060
16980  32.322  -58.408  15.624 0.5000000000
11977  28.316  -64.664  19.157 0.6000000238
17856  31.644  -57.758  16.030 0.6000000238
17843  32.113  -57.733  16.839 0.6000000238
11978  27.870  -65.079  19.717 0.6000000238
17828  33.694  -58.037  17.991 0.6000000238
17766  33.389  -57.237  20.786 0.6000000238
18658  34.803  -56.811  21.658 0.6000000238
18633  36.151  -55.962  22.354 0.6999999881
142815  35.419  -55.697  22.703 0.6999999881
19473  35.888  -55.164  22.738 0.6999999881
19454  35.125  -55.178  23.074 0.6999999881
21111  34.216  -53.757  23.490 0.6999999881
20275  36.313  -54.379  22.567 0.6999999881
21123  35.811  -53.629  22.567 0.6999999881
21124  35.047  -53.687  23.089 0.6999999881
21122  36.654  -53.585  22.161 0.6999999881
12001  28.398  -64.480  17.265 0.5000000000
11999  30.548  -64.471  16.416 0.5000000000
12761  30.499  -63.341  15.425 0.5000000000
15214  32.394  -60.543  15.390 0.4000000060
11987  29.272  -64.532  17.798 0.5000000000
16101  32.865  -59.291  15.490 0.5000000000
16967  33.444  -58.443  16.628 0.6000000238
12709  28.632  -64.042  19.526 0.6000000238
12708  29.197  -63.717  19.140 0.5000000000
13515  30.530  -62.866  18.315 0.5000000000
17827  34.311  -57.964  18.650 0.6999999881
147008  34.374  -57.532  19.972 0.6000000238
17814  33.452  -57.719  19.093 0.6999999881
18657  35.749  -56.711  21.699 0.6000000238
17764  35.340  -57.197  20.890 0.6000000238
18632  37.180  -55.815  22.050 0.6000000238
18634  35.218  -56.288  22.371 0.6000000238
19471  37.643  -55.085  22.144 0.6000000238
20274  37.169  -54.338  22.243 0.6999999881
22009  34.427  -52.987  23.072 0.6999999881
21136  38.190  -53.844  21.106 0.6000000238
21139  36.015  -52.964  21.871 0.6999999881
22024  35.133  -52.897  22.350 0.6999999881
21137  37.442  -53.635  21.661 0.6999999881
14350  32.450  -61.431  15.596 0.4000000060
12733  30.247  -64.591  17.346 0.5000000000
12748  31.742  -63.422  15.821 0.4000000060
15213  32.784  -60.267  15.500 0.5000000000
130078  33.155  -58.737  15.987 0.6000000238
12732  31.117  -64.493  17.072 0.4000000060
16957  33.906  -58.287  17.150 0.6000000238
12720  30.450  -63.957  17.853 0.4000000060
13528  31.966  -63.150  17.008 0.4000000060
13529  31.213  -63.528  17.491 0.4000000060
14325  32.237  -62.041  17.136 0.4000000060
16945  35.289  -58.209  18.414 0.6999999881
17813  34.764  -57.777  19.341 0.6000000238
17791  35.043  -57.540  20.080 0.6000000238
18655  37.716  -56.460  21.515 0.6000000238
17763  36.311  -57.191  20.892 0.6000000238
139953  38.108  -55.714  21.783 0.6000000238
144380  34.791  -52.274  21.809 0.6999999881
22037  36.103  -52.670  20.938 0.6999999881
145853  37.442  -53.177  20.590 0.6000000238
21153  36.696  -52.758  20.565 0.6000000238
13544  32.353  -62.136  15.732 0.4000000060
14339  32.591  -61.316  15.763 0.4000000060
129396  34.465  -58.654  16.893 0.6999999881
14324  32.567  -61.630  16.295 0.4000000060
16956  34.733  -58.427  17.560 0.8000000119
13514  31.291  -62.170  17.836 0.5000000000
17812  35.672  -57.914  19.213 0.6999999881
17790  35.981  -57.598  20.046 0.6000000238
17762  37.332  -57.180  20.878 0.6000000238
22977  34.372  -51.616  21.986 0.6999999881
141432  39.471  -54.512  19.975 0.6000000238
20286  38.730  -54.582  21.370 0.6000000238
22038  35.369  -52.429  21.260 0.8000000119
22039  34.769  -51.927  21.080 0.8000000119
20297  38.875  -54.207  20.545 0.6000000238
21152  38.234  -53.612  20.016 0.6000000238
137004  33.377  -59.895  16.162 0.5000000000
16100  33.450  -59.334  16.052 0.6000000238
15196  32.923  -60.591  16.302 0.5000000000
15179  32.399  -60.266  17.953 0.6999999881
15197  32.528  -60.926  17.113 0.4000000060
16944  36.455  -58.497  18.117 0.6999999881
17811  36.804  -58.090  18.941 0.6999999881
17761  38.378  -57.163  20.869 0.6000000238
17788  38.135  -57.695  19.818 0.6000000238
18653  39.541  -56.220  21.145 0.6000000238
22993  34.460  -51.132  21.153 0.6000000238
20285  39.083  -55.123  21.435 0.6000000238
22071  35.688  -52.347  19.692 0.6999999881
23024  35.252  -51.938  19.477 0.6999999881
21168  38.342  -53.478  18.922 0.6999999881
127167  37.808  -53.158  18.483 0.6999999881
22070  36.341  -52.473  19.200 0.6999999881
15177  34.731  -59.839  17.325 0.5000000000
15195  34.235  -59.378  16.693 0.6000000238
150004  34.982  -59.089  16.915 0.6000000238
15163  34.601  -60.182  18.707 0.6999999881
15178  34.096  -59.936  17.897 0.6000000238
129792  35.491  -58.960  17.079 0.6999999881
127800  33.677  -60.025  19.477 0.6999999881
127674  31.740  -60.291  18.731 0.6999999881
16955  35.961  -58.779  17.450 0.6999999881
16943  37.980  -59.051  17.652 0.6999999881
17787  39.232  -57.814  19.797 0.5000000000
17810  38.033  -58.326  18.670 0.6000000238
24766  34.150  -49.793  21.999 0.5000000000
18652  40.332  -56.219  20.728 0.6000000238
17760  39.379  -57.063  20.761 0.6000000238
130727  34.637  -50.864  19.767 0.6000000238
23937  34.503  -50.056  19.887 0.5000000000
19509  40.191  -55.071  19.896 0.6000000238
19485  39.599  -55.575  21.152 0.6000000238
22083  35.862  -52.174  18.871 0.6000000238
23037  35.182  -51.054  18.398 0.5000000000
23948  34.928  -50.152  18.161 0.5000000000
20308  39.820  -54.535  18.837 0.6999999881
20323  39.047  -53.816  18.512 0.6999999881
149131  38.478  -53.449  17.861 0.6999999881
22081  37.010  -52.648  17.795 0.6999999881
22097  36.182  -52.069  17.042 0.5000000000
21183  39.580  -54.167  17.570 0.6999999881
22090  37.340  -52.720  17.007 0.6000000238
144602  36.044  -59.390  17.055 0.6000000238
143387  35.018  -60.264  17.901 0.6999999881
15193  36.407  -59.862  17.290 0.6000000238
15145  35.430  -60.280  19.184 0.6999999881
16089  37.413  -59.749  17.131 0.6999999881
137539  39.099  -59.345  17.619 0.6999999881
16934  40.226  -58.992  18.634 0.6000000238
24800  34.410  -49.382  20.466 0.4000000060
17786  40.241  -58.030  19.983 0.5000000000
24829  34.720  -49.139  18.341 0.4000000060
20307  40.797  -55.302  18.810 0.6000000238
19508  41.212  -55.791  19.612 0.6000000238
23043  35.712  -51.515  17.611 0.5000000000
23044  35.348  -50.815  17.670 0.5000000000
22096  36.639  -52.410  16.616 0.5000000000
23047  35.946  -51.908  15.873 0.4000000060
21197  38.851  -53.487  16.434 0.6999999881
21198  38.066  -53.045  16.392 0.6000000238
22101  38.008  -52.962  15.964 0.5000000000
15162  36.699  -60.440  18.182 0.6000000238
15175  37.625  -60.498  17.480 0.6999999881
16077  37.799  -60.180  17.119 0.6999999881
135314  35.619  -59.919  20.133 0.6999999881
132765  36.523  -60.318  19.277 0.6999999881
16076  39.263  -60.162  17.267 0.6000000238
16942  39.980  -59.789  17.633 0.6000000238
143025  42.054  -58.280  20.116 0.6000000238
17785  41.196  -58.124  20.132 0.5000000000
138962  41.500  -57.142  20.318 0.6000000238
19517  41.968  -55.758  18.169 0.6000000238
19497  41.332  -56.375  20.193 0.6000000238
23952  35.606  -51.005  16.933 0.4000000060
23953  35.328  -50.212  17.207 0.5000000000
24835  35.027  -49.384  17.491 0.4000000060
20322  40.985  -55.036  17.652 0.6000000238
23957  35.552  -50.377  16.320 0.4000000060
21193  39.613  -54.010  16.571 0.6000000238
21202  38.767  -53.391  15.977 0.5000000000
15161  37.882  -60.689  18.049 0.6999999881
143558  38.449  -60.406  17.286 0.6000000238
143256  37.478  -59.691  20.437 0.6999999881
16053  39.701  -60.569  18.512 0.6000000238
16065  40.160  -60.493  17.676 0.6000000238
16038  36.358  -59.649  20.565 0.6999999881
16064  40.396  -59.980  18.444 0.5000000000
17784  42.716  -57.874  20.128 0.6000000238
18672  42.537  -57.075  19.788 0.6000000238
19507  42.481  -56.356  18.979 0.5000000000
20331  40.625  -54.566  16.770 0.6000000238
21201  39.670  -53.508  15.589 0.5000000000
16037  38.572  -59.827  20.125 0.6999999881
16036  39.603  -59.958  19.856 0.6999999881
16050  41.080  -59.761  19.765 0.6000000238
146574  42.429  -58.732  20.453 0.5000000000
17808  43.769  -57.532  20.060 0.6000000238
17783  43.520  -58.038  20.266 0.6000000238
18692  43.260  -56.258  18.897 0.6000000238
19522  42.722  -55.334  17.137 0.6000000238
20336  41.008  -54.144  15.781 0.5000000000
132344  28.749  -62.494  20.687 0.5000000000
14288  30.319  -61.066  19.511 0.5000000000
14278  28.843  -61.737  21.224 0.5000000000
14290  29.128  -61.894  20.468 0.5000000000
127229  31.099  -60.366  19.488 0.6999999881
15149  31.043  -60.093  20.906 0.6999999881
144681  30.595  -60.326  20.260 0.5000000000
145457  29.647  -60.567  21.187 0.5000000000
128034  31.880  -60.012  19.700 0.6999999881
136137  31.888  -60.089  20.688 0.6999999881
15146  34.419  -60.104  19.638 0.6999999881
136390  27.498  -68.018  19.648 0.3000000119
19455  34.333  -55.290  23.342 0.6999999881
18659  33.863  -56.898  21.625 0.6000000238
20261  34.707  -54.506  23.346 0.6999999881
22025  34.435  -52.321  22.499 0.6999999881
15180  31.810  -61.011  17.885 0.6000000238
19486  38.914  -55.639  21.506 0.6000000238
22069  37.116  -52.733  18.641 0.6999999881
23010  34.723  -51.530  20.180 0.6000000238
22082  36.493  -52.397  18.298 0.6999999881
23036  35.514  -51.702  18.612 0.6000000238
21184  37.623  -52.985  17.764 0.6999999881
134151  34.759  -50.550  19.070 0.5000000000
130880  34.500  -49.202  19.755 0.5000000000
138597  37.344  -52.518  15.843 0.5000000000
16054  38.392  -60.412  19.016 0.6999999881
16932  41.530  -59.177  19.727 0.5000000000
18693  42.853  -55.696  18.026 0.6000000238
20330  41.655  -55.107  16.798 0.6000000238
16052  40.334  -60.277  18.639 0.6000000238
18682  43.176  -56.595  19.065 0.6000000238
146164  40.695  -59.654  20.381 0.5000000000
15115  30.476  -60.224  22.564 0.6000000238
141988  30.070  -60.433  26.208 0.6000000238
15964  31.233  -59.598  27.104 0.4000000060
16012  30.840  -59.832  24.039 0.5000000000
15129  31.669  -60.131  21.550 0.6000000238
17831  30.481  -56.935  17.354 0.5000000000
15054  31.392  -60.224  27.509 0.4000000060
145546  32.296  -57.642  17.704 0.5000000000
127300  31.123  -57.389  18.276 0.5000000000
15089  29.378  -60.677  24.919 0.5000000000
15950  32.543  -59.250  28.132 0.4000000060
17830  31.493  -57.440  17.552 0.5000000000
17767  31.745  -57.323  20.759 0.5000000000
15998  30.622  -59.807  24.963 0.6000000238
17794  32.211  -57.420  19.763 0.5000000000
15100  31.123  -60.005  23.192 0.5000000000
15128  32.520  -60.075  21.319 0.6000000238
15948  34.181  -58.967  28.573 0.4000000060
16844  35.763  -58.602  28.453 0.4000000060
15971  31.023  -59.444  26.432 0.4000000060
17750  29.595  -57.252  22.199 0.5000000000
15997  31.375  -59.488  24.582 0.5000000000
17795  30.723  -57.428  20.711 0.5000000000
18640  29.995  -56.873  22.734 0.5000000000
15114  31.396  -60.095  22.365 0.6000000238
16041  33.041  -59.838  21.945 0.6000000238
15148  32.844  -60.029  20.275 0.6000000238
18660  32.876  -57.007  21.600 0.5000000000
18620  31.344  -56.365  23.261 0.5000000000
18622  29.528  -56.487  23.362 0.4000000060
16010  33.303  -59.364  23.195 0.5000000000
137446  31.683  -59.630  23.775 0.5000000000
16023  33.565  -59.485  22.540 0.6000000238
125916  33.804  -59.645  21.755 0.6000000238
134593  33.993  -59.785  21.020 0.6000000238
16039  35.315  -59.534  21.040 0.6000000238
16055  34.686  -59.884  20.410 0.6000000238
15963  31.894  -59.280  27.564 0.4000000060
16846  33.417  -58.313  28.445 0.4000000060
19458  31.709  -55.786  23.780 0.5000000000
19459  30.850  -56.000  23.906 0.5000000000
19443  29.181  -55.203  24.212 0.4000000060
18619  32.191  -56.188  23.155 0.6000000238
139248  29.231  -55.919  23.838 0.4000000060
15996  32.091  -59.341  24.316 0.6000000238
16890  33.958  -59.119  23.138 0.6000000238
16905  35.293  -58.882  22.420 0.6000000238
132595  36.169  -58.667  22.356 0.6000000238
17679  35.232  -57.746  28.734 0.4000000060
19441  31.203  -55.373  24.373 0.5000000000
140970  29.855  -55.013  24.610 0.4000000060
21112  28.252  -54.004  23.519 0.4000000060
16867  32.289  -58.519  25.473 0.6000000238
16858  32.067  -58.370  26.369 0.4000000060
132806  33.593  -58.455  24.325 0.6000000238
16879  31.871  -59.099  25.051 0.6000000238
16891  33.430  -59.033  23.782 0.5000000000
151188  35.627  -58.365  23.133 0.6000000238
132883  34.147  -58.609  23.686 0.5000000000
16919  36.763  -59.104  21.509 0.6000000238
17678  36.456  -57.989  28.672 0.4000000060
17682  32.847  -58.202  28.120 0.4000000060
20245  32.336  -54.401  24.548 0.6000000238
20226  30.865  -54.123  25.253 0.5000000000
141572  29.081  -53.007  24.452 0.5000000000
21992  28.564  -53.199  23.597 0.5000000000
17694  32.952  -57.118  26.291 0.4000000060
17686  32.659  -57.971  27.615 0.4000000060
17703  33.292  -57.377  25.477 0.5000000000
17732  34.726  -57.457  24.372 0.5000000000
17731  35.688  -57.641  23.752 0.5000000000
16904  36.452  -58.198  22.969 0.6000000238
129036  37.166  -58.505  22.319 0.6000000238
16918  37.790  -59.178  21.359 0.6000000238
18563  34.984  -56.736  28.881 0.4000000060
16845  34.258  -58.061  28.622 0.4000000060
17671  35.913  -57.056  29.085 0.4000000060
17670  36.897  -57.246  29.223 0.4000000060
150032  33.589  -53.784  23.882 0.6000000238
18564  34.276  -56.419  28.488 0.4000000060
150309  33.725  -57.597  28.438 0.4000000060
21079  31.176  -53.304  25.396 0.6000000238
21974  29.744  -52.811  25.154 0.5000000000
142489  28.894  -52.412  23.626 0.4000000060
18577  33.417  -56.432  26.854 0.4000000060
17716  33.815  -57.756  24.718 0.5000000000
17730  36.573  -57.607  23.419 0.5000000000
17746  37.809  -57.958  22.743 0.6000000238
16903  38.222  -58.602  22.034 0.6000000238
16902  39.259  -58.759  21.784 0.6000000238
19392  36.806  -55.737  30.032 0.4000000060
148560  33.205  -52.707  24.233 0.6000000238
21989  32.723  -52.865  24.741 0.6000000238
21973  30.567  -52.626  25.414 0.5000000000
22979  29.345  -51.099  23.059 0.5000000000
19401  33.735  -55.996  27.664 0.4000000060
18587  33.540  -56.588  25.844 0.4000000060
18586  34.281  -56.258  25.454 0.5000000000
17715  35.611  -56.782  24.447 0.5000000000
17745  38.735  -58.035  22.587 0.5000000000
18555  37.306  -56.597  29.791 0.4000000060
133961  32.886  -52.114  24.553 0.6000000238
147843  31.725  -51.808  25.316 0.5000000000
22944  30.083  -51.143  24.807 0.5000000000
18603  34.733  -56.687  24.859 0.5000000000
18617  37.027  -56.909  23.741 0.4000000060
17727  39.263  -57.440  23.104 0.4000000060
17744  39.756  -58.176  22.439 0.4000000060
16901  40.498  -59.039  21.370 0.6000000238
16033  41.926  -59.391  20.560 0.4000000060
19381  38.186  -55.125  30.508 0.4000000060
19394  35.390  -55.162  29.335 0.4000000060
22978  34.080  -51.769  22.753 0.6000000238
19397  34.729  -55.098  28.757 0.4000000060
22942  33.123  -51.363  24.159 0.5000000000
22928  31.432  -51.165  25.204 0.5000000000
24731  30.105  -49.943  24.207 0.4000000060
23856  32.675  -50.510  24.374 0.4000000060
19439  36.051  -55.944  24.849 0.5000000000
18602  36.571  -56.461  24.286 0.5000000000
18600  38.391  -56.199  24.173 0.6000000238
140336  40.104  -57.558  22.981 0.4000000060
17743  40.977  -58.186  22.334 0.4000000060
148543  43.337  -58.803  21.393 0.4000000060
18614  39.988  -56.812  23.630 0.5000000000
23889  34.169  -50.677  21.988 0.5000000000
23872  33.427  -50.571  23.605 0.6000000238
23890  33.876  -50.137  22.808 0.4000000060
17741  43.439  -58.134  22.054 0.5000000000
16915  43.484  -58.877  21.080 0.5000000000
18598  40.463  -56.004  24.272 0.5000000000
18615  38.858  -56.765  23.644 0.5000000000
17726  40.760  -57.309  23.219 0.5000000000
17725  41.686  -57.408  22.923 0.5000000000
20191  35.766  -54.318  29.355 0.4000000060
19521  42.884  -55.351  17.383 0.5000000000
18651  44.076  -57.828  20.701 0.4000000060
17740  43.968  -58.100  21.470 0.5000000000
18612  42.242  -56.597  23.391 0.5000000000
18613  41.224  -56.551  23.762 0.5000000000
25688  34.166  -48.934  21.895 0.4000000060
19516  43.081  -55.685  18.197 0.4000000060
20294  42.998  -55.271  19.717 0.4000000060
19505  43.607  -56.645  19.563 0.5000000000
19495  43.827  -56.791  20.493 0.5000000000
19470  43.200  -56.476  22.487 0.5000000000
143072  43.814  -57.197  21.509 0.5000000000
138226  42.695  -56.216  23.206 0.5000000000
144367  42.845  -55.532  22.315 0.5000000000
19484  42.973  -55.522  21.525 0.4000000060
18637  32.566  -56.620  22.481 0.5000000000
20263  32.880  -54.837  23.936 0.6000000238
149325  32.298  -57.190  21.217 0.6000000238
20244  33.062  -54.101  24.204 0.6000000238
17844  30.965  -57.321  16.718 0.5000000000
16916  39.857  -59.468  20.749 0.6000000238
16900  41.848  -59.255  21.183 0.4000000060
17749  30.368  -57.171  22.133 0.5000000000
18638  31.934  -57.046  21.850 0.5000000000
18639  31.004  -56.877  22.530 0.5000000000
19442  30.377  -55.519  24.348 0.4000000060
20249  28.597  -54.624  24.012 0.4000000060
16866  33.072  -58.161  25.081 0.6000000238
20247  30.627  -54.849  24.797 0.6000000238
20228  29.486  -53.661  24.959 0.4000000060
18568  33.437  -56.736  27.777 0.4000000060
21098  32.546  -53.633  24.724 0.6000000238
21099  31.784  -53.902  25.117 0.6000000238
21080  30.247  -53.492  25.349 0.5000000000
22012  28.629  -52.731  22.862 0.5000000000
21140  28.356  -53.446  21.331 0.5000000000
22011  29.233  -51.665  23.700 0.5000000000
22927  32.251  -52.279  25.146 0.5000000000
21991  29.382  -52.179  24.505 0.5000000000
138596  30.966  -51.829  25.410 0.5000000000
17729  37.447  -57.442  23.303 0.5000000000
22962  29.460  -51.039  23.901 0.5000000000
18585  35.142  -56.107  25.146 0.5000000000
22961  33.665  -51.539  23.379 0.6000000238
17742  42.505  -58.538  21.954 0.3000000119
20283  42.851  -55.303  20.803 0.4000000060
8539  32.763  -69.485  26.360 0.3000000119
7907  32.497  -69.984  24.609 0.3000000119
8550  32.941  -69.184  25.678 0.3000000119
128931  34.275  -69.750  23.470 0.3000000119
7906  33.207  -69.949  24.134 0.3000000119
8560  34.032  -68.846  24.346 0.3000000119
7939  35.155  -70.896  22.858 0.3000000119
8587  35.064  -69.590  23.001 0.3000000119
9176  37.196  -68.646  24.005 0.3000000119
9195  34.822  -68.589  24.000 0.3000000119
8586  35.674  -68.847  22.725 0.3000000119
7938  35.622  -70.457  22.452 0.3000000119
9193  36.485  -68.472  23.394 0.3000000119
9191  38.463  -68.806  22.756 0.3000000119
9192  37.425  -68.514  23.118 0.3000000119
9207  36.737  -68.507  22.559 0.4000000060
8585  36.304  -68.699  22.114 0.4000000060
8600  36.186  -69.369  21.465 0.4000000060
7302  36.150  -71.277  21.192 0.3000000119
9219  38.960  -69.213  20.648 0.3000000119
9220  37.897  -68.612  21.120 0.4000000060
138989  37.273  -68.486  20.537 0.4000000060
9221  36.738  -68.745  21.052 0.4000000060
9218  39.686  -69.540  21.057 0.3000000119
8616  36.136  -68.982  20.575 0.4000000060
9252  40.360  -68.524  19.839 0.4000000060
128312  39.591  -69.520  20.134 0.4000000060
7971  35.836  -70.144  20.821 0.4000000060
7972  34.998  -70.662  20.747 0.3000000119
9234  38.534  -68.950  19.897 0.4000000060
9236  36.684  -68.359  20.021 0.4000000060
139363  39.277  -69.037  19.475 0.4000000060
9237  36.008  -68.314  19.805 0.5000000000
11261  27.602  -65.836  20.099 0.5000000000
9896  39.839  -67.818  19.220 0.4000000060
146458  35.647  -69.007  20.517 0.4000000060
9260  27.558  -68.651  20.234 0.3000000119
9241  27.452  -68.396  21.073 0.4000000060
7954  31.761  -70.393  21.364 0.3000000119
16982  30.199  -57.945  16.013 0.4000000060
17858  29.363  -57.207  16.258 0.4000000060
13498  29.896  -62.219  19.226 0.4000000060
145486  29.361  -62.162  19.869 0.4000000060
13499  29.339  -62.865  19.526 0.4000000060
9254  38.457  -68.504  19.025 0.4000000060
9235  37.520  -68.337  19.474 0.3000000119
9256  36.793  -67.787  19.056 0.5000000000
13500  28.759  -63.215  19.986 0.4000000060
11965  27.974  -64.564  20.419 0.4000000060
141801  38.884  -67.954  18.773 0.4000000060
9885  27.469  -67.509  20.837 0.4000000060
8617  35.082  -69.556  20.636 0.4000000060
10546  27.478  -67.072  21.506 0.5000000000
8618  34.036  -69.888  21.019 0.5000000000
8607  27.502  -69.005  21.832 0.4000000060
8620  27.671  -69.381  20.931 0.4000000060
7953  32.573  -70.234  21.262 0.3000000119
7957  28.507  -70.299  21.460 0.4000000060
15166  31.077  -61.046  18.662 0.4000000060
9897  37.306  -67.506  18.113 0.4000000060
12699  28.019  -63.980  21.044 0.4000000060
127501  27.734  -64.718  21.164 0.5000000000
9898  36.436  -67.181  18.262 0.4000000060
9257  35.792  -67.573  19.076 0.4000000060
135366  27.520  -66.227  21.467 0.5000000000
9914  37.103  -66.929  17.623 0.4000000060
9899  35.501  -66.920  18.488 0.4000000060
9258  35.036  -67.463  19.164 0.4000000060
9882  34.424  -67.665  19.962 0.5000000000
9239  33.549  -68.883  21.037 0.5000000000
11950  27.596  -64.972  21.834 0.4000000060
127979  27.440  -66.733  22.509 0.5000000000
10588  36.079  -65.830  17.687 0.4000000060
8601  33.085  -69.610  21.220 0.5000000000
9866  27.450  -67.690  22.198 0.4000000060
8602  32.371  -69.535  21.510 0.4000000060
137143  30.471  -69.746  22.230 0.4000000060
7940  28.663  -70.134  22.092 0.4000000060
8589  28.248  -69.567  22.622 0.4000000060
12679  28.022  -63.292  21.674 0.4000000060
13465  28.069  -62.567  22.428 0.3000000119
9900  34.733  -66.849  19.064 0.4000000060
9883  33.671  -67.419  20.424 0.4000000060
128000  27.515  -65.691  22.158 0.4000000060
21126  27.790  -54.108  22.039 0.4000000060
10572  34.971  -66.109  18.955 0.4000000060
9240  33.263  -68.018  21.011 0.5000000000
9223  32.067  -68.754  21.807 0.5000000000
11235  27.422  -65.891  23.211 0.5000000000
9856  27.511  -67.744  23.286 0.4000000060
11260  33.775  -66.030  20.428 0.4000000060
8603  31.275  -69.275  22.150 0.4000000060
9199  27.744  -68.592  23.279 0.4000000060
8588  29.031  -69.721  22.711 0.4000000060
9198  28.230  -68.736  23.777 0.4000000060
133569  28.546  -61.709  22.073 0.4000000060
12680  27.771  -63.400  22.378 0.3000000119
145358  34.068  -67.003  19.817 0.4000000060
9884  33.066  -67.128  20.997 0.4000000060
11935  27.505  -64.875  22.752 0.3000000119
10544  33.202  -66.297  20.921 0.4000000060
9872  32.476  -67.140  21.719 0.4000000060
132934  32.635  -67.930  21.490 0.4000000060
9209  31.417  -68.472  22.438 0.5000000000
11247  33.447  -65.604  21.192 0.4000000060
10532  32.442  -66.382  22.059 0.4000000060
9865  30.885  -68.145  23.145 0.4000000060
9196  29.985  -68.561  23.639 0.4000000060
9182  27.820  -68.132  24.076 0.4000000060
15131  29.902  -60.337  21.828 0.4000000060
9864  31.512  -67.750  22.680 0.4000000060
6094  34.898  -73.104  17.540 0.3000000119
9175  38.229  -68.924  23.766 0.3000000119
9190  39.514  -69.352  22.211 0.3000000119
147610  40.774  -69.696  20.570 0.4000000060
10570  39.364  -66.947  18.630 0.4000000060
10586  37.705  -66.544  17.428 0.4000000060
11279  38.196  -65.990  17.529 0.4000000060
11271  36.360  -65.258  17.932 0.4000000060
13466  27.702  -63.148  23.068 0.3000000119
11246  34.092  -65.322  20.773 0.4000000060
14265  28.332  -61.710  22.967 0.4000000060
150149  27.543  -63.660  23.537 0.4000000060
11224  27.397  -65.172  23.809 0.4000000060
11234  32.612  -65.622  22.385 0.4000000060
9863  31.890  -67.020  22.494 0.4000000060
9853  31.230  -67.249  23.276 0.4000000060
9854  30.395  -67.746  23.929 0.4000000060
9843  28.113  -67.491  24.575 0.3000000119
10506  27.766  -66.798  24.591 0.4000000060
10533  31.957  -66.120  22.853 0.4000000060
127604  27.512  -66.609  20.625 0.4000000060
14264  28.810  -61.152  22.601 0.4000000060
7924  32.867  -70.602  23.858 0.3000000119
7284  34.398  -71.220  23.099 0.3000000119
6697  35.131  -73.051  18.560 0.3000000119
8573  34.476  -69.024  23.658 0.3000000119
9208  35.953  -68.577  22.932 0.4000000060
129024  35.824  -69.450  22.245 0.4000000060
9206  37.641  -68.530  22.178 0.3000000119
9205  38.686  -68.889  21.686 0.3000000119
132115  37.031  -68.495  21.658 0.4000000060
8584  40.462  -69.785  21.601 0.3000000119
9881  40.404  -67.618  19.811 0.4000000060
9238  35.174  -68.329  19.946 0.4000000060
133173  31.083  -70.027  21.774 0.3000000119
128473  34.377  -68.781  20.649 0.5000000000
11280  37.413  -65.721  17.432 0.4000000060
9210  30.543  -69.025  22.811 0.4000000060
9181  28.503  -68.177  24.355 0.4000000060
14227  28.867  -61.724  25.899 0.4000000060
139804  28.913  -61.242  25.287 0.4000000060
14216  30.267  -61.721  26.896 0.4000000060
15066  30.056  -60.966  26.659 0.3000000119
15075  29.436  -60.942  25.925 0.5000000000
15102  29.447  -60.632  23.906 0.4000000060
15101  30.235  -60.223  23.477 0.4000000060
13434  40.123  -62.028  23.841 0.3000000119
14236  39.650  -61.856  23.565 0.3000000119
15049  37.031  -60.268  26.814 0.3000000119
132201  34.959  -60.438  27.623 0.3000000119
15947  35.197  -59.212  28.305 0.3000000119
15949  33.292  -59.224  28.441 0.3000000119
144694  39.131  -61.548  24.226 0.3000000119
15062  38.535  -60.635  26.287 0.3000000119
145549  37.754  -60.286  26.789 0.3000000119
13415  40.486  -62.112  24.443 0.3000000119
13414  40.609  -62.074  24.944 0.3000000119
15962  35.618  -59.935  27.733 0.3000000119
16843  36.534  -58.757  28.299 0.3000000119
15061  39.601  -61.183  25.602 0.3000000119
15958  39.679  -59.966  27.449 0.3000000119
15960  37.402  -59.770  27.329 0.3000000119
14207  41.598  -62.055  26.164 0.3000000119
15045  41.233  -61.296  26.638 0.3000000119
133761  40.930  -59.796  28.134 0.3000000119
15044  42.064  -61.764  26.822 0.3000000119
136190  41.869  -60.150  28.158 0.3000000119
13400  41.628  -62.293  26.233 0.3000000119
146198  38.546  -59.013  28.073 0.3000000119
134672  38.820  -58.611  28.544 0.3000000119
17669  37.819  -57.383  29.425 0.3000000119
15043  42.830  -62.060  27.257 0.3000000119
15942  40.048  -59.486  28.105 0.3000000119
16834  40.002  -58.259  29.172 0.3000000119
15033  43.292  -61.615  27.769 0.3000000119
15933  42.262  -59.507  28.866 0.3000000119
15934  41.298  -59.221  28.777 0.3000000119
16832  42.714  -58.610  29.521 0.3000000119
18554  38.231  -56.761  29.999 0.3000000119
17667  39.586  -57.609  29.664 0.3000000119
18553  39.146  -56.901  30.126 0.3000000119
18545  38.685  -56.027  30.381 0.3000000119
19393  36.309  -54.858  29.921 0.3000000119
19380  39.246  -55.222  30.534 0.3000000119
20174  38.657  -54.371  30.476 0.3000000119
20176  36.932  -54.231  30.166 0.3000000119
14203  30.734  -60.994  27.232 0.3000000119
14217  29.536  -61.671  26.437 0.4000000060
15035  34.510  -59.838  28.209 0.3000000119
17677  37.476  -57.951  28.790 0.3000000119
13409  29.095  -62.417  26.306 0.5000000000
14222  39.990  -61.755  23.963 0.3000000119
15959  38.787  -59.620  27.558 0.3000000119
134492  36.263  -60.287  27.210 0.3000000119
15051  34.126  -60.591  27.853 0.3000000119
15052  33.008  -60.600  28.057 0.3000000119
15047  39.294  -60.501  26.698 0.3000000119
14209  40.641  -61.843  24.964 0.3000000119
135517  38.056  -58.562  28.401 0.3000000119
15957  40.598  -60.329  27.426 0.3000000119
143082  43.640  -61.077  28.255 0.3000000119
15932  43.451  -60.005  28.967 0.3000000119
16841  39.611  -58.745  28.611 0.3000000119
14193  44.053  -62.048  28.410 0.3000000119
134829  40.822  -58.433  29.258 0.3000000119
11209  27.957  -66.006  24.934 0.3000000119
10505  28.444  -66.640  25.052 0.4000000060
11208  31.171  -65.160  24.340 0.4000000060
144413  30.049  -65.242  25.399 0.4000000060
11888  27.766  -64.521  24.994 0.3000000119
11885  30.882  -64.267  25.478 0.4000000060
11903  31.498  -64.387  24.733 0.3000000119
11197  28.144  -65.225  25.240 0.4000000060
11194  30.026  -64.554  25.794 0.4000000060
12632  31.484  -63.768  25.627 0.3000000119
11887  28.410  -64.345  25.629 0.3000000119
11886  29.140  -64.509  25.934 0.4000000060
12633  30.532  -63.819  26.111 0.4000000060
128966  28.069  -62.840  25.217 0.3000000119
12619  28.820  -63.057  26.180 0.4000000060
12617  30.165  -63.186  26.534 0.4000000060
12652  27.770  -63.177  24.629 0.3000000119
13440  27.962  -62.489  24.373 0.3000000119
14251  28.796  -61.087  23.433 0.3000000119
13454  27.939  -62.413  23.429 0.3000000119
12634  29.649  -63.827  26.221 0.4000000060
11195  29.385  -65.229  25.596 0.4000000060
8615  41.300  -69.415  20.982 0.3000000119
10520  30.705  -66.876  24.090 0.3000000119
9173  42.518  -67.465  24.753 0.3000000119
129163  42.328  -67.354  23.893 0.3000000119
9204  41.835  -68.655  22.298 0.3000000119
9232  40.926  -69.106  20.358 0.3000000119
10503  30.164  -66.394  24.743 0.3000000119
10519  31.358  -66.418  23.495 0.3000000119
9830  41.457  -66.861  25.278 0.3000000119
133346  42.044  -67.240  22.720 0.3000000119
125909  42.266  -66.936  23.692 0.3000000119
10540  41.070  -67.211  21.214 0.3000000119
10556  40.054  -66.965  19.408 0.3000000119
11223  30.906  -65.982  24.160 0.3000000119
9817  39.318  -67.332  27.035 0.3000000119
132111  40.810  -66.743  24.585 0.3000000119
9823  39.858  -67.149  26.325 0.3000000119
9862  41.669  -67.297  22.220 0.3000000119
9852  41.485  -66.713  23.682 0.3000000119
10555  40.533  -67.053  20.259 0.3000000119
9832  38.877  -67.029  25.666 0.3000000119
133359  40.034  -66.702  23.804 0.3000000119
10527  40.948  -66.973  22.023 0.3000000119
10514  40.647  -66.760  22.870 0.3000000119
10557  39.515  -66.164  19.205 0.3000000119
11270  37.129  -65.148  17.838 0.3000000119
11258  35.260  -65.385  19.262 0.3000000119
9824  38.697  -67.203  26.597 0.3000000119
132420  39.949  -66.490  19.991 0.3000000119
10541  40.034  -66.670  20.982 0.3000000119
11973  38.311  -64.887  18.766 0.3000000119
11222  31.593  -65.585  23.608 0.3000000119
10488  38.061  -66.970  25.550 0.3000000119
9833  37.986  -67.070  26.108 0.3000000119
10499  38.659  -66.771  23.877 0.3000000119
10528  39.638  -66.671  22.043 0.3000000119
11257  38.851  -65.281  19.419 0.3000000119
11975  36.966  -64.694  18.548 0.3000000119
11949  33.845  -64.978  21.654 0.3000000119
11221  32.261  -65.251  23.131 0.3000000119
11919  31.861  -64.795  23.834 0.3000000119
9842  28.860  -67.447  24.798 0.3000000119
10516  38.043  -66.586  23.129 0.3000000119
10542  39.133  -65.916  20.436 0.3000000119
11960  37.767  -64.337  19.389 0.3000000119
11963  34.885  -65.041  20.351 0.3000000119
9871  41.588  -67.829  21.462 0.3000000119
146920  42.385  -67.076  24.358 0.3000000119
9850  42.233  -67.236  23.081 0.3000000119
7922  34.523  -70.424  23.208 0.3000000119
7955  30.809  -70.742  21.296 0.3000000119
7970  36.048  -70.109  21.081 0.4000000060
8561  33.223  -69.362  24.788 0.3000000119
8572  35.224  -68.725  23.312 0.3000000119
8574  33.783  -69.473  23.959 0.3000000119
8575  28.639  -69.244  23.296 0.4000000060
8576  27.993  -69.119  23.157 0.4000000060
8590  27.739  -69.131  22.557 0.4000000060
8598  40.997  -69.886  21.200 0.3000000119
8599  40.399  -69.714  20.660 0.4000000060
8605  29.578  -70.124  22.185 0.4000000060
8606  27.917  -69.765  21.841 0.4000000060
9180  33.697  -68.766  25.259 0.3000000119
9194  35.643  -68.504  23.693 0.3000000119
9197  29.016  -68.796  23.939 0.4000000060
9211  29.511  -69.229  23.241 0.4000000060
9212  27.551  -68.463  22.525 0.4000000060
9217  41.696  -68.646  21.598 0.3000000119
9222  32.833  -68.769  21.376 0.5000000000
9224  27.449  -68.301  21.833 0.4000000060
9231  41.430  -68.628  20.906 0.3000000119
9233  40.192  -69.468  19.931 0.4000000060
9253  39.673  -68.716  19.466 0.4000000060
9255  37.808  -68.017  18.538 0.4000000060
9273  38.303  -68.053  18.496 0.4000000060
9829  42.353  -67.120  25.141 0.3000000119
9831  40.206  -66.904  25.448 0.3000000119
9839  42.025  -66.799  24.424 0.3000000119
9840  39.410  -66.838  24.724 0.3000000119
9841  29.815  -67.248  24.593 0.3000000119
9844  27.653  -67.457  24.169 0.4000000060
9851  41.900  -66.931  22.869 0.3000000119
9855  29.413  -68.091  24.351 0.4000000060
9861  41.963  -67.722  22.397 0.3000000119
9873  32.020  -67.847  22.078 0.4000000060
9874  27.448  -67.780  21.480 0.4000000060
9880  41.014  -67.956  20.494 0.3000000119
9913  38.000  -67.532  17.860 0.4000000060
9915  36.178  -66.479  17.831 0.4000000060
10491  28.963  -65.959  25.435 0.4000000060
10504  29.281  -66.650  25.117 0.3000000119
10515  39.126  -66.722  22.981 0.3000000119
10521  27.454  -66.809  23.741 0.4000000060
10545  32.799  -66.555  21.417 0.4000000060
10558  34.273  -66.464  19.740 0.4000000060
10559  33.628  -66.703  20.338 0.4000000060
10571  35.478  -66.265  18.223 0.4000000060
10573  27.502  -66.547  19.661 0.5000000000
10585  38.523  -66.806  17.916 0.4000000060
10587  36.798  -66.141  17.425 0.4000000060
11196  28.739  -65.209  25.574 0.4000000060
11210  27.649  -65.275  24.652 0.3000000119
11233  33.198  -65.254  21.996 0.4000000060
11248  32.903  -65.920  21.607 0.4000000060
11249  27.589  -65.445  21.307 0.5000000000
11259  34.504  -65.767  19.905 0.4000000060
11272  35.741  -65.629  18.168 0.4000000060
11281  36.545  -65.572  17.602 0.4000000060
11282  36.185  -65.589  17.745 0.4000000060
11904  30.716  -64.863  25.122 0.4000000060
11905  27.477  -64.630  24.305 0.3000000119
11920  27.448  -64.344  23.596 0.4000000060
11934  32.916  -64.942  22.761 0.3000000119
11948  34.600  -64.738  21.328 0.3000000119
11964  28.328  -63.904  20.261 0.4000000060
11974  37.670  -64.810  18.414 0.3000000119
11976  36.083  -64.935  18.759 0.3000000119
11998  31.336  -64.031  16.171 0.4000000060
12011  30.552  -63.828  15.613 0.5000000000
12618  29.378  -63.124  26.386 0.5000000000
12635  28.417  -63.386  25.780 0.4000000060
12636  27.896  -63.695  25.206 0.3000000119
12653  27.542  -63.862  24.344 0.4000000060
12667  27.572  -63.915  22.857 0.3000000119
12688  27.680  -64.148  21.930 0.3000000119
12698  28.372  -63.224  20.848 0.5000000000
12721  29.713  -64.267  18.287 0.5000000000
12722  28.894  -64.366  18.720 0.6000000238
12731  31.916  -63.470  16.285 0.4000000060
12747  32.140  -62.932  15.755 0.4000000060
12760  31.194  -63.475  15.667 0.5000000000
13390  43.026  -62.456  27.485 0.3000000119
13401  41.104  -62.289  25.789 0.3000000119
13408  29.822  -62.441  26.626 0.5000000000
13423  28.535  -62.537  25.822 0.4000000060
13455  27.688  -63.098  23.889 0.3000000119
13475  28.427  -62.491  21.491 0.5000000000
13487  29.037  -62.499  20.101 0.4000000060
13516  29.864  -63.392  18.749 0.5000000000
13527  32.337  -62.695  16.309 0.4000000060
13558  32.202  -62.382  15.617 0.4000000060
13559  31.182  -63.131  15.634 0.4000000060
14197  43.512  -62.171  27.827 0.3000000119
14198  42.237  -62.313  26.812 0.3000000119
14199  34.840  -61.121  27.142 0.3000000119
14208  41.021  -62.123  25.592 0.3000000119
14221  40.431  -62.022  24.249 0.3000000119
14238  28.799  -61.146  24.440 0.4000000060
14239  28.362  -61.887  25.072 0.4000000060
14252  28.307  -61.739  23.953 0.3000000119
14277  29.315  -61.141  20.852 0.5000000000
14289  29.590  -61.474  20.048 0.5000000000
14311  30.579  -61.839  18.688 0.4000000060
14341  31.162  -61.763  16.021 0.4000000060
14351  32.184  -62.258  15.569 0.4000000060
14352  31.658  -62.517  15.612 0.4000000060
15034  42.468  -61.211  27.503 0.3000000119
15036  33.581  -59.967  28.345 0.3000000119
15037  32.884  -59.821  28.305 0.3000000119
15046  40.331  -60.829  26.645 0.3000000119
15048  38.242  -60.033  27.153 0.3000000119
15050  35.648  -60.641  27.169 0.3000000119
15060  40.958  -61.709  25.803 0.3000000119
15065  30.624  -60.187  26.831 0.3000000119
15072  40.121  -61.671  24.571 0.3000000119
15073  38.951  -61.267  25.168 0.3000000119
15074  29.982  -60.300  25.411 0.6000000238
15088  30.074  -60.221  24.440 0.5000000000
15113  32.250  -59.987  22.148 0.6000000238
15116  29.512  -60.603  22.794 0.4000000060
15127  33.321  -59.956  21.134 0.6000000238
15130  30.764  -60.161  21.716 0.6000000238
15147  33.799  -59.995  20.351 0.6000000238
15150  29.861  -60.669  20.455 0.5000000000
15164  33.596  -59.987  18.608 0.6999999881
15165  32.684  -59.981  18.946 0.6999999881
15176  36.644  -60.293  17.662 0.6999999881
15192  37.254  -60.134  17.358 0.6999999881
15194  35.392  -59.566  17.123 0.6000000238
15206  33.119  -59.890  15.679 0.5000000000
15207  32.860  -60.573  15.730 0.5000000000
15941  42.832  -60.596  28.236 0.3000000119
15943  39.227  -59.214  28.078 0.3000000119
15944  37.893  -59.215  27.792 0.3000000119
15945  36.973  -59.216  27.877 0.3000000119
15946  36.129  -59.288  28.083 0.3000000119
15956  41.547  -60.736  27.403 0.3000000119
15961  36.571  -59.778  27.515 0.3000000119
15982  31.110  -59.382  25.488 0.6000000238
15983  30.474  -59.846  25.935 0.6000000238
16011  32.620  -59.435  23.642 0.5000000000
16022  34.427  -59.250  22.344 0.6000000238
16024  32.801  -59.643  22.739 0.6000000238
16025  31.990  -59.797  22.970 0.5000000000
16034  41.341  -59.581  20.510 0.5000000000
16035  40.418  -60.164  19.727 0.6000000238
16040  34.527  -59.533  21.419 0.6000000238
16051  40.661  -60.031  19.045 0.6000000238
16062  41.411  -59.444  19.857 0.6000000238
16063  40.858  -59.724  19.295 0.5000000000
16066  39.239  -60.670  17.633 0.6000000238
16090  36.958  -59.794  17.135 0.6999999881
16107  32.537  -59.681  15.353 0.5000000000
16833  41.684  -58.577  29.332 0.3000000119
16835  39.174  -58.148  29.118 0.3000000119
16836  38.342  -58.043  28.983 0.3000000119
16840  40.433  -58.954  28.686 0.3000000119
16842  37.247  -58.607  28.302 0.3000000119
16847  32.480  -58.635  27.852 0.4000000060
16850  32.170  -58.495  27.219 0.4000000060
16859  31.575  -58.969  26.847 0.4000000060
16868  31.564  -58.888  25.970 0.4000000060
16877  34.252  -58.111  24.157 0.5000000000
16878  32.735  -58.901  24.532 0.6000000238
16889  34.882  -58.183  23.713 0.5000000000
16898  43.700  -58.582  21.298 0.5000000000
16899  42.874  -59.218  21.092 0.4000000060
16906  34.735  -58.760  23.094 0.6000000238
16917  38.822  -59.340  21.118 0.6999999881
16920  35.804  -59.140  21.654 0.6000000238
16930  43.917  -58.491  20.894 0.5000000000
16931  43.563  -58.556  20.727 0.6000000238
16933  40.931  -59.004  19.168 0.5000000000
16953  38.120  -60.000  17.024 0.6000000238
16954  37.123  -59.313  17.267 0.6999999881
16966  36.547  -59.350  17.165 0.6999999881
16968  32.586  -58.197  16.250 0.6000000238
16979  33.990  -58.909  16.486 0.6000000238
17668  38.720  -57.494  29.570 0.3000000119
17680  34.325  -57.229  28.597 0.4000000060
17681  33.162  -57.531  28.083 0.4000000060
17685  33.001  -57.251  27.247 0.4000000060
17695  32.526  -57.799  26.769 0.4000000060
17702  34.028  -56.991  25.085 0.5000000000
17704  32.597  -57.805  25.872 0.4000000060
17714  36.285  -57.072  23.896 0.4000000060
17724  42.656  -57.542  22.692 0.5000000000
17728  38.322  -57.395  23.193 0.4000000060
17747  37.089  -57.968  23.001 0.6000000238
17748  31.026  -57.258  21.596 0.5000000000
17765  34.343  -57.227  20.745 0.6000000238
17782  43.917  -58.049  20.381 0.6000000238
17789  37.034  -57.646  19.915 0.6000000238
17792  33.749  -57.483  20.026 0.6000000238
17809  39.153  -58.583  18.591 0.6999999881
17842  32.990  -58.066  17.335 0.6000000238
17845  29.917  -56.697  16.591 0.4000000060
17857  30.525  -57.437  16.190 0.4000000060
18546  37.723  -55.881  30.266 0.4000000060
18556  36.415  -56.415  29.541 0.4000000060
18557  35.546  -56.139  29.284 0.4000000060
18558  34.801  -55.840  28.877 0.4000000060
18565  33.817  -56.314  28.135 0.4000000060
18597  41.460  -55.701  24.230 0.5000000000
18601  37.460  -56.284  24.182 0.5000000000
18616  37.906  -56.799  23.673 0.5000000000
18621  30.451  -56.483  23.325 0.5000000000
18630  43.587  -57.437  22.132 0.5000000000
18631  43.102  -57.090  22.792 0.5000000000
18654  38.681  -56.346  21.362 0.6000000238
18656  36.718  -56.571  21.634 0.6000000238
18670  43.860  -57.389  20.020 0.6000000238
18671  43.441  -57.366  19.771 0.6000000238
18673  40.355  -56.964  20.588 0.6000000238
18681  43.576  -56.956  19.597 0.6000000238
19382  37.226  -54.989  30.374 0.3000000119
19398  34.220  -55.623  28.286 0.4000000060
19424  35.557  -55.432  25.535 0.5000000000
19440  32.070  -55.158  24.260 0.6000000238
19456  33.454  -55.402  23.495 0.6999999881
19460  30.018  -56.083  23.922 0.5000000000
19461  28.513  -55.468  23.689 0.4000000060
19472  36.731  -55.159  22.423 0.6999999881
19474  34.750  -55.861  22.902 0.6999999881
19487  38.453  -55.076  21.773 0.6000000238
19496  43.487  -55.979  20.002 0.5000000000
19498  40.300  -55.641  20.555 0.6000000238
19506  43.420  -55.961  19.001 0.5000000000
19523  42.285  -55.483  17.189 0.6000000238
19525  42.716  -55.089  16.866 0.6000000238
20175  37.746  -54.305  30.389 0.3000000119
20190  36.371  -54.135  29.726 0.4000000060
20227  30.007  -54.307  25.113 0.5000000000
20246  31.506  -54.662  24.785 0.6000000238
20248  29.293  -54.441  24.583 0.4000000060
20260  35.513  -54.436  22.964 0.6999999881
20273  42.551  -54.900  21.821 0.4000000060
20287  38.001  -54.379  21.843 0.6000000238
20296  39.536  -54.904  20.894 0.6000000238
20306  43.095  -55.351  18.741 0.4000000060
20309  38.951  -53.971  19.447 0.6000000238
20329  42.354  -55.177  16.716 0.6000000238
20334  40.392  -54.218  16.150 0.5000000000
20337  40.215  -53.913  15.793 0.5000000000
21023  37.445  -53.695  30.062 0.3000000119
21097  33.163  -53.368  24.278 0.6000000238
21100  28.785  -53.814  24.290 0.4000000060
21125  28.265  -53.479  22.613 0.5000000000
21138  36.791  -53.019  21.398 0.6999999881
21169  37.635  -53.116  19.377 0.6999999881
21170  36.908  -52.728  19.732 0.6000000238
21194  38.207  -53.172  17.037 0.6000000238
21196  39.530  -53.823  16.035 0.5000000000
21971  32.052  -53.090  25.213 0.6000000238
21972  31.486  -52.485  25.397 0.5000000000
21988  33.418  -52.172  23.840 0.6000000238
21990  30.083  -51.867  25.130 0.5000000000
22010  33.926  -52.297  23.171 0.6000000238
22054  36.167  -52.591  20.063 0.6999999881
22055  35.170  -52.156  20.303 0.6999999881
22091  36.607  -52.390  17.424 0.6999999881
22092  36.090  -52.035  17.976 0.6000000238
22095  37.283  -52.668  16.261 0.5000000000
22100  38.772  -53.044  15.644 0.5000000000
22929  30.657  -51.185  25.120 0.5000000000
22943  32.321  -51.345  24.912 0.5000000000
22945  29.623  -51.419  24.462 0.5000000000
23025  34.953  -51.337  19.232 0.6000000238
23048  35.876  -51.730  16.596 0.4000000060
23842  31.052  -50.637  24.990 0.5000000000
23857  31.784  -50.364  24.832 0.5000000000
23858  30.434  -50.602  24.707 0.5000000000
23859  29.806  -50.728  24.351 0.5000000000
23905  34.345  -50.294  21.248 0.5000000000
23923  34.496  -50.661  20.476 0.6000000238
24783  34.317  -49.532  21.208 0.4000000060
126132  33.649  -59.838  16.975 0.5000000000
127054  30.230  -60.234  21.048 0.6999999881
127984  36.070  -55.652  29.665 0.4000000060
128475  30.470  -65.600  24.881 0.4000000060
129077  32.005  -57.440  18.590 0.6000000238
129201  38.829  -65.832  18.256 0.4000000060
129682  29.690  -65.872  25.262 0.3000000119
129819  34.610  -49.664  19.053 0.5000000000
130031  28.921  -63.730  26.129 0.4000000060
130329  37.759  -66.604  23.829 0.3000000119
130615  35.696  -60.333  18.161 0.6000000238
130798  33.721  -56.946  28.267 0.4000000060
130838  27.522  -66.015  24.227 0.4000000060
131293  38.938  -66.336  21.471 0.3000000119
132273  27.693  -65.166  18.183 0.5000000000
132474  27.696  -65.238  20.565 0.5000000000
133962  29.669  -56.666  17.278 0.4000000060
134590  30.632  -62.524  26.856 0.4000000060
134758  33.974  -51.051  22.774 0.6000000238
135118  35.729  -51.278  16.206 0.4000000060
135854  33.847  -68.138  20.651 0.4000000060
136934  33.674  -53.011  23.662 0.6000000238
137469  36.127  -52.197  16.320 0.5000000000
137639  32.916  -60.229  17.200 0.4000000060
137720  42.960  -59.120  21.093 0.5000000000
138895  28.142  -70.071  21.073 0.4000000060
139016  38.084  -52.645  15.658 0.5000000000
139057  35.685  -60.079  17.585 0.6000000238
140711  40.218  -61.246  25.884 0.3000000119
141293  32.107  -58.831  15.311 0.4000000060
141627  31.746  -69.584  21.738 0.4000000060
142025  38.007  -65.292  17.867 0.3000000119
142458  34.919  -58.507  28.526 0.4000000060
142874  33.197  -59.997  17.949 0.6000000238
143039  29.168  -60.956  21.791 0.4000000060
144073  31.824  -56.627  22.654 0.5000000000
144143  43.398  -56.216  21.581 0.5000000000
144562  28.457  -65.833  25.275 0.4000000060
146843  32.857  -58.695  28.241 0.4000000060
147004  27.467  -67.982  20.359 0.4000000060
147118  34.412  -49.988  20.652 0.5000000000
147626  35.058  -59.238  21.804 0.6000000238
147856  31.646  -63.935  16.818 0.4000000060
149196  32.774  -58.147  16.757 0.6000000238
149408  38.962  -53.565  17.040 0.6999999881
149721  33.873  -59.518  28.473 0.3000000119
149802  41.854  -56.086  23.942 0.5000000000
149889  29.850  -69.596  22.645 0.4000000060
149997  28.234  -64.448  19.816 0.4000000060
150420  31.619  -66.700  23.016 0.4000000060
150852  36.081  -57.959  23.320 0.5000000000
150900  43.363  -55.912  20.876 0.4000000060
150939  37.306  -60.228  19.507 0.6999999881
151252  34.100  -57.682  19.454 0.6000000238
151466  35.658  -52.444  20.413 0.8000000119
151918  27.573  -65.863  20.800 0.4000000060
151962  31.279  -60.095  20.207 0.6999999881
152246  29.731  -55.585  24.224 0.4000000060
