#!ascii label  , from subject sub-v1s9x0051359_ses-1 vox2ras=TkReg
1362
2578  27.547  -80.108  21.432 0.5000000000
130286  23.005  -71.283  23.776 0.6000000238
7912  22.267  -70.390  24.648 0.6000000238
7913  21.528  -70.564  24.460 0.6000000238
8566  21.857  -69.752  24.807 0.6999999881
8567  21.250  -69.794  24.510 0.6000000238
8552  22.203  -68.942  25.038 0.6999999881
9185  21.341  -69.006  24.775 0.6000000238
141220  27.065  -76.429  15.307 0.5000000000
4054  29.288  -77.197  14.567 0.6000000238
4549  29.004  -76.187  14.788 0.6000000238
134887  27.613  -76.659  15.485 0.5000000000
3555  30.167  -78.934  15.063 0.5000000000
3556  29.882  -78.471  14.568 0.4000000060
4037  28.545  -76.536  14.791 0.6000000238
5541  21.733  -74.724  18.418 0.5000000000
142802  30.968  -82.221  20.108 0.4000000060
5531  21.748  -74.470  19.234 0.5000000000
135627  20.833  -74.513  18.907 0.5000000000
5521  22.439  -74.004  20.267 0.6000000238
6665  23.077  -72.969  22.267 0.6000000238
7942  23.568  -71.164  23.236 0.6000000238
7926  23.889  -70.406  23.210 0.6999999881
6638  23.092  -71.949  23.287 0.6000000238
7911  23.014  -70.152  24.450 0.6999999881
9200  24.161  -68.378  23.712 0.6000000238
8564  23.352  -69.226  24.467 0.6999999881
132317  24.256  -66.971  24.115 0.6000000238
9845  23.940  -67.873  24.396 0.6000000238
9167  23.310  -67.829  25.106 0.6999999881
10507  24.077  -66.211  24.495 0.6999999881
9186  20.762  -69.344  24.150 0.6000000238
4552  25.257  -77.269  13.696 0.5000000000
4551  26.875  -76.107  14.118 0.6000000238
128736  26.126  -76.895  14.122 0.5000000000
142109  29.841  -77.230  14.856 0.6000000238
5062  29.152  -76.070  14.829 0.6999999881
4550  27.784  -75.548  14.785 0.6000000238
128660  30.336  -79.410  15.878 0.4000000060
5539  23.364  -74.066  18.866 0.5000000000
5540  22.696  -74.542  18.677 0.5000000000
2589  28.753  -80.956  20.848 0.5000000000
5530  22.630  -74.246  19.538 0.5000000000
6663  24.154  -72.035  21.226 0.6999999881
6061  23.396  -73.238  20.892 0.6000000238
7292  24.242  -71.433  21.913 0.6999999881
7293  23.952  -72.123  22.017 0.6000000238
6664  23.610  -72.756  21.666 0.6000000238
7285  23.793  -71.692  22.608 0.6999999881
6654  23.432  -72.400  22.479 0.6000000238
132956  24.277  -70.207  22.566 0.6999999881
139602  24.281  -68.826  23.224 0.6000000238
8577  24.207  -69.565  23.068 0.6000000238
9857  24.401  -67.622  23.572 0.6000000238
8578  23.912  -69.079  23.764 0.6000000238
10522  24.558  -66.746  23.280 0.6000000238
11211  24.328  -65.330  23.993 0.6999999881
10509  21.456  -66.906  25.233 0.6999999881
9847  20.552  -67.578  24.201 0.5000000000
9834  23.290  -67.009  25.324 0.6999999881
9835  22.746  -67.328  25.447 0.6999999881
9846  21.141  -67.702  24.832 0.6000000238
5080  26.621  -75.443  13.792 0.5000000000
4565  26.141  -76.313  13.709 0.5000000000
4566  25.143  -76.696  13.455 0.5000000000
5594  27.581  -75.119  14.649 0.6999999881
4564  26.961  -75.604  14.000 0.6000000238
4531  30.147  -77.334  15.965 0.5000000000
4532  29.589  -76.642  15.134 0.6999999881
5048  28.628  -75.573  15.117 0.6999999881
5063  28.266  -75.516  15.079 0.6000000238
5064  27.221  -75.158  14.235 0.6000000238
3098  30.995  -79.336  16.858 0.4000000060
3546  30.708  -78.798  16.384 0.4000000060
4035  30.238  -78.058  15.244 0.5000000000
140538  23.656  -74.144  18.083 0.5000000000
6699  24.049  -72.720  19.049 0.5000000000
6085  23.667  -73.448  19.322 0.5000000000
140972  24.443  -71.641  20.430 0.6000000238
6675  23.873  -72.691  20.885 0.5000000000
133356  24.640  -70.406  20.959 0.6999999881
9242  24.903  -69.187  20.575 0.6000000238
8608  24.755  -69.632  21.237 0.6999999881
7958  24.480  -70.494  21.800 0.6999999881
146391  25.053  -68.471  20.430 0.6000000238
9225  24.811  -68.853  21.746 0.6000000238
8591  24.548  -69.615  22.173 0.6999999881
151036  25.106  -66.311  20.839 0.6999999881
134358  25.017  -68.018  21.219 0.6000000238
9213  24.554  -68.878  22.579 0.6000000238
11250  24.576  -64.847  21.523 0.6000000238
10547  24.913  -66.420  21.532 0.6999999881
10534  24.713  -66.548  22.386 0.6999999881
13477  23.665  -62.530  21.614 0.6000000238
136671  24.378  -64.314  22.056 0.6000000238
11236  24.517  -64.970  22.407 0.6999999881
11226  19.730  -65.982  23.997 0.6000000238
126854  24.454  -64.932  23.153 0.6999999881
10494  21.912  -66.253  25.566 0.6999999881
10510  20.665  -66.856  24.666 0.6000000238
14267  23.871  -62.033  22.203 0.6999999881
12668  24.410  -63.482  23.124 0.6000000238
11921  24.411  -64.342  23.635 0.8000000119
11906  24.024  -64.461  24.542 0.6999999881
11212  23.843  -65.466  24.845 0.6999999881
10493  22.849  -66.442  25.627 0.6999999881
5081  25.766  -75.740  13.571 0.6000000238
5581  27.796  -75.197  14.871 0.6999999881
5596  26.827  -74.690  14.319 0.6999999881
5608  26.890  -74.916  13.996 0.6000000238
5047  29.233  -76.029  15.537 0.5000000000
4017  30.741  -78.007  16.750 0.5000000000
126856  23.500  -74.441  17.253 0.5000000000
5024  23.377  -74.990  16.536 0.5000000000
126791  23.778  -73.754  17.715 0.5000000000
140724  24.301  -71.916  19.111 0.6000000238
8005  24.625  -70.569  18.835 0.6000000238
7322  24.540  -71.288  19.581 0.6999999881
6688  24.309  -72.170  19.801 0.6999999881
8631  24.836  -69.779  19.345 0.6999999881
7992  24.709  -70.480  19.690 0.6999999881
9261  25.152  -68.180  19.621 0.6000000238
127019  24.946  -69.060  19.844 0.6000000238
8621  24.786  -69.911  20.284 0.6999999881
11274  25.049  -65.336  19.291 0.6999999881
10560  25.245  -66.713  20.232 0.6999999881
126279  25.195  -67.609  20.331 0.6999999881
11907  19.522  -64.212  24.820 0.6000000238
11966  24.644  -64.614  20.014 0.6000000238
11262  25.080  -65.713  20.261 0.6999999881
9886  25.114  -67.049  20.995 0.6999999881
14291  23.203  -60.831  20.123 0.6000000238
138673  23.362  -62.203  20.880 0.6000000238
13488  23.254  -62.507  20.212 0.6000000238
12700  24.114  -63.761  20.429 0.6000000238
140372  24.753  -65.053  20.769 0.6999999881
11213  19.840  -65.178  24.605 0.6000000238
148635  23.567  -61.890  21.499 0.6000000238
11951  24.203  -63.861  21.395 0.6000000238
138617  22.573  -64.073  25.482 0.6999999881
135048  21.702  -63.954  25.674 0.6000000238
11200  21.530  -65.470  25.551 0.6999999881
138997  20.350  -65.998  24.694 0.6000000238
15151  23.300  -59.978  20.183 0.5000000000
15118  23.911  -61.182  21.800 0.6000000238
136296  24.274  -61.488  22.665 0.8000000119
13441  24.467  -62.046  24.127 0.8000000119
130897  24.268  -62.875  24.235 0.8000000119
11889  22.925  -64.846  25.481 0.6999999881
11199  22.459  -65.569  25.642 0.6999999881
13456  24.373  -62.854  23.085 0.8000000119
12654  24.346  -63.579  24.063 0.8000000119
5597  26.224  -74.524  14.240 0.6999999881
5610  25.226  -74.995  13.797 0.6999999881
5611  24.415  -75.039  13.987 0.6999999881
5082  24.823  -75.886  13.631 0.6000000238
5570  28.180  -75.071  15.850 0.6999999881
5598  23.913  -75.192  14.500 0.6000000238
5037  28.753  -75.515  16.303 0.6000000238
5583  23.459  -75.322  15.464 0.5000000000
126082  23.558  -74.604  16.101 0.5000000000
147205  17.943  -59.397  20.482 0.6000000238
6112  23.525  -73.841  16.651 0.5000000000
16044  18.179  -59.675  21.381 0.5000000000
6711  24.017  -72.904  18.109 0.5000000000
15105  18.409  -60.558  23.175 0.6000000238
7346  24.232  -71.168  17.917 0.6999999881
7335  24.189  -72.027  18.402 0.6000000238
8645  24.812  -69.735  18.543 0.6999999881
7334  24.400  -71.389  18.755 0.6999999881
14244  18.708  -61.727  24.421 0.6000000238
126066  25.211  -67.834  18.777 0.6999999881
132745  25.020  -68.885  18.847 0.6000000238
10590  25.239  -65.915  18.474 0.6999999881
126451  25.332  -66.904  18.688 0.6999999881
9902  25.295  -67.264  19.519 0.6999999881
12641  19.570  -63.392  25.158 0.6000000238
146385  19.019  -62.281  24.786 0.6000000238
11979  24.616  -64.412  18.947 0.6000000238
10574  25.275  -66.321  19.427 0.6999999881
12640  20.344  -63.160  25.514 0.6000000238
12657  18.445  -63.416  24.136 0.6000000238
13501  22.978  -62.328  19.282 0.6000000238
12701  23.435  -63.098  19.882 0.6000000238
12639  21.393  -63.017  25.685 0.6999999881
135738  20.820  -63.867  25.598 0.6000000238
147243  20.097  -63.839  25.330 0.6000000238
135013  23.096  -61.720  19.988 0.6000000238
14240  24.435  -60.923  24.322 0.6000000238
14228  23.417  -61.299  25.392 0.6000000238
13424  22.859  -62.699  25.392 0.6999999881
12638  22.299  -63.293  25.601 0.6000000238
11892  20.334  -64.525  25.260 0.6000000238
126870  24.585  -59.880  23.234 0.6000000238
14241  24.077  -61.597  24.835 0.8000000119
15117  24.426  -60.633  22.705 0.6000000238
12637  23.093  -63.416  25.233 0.8000000119
6132  26.197  -74.097  14.812 0.6999999881
6146  25.448  -74.320  14.060 0.6999999881
6147  24.583  -74.237  14.096 0.6999999881
5571  27.002  -73.909  16.400 0.6999999881
5582  26.970  -74.494  14.952 0.6999999881
134120  23.892  -74.237  14.354 0.6000000238
6126  23.546  -74.359  14.922 0.6000000238
146942  17.939  -57.911  20.771 0.6000000238
17823  17.334  -57.565  19.210 0.6000000238
16923  18.275  -58.325  21.345 0.6000000238
16936  17.891  -58.549  20.377 0.6000000238
6113  22.969  -73.402  15.208 0.6000000238
132878  18.514  -59.010  21.760 0.5000000000
131534  23.303  -71.276  17.006 0.6999999881
7347  23.725  -72.067  17.565 0.6999999881
16015  18.793  -59.747  23.056 0.4000000060
16028  18.488  -59.602  22.210 0.5000000000
8658  24.207  -69.663  17.125 0.6999999881
8022  23.748  -70.507  17.186 0.8000000119
15104  18.969  -60.382  23.773 0.5000000000
136225  24.827  -69.270  17.882 0.6000000238
8021  24.520  -70.159  17.907 0.6999999881
14243  19.141  -61.013  24.397 0.6000000238
9917  25.231  -67.435  17.945 0.6999999881
9276  25.079  -68.350  17.965 0.6999999881
14231  20.652  -60.974  25.212 0.6999999881
129066  19.419  -61.702  24.867 0.6000000238
11291  24.965  -65.202  17.574 0.6999999881
152402  25.232  -65.931  17.768 0.6999999881
14230  21.462  -60.993  25.521 0.5000000000
13428  19.690  -62.503  25.236 0.6000000238
142636  22.943  -62.833  17.663 0.6000000238
12723  23.896  -63.643  18.380 0.6000000238
11284  24.962  -65.038  18.475 0.6999999881
126109  20.942  -61.583  25.446 0.6999999881
12711  23.171  -63.025  18.836 0.6000000238
12710  24.069  -63.708  19.433 0.6000000238
15076  23.365  -60.408  25.449 0.5000000000
14229  22.496  -60.986  25.640 0.6000000238
142173  22.879  -61.610  19.123 0.6000000238
16013  24.585  -59.096  23.762 0.6000000238
15090  24.270  -60.195  24.690 0.5000000000
13425  22.696  -61.934  25.563 0.6999999881
16921  24.413  -58.469  22.246 0.6000000238
6133  25.469  -73.809  14.505 0.6999999881
6134  24.695  -73.567  14.266 0.6999999881
6148  23.843  -73.431  14.412 0.6000000238
6135  23.159  -73.347  14.532 0.6000000238
18678  17.319  -57.014  20.006 0.4000000060
18687  16.835  -56.859  19.280 0.5000000000
6726  22.877  -72.816  15.975 0.6000000238
17775  18.170  -57.528  21.349 0.5000000000
147481  17.399  -58.017  18.452 0.6000000238
7360  22.355  -71.930  15.466 0.6999999881
8033  22.618  -71.277  16.043 0.6999999881
6725  23.481  -72.969  17.195 0.6000000238
138247  18.826  -59.024  22.571 0.5000000000
8659  23.372  -70.077  16.339 0.6999999881
16883  19.839  -58.989  23.876 0.4000000060
9936  24.408  -67.068  15.874 0.6999999881
9927  24.655  -67.863  16.499 0.6999999881
9296  24.285  -68.528  16.128 0.6999999881
16000  20.156  -59.632  24.308 0.6000000238
11300  24.387  -65.106  16.347 0.6999999881
10614  24.572  -66.134  16.159 0.6999999881
148192  24.992  -67.878  17.310 0.6999999881
9286  24.616  -68.699  17.045 0.6999999881
15987  20.756  -59.575  24.931 0.5000000000
15092  20.393  -60.317  24.762 0.5000000000
12003  24.220  -64.264  16.901 0.6000000238
10602  25.122  -65.984  17.084 0.6999999881
128498  25.288  -66.556  17.847 0.6999999881
15079  21.072  -60.264  25.279 0.5000000000
141266  22.756  -62.115  17.487 0.5000000000
12735  22.934  -62.886  16.582 0.6000000238
11990  24.468  -64.356  17.964 0.6000000238
6752  24.834  -72.903  14.751 0.6999999881
6753  24.013  -72.722  14.447 0.6999999881
18688  16.523  -56.066  19.582 0.4000000060
6739  24.458  -72.092  14.913 0.6999999881
6755  22.545  -72.442  14.646 0.6999999881
18698  16.140  -56.569  19.109 0.4000000060
6754  23.030  -72.402  14.438 0.6999999881
17853  16.789  -57.628  18.001 0.6000000238
136100  21.996  -70.313  14.738 0.8000000119
7393  22.361  -71.579  14.431 0.6999999881
8676  22.113  -69.525  14.392 0.6000000238
8675  22.646  -69.602  15.324 0.6000000238
16964  14.733  -58.847  18.815 0.6000000238
9307  24.061  -67.897  15.574 0.6999999881
9297  23.434  -68.678  15.423 0.6999999881
8667  23.923  -69.263  16.187 0.6000000238
10627  23.723  -66.213  15.251 0.6000000238
12027  23.558  -64.292  15.165 0.6000000238
15170  14.937  -60.603  19.240 0.5000000000
13551  22.878  -62.233  15.934 0.6000000238
12015  23.497  -64.056  15.801 0.6999999881
13535  23.048  -61.649  16.366 0.5000000000
7392  22.816  -71.382  14.271 0.6999999881
18689  15.021  -55.969  19.459 0.4000000060
8062  22.438  -70.590  14.037 0.8000000119
18699  15.521  -56.919  18.940 0.5000000000
8068  22.526  -69.748  13.771 0.8000000119
134826  14.641  -58.066  19.204 0.4000000060
18690  14.501  -56.669  19.461 0.4000000060
8063  22.123  -69.886  14.107 0.6999999881
131129  14.604  -58.708  19.605 0.4000000060
17841  15.084  -58.122  18.448 0.5000000000
11321  23.502  -66.135  14.389 0.6000000238
9947  23.469  -67.070  14.947 0.6000000238
9319  22.553  -68.123  14.083 0.6999999881
16938  14.676  -58.522  20.351 0.4000000060
134156  23.707  -65.102  14.725 0.6000000238
11312  23.520  -65.435  14.864 0.6000000238
15154  15.084  -61.035  20.334 0.4000000060
16085  14.807  -59.745  18.537 0.6000000238
149765  23.421  -63.656  15.446 0.6000000238
13550  23.570  -61.891  15.632 0.5000000000
13534  25.400  -61.622  16.898 0.5000000000
18691  13.477  -56.425  19.680 0.4000000060
8061  23.670  -70.526  14.224 0.8000000119
17805  13.583  -57.026  20.005 0.4000000060
131696  14.293  -57.911  19.859 0.4000000060
9330  22.878  -68.231  13.592 0.6000000238
8687  22.103  -68.945  13.993 0.6999999881
10638  23.078  -66.759  13.988 0.6000000238
9973  22.849  -67.558  13.822 0.6000000238
16046  15.256  -59.143  20.992 0.4000000060
16058  15.303  -60.196  20.843 0.4000000060
12774  23.997  -63.536  14.781 0.6000000238
14293  15.193  -61.172  21.230 0.4000000060
13562  24.149  -62.228  15.156 0.4000000060
18679  12.864  -56.246  19.818 0.4000000060
8067  23.177  -69.790  13.705 0.6999999881
17777  13.792  -57.064  20.639 0.4000000060
8693  24.991  -68.751  13.743 0.6999999881
147976  22.948  -69.288  13.583 0.6000000238
17804  14.286  -57.693  20.498 0.4000000060
11332  24.123  -66.279  13.960 0.6000000238
10652  23.767  -66.893  13.683 0.6000000238
16045  15.505  -59.827  21.676 0.4000000060
12037  24.204  -64.367  14.593 0.6000000238
14281  15.215  -61.112  21.875 0.3000000119
12764  24.742  -62.907  14.929 0.4000000060
148420  25.117  -62.047  15.218 0.4000000060
13561  25.855  -62.643  15.189 0.4000000060
16911  15.041  -57.912  22.086 0.4000000060
16924  15.431  -58.871  21.892 0.4000000060
10636  25.166  -66.216  14.078 0.6000000238
12036  25.331  -64.539  14.531 0.6000000238
11320  25.514  -65.529  14.346 0.6000000238
12763  26.489  -63.317  15.249 0.4000000060
11310  26.485  -64.773  15.102 0.5000000000
15096  12.598  -60.571  24.501 0.3000000119
12762  27.577  -63.402  15.447 0.4000000060
18626  15.365  -56.526  23.556 0.4000000060
15082  13.666  -60.537  25.681 0.3000000119
137235  10.404  -58.662  23.688 0.4000000060
19465  15.469  -55.923  23.578 0.4000000060
17720  15.612  -57.800  24.540 0.4000000060
15973  14.309  -59.548  26.694 0.3000000119
15988  15.139  -59.432  25.666 0.3000000119
16002  12.033  -60.119  24.978 0.3000000119
15083  12.739  -60.346  25.531 0.3000000119
16003  11.443  -59.567  24.925 0.3000000119
18607  16.526  -56.482  24.801 0.4000000060
18592  16.093  -57.413  25.378 0.4000000060
142018  15.620  -58.212  25.364 0.4000000060
15068  13.272  -60.171  26.315 0.3000000119
148762  12.538  -59.887  26.187 0.3000000119
18594  8.566  -55.997  25.696 0.4000000060
19419  7.505  -54.409  26.193 0.3000000119
20218  7.772  -53.998  26.745 0.3000000119
16873  11.326  -59.112  25.637 0.3000000119
16885  10.912  -59.012  24.950 0.3000000119
17696  16.157  -57.352  26.472 0.4000000060
17709  15.781  -57.921  26.061 0.4000000060
16860  15.096  -58.601  26.794 0.3000000119
15965  13.965  -59.146  27.246 0.3000000119
15966  13.313  -59.115  27.254 0.3000000119
17711  9.691  -57.178  25.399 0.3000000119
138258  11.887  -58.504  26.813 0.3000000119
19418  8.092  -55.263  26.111 0.3000000119
16862  11.320  -58.504  26.275 0.3000000119
20216  8.916  -54.636  26.687 0.4000000060
129858  8.352  -54.136  26.796 0.3000000119
21068  8.804  -53.731  26.703 0.3000000119
21069  8.151  -53.447  26.861 0.3000000119
17697  15.488  -57.915  26.810 0.4000000060
16851  14.864  -58.188  27.280 0.4000000060
16852  14.102  -58.400  27.516 0.3000000119
18593  9.283  -56.547  25.985 0.4000000060
16853  13.188  -58.318  27.536 0.3000000119
17699  10.159  -57.049  26.277 0.3000000119
18582  8.807  -55.902  26.373 0.4000000060
18581  9.708  -56.217  26.431 0.4000000060
21089  9.516  -53.001  25.727 0.3000000119
17687  15.154  -57.542  27.365 0.4000000060
138984  14.216  -57.069  27.674 0.4000000060
133010  13.623  -56.954  27.662 0.4000000060
17690  12.841  -57.323  27.568 0.4000000060
139299  12.253  -58.031  27.293 0.3000000119
18579  11.444  -56.623  27.025 0.3000000119
18580  10.625  -56.475  26.668 0.3000000119
138909  10.285  -55.737  26.591 0.3000000119
148063  10.932  -54.441  25.934 0.5000000000
19416  9.313  -55.487  26.568 0.4000000060
21067  9.490  -54.096  26.369 0.4000000060
129071  9.631  -51.847  25.031 0.3000000119
18571  14.151  -56.313  27.645 0.4000000060
18572  13.152  -56.439  27.500 0.4000000060
19407  12.582  -55.836  27.131 0.3000000119
19414  11.939  -55.316  26.652 0.3000000119
21066  12.243  -54.041  25.963 0.3000000119
21065  12.237  -53.289  25.574 0.3000000119
17691  11.855  -57.287  27.211 0.3000000119
19408  11.881  -56.061  27.006 0.3000000119
125998  11.018  -55.176  26.450 0.3000000119
21087  11.400  -53.769  25.399 0.3000000119
21982  11.606  -52.837  24.898 0.3000000119
19415  11.182  -55.927  26.798 0.3000000119
21088  10.381  -53.908  25.631 0.3000000119
22936  9.232  -50.857  25.342 0.3000000119
20202  16.900  -55.118  27.523 0.3000000119
143255  16.089  -55.481  27.550 0.3000000119
20203  15.251  -54.932  27.552 0.3000000119
20204  14.416  -54.324  27.361 0.3000000119
136099  13.533  -52.987  26.552 0.3000000119
21980  13.219  -52.245  26.102 0.3000000119
19405  14.342  -55.285  27.487 0.3000000119
21056  13.649  -53.830  26.880 0.3000000119
20214  12.914  -54.284  26.603 0.3000000119
21064  12.885  -53.534  26.299 0.3000000119
21981  12.401  -52.353  25.360 0.3000000119
22935  11.777  -52.115  24.623 0.3000000119
136781  10.615  -52.944  24.856 0.3000000119
22003  10.314  -51.981  24.521 0.3000000119
148789  10.019  -52.441  24.916 0.3000000119
22955  9.981  -51.177  24.512 0.3000000119
21053  17.607  -53.869  27.595 0.3000000119
131213  16.191  -54.523  27.661 0.3000000119
131969  15.220  -54.100  27.549 0.3000000119
21948  14.574  -53.232  27.221 0.3000000119
22934  12.177  -51.504  24.867 0.3000000119
22953  11.507  -51.483  24.266 0.3000000119
22954  10.732  -51.372  24.196 0.3000000119
23848  9.336  -50.084  25.556 0.3000000119
22917  13.698  -51.539  26.239 0.3000000119
22933  12.891  -51.511  25.633 0.3000000119
126413  11.556  -50.084  24.280 0.3000000119
133869  10.945  -50.032  24.231 0.3000000119
23867  9.856  -50.464  24.717 0.3000000119
24740  10.357  -49.966  24.476 0.3000000119
23845  14.082  -50.255  26.060 0.3000000119
23847  12.552  -50.714  25.186 0.3000000119
23834  14.788  -50.685  26.561 0.3000000119
24716  14.202  -49.439  25.711 0.3000000119
24717  13.125  -49.832  25.432 0.3000000119
24718  12.188  -49.994  24.642 0.3000000119
24737  11.916  -49.349  24.269 0.3000000119
24738  11.404  -49.388  24.304 0.3000000119
24719  10.324  -49.308  25.163 0.3000000119
2577  28.353  -80.156  21.351 0.5000000000
2206  29.279  -81.860  20.507 0.5000000000
2205  30.295  -81.983  20.458 0.4000000060
8565  22.604  -69.557  24.792 0.6999999881
9836  21.945  -67.558  25.322 0.6999999881
3099  30.533  -79.888  16.645 0.4000000060
2588  29.588  -81.165  20.736 0.5000000000
135409  24.770  -68.119  22.192 0.6000000238
9875  24.868  -67.257  21.829 0.6000000238
8032  23.070  -70.740  16.471 0.8000000119
7359  22.963  -72.042  16.563 0.6999999881
13536  22.772  -62.231  16.838 0.5000000000
127911  25.087  -67.002  16.923 0.6999999881
138750  15.048  -60.146  19.974 0.4000000060
14331  24.948  -61.441  17.575 0.5000000000
147019  24.453  -65.425  14.346 0.6000000238
136595  25.321  -61.622  15.745 0.4000000060
9329  23.599  -68.220  13.475 0.6000000238
10651  24.790  -66.867  13.743 0.6000000238
16029  15.570  -59.709  22.672 0.3000000119
12026  25.611  -63.541  14.869 0.4000000060
11319  26.140  -65.167  14.650 0.4000000060
129078  15.960  -56.386  23.927 0.4000000060
19404  15.164  -55.888  27.600 0.3000000119
137724  17.033  -54.428  27.644 0.3000000119
8684  26.765  -69.495  14.444 0.5000000000
8060  25.781  -69.940  14.757 0.5000000000
131428  24.865  -69.969  14.389 0.6999999881
8044  25.916  -70.535  15.442 0.6999999881
7374  24.797  -71.530  15.225 0.6000000238
8685  25.688  -69.220  14.159 0.5000000000
8686  24.345  -69.511  13.858 0.6000000238
7390  24.885  -70.756  15.022 0.6000000238
6124  26.280  -73.536  15.912 0.6000000238
7371  27.192  -71.106  15.806 0.6999999881
6723  26.678  -72.096  16.816 0.6000000238
6737  26.048  -72.575  16.306 0.6000000238
6724  26.082  -71.757  16.322 0.6999999881
6125  25.553  -73.145  15.435 0.6000000238
8692  26.700  -68.909  14.267 0.5000000000
6721  28.218  -72.309  17.322 0.6999999881
6722  27.386  -72.479  17.249 0.6999999881
6098  28.234  -73.521  17.764 0.6000000238
6099  27.437  -73.321  17.322 0.6000000238
7357  27.682  -71.614  16.559 0.6000000238
6111  26.694  -72.996  16.833 0.6000000238
130082  28.583  -71.451  15.564 0.6000000238
9326  27.269  -68.770  14.447 0.5000000000
9328  25.469  -68.093  13.769 0.5000000000
6736  29.723  -72.152  16.127 0.6999999881
147380  29.322  -73.074  17.802 0.6000000238
142700  28.462  -74.872  17.180 0.6000000238
9318  27.770  -68.601  14.613 0.5000000000
9327  26.466  -68.360  14.182 0.5000000000
9945  27.983  -68.099  15.161 0.5000000000
9970  26.961  -68.151  14.429 0.5000000000
127350  27.148  -67.080  15.927 0.4000000060
7929  20.868  -70.999  23.931 0.4000000060
7273  22.335  -71.620  23.960 0.4000000060
7275  20.892  -71.717  23.527 0.4000000060
6640  21.640  -72.088  23.602 0.5000000000
6655  22.723  -72.631  22.853 0.5000000000
6042  21.172  -73.129  22.349 0.5000000000
9959  26.591  -67.326  14.376 0.5000000000
6041  22.314  -73.169  22.365 0.5000000000
6086  19.314  -73.741  18.375 0.6000000238
10635  26.866  -66.785  14.743 0.4000000060
6054  22.909  -73.339  21.668 0.5000000000
6063  21.691  -73.850  20.816 0.5000000000
5533  20.134  -74.261  19.306 0.5000000000
7286  20.281  -71.832  22.713 0.5000000000
6641  20.967  -72.451  23.044 0.5000000000
6658  19.875  -72.322  21.931 0.5000000000
6043  20.213  -73.011  21.839 0.5000000000
6666  19.604  -72.859  21.278 0.5000000000
6056  20.864  -73.518  21.459 0.5000000000
6057  19.996  -73.414  21.260 0.5000000000
6075  19.823  -73.998  19.954 0.5000000000
133855  26.176  -66.262  14.409 0.5000000000
6064  20.569  -73.888  20.591 0.5000000000
10613  27.048  -66.453  16.824 0.4000000060
10625  26.830  -66.205  15.600 0.4000000060
128022  20.261  -67.107  23.707 0.5000000000
7295  19.501  -72.064  21.207 0.5000000000
10650  25.766  -66.990  14.062 0.5000000000
10626  26.576  -65.674  14.900 0.4000000060
11227  19.287  -65.425  23.825 0.5000000000
11237  18.974  -65.546  22.334 0.5000000000
11251  19.361  -65.741  21.513 0.5000000000
10523  19.877  -66.584  23.325 0.5000000000
11309  26.708  -65.042  15.743 0.4000000060
11923  18.471  -64.250  23.658 0.5000000000
11238  18.521  -65.003  22.412 0.5000000000
12669  17.725  -63.600  23.234 0.5000000000
11939  17.518  -64.030  22.315 0.5000000000
11968  18.386  -64.738  20.961 0.5000000000
11265  19.235  -65.354  20.894 0.4000000060
13468  17.167  -63.220  22.444 0.5000000000
11969  17.582  -64.150  20.524 0.6000000238
11967  19.146  -65.107  20.179 0.6000000238
13457  17.844  -62.717  23.699 0.5000000000
14269  17.241  -62.219  22.324 0.5000000000
12690  17.110  -63.621  21.777 0.5000000000
12712  17.098  -63.420  20.094 0.6000000238
130509  18.421  -64.569  20.005 0.6000000238
11980  19.474  -65.402  18.645 0.6000000238
11285  19.897  -66.212  18.081 0.5000000000
10603  19.573  -66.186  17.419 0.5000000000
10594  18.600  -66.668  17.833 0.5000000000
14255  17.553  -62.045  23.207 0.5000000000
152275  17.611  -61.503  22.649 0.5000000000
14280  17.203  -61.953  21.292 0.5000000000
13489  16.941  -62.656  20.667 0.5000000000
14292  17.264  -61.706  20.357 0.6000000238
11993  17.855  -64.048  18.590 0.6000000238
11992  18.768  -64.832  18.081 0.6000000238
11991  19.519  -65.604  17.721 0.6000000238
10615  19.226  -66.088  16.657 0.5000000000
11325  16.193  -66.046  14.217 0.5000000000
133037  17.510  -66.556  16.793 0.5000000000
14253  18.483  -61.115  23.864 0.5000000000
15134  17.892  -60.492  21.551 0.5000000000
15135  17.558  -61.060  20.972 0.6000000238
14303  17.335  -61.416  19.503 0.6000000238
13518  17.229  -61.739  18.828 0.6000000238
131171  17.515  -63.357  18.090 0.6000000238
12737  17.532  -62.523  17.477 0.6000000238
12005  18.121  -64.136  17.361 0.6000000238
145687  17.764  -63.235  17.113 0.6000000238
137562  19.013  -65.195  17.075 0.6000000238
11301  18.730  -65.668  15.730 0.5000000000
10605  18.459  -66.546  16.804 0.5000000000
10629  18.414  -66.135  15.217 0.5000000000
10630  18.281  -65.929  14.661 0.5000000000
142294  17.402  -66.869  15.004 0.5000000000
10639  17.563  -66.416  14.620 0.5000000000
15152  17.838  -60.209  20.708 0.6000000238
15169  17.485  -60.571  19.083 0.6000000238
15187  17.530  -60.150  18.009 0.6000000238
14344  17.535  -61.105  16.305 0.6000000238
13537  17.626  -61.712  16.782 0.6000000238
128155  17.760  -62.602  16.402 0.6000000238
13552  17.626  -62.005  16.055 0.6000000238
12751  18.885  -63.727  15.038 0.5000000000
12752  18.011  -63.178  15.659 0.5000000000
12017  19.002  -64.593  15.074 0.5000000000
12775  18.160  -63.873  14.716 0.5000000000
12769  17.084  -63.491  15.239 0.6000000238
11323  18.049  -65.702  14.493 0.5000000000
133971  16.834  -65.219  14.455 0.5000000000
12041  15.806  -64.910  14.570 0.5000000000
12031  14.895  -64.304  14.969 0.5000000000
15201  17.538  -59.982  17.056 0.6000000238
144924  17.347  -60.043  16.478 0.6000000238
14353  17.311  -61.381  15.830 0.6000000238
126358  17.849  -63.320  15.344 0.6000000238
13566  16.099  -62.947  15.599 0.6000000238
12030  15.970  -63.923  15.194 0.5000000000
16097  17.251  -59.361  16.732 0.6000000238
13565  17.068  -62.543  15.494 0.6000000238
13553  15.409  -62.422  15.992 0.6000000238
12770  15.012  -63.485  15.618 0.5000000000
17855  15.611  -58.122  17.833 0.6000000238
16976  16.619  -58.430  17.139 0.6000000238
16098  15.625  -59.384  17.140 0.6000000238
15211  15.871  -60.628  16.347 0.6000000238
14355  16.361  -61.832  15.723 0.6000000238
13554  14.831  -63.064  16.363 0.5000000000
16099  15.137  -60.001  17.778 0.6000000238
15202  15.441  -60.302  17.005 0.6000000238
15188  14.909  -60.651  18.258 0.6000000238
14345  15.649  -61.478  16.213 0.6000000238
14319  14.870  -61.643  18.028 0.6000000238
141167  14.637  -63.029  18.843 0.5000000000
14304  14.859  -61.875  19.692 0.4000000060
6738  25.235  -72.125  15.739 0.6000000238
7373  25.525  -71.259  15.774 0.6999999881
132964  24.397  -67.591  13.567 0.5000000000
9971  26.158  -67.729  14.076 0.5000000000
9306  28.961  -68.360  15.020 0.5000000000
9958  27.414  -67.876  14.731 0.5000000000
6076  19.241  -73.371  19.831 0.6000000238
13503  17.044  -62.426  19.595 0.6000000238
12004  18.619  -64.498  16.134 0.6000000238
12029  18.923  -64.212  14.499 0.5000000000
16105  16.699  -59.520  16.472 0.6000000238
15215  16.967  -61.025  15.673 0.6000000238
14335  14.948  -61.967  17.277 0.6000000238
13538  14.763  -62.932  17.138 0.6000000238
3016  27.213  -78.953  22.339 0.4000000060
4408  26.945  -76.718  25.487 0.5000000000
3929  26.824  -77.070  24.076 0.5000000000
3945  26.074  -77.597  24.076 0.4000000060
3460  26.795  -77.774  23.413 0.4000000060
3473  27.511  -78.254  22.792 0.4000000060
3029  27.837  -79.502  21.834 0.4000000060
4424  27.046  -76.278  24.728 0.5000000000
4398  27.397  -76.407  26.065 0.5000000000
3957  27.703  -77.410  23.151 0.5000000000
3486  28.788  -78.627  22.210 0.5000000000
3028  28.834  -79.350  21.804 0.4000000060
141162  27.488  -75.664  24.020 0.5000000000
3943  28.199  -76.751  22.982 0.5000000000
3956  28.597  -77.480  22.586 0.5000000000
3485  29.372  -78.705  21.934 0.5000000000
3027  29.760  -79.361  21.505 0.4000000060
144692  27.944  -76.035  23.318 0.5000000000
134934  28.808  -76.834  22.478 0.5000000000
3955  29.333  -77.381  22.090 0.5000000000
148224  29.581  -78.112  21.926 0.5000000000
3484  30.082  -78.571  21.522 0.5000000000
141367  30.259  -80.880  20.682 0.4000000060
4518  29.775  -76.606  16.844 0.5000000000
4016  31.605  -78.458  17.149 0.4000000060
3082  31.888  -79.393  17.477 0.4000000060
3083  31.312  -79.935  17.429 0.4000000060
3967  29.994  -77.698  21.558 0.5000000000
2598  32.163  -80.648  18.769 0.4000000060
2216  31.720  -81.129  19.343 0.4000000060
2217  31.334  -81.656  19.760 0.4000000060
140376  30.476  -78.028  21.103 0.4000000060
3026  30.409  -79.278  21.157 0.5000000000
2587  30.999  -81.430  20.282 0.4000000060
2575  30.314  -79.995  20.987 0.4000000060
4517  30.531  -77.154  17.257 0.4000000060
3535  32.346  -78.904  17.402 0.4000000060
2602  32.268  -80.052  18.101 0.4000000060
3966  30.474  -77.254  20.951 0.4000000060
2594  32.294  -80.520  19.166 0.4000000060
2595  31.720  -81.040  19.576 0.4000000060
3975  31.132  -77.870  20.469 0.4000000060
3500  30.770  -78.740  20.878 0.4000000060
3040  31.971  -79.913  19.807 0.4000000060
3041  31.076  -79.745  20.540 0.4000000060
5023  29.182  -75.192  17.753 0.5000000000
4503  30.292  -76.430  17.608 0.4000000060
4502  31.022  -76.739  17.631 0.4000000060
4501  32.178  -77.206  17.226 0.4000000060
3534  33.291  -78.760  17.692 0.4000000060
3080  33.572  -79.155  18.266 0.4000000060
3053  33.287  -79.486  19.064 0.4000000060
3066  32.941  -79.913  18.631 0.4000000060
3974  32.154  -78.192  19.844 0.4000000060
3498  32.505  -79.238  19.556 0.4000000060
145949  32.673  -79.942  19.305 0.4000000060
5554  28.678  -74.307  17.894 0.5000000000
141813  29.884  -75.190  18.121 0.5000000000
6097  29.024  -73.653  18.111 0.6000000238
5021  30.549  -75.705  17.843 0.5000000000
134368  32.868  -77.798  17.174 0.4000000060
3533  33.995  -78.564  17.938 0.4000000060
3523  34.041  -78.738  18.499 0.4000000060
3981  34.159  -78.170  19.149 0.4000000060
5551  31.322  -75.000  17.574 0.4000000060
6096  30.013  -73.692  17.960 0.5000000000
4516  32.934  -76.410  16.912 0.4000000060
4002  33.592  -78.005  17.433 0.4000000060
5569  32.314  -74.984  16.748 0.5000000000
5035  32.757  -75.597  16.820 0.4000000060
4001  34.129  -77.258  17.391 0.4000000060
6110  30.848  -73.387  16.790 0.6000000238
6708  29.966  -72.813  17.114 0.6000000238
5568  33.030  -74.785  16.451 0.5000000000
127170  33.577  -74.704  16.511 0.4000000060
8043  26.859  -70.590  15.187 0.5000000000
16057  17.747  -59.934  19.783 0.5000000000
16963  17.379  -58.404  17.878 0.5000000000
17854  16.302  -57.886  17.691 0.5000000000
139160  17.585  -58.692  18.558 0.5000000000
136441  16.879  -58.038  17.509 0.5000000000
16070  17.624  -59.564  18.769 0.5000000000
3944  27.509  -76.525  23.718 0.5000000000
4004  31.323  -77.665  17.329 0.4000000060
130067  32.700  -78.320  17.378 0.4000000060
3499  31.567  -78.929  20.183 0.4000000060
5020  31.815  -76.033  17.374 0.4000000060
4500  33.345  -77.238  17.087 0.4000000060
3513  33.263  -78.673  19.332 0.4000000060
5552  30.323  -74.713  18.068 0.5000000000
3522  34.392  -78.205  18.244 0.4000000060
6095  30.879  -74.168  17.586 0.5000000000
6109  31.805  -74.084  16.273 0.6000000238
4515  33.796  -76.433  16.998 0.5000000000
6123  31.549  -73.172  15.249 0.5000000000
136392  29.589  -70.662  19.147 0.3000000119
8003  30.600  -70.404  17.897 0.3000000119
8020  30.395  -69.633  17.321 0.3000000119
8628  29.123  -69.945  18.767 0.3000000119
7991  28.884  -70.340  19.705 0.3000000119
7977  29.683  -70.937  20.693 0.3000000119
7978  28.821  -70.567  20.687 0.3000000119
8002  31.304  -70.848  17.601 0.3000000119
8018  31.761  -70.429  16.585 0.4000000060
8655  31.412  -69.669  16.150 0.4000000060
7333  30.804  -71.206  18.568 0.3000000119
8666  30.533  -69.177  15.827 0.4000000060
8656  30.907  -69.352  16.457 0.4000000060
8066  28.432  -69.516  14.301 0.4000000060
8691  27.526  -69.322  14.402 0.4000000060
7321  30.268  -71.252  19.447 0.3000000119
127535  29.830  -69.151  16.707 0.3000000119
9293  29.526  -68.735  15.558 0.4000000060
9259  27.740  -68.723  19.381 0.3000000119
8657  28.832  -69.027  17.536 0.3000000119
8041  32.695  -71.037  15.019 0.4000000060
7385  32.439  -71.266  14.309 0.4000000060
7368  30.433  -71.837  14.855 0.4000000060
7387  30.124  -71.119  14.374 0.4000000060
7345  32.192  -71.234  17.277 0.4000000060
8031  31.976  -70.370  15.756 0.4000000060
148689  31.717  -70.613  14.867 0.4000000060
8056  29.779  -70.378  14.344 0.4000000060
7332  31.678  -71.547  18.387 0.3000000119
8672  31.466  -70.039  15.445 0.4000000060
7389  27.907  -70.827  14.680 0.4000000060
7320  31.180  -71.637  19.290 0.3000000119
8683  29.465  -69.548  14.412 0.4000000060
8058  27.603  -70.088  14.339 0.4000000060
7307  30.773  -71.549  20.063 0.3000000119
9305  29.416  -68.797  14.730 0.4000000060
9294  28.515  -68.282  15.662 0.4000000060
6120  33.433  -73.146  15.248 0.4000000060
6734  32.136  -72.796  14.443 0.4000000060
6119  33.889  -72.446  15.448 0.4000000060
6748  33.295  -71.561  14.700 0.4000000060
146264  32.670  -72.387  14.314 0.4000000060
6751  31.350  -72.312  14.499 0.4000000060
7331  32.832  -71.904  18.111 0.3000000119
7344  33.154  -71.489  16.792 0.4000000060
132679  32.811  -71.851  20.106 0.3000000119
7306  31.776  -71.771  19.970 0.3000000119
7388  28.954  -71.047  14.601 0.4000000060
7975  31.293  -71.252  20.759 0.3000000119
6122  32.228  -73.499  15.052 0.4000000060
6121  32.813  -73.167  14.784 0.4000000060
9934  27.643  -67.757  15.793 0.3000000119
130632  27.421  -67.336  17.366 0.3000000119
9295  27.870  -68.048  16.719 0.3000000119
7370  28.059  -71.216  15.355 0.4000000060
6735  30.617  -72.638  15.719 0.4000000060
141612  33.135  -74.116  16.018 0.4000000060
8019  31.107  -69.844  16.961 0.3000000119
8629  28.357  -69.478  19.289 0.3000000119
8619  28.224  -69.912  20.300 0.3000000119
8017  32.589  -70.899  16.162 0.4000000060
8682  30.412  -69.869  14.591 0.4000000060
8674  30.097  -69.180  14.976 0.4000000060
8057  28.718  -70.307  14.160 0.4000000060
9283  28.782  -68.650  16.556 0.4000000060
7355  33.384  -71.384  15.719 0.4000000060
6750  32.065  -71.862  14.105 0.4000000060
7386  31.175  -71.361  14.299 0.4000000060
8681  31.158  -70.279  14.782 0.4000000060
126060  32.084  -71.954  19.142 0.3000000119
7343  33.763  -71.764  16.451 0.4000000060
7330  33.704  -71.940  17.262 0.3000000119
6687  33.051  -72.270  19.221 0.3000000119
2153  31.006  -81.198  26.250 0.3000000119
2165  30.799  -81.915  25.520 0.3000000119
2544  31.829  -80.912  26.093 0.3000000119
1772  32.231  -82.464  24.823 0.3000000119
2532  30.315  -80.503  26.498 0.3000000119
2533  29.468  -80.616  26.292 0.3000000119
2976  31.891  -79.979  26.141 0.3000000119
2163  32.529  -81.497  25.183 0.3000000119
2960  31.255  -79.392  26.368 0.3000000119
2961  30.401  -79.535  26.659 0.3000000119
2963  28.850  -79.906  26.442 0.3000000119
3917  25.920  -77.718  25.191 0.3000000119
2559  33.932  -81.003  23.969 0.3000000119
2179  33.999  -81.825  23.958 0.3000000119
2975  32.459  -79.516  25.445 0.3000000119
2560  33.180  -80.778  24.746 0.3000000119
126000  33.415  -82.434  24.464 0.3000000119
3421  28.507  -78.877  26.670 0.3000000119
3906  27.634  -76.917  26.358 0.3000000119
146654  26.476  -77.432  25.601 0.3000000119
3432  31.865  -79.045  25.804 0.3000000119
139583  30.017  -78.645  26.745 0.3000000119
3419  30.774  -78.710  26.463 0.3000000119
128762  29.929  -77.154  26.486 0.3000000119
3905  28.239  -77.312  26.646 0.3000000119
3422  27.870  -78.087  26.589 0.3000000119
4397  28.048  -76.331  26.518 0.3000000119
4959  27.992  -75.150  23.301 0.4000000060
4949  27.291  -75.165  24.943 0.4000000060
2126  31.801  -82.121  30.156 0.3000000119
2127  30.891  -81.684  29.673 0.3000000119
148489  32.937  -82.298  24.535 0.3000000119
1783  32.737  -82.956  24.529 0.3000000119
2152  34.774  -81.903  27.163 0.3000000119
1759  34.388  -82.370  27.743 0.3000000119
1384  33.407  -83.002  29.376 0.3000000119
1374  32.886  -83.205  29.503 0.3000000119
1741  31.366  -82.473  29.273 0.3000000119
2151  35.364  -81.329  26.414 0.3000000119
1396  34.120  -82.672  26.866 0.3000000119
148407  33.732  -83.009  27.824 0.3000000119
145265  32.599  -83.806  28.097 0.3000000119
1375  32.415  -83.355  29.068 0.3000000119
1770  34.225  -82.499  25.026 0.3000000119
1771  33.691  -82.953  25.013 0.3000000119
1407  33.380  -83.432  26.596 0.3000000119
1106  32.718  -83.966  26.810 0.3000000119
1412  33.283  -83.429  25.446 0.3000000119
1413  32.645  -83.807  25.104 0.3000000119
2962  29.475  -79.210  26.744 0.3000000119
141743  27.509  -78.847  26.411 0.3000000119
2162  34.854  -81.674  25.065 0.3000000119
3420  29.245  -78.397  26.781 0.3000000119
2116  32.212  -81.787  31.121 0.3000000119
1408  32.776  -83.956  25.952 0.3000000119
1768  34.557  -82.211  26.025 0.3000000119
132405  34.161  -82.476  29.353 0.3000000119
1411  33.882  -82.918  25.768 0.3000000119
1083  33.208  -83.376  28.449 0.3000000119
4924  27.660  -75.635  26.122 0.3000000119
6651  31.549  -72.634  22.739 0.3000000119
6652  30.567  -72.745  22.742 0.3000000119
6038  30.118  -73.303  22.164 0.3000000119
6053  29.799  -73.845  21.811 0.4000000060
131185  29.789  -74.958  21.368 0.4000000060
130857  29.804  -75.833  21.340 0.3000000119
4452  29.888  -76.795  21.441 0.3000000119
6051  31.581  -73.701  21.564 0.3000000119
5508  31.148  -74.308  21.053 0.4000000060
5520  30.883  -74.864  20.766 0.4000000060
139529  31.435  -76.266  20.297 0.4000000060
4462  31.047  -76.939  20.509 0.3000000119
4460  33.153  -76.551  19.685 0.4000000060
3982  32.992  -77.470  19.628 0.4000000060
7909  30.671  -70.603  25.399 0.3000000119
7258  31.036  -70.768  24.640 0.3000000119
130151  30.039  -72.369  23.290 0.4000000060
6653  29.647  -72.888  22.827 0.4000000060
6039  29.276  -73.603  22.415 0.3000000119
4970  29.210  -75.404  21.910 0.3000000119
4971  28.672  -74.900  22.518 0.3000000119
7271  31.513  -71.364  23.845 0.3000000119
6634  32.016  -72.013  23.214 0.3000000119
6036  32.086  -73.138  22.193 0.3000000119
6050  32.693  -73.670  21.653 0.3000000119
5507  32.036  -74.235  21.052 0.3000000119
5519  31.585  -74.813  20.608 0.4000000060
5506  33.703  -73.975  21.453 0.3000000119
5517  33.712  -74.678  20.707 0.3000000119
147318  32.888  -74.252  21.068 0.3000000119
4993  33.095  -75.341  20.109 0.4000000060
147748  32.787  -75.928  19.855 0.4000000060
4991  35.360  -75.353  19.779 0.3000000119
5006  34.766  -76.092  19.448 0.4000000060
4473  34.217  -77.065  19.368 0.4000000060
5032  34.709  -75.400  17.424 0.3000000119
5018  34.868  -76.221  17.839 0.4000000060
4472  35.195  -76.863  18.775 0.4000000060
3990  34.735  -77.690  18.517 0.4000000060
5566  34.281  -74.443  16.765 0.3000000119
5033  34.079  -75.529  16.921 0.4000000060
6008  35.280  -73.957  26.141 0.3000000119
5990  33.933  -72.942  26.396 0.3000000119
6011  32.715  -73.786  26.102 0.3000000119
5992  31.397  -73.068  26.374 0.3000000119
7885  31.537  -70.416  26.368 0.3000000119
139533  32.361  -70.646  26.751 0.3000000119
7241  30.879  -71.031  26.430 0.3000000119
6607  30.056  -71.951  26.348 0.3000000119
8562  32.370  -69.616  25.438 0.3000000119
8563  31.848  -69.765  25.839 0.3000000119
7886  30.814  -70.634  26.165 0.3000000119
144727  29.952  -71.110  25.806 0.3000000119
7249  29.502  -71.462  25.433 0.3000000119
6627  28.413  -72.507  24.713 0.3000000119
6021  28.011  -73.152  24.421 0.3000000119
6029  27.748  -73.755  24.243 0.3000000119
5490  27.528  -74.321  24.575 0.3000000119
5483  27.601  -74.310  25.389 0.3000000119
7925  31.963  -70.649  24.268 0.3000000119
4990  35.974  -75.162  19.460 0.3000000119
5005  35.524  -75.975  19.126 0.3000000119
5003  36.303  -74.753  18.932 0.3000000119
5013  35.816  -75.367  18.651 0.3000000119
136521  34.755  -73.613  17.007 0.3000000119
6108  33.984  -73.334  16.116 0.3000000119
5567  33.479  -73.872  16.002 0.3000000119
6007  36.273  -74.044  26.109 0.3000000119
5989  34.862  -73.132  26.420 0.3000000119
6604  33.536  -71.991  26.675 0.3000000119
5991  32.935  -72.807  26.411 0.3000000119
134220  32.606  -71.667  26.705 0.3000000119
4923  28.320  -75.476  26.417 0.3000000119
5475  37.888  -74.600  24.959 0.3000000119
5988  35.794  -73.285  26.449 0.3000000119
6602  35.426  -72.492  26.720 0.3000000119
6603  34.521  -72.135  26.734 0.3000000119
7884  32.310  -70.012  26.550 0.3000000119
6006  37.354  -74.054  25.776 0.3000000119
5987  36.831  -73.409  26.415 0.3000000119
7237  35.280  -71.700  27.069 0.3000000119
129380  33.941  -71.299  26.991 0.3000000119
4960  27.530  -74.905  24.110 0.3000000119
4445  28.568  -75.939  22.610 0.3000000119
4444  29.254  -76.373  21.961 0.3000000119
4451  30.524  -76.246  20.773 0.3000000119
4461  31.792  -77.160  20.066 0.4000000060
4499  34.570  -76.950  17.697 0.4000000060
6718  34.318  -72.726  16.446 0.3000000119
6635  30.904  -72.050  23.414 0.3000000119
6037  31.077  -73.216  22.140 0.3000000119
146064  30.674  -71.383  24.140 0.3000000119
6052  30.547  -73.845  21.539 0.4000000060
4980  30.375  -75.308  20.914 0.4000000060
4995  31.100  -75.470  20.525 0.4000000060
5007  33.653  -76.021  19.692 0.4000000060
7908  31.588  -70.130  25.258 0.3000000119
7259  30.171  -71.048  24.781 0.3000000119
6636  29.270  -72.466  23.584 0.3000000119
7260  29.446  -71.416  24.871 0.3000000119
6027  28.864  -73.114  23.160 0.4000000060
6040  28.643  -73.720  22.904 0.3000000119
7270  32.469  -71.339  23.560 0.3000000119
6650  32.536  -72.565  22.705 0.3000000119
6035  33.092  -73.039  22.287 0.3000000119
4992  34.243  -75.358  19.994 0.4000000060
5550  35.149  -74.460  17.571 0.3000000119
6606  30.937  -71.945  26.535 0.3000000119
7242  29.692  -71.567  25.958 0.3000000119
6616  29.123  -71.988  25.569 0.3000000119
6093  35.498  -73.760  17.924 0.3000000119
5522  21.660  -74.193  20.042 0.4000000060
1094  32.972  -83.666  27.567 0.3000000119
1095  32.258  -84.269  27.442 0.3000000119
1385  32.646  -83.524  28.745 0.3000000119
1415  33.146  -83.139  24.714 0.3000000119
1740  32.374  -82.838  29.696 0.3000000119
1748  34.311  -82.420  28.520 0.3000000119
1781  34.265  -82.037  24.413 0.3000000119
1782  33.798  -82.517  24.537 0.3000000119
1819  30.471  -82.582  20.207 0.4000000060
2142  34.914  -81.700  28.178 0.3000000119
2154  30.035  -81.386  25.974 0.3000000119
2164  31.643  -81.767  25.594 0.3000000119
2180  33.392  -81.722  24.351 0.3000000119
2204  31.394  -81.556  19.936 0.4000000060
2222  31.309  -81.705  19.439 0.4000000060
2494  31.765  -81.173  31.483 0.3000000119
2531  31.153  -80.296  26.468 0.3000000119
2543  32.477  -80.452  25.558 0.3000000119
2576  29.425  -80.253  21.188 0.5000000000
2585  32.228  -80.452  19.399 0.4000000060
2586  31.556  -80.782  19.982 0.4000000060
3015  28.137  -78.807  22.287 0.4000000060
3065  33.475  -79.301  18.735 0.4000000060
3081  32.885  -79.437  17.914 0.4000000060
3471  29.052  -78.108  22.286 0.5000000000
3472  28.360  -78.126  22.562 0.5000000000
3474  26.602  -78.422  22.904 0.4000000060
3511  34.433  -78.299  18.720 0.3000000119
3512  33.954  -78.883  18.882 0.4000000060
3532  34.197  -77.970  17.736 0.4000000060
3545  31.501  -78.974  17.068 0.4000000060
3557  28.777  -77.404  14.741 0.5000000000
3903  30.402  -77.965  26.432 0.3000000119
3904  29.122  -77.599  26.762 0.3000000119
3907  27.117  -77.131  26.029 0.3000000119
3930  26.332  -77.215  24.875 0.5000000000
3980  34.817  -77.665  18.964 0.4000000060
3999  34.891  -77.000  18.181 0.4000000060
4000  34.547  -77.588  17.916 0.4000000060
4003  32.130  -77.977  17.263 0.4000000060
4036  29.653  -77.688  14.552 0.4000000060
4485  35.293  -76.127  18.425 0.4000000060
4548  29.467  -76.799  14.713 0.6999999881
4937  27.319  -75.882  25.555 0.3000000119
4994  32.067  -75.520  20.186 0.4000000060
5004  36.040  -75.361  19.068 0.3000000119
5019  34.385  -76.351  17.347 0.4000000060
5022  29.808  -75.880  17.733 0.4000000060
5034  33.414  -75.589  16.765 0.4000000060
5036  29.270  -75.959  17.054 0.5000000000
5462  27.923  -74.745  26.076 0.3000000119
5494  28.307  -74.288  23.060 0.3000000119
5495  27.781  -74.303  23.762 0.3000000119
5499  29.322  -74.442  21.943 0.4000000060
5500  28.801  -74.175  22.515 0.3000000119
5509  30.404  -74.578  21.130 0.4000000060
5510  29.930  -74.303  21.480 0.4000000060
5518  32.510  -74.761  20.554 0.3000000119
5532  20.764  -74.286  19.695 0.4000000060
5549  35.853  -74.316  18.196 0.3000000119
5553  29.522  -74.456  18.167 0.5000000000
5555  27.809  -74.276  17.070 0.6000000238
5579  33.102  -73.689  15.397 0.4000000060
5580  32.708  -73.980  15.726 0.4000000060
5595  27.325  -74.970  14.384 0.6999999881
5609  26.129  -74.974  13.837 0.5000000000
6010  33.440  -73.601  26.179 0.3000000119
6028  28.192  -73.539  23.597 0.3000000119
6055  21.935  -73.552  21.630 0.5000000000
6062  22.646  -73.657  20.880 0.5000000000
6065  19.572  -73.433  20.632 0.5000000000
6074  23.224  -73.738  20.001 0.5000000000
6100  23.801  -73.539  18.516 0.5000000000
6605  31.967  -72.333  26.552 0.3000000119
6626  28.987  -72.068  24.376 0.3000000119
6637  28.529  -72.742  23.941 0.4000000060
6639  22.342  -72.255  23.411 0.5000000000
6656  21.860  -72.710  23.017 0.5000000000
6657  20.447  -72.583  22.412 0.5000000000
6674  24.173  -72.318  20.489 0.6999999881
6689  23.896  -72.986  20.091 0.5000000000
6707  34.238  -72.249  16.892 0.4000000060
6709  28.607  -72.954  17.783 0.6000000238
6710  27.947  -72.881  17.609 0.6000000238
6719  33.922  -71.973  15.921 0.4000000060
6720  29.093  -72.458  17.255 0.6999999881
6733  33.342  -72.275  14.687 0.4000000060
6740  22.373  -72.477  15.020 0.6000000238
6749  32.840  -71.732  14.347 0.4000000060
7239  33.182  -71.039  26.969 0.3000000119
7240  31.661  -71.263  26.624 0.3000000119
7248  30.433  -70.724  25.869 0.3000000119
7250  28.875  -71.866  25.052 0.3000000119
7261  22.051  -71.070  24.486 0.4000000060
7272  29.849  -71.749  24.039 0.3000000119
7274  21.539  -71.395  24.117 0.4000000060
7309  24.473  -71.145  21.116 0.6999999881
7356  28.768  -71.874  16.450 0.6999999881
7358  26.763  -71.495  16.397 0.6999999881
7367  33.194  -71.287  15.025 0.4000000060
7369  29.454  -71.573  15.170 0.6000000238
7372  26.319  -71.076  16.004 0.6999999881
7375  22.082  -71.788  14.693 0.6999999881
7384  32.856  -71.254  14.640 0.4000000060
7391  23.781  -71.637  14.616 0.6000000238
7896  31.211  -70.215  25.930 0.3000000119
7910  29.981  -71.009  25.390 0.3000000119
7914  20.826  -70.198  24.075 0.6000000238
7927  23.321  -70.651  23.858 0.6000000238
7928  22.648  -70.892  24.284 0.6000000238
7941  24.107  -70.917  22.571 0.6999999881
7956  29.317  -70.582  21.467 0.3000000119
7979  24.646  -70.823  20.346 0.6999999881
8004  29.873  -70.183  18.266 0.3000000119
8030  32.668  -70.986  15.387 0.4000000060
8042  32.100  -70.709  15.193 0.4000000060
8045  22.481  -70.545  15.668 0.8000000119
8046  22.053  -70.934  14.435 0.8000000119
8053  32.291  -70.968  14.683 0.4000000060
8054  31.756  -70.896  14.340 0.4000000060
8055  30.795  -70.592  14.467 0.4000000060
8059  26.627  -70.054  14.809 0.5000000000
8540  31.955  -69.811  26.173 0.3000000119
8551  32.304  -69.483  25.956 0.3000000119
8630  27.816  -69.271  20.026 0.3000000119
8665  31.153  -69.441  15.913 0.4000000060
8673  30.819  -69.622  15.258 0.4000000060
8694  23.787  -68.967  13.510 0.6000000238
8695  23.120  -68.785  13.504 0.6000000238
8696  22.487  -69.040  13.742 0.6999999881
9168  22.533  -68.130  25.235 0.6999999881
9169  21.723  -68.295  25.068 0.6999999881
9183  23.456  -68.454  24.701 0.6999999881
9184  22.963  -68.714  25.000 0.6999999881
9308  23.123  -67.954  14.684 0.6999999881
9309  22.483  -68.814  14.529 0.6999999881
9316  29.028  -69.121  14.423 0.4000000060
9317  28.443  -68.910  14.489 0.4000000060
9325  27.919  -69.129  14.427 0.5000000000
9331  22.528  -68.395  13.858 0.6000000238
9867  24.678  -67.428  22.724 0.6000000238
9935  27.400  -67.378  16.523 0.4000000060
9946  27.364  -67.300  15.135 0.4000000060
9948  22.918  -67.236  14.181 0.6000000238
9949  16.658  -66.880  14.603 0.5000000000
9957  28.319  -68.421  14.740 0.5000000000
9972  23.321  -67.522  13.593 0.6000000238
10492  23.555  -66.300  25.166 0.6999999881
10495  21.045  -66.157  25.241 0.6999999881
10508  23.767  -67.052  24.825 0.6000000238
10524  19.325  -65.958  23.052 0.5000000000
10604  19.261  -66.511  17.202 0.5000000000
10616  18.688  -66.246  16.206 0.5000000000
10617  18.041  -66.577  15.720 0.5000000000
10628  23.304  -66.436  14.454 0.6000000238
10637  23.412  -66.475  13.960 0.6000000238
10653  23.164  -66.978  13.768 0.6000000238
11198  23.272  -65.594  25.430 0.6999999881
11201  20.662  -65.352  25.258 0.6000000238
11225  24.546  -65.767  23.005 0.6000000238
11252  18.750  -65.178  21.678 0.5000000000
11264  19.796  -65.736  20.164 0.4000000060
11276  20.105  -66.023  18.777 0.5000000000
11292  19.573  -65.912  17.137 0.6000000238
11293  18.914  -65.446  16.318 0.5000000000
11311  23.668  -64.768  15.382 0.6000000238
11313  18.675  -65.243  14.814 0.5000000000
11322  18.622  -65.018  14.626 0.5000000000
11324  17.261  -65.891  14.380 0.5000000000
11890  22.052  -64.769  25.642 0.6999999881
11891  21.152  -64.673  25.614 0.6000000238
11908  18.866  -64.078  24.318 0.6000000238
11922  19.058  -64.748  24.124 0.6000000238
11936  24.430  -64.273  22.752 0.6999999881
11937  18.792  -65.075  23.200 0.5000000000
11938  18.130  -64.464  22.828 0.5000000000
11952  18.069  -64.668  21.948 0.5000000000
11953  17.511  -64.194  21.430 0.6000000238
11981  18.514  -64.629  19.093 0.6000000238
11982  17.690  -64.034  19.593 0.6000000238
12016  23.145  -63.139  15.740 0.6000000238
12024  26.892  -64.194  15.556 0.5000000000
12025  26.224  -64.200  14.936 0.4000000060
12028  19.002  -64.369  14.554 0.5000000000
12038  23.703  -64.098  14.903 0.6000000238
12039  17.930  -64.869  14.494 0.5000000000
12040  17.001  -64.348  14.782 0.5000000000
12655  23.840  -63.407  24.667 0.8000000119
12656  19.064  -63.621  24.666 0.6000000238
12681  24.210  -63.656  22.244 0.6000000238
12689  23.641  -63.031  20.902 0.6000000238
12702  17.014  -63.549  21.019 0.5000000000
12724  17.250  -63.367  19.106 0.6000000238
12725  14.301  -63.369  18.563 0.5000000000
12734  23.674  -63.609  17.339 0.6000000238
12736  18.179  -63.498  16.155 0.5000000000
12765  23.862  -62.883  14.995 0.4000000060
12766  23.517  -63.431  15.200 0.6000000238
12767  19.098  -64.038  14.663 0.5000000000
12768  18.829  -63.796  14.824 0.5000000000
12773  24.760  -63.749  14.633 0.4000000060
13426  21.714  -61.922  25.640 0.6000000238
13427  20.704  -62.320  25.497 0.6999999881
13442  24.002  -62.466  24.651 0.8000000119
13443  19.005  -62.962  24.782 0.6000000238
13444  18.477  -62.503  24.323 0.6000000238
13458  17.363  -62.774  23.059 0.5000000000
13467  24.098  -62.837  22.422 0.6000000238
13476  23.906  -63.176  21.721 0.6000000238
13478  16.921  -62.874  21.604 0.5000000000
13519  14.680  -62.871  17.935 0.5000000000
13563  23.430  -62.584  15.376 0.6000000238
13564  17.460  -62.383  15.774 0.6000000238
14232  20.198  -61.684  25.234 0.6999999881
14242  19.932  -61.009  24.778 0.5000000000
14254  18.091  -61.879  23.848 0.6000000238
14266  24.395  -62.219  23.122 0.8000000119
14268  17.589  -61.312  21.858 0.5000000000
14279  23.446  -61.407  20.879 0.6000000238
14318  17.413  -61.019  18.347 0.6000000238
14333  22.911  -61.723  17.164 0.5000000000
14334  17.567  -60.841  17.214 0.6000000238
14343  24.305  -61.599  16.454 0.5000000000
14346  15.146  -62.114  16.552 0.5000000000
14354  17.121  -61.748  15.594 0.6000000238
15067  14.022  -60.181  26.274 0.3000000119
15078  21.907  -60.229  25.542 0.5000000000
15081  14.356  -60.447  25.524 0.3000000119
15091  24.011  -60.715  25.062 0.5000000000
15093  19.700  -60.338  24.273 0.6000000238
15103  24.542  -60.015  24.088 0.6000000238
15119  17.988  -60.739  22.433 0.5000000000
15120  15.427  -60.557  22.205 0.3000000119
15133  23.720  -60.500  20.916 0.6000000238
15136  15.377  -60.584  21.561 0.4000000060
15153  17.606  -60.821  20.073 0.6000000238
15203  15.066  -60.931  17.531 0.6000000238
15209  17.238  -60.560  16.022 0.6000000238
15210  16.665  -60.290  16.037 0.6000000238
15212  15.298  -61.199  16.810 0.6000000238
15216  16.292  -60.987  15.908 0.6000000238
15972  14.909  -59.198  26.426 0.3000000119
15974  13.644  -59.696  26.828 0.3000000119
15975  12.863  -59.582  26.773 0.3000000119
15976  12.003  -59.218  26.394 0.3000000119
15986  21.450  -59.549  25.340 0.5000000000
15989  14.638  -59.867  25.993 0.3000000119
15990  11.959  -59.759  25.640 0.3000000119
15999  24.324  -59.451  24.618 0.5000000000
16004  10.973  -59.226  24.123 0.3000000119
16014  19.480  -59.695  23.729 0.4000000060
16026  24.520  -59.171  22.772 0.6000000238
16059  14.925  -59.374  20.167 0.4000000060
16069  17.738  -59.057  19.550 0.5000000000
16071  14.747  -59.552  19.358 0.4000000060
16084  17.501  -59.169  17.677 0.5000000000
16106  16.068  -59.779  16.490 0.6000000238
16854  12.546  -58.832  27.088 0.3000000119
16855  11.490  -57.886  26.844 0.3000000119
16861  14.576  -58.898  27.070 0.3000000119
16872  15.399  -58.624  26.106 0.4000000060
16874  10.695  -58.378  25.483 0.3000000119
16882  21.105  -58.957  25.131 0.5000000000
16886  10.467  -58.515  24.458 0.4000000060
16925  14.928  -58.236  21.176 0.4000000060
16937  17.670  -57.773  20.045 0.6000000238
16948  17.621  -58.271  19.340 0.6000000238
16975  17.167  -58.489  17.225 0.5000000000
16977  15.934  -58.525  17.277 0.6000000238
16978  15.232  -58.956  17.971 0.6000000238
16986  16.814  -58.893  16.785 0.6000000238
16987  16.302  -58.996  16.746 0.6000000238
17688  14.519  -57.603  27.541 0.4000000060
17689  13.750  -57.608  27.673 0.4000000060
17824  14.267  -57.272  19.616 0.4000000060
17839  16.646  -57.230  18.617 0.6000000238
17840  15.636  -57.531  18.251 0.5000000000
17852  17.157  -57.964  17.828 0.5000000000
18570  15.024  -56.866  27.597 0.4000000060
18573  12.272  -56.603  27.302 0.3000000119
18608  15.866  -57.036  24.280 0.4000000060
18700  15.017  -57.425  19.000 0.5000000000
18705  16.241  -57.296  18.387 0.6000000238
19417  8.622  -55.241  26.557 0.4000000060
19504  12.370  -55.581  19.836 0.4000000060
19515  13.563  -55.839  19.442 0.4000000060
20215  10.022  -54.858  26.466 0.5000000000
20217  8.198  -54.680  26.638 0.3000000119
20235  11.650  -54.526  26.102 0.3000000119
21960  12.832  -52.866  26.025 0.3000000119
21983  8.872  -51.768  26.067 0.3000000119
22002  11.093  -52.164  24.401 0.3000000119
22952  11.872  -50.793  24.387 0.3000000119
23835  14.094  -50.943  26.327 0.3000000119
23846  13.390  -50.786  25.855 0.3000000119
23865  11.193  -50.750  24.115 0.3000000119
23866  10.488  -50.632  24.269 0.3000000119
24736  12.576  -49.149  24.601 0.3000000119
24739  10.916  -49.221  24.421 0.3000000119
127360  18.030  -66.528  14.896 0.5000000000
127708  24.463  -68.309  13.552 0.6000000238
128899  22.191  -62.575  25.660 0.6999999881
129133  23.667  -69.876  23.874 0.6999999881
129236  17.954  -61.287  23.242 0.5000000000
129867  20.733  -68.385  24.251 0.6000000238
130207  14.885  -62.365  18.814 0.4000000060
130850  33.693  -71.693  15.107 0.4000000060
130852  23.959  -65.476  15.534 0.6000000238
131262  19.513  -73.857  19.217 0.5000000000
132399  27.517  -74.713  15.518 0.6999999881
132592  15.392  -60.644  22.911 0.3000000119
132744  23.378  -63.579  16.433 0.6000000238
133388  32.909  -80.012  19.031 0.4000000060
133616  27.525  -75.130  25.664 0.4000000060
133832  23.545  -64.919  25.129 0.6999999881
133874  35.576  -75.947  18.825 0.3000000119
133940  17.482  -60.490  16.569 0.6000000238
134193  23.475  -62.141  25.190 0.6999999881
134922  24.429  -62.855  23.674 0.8000000119
135191  20.480  -71.228  23.264 0.5000000000
136277  24.518  -61.317  23.475 0.6000000238
136404  17.408  -61.731  17.877 0.6000000238
136473  24.700  -65.702  21.999 0.6999999881
136568  24.458  -64.424  20.836 0.6000000238
136992  29.717  -79.944  26.611 0.3000000119
137126  18.209  -60.117  22.004 0.5000000000
137205  24.516  -68.224  23.020 0.6000000238
137513  21.992  -71.184  15.068 0.6999999881
137870  34.632  -81.386  24.176 0.3000000119
139105  32.976  -79.959  25.014 0.3000000119
139268  18.408  -60.148  22.553 0.5000000000
139705  22.187  -66.906  25.526 0.6999999881
139803  23.388  -64.182  25.114 0.6999999881
139880  17.090  -59.945  16.268 0.6000000238
140605  24.886  -65.672  21.160 0.6999999881
140615  27.544  -77.471  26.395 0.3000000119
140714  24.470  -61.795  15.465 0.4000000060
141513  35.426  -75.221  18.074 0.3000000119
141910  32.315  -76.436  19.903 0.4000000060
142491  30.276  -71.113  26.185 0.3000000119
143859  20.150  -66.511  24.143 0.6000000238
144154  17.209  -62.573  18.531 0.6000000238
144319  25.378  -67.443  13.797 0.5000000000
144613  15.004  -61.418  18.774 0.5000000000
145279  33.760  -82.903  28.760 0.3000000119
145396  32.200  -73.210  26.323 0.3000000119
145512  24.409  -66.196  23.803 0.6999999881
145930  30.179  -70.823  18.678 0.3000000119
146020  17.070  -57.520  18.460 0.6000000238
146163  25.940  -68.613  13.991 0.5000000000
146886  29.425  -72.179  26.036 0.3000000119
147175  19.093  -65.001  19.503 0.6000000238
147352  18.228  -59.001  21.050 0.6000000238
147582  23.713  -65.929  14.288 0.6000000238
147692  24.568  -60.552  23.588 0.6000000238
147749  29.736  -77.964  26.681 0.3000000119
147801  23.768  -68.605  24.228 0.6999999881
147987  24.952  -68.839  21.049 0.6000000238
148226  36.004  -74.741  18.494 0.3000000119
148321  35.059  -76.870  19.088 0.4000000060
148544  31.378  -78.665  26.079 0.3000000119
148636  28.911  -68.658  14.636 0.4000000060
148794  17.329  -61.184  18.967 0.6000000238
148827  30.865  -80.564  20.502 0.4000000060
149004  28.594  -78.065  26.747 0.3000000119
149069  32.377  -71.958  19.596 0.3000000119
149853  12.317  -54.630  26.415 0.3000000119
150067  14.604  -63.177  17.464 0.6000000238
150252  30.510  -71.459  26.392 0.3000000119
150501  13.647  -58.759  27.437 0.3000000119
151385  9.853  -49.918  25.009 0.3000000119
151488  23.472  -62.828  25.018 0.8000000119
151596  21.209  -68.341  24.763 0.6000000238
151992  27.478  -74.939  14.650 0.6999999881
