#!ascii label  , from subject sub-v1s9x0051353_ses-1 vox2ras=TkReg
1203
33983  -31.328  -19.062  86.527 0.0000000000
44868  -46.077  -5.236  67.887 0.0000000000
38599  -39.769  -12.881  76.299 0.0000000000
77872  -10.557  -26.013  77.812 0.0000000000
33314  -19.219  -18.588  81.817 0.0000000000
90833  -5.250  -22.651  77.400 0.0000000000
84075  -4.338  -27.124  83.933 0.0000000000
43218  -39.556  -7.793  71.467 0.0000000000
79208  -5.990  -19.886  73.010 0.0000000000
23521  -6.524  -31.692  84.813 0.0000000000
34853  -31.526  -17.577  79.809 0.0000000000
34026  -27.483  -18.960  82.462 0.0000000000
88826  -25.106  -17.799  83.088 0.0000000000
45592  -50.521  -4.139  66.851 0.0000000000
40877  -41.210  -10.492  73.988 0.0000000000
87616  -18.260  -21.490  79.787 0.0000000000
35737  -2.229  -16.413  76.384 0.0000000000
29553  -7.962  -24.210  78.230 0.0000000000
28798  -5.179  -26.477  75.108 0.0000000000
27054  -10.180  -27.022  75.070 0.0000000000
24368  -9.810  -30.380  91.107 0.0000000000
23495  -4.259  -32.240  92.578 0.0000000000
87920  -37.131  -13.508  77.951 0.0000000000
34812  -21.954  -17.211  83.192 0.0000000000
34857  -21.620  -18.274  78.955 0.0000000000
30316  -4.755  -23.944  80.440 0.0000000000
28746  -8.383  -25.121  80.874 0.0000000000
44863  -41.827  -5.773  68.696 0.0000000000
27810  -14.943  -25.940  82.904 0.0000000000
29512  -18.377  -24.098  82.017 0.0000000000
31812  -2.741  -21.916  75.137 0.0000000000
30350  -7.604  -23.938  74.109 0.0000000000
29488  -8.664  -23.823  83.747 0.0000000000
80279  -8.556  -26.769  84.063 0.0000000000
26166  -9.761  -28.238  81.428 0.0000000000
33273  -32.960  -19.426  85.660 0.0000000000
32513  -30.821  -20.191  83.567 0.0000000000
34027  -31.611  -18.940  82.398 0.0000000000
91024  -29.022  -19.308  84.761 0.0000000000
81613  -28.830  -20.091  81.801 0.0000000000
79121  -27.368  -17.869  86.096 0.0000000000
45582  -47.716  -4.505  67.636 0.0000000000
44095  -44.178  -6.197  66.880 0.0000000000
44882  -45.989  -5.024  65.785 0.0000000000
45613  -47.403  -4.155  64.993 0.0000000000
40095  -40.311  -11.364  75.312 0.0000000000
37762  -37.595  -14.078  75.588 0.0000000000
80010  -38.432  -13.646  74.190 0.0000000000
39388  -39.076  -12.205  72.734 0.0000000000
28765  -9.953  -24.901  77.967 0.0000000000
28788  -8.985  -25.804  76.765 0.0000000000
88754  -10.432  -26.731  76.567 0.0000000000
78504  -10.401  -28.948  75.137 0.0000000000
25379  -10.062  -29.213  76.591 0.0000000000
24376  -10.771  -29.667  88.221 0.0000000000
21879  -8.115  -33.168  90.597 0.0000000000
37690  -36.595  -13.896  79.703 0.0000000000
35713  -33.228  -16.027  80.282 0.0000000000
35736  -32.521  -16.513  78.107 0.0000000000
36675  -34.268  -14.983  79.032 0.0000000000
37721  -35.523  -14.120  78.123 0.0000000000
35681  -23.674  -16.491  82.722 0.0000000000
34843  -24.615  -17.789  80.473 0.0000000000
35702  -22.990  -17.115  80.908 0.0000000000
44928  -51.083  -5.822  61.442 0.0000000000
47076  -49.752  -2.266  60.366 0.0000000000
29519  -3.789  -25.216  81.843 0.0000000000
29530  -5.672  -24.898  80.425 0.0000000000
28729  -5.802  -26.033  81.180 0.0000000000
44851  -39.936  -5.741  70.042 0.0000000000
41666  -38.960  -9.605  71.059 0.0000000000
43233  -38.881  -7.816  70.144 0.0000000000
43238  -40.527  -6.847  67.743 0.0000000000
28687  -13.593  -25.582  84.153 0.0000000000
29503  -15.890  -24.009  83.379 0.0000000000
31805  -6.213  -21.336  77.127 0.0000000000
32544  -3.953  -20.281  76.248 0.0000000000
31087  -3.212  -23.247  76.597 0.0000000000
27932  -7.364  -26.333  74.201 0.0000000000
29578  -6.192  -25.308  74.234 0.0000000000
28826  -9.117  -25.135  72.925 0.0000000000
29463  -9.106  -24.584  86.209 0.0000000000
77161  -2.770  -34.240  88.540 0.0000000000
25264  -5.606  -30.102  88.203 0.0000000000
90875  -6.909  -29.628  85.098 0.0000000000
26155  -8.936  -27.534  82.833 0.0000000000
25323  -9.115  -29.132  81.921 0.0000000000
34828  -32.639  -17.362  82.095 0.0000000000
35667  -24.372  -16.226  84.931 0.0000000000
34793  -25.630  -16.846  86.152 0.0000000000
34827  -25.919  -18.231  82.752 0.0000000000
46304  -51.551  -3.519  64.467 0.0000000000
44895  -49.399  -5.391  63.063 0.0000000000
41656  -40.704  -9.110  72.166 0.0000000000
40901  -39.695  -10.545  71.737 0.0000000000
34048  -18.822  -18.860  79.039 0.0000000000
87623  -18.422  -19.830  80.885 0.0000000000
34090  -3.240  -18.561  74.579 0.0000000000
30332  -6.518  -23.366  77.727 0.0000000000
29562  -3.937  -24.407  76.747 0.0000000000
28774  -6.364  -25.885  76.273 0.0000000000
27053  -7.141  -27.344  75.286 0.0000000000
27923  -10.309  -26.916  74.392 0.0000000000
26084  -9.772  -27.958  92.055 0.0000000000
25251  -7.543  -28.959  92.092 0.0000000000
22667  -6.705  -32.511  93.747 0.0000000000
21189  -4.602  -35.459  91.506 0.0000000000
37724  -38.764  -14.020  77.257 0.0000000000
37740  -36.377  -13.682  76.658 0.0000000000
34823  -21.074  -17.794  82.865 0.0000000000
34825  -23.694  -17.033  82.439 0.0000000000
89759  -21.580  -16.883  81.206 0.0000000000
34042  -20.524  -18.042  80.256 0.0000000000
31082  -6.794  -21.836  78.978 0.0000000000
82835  -6.024  -22.191  81.150 0.0000000000
31080  -6.612  -22.430  79.770 0.0000000000
30322  -7.378  -23.683  79.678 0.0000000000
29544  -8.636  -24.321  79.349 0.0000000000
28756  -10.067  -24.876  79.591 0.0000000000
44858  -43.507  -5.534  68.911 0.0000000000
78156  -42.136  -6.211  67.156 0.0000000000
27754  -11.790  -26.944  88.361 0.0000000000
26941  -12.602  -27.467  86.524 0.0000000000
26988  -13.798  -27.523  83.489 0.0000000000
31796  -18.093  -20.968  82.102 0.0000000000
31063  -18.215  -22.921  83.465 0.0000000000
30301  -17.398  -23.337  83.703 0.0000000000
29510  -16.979  -24.662  82.824 0.0000000000
27826  -15.620  -26.412  82.274 0.0000000000
81289  -4.439  -17.772  76.437 0.0000000000
79734  -2.532  -19.231  75.312 0.0000000000
32571  -4.429  -20.858  73.856 0.0000000000
30339  -2.608  -24.174  75.432 0.0000000000
79112  -4.483  -22.879  74.647 0.0000000000
31820  -6.832  -21.628  74.450 0.0000000000
29486  -6.977  -24.358  83.871 0.0000000000
26095  -7.367  -27.880  88.681 0.0000000000
85306  -8.597  -25.847  84.372 0.0000000000
91183  -7.592  -25.079  82.504 0.0000000000
77917  -8.562  -25.475  82.065 0.0000000000
27851  -9.840  -26.518  81.001 0.0000000000
27023  -10.612  -27.265  79.288 0.0000000000
24425  -9.583  -30.525  80.992 0.0000000000
25335  -9.554  -30.001  80.525 0.0000000000
25359  -9.587  -29.769  78.189 0.0000000000
33260  -32.223  -20.113  86.702 0.0000000000
34765  -31.506  -17.530  87.377 0.0000000000
33283  -31.131  -19.816  85.111 0.0000000000
33284  -31.943  -19.937  85.244 0.0000000000
33258  -30.324  -18.889  86.314 0.0000000000
33282  -29.915  -19.849  84.701 0.0000000000
34763  -29.595  -17.525  87.894 0.0000000000
33972  -28.914  -17.803  87.160 0.0000000000
45581  -46.938  -4.887  67.844 0.0000000000
44871  -44.676  -5.942  67.452 0.0000000000
81981  -44.960  -6.061  66.665 0.0000000000
88062  -46.046  -5.586  67.108 0.0000000000
44873  -47.126  -4.889  66.815 0.0000000000
39346  -40.036  -12.131  75.838 0.0000000000
39333  -41.094  -11.329  76.622 0.0000000000
83839  -40.409  -12.145  76.603 0.0000000000
38609  -38.415  -13.930  74.754 0.0000000000
39345  -39.377  -12.904  75.466 0.0000000000
39361  -39.218  -12.607  74.525 0.0000000000
28777  -10.291  -25.464  77.585 0.0000000000
27882  -10.021  -25.601  76.978 0.0000000000
27883  -10.449  -25.980  76.977 0.0000000000
26207  -10.444  -27.877  76.794 0.0000000000
25281  -12.150  -28.753  85.917 0.0000000000
24383  -10.389  -30.257  87.669 0.0000000000
36640  -35.060  -15.780  81.176 0.0000000000
36674  -33.749  -15.261  79.878 0.0000000000
36659  -34.573  -15.078  80.497 0.0000000000
37688  -34.803  -14.589  79.333 0.0000000000
46330  -50.900  -3.737  61.802 0.0000000000
46340  -50.376  -3.527  60.913 0.0000000000
47810  -49.644  -1.211  60.865 0.0000000000
27822  -3.856  -26.619  82.416 0.0000000000
28728  -4.920  -26.060  81.324 0.0000000000
27824  -5.120  -26.736  82.634 0.0000000000
44083  -39.746  -6.404  70.563 0.0000000000
90427  -40.281  -5.773  70.664 0.0000000000
42460  -39.012  -8.635  71.115 0.0000000000
42476  -38.480  -8.399  70.509 0.0000000000
42477  -39.002  -7.829  70.912 0.0000000000
92136  -39.250  -7.299  69.947 0.0000000000
30287  -16.270  -22.961  83.831 0.0000000000
30288  -16.903  -22.926  84.307 0.0000000000
34014  -20.147  -18.420  83.330 0.0000000000
33305  -19.366  -18.828  82.833 0.0000000000
33374  -5.822  -19.419  72.986 0.0000000000
31088  -5.905  -21.997  77.555 0.0000000000
31804  -5.380  -21.378  76.604 0.0000000000
83188  -4.224  -22.633  76.762 0.0000000000
27934  -9.629  -26.168  73.739 0.0000000000
28816  -8.255  -25.513  73.579 0.0000000000
90584  -10.083  -25.777  73.082 0.0000000000
30272  -9.585  -23.785  84.220 0.0000000000
89784  -9.436  -24.693  87.019 0.0000000000
73486  -4.070  -34.173  86.444 0.0000000000
23509  -4.658  -31.741  87.121 0.0000000000
24394  -6.345  -31.031  85.214 0.0000000000
81727  -7.513  -29.353  83.950 0.0000000000
24417  -7.819  -29.904  83.290 0.0000000000
34018  -33.249  -18.733  83.355 0.0000000000
34028  -32.065  -18.010  82.353 0.0000000000
35692  -34.076  -17.601  82.876 0.0000000000
35703  -33.529  -16.918  82.195 0.0000000000
85873  -27.456  -18.247  83.819 0.0000000000
34006  -26.757  -17.789  84.006 0.0000000000
34025  -26.656  -18.634  82.207 0.0000000000
34035  -25.864  -18.364  80.970 0.0000000000
45605  -52.270  -4.043  65.750 0.0000000000
45601  -48.717  -4.373  65.569 0.0000000000
45626  -48.893  -4.652  63.728 0.0000000000
79606  -49.775  -4.167  64.713 0.0000000000
45628  -50.548  -4.838  63.279 0.0000000000
40888  -41.209  -10.126  73.197 0.0000000000
41645  -41.867  -9.555  73.376 0.0000000000
41635  -41.724  -10.119  74.006 0.0000000000
40135  -39.897  -11.140  73.044 0.0000000000
90166  -39.416  -11.589  72.645 0.0000000000
40887  -40.266  -10.456  72.595 0.0000000000
40902  -40.182  -9.788  71.785 0.0000000000
88769  -2.441  -16.218  75.723 0.0000000000
34891  -3.017  -17.606  74.980 0.0000000000
88928  -2.482  -17.380  75.479 0.0000000000
29552  -7.470  -23.766  78.027 0.0000000000
29564  -6.657  -24.312  77.258 0.0000000000
29565  -7.440  -24.578  77.469 0.0000000000
27897  -9.558  -26.271  76.162 0.0000000000
27896  -8.430  -26.518  76.127 0.0000000000
27908  -8.775  -26.805  75.470 0.0000000000
27921  -8.812  -26.923  74.784 0.0000000000
27065  -10.429  -27.581  74.606 0.0000000000
24363  -9.875  -29.630  92.109 0.0000000000
24359  -8.315  -30.348  92.830 0.0000000000
23497  -8.557  -31.556  92.349 0.0000000000
21881  -8.191  -33.245  89.500 0.0000000000
21191  -6.452  -34.792  91.383 0.0000000000
21192  -6.530  -34.969  90.267 0.0000000000
75260  -4.308  -36.445  89.238 0.0000000000
92839  -38.499  -13.933  77.697 0.0000000000
37704  -36.338  -13.792  78.579 0.0000000000
37739  -35.482  -13.791  77.182 0.0000000000
78086  -36.999  -13.540  77.132 0.0000000000
37723  -37.915  -13.803  77.283 0.0000000000
34811  -21.431  -17.817  83.574 0.0000000000
34015  -20.997  -18.351  83.642 0.0000000000
34814  -24.517  -17.011  83.459 0.0000000000
34813  -24.108  -16.641  82.867 0.0000000000
34826  -24.485  -17.329  82.769 0.0000000000
35710  -22.347  -17.437  80.180 0.0000000000
35701  -22.245  -16.794  81.054 0.0000000000
35709  -21.736  -17.516  80.432 0.0000000000
34832  -21.056  -17.453  80.742 0.0000000000
34848  -21.332  -18.315  79.625 0.0000000000
34059  -20.644  -18.632  78.887 0.0000000000
30312  -4.735  -23.547  80.997 0.0000000000
31073  -5.487  -22.846  81.117 0.0000000000
31077  -6.336  -22.476  80.376 0.0000000000
87812  -5.931  -23.147  80.557 0.0000000000
30321  -6.969  -22.921  79.692 0.0000000000
29541  -5.593  -23.923  80.390 0.0000000000
29532  -7.149  -24.963  80.315 0.0000000000
29533  -8.546  -24.687  80.135 0.0000000000
29545  -9.570  -24.495  79.474 0.0000000000
28747  -9.336  -25.048  80.290 0.0000000000
44864  -42.708  -5.799  68.354 0.0000000000
82841  -43.894  -4.927  69.579 0.0000000000
44857  -42.481  -5.406  69.249 0.0000000000
88922  -40.574  -6.388  68.585 0.0000000000
44093  -41.424  -6.420  67.314 0.0000000000
44090  -41.988  -6.001  67.823 0.0000000000
44091  -42.742  -6.073  67.536 0.0000000000
29479  -12.443  -24.942  85.078 0.0000000000
28698  -14.261  -25.600  83.431 0.0000000000
84388  -13.259  -26.158  84.786 0.0000000000
27792  -13.750  -26.390  84.088 0.0000000000
26952  -13.012  -27.745  85.647 0.0000000000
27809  -14.191  -26.480  83.330 0.0000000000
32530  -18.066  -19.978  79.983 0.0000000000
32527  -18.510  -20.112  81.695 0.0000000000
31798  -18.212  -21.130  80.362 0.0000000000
30313  -18.617  -23.539  81.646 0.0000000000
31071  -18.447  -22.711  82.035 0.0000000000
30306  -18.385  -23.416  82.597 0.0000000000
30290  -17.844  -22.905  83.998 0.0000000000
29506  -18.101  -23.967  82.690 0.0000000000
29505  -17.558  -24.074  83.073 0.0000000000
29511  -17.746  -24.566  82.319 0.0000000000
28733  -17.183  -25.760  81.585 0.0000000000
80557  -5.535  -17.989  76.521 0.0000000000
31807  -3.079  -21.622  75.577 0.0000000000
32543  -3.163  -20.194  76.062 0.0000000000
33359  -2.708  -20.215  75.359 0.0000000000
32569  -3.039  -20.639  74.464 0.0000000000
31108  -3.066  -21.644  74.389 0.0000000000
28784  -4.526  -25.445  75.866 0.0000000000
29571  -2.863  -24.698  76.071 0.0000000000
28805  -4.268  -25.332  75.290 0.0000000000
29579  -6.815  -24.437  74.264 0.0000000000
30344  -4.967  -23.972  74.704 0.0000000000
30345  -6.155  -23.615  74.606 0.0000000000
81321  -5.256  -22.157  74.475 0.0000000000
31101  -7.526  -22.414  74.636 0.0000000000
31102  -8.462  -22.250  74.566 0.0000000000
29487  -7.856  -23.702  83.733 0.0000000000
24357  -5.655  -31.263  92.877 0.0000000000
26090  -6.940  -28.671  90.120 0.0000000000
24366  -5.202  -30.505  90.489 0.0000000000
26969  -7.827  -27.845  84.968 0.0000000000
88202  -7.904  -27.482  85.872 0.0000000000
26970  -8.348  -27.090  84.893 0.0000000000
28697  -8.540  -24.795  83.117 0.0000000000
28714  -8.496  -25.216  82.510 0.0000000000
28713  -7.846  -25.276  82.128 0.0000000000
26997  -8.915  -26.250  82.694 0.0000000000
26156  -9.314  -27.949  82.169 0.0000000000
26998  -9.340  -26.893  82.264 0.0000000000
27015  -10.174  -27.419  80.945 0.0000000000
27852  -10.206  -26.711  80.424 0.0000000000
26176  -10.250  -28.361  80.608 0.0000000000
22704  -8.829  -31.930  80.830 0.0000000000
25324  -9.408  -29.879  81.390 0.0000000000
33998  -33.900  -18.516  85.230 0.0000000000
33319  -30.346  -19.891  82.033 0.0000000000
33320  -30.825  -19.238  81.769 0.0000000000
33308  -31.294  -19.800  83.386 0.0000000000
33298  -32.828  -19.266  83.782 0.0000000000
33295  -28.461  -19.631  83.346 0.0000000000
33296  -29.173  -20.253  83.146 0.0000000000
32512  -29.874  -20.511  82.912 0.0000000000
33981  -28.174  -18.151  85.839 0.0000000000
45584  -49.643  -4.122  67.552 0.0000000000
44880  -44.378  -5.105  65.308 0.0000000000
45611  -45.752  -4.286  64.888 0.0000000000
77759  -46.446  -4.199  64.081 0.0000000000
45612  -46.474  -4.190  65.179 0.0000000000
45600  -47.813  -4.576  65.877 0.0000000000
40108  -40.628  -10.834  74.554 0.0000000000
40863  -41.920  -9.958  74.842 0.0000000000
40082  -41.219  -10.710  76.066 0.0000000000
40836  -42.432  -10.226  77.292 0.0000000000
37779  -37.030  -14.167  74.915 0.0000000000
82940  -37.263  -14.136  74.321 0.0000000000
37781  -37.817  -14.000  74.052 0.0000000000
38621  -38.171  -13.456  73.509 0.0000000000
39372  -38.600  -12.836  73.062 0.0000000000
39373  -39.113  -12.404  73.605 0.0000000000
39374  -39.547  -11.851  74.234 0.0000000000
28776  -8.953  -24.771  77.837 0.0000000000
84534  -8.360  -25.353  77.194 0.0000000000
84553  -9.314  -25.243  77.374 0.0000000000
27898  -10.205  -26.376  76.195 0.0000000000
26216  -10.405  -28.019  75.208 0.0000000000
89475  -10.376  -27.257  75.799 0.0000000000
80993  -10.342  -28.440  75.887 0.0000000000
24371  -10.224  -30.429  89.827 0.0000000000
92296  -8.693  -31.664  91.446 0.0000000000
23503  -9.543  -31.128  89.877 0.0000000000
37705  -37.251  -13.677  78.936 0.0000000000
35712  -32.627  -16.393  79.812 0.0000000000
34862  -32.087  -16.811  78.619 0.0000000000
35718  -33.222  -16.040  79.264 0.0000000000
36690  -33.633  -15.493  78.713 0.0000000000
36691  -34.161  -15.027  78.206 0.0000000000
37703  -34.817  -14.574  78.560 0.0000000000
37689  -35.543  -14.210  79.252 0.0000000000
79401  -24.279  -17.536  81.197 0.0000000000
34835  -24.373  -17.516  82.067 0.0000000000
34842  -23.751  -17.475  80.444 0.0000000000
34849  -23.019  -17.531  79.394 0.0000000000
44934  -49.827  -5.661  60.580 0.0000000000
46338  -49.058  -3.947  60.260 0.0000000000
47089  -48.088  -2.631  60.040 0.0000000000
47836  -46.928  -1.555  59.582 0.0000000000
29520  -4.406  -24.916  81.055 0.0000000000
29529  -4.910  -24.576  80.523 0.0000000000
28742  -4.872  -25.377  80.880 0.0000000000
28743  -5.464  -25.683  80.785 0.0000000000
28745  -7.169  -25.331  80.845 0.0000000000
44086  -40.955  -5.874  69.013 0.0000000000
44855  -40.469  -5.311  69.801 0.0000000000
42480  -38.278  -8.346  69.894 0.0000000000
42486  -39.301  -8.166  68.711 0.0000000000
43237  -39.826  -7.581  68.343 0.0000000000
43234  -39.528  -7.722  69.276 0.0000000000
44089  -40.091  -7.004  68.811 0.0000000000
29491  -13.449  -24.886  84.084 0.0000000000
29502  -14.734  -24.551  83.373 0.0000000000
28699  -15.297  -25.029  83.142 0.0000000000
30318  -18.748  -23.621  80.895 0.0000000000
29521  -18.277  -24.676  81.662 0.0000000000
32557  -6.480  -20.072  76.649 0.0000000000
33350  -5.426  -19.523  76.388 0.0000000000
32545  -5.105  -20.370  76.356 0.0000000000
32555  -3.618  -21.084  76.005 0.0000000000
31090  -2.733  -22.808  75.865 0.0000000000
27072  -5.994  -27.076  74.724 0.0000000000
28806  -5.288  -26.118  74.856 0.0000000000
28814  -6.563  -25.954  74.201 0.0000000000
29582  -6.962  -25.293  74.079 0.0000000000
29590  -8.596  -24.703  73.148 0.0000000000
30282  -8.710  -22.821  83.593 0.0000000000
30271  -9.013  -23.604  83.746 0.0000000000
28675  -8.841  -24.513  85.098 0.0000000000
22676  -3.149  -33.065  90.729 0.0000000000
24365  -4.427  -31.233  89.937 0.0000000000
24373  -4.205  -31.489  88.743 0.0000000000
24382  -5.903  -30.274  86.814 0.0000000000
26136  -7.614  -28.521  84.514 0.0000000000
26987  -8.708  -27.113  83.457 0.0000000000
26147  -7.900  -28.591  83.823 0.0000000000
82255  -8.662  -28.629  82.685 0.0000000000
34038  -31.344  -18.304  81.465 0.0000000000
34845  -31.550  -17.646  80.739 0.0000000000
34846  -32.104  -16.939  80.475 0.0000000000
34838  -32.770  -16.885  81.325 0.0000000000
35704  -34.355  -16.304  81.674 0.0000000000
34815  -25.093  -17.244  83.892 0.0000000000
34777  -26.537  -17.284  86.657 0.0000000000
78472  -25.813  -17.449  84.405 0.0000000000
91786  -25.410  -18.125  82.563 0.0000000000
34836  -25.023  -17.919  81.409 0.0000000000
44913  -48.002  -5.535  62.680 0.0000000000
44916  -50.709  -5.920  62.290 0.0000000000
45639  -51.629  -4.961  62.328 0.0000000000
42446  -40.476  -8.175  72.027 0.0000000000
42447  -41.263  -8.589  72.536 0.0000000000
39387  -38.367  -12.506  72.201 0.0000000000
78601  -39.581  -10.021  71.377 0.0000000000
41667  -39.577  -9.403  71.360 0.0000000000
34032  -18.967  -18.473  80.857 0.0000000000
33313  -18.651  -19.154  81.305 0.0000000000
33323  -18.391  -19.103  80.465 0.0000000000
34091  -4.626  -18.699  74.058 0.0000000000
33373  -5.195  -19.478  73.572 0.0000000000
30331  -5.891  -22.822  77.777 0.0000000000
77566  -4.149  -23.397  77.025 0.0000000000
80623  -4.777  -23.628  77.057 0.0000000000
28772  -4.663  -25.047  76.434 0.0000000000
28773  -5.389  -25.733  76.005 0.0000000000
28787  -7.859  -26.089  76.643 0.0000000000
27895  -6.416  -26.727  75.851 0.0000000000
27042  -5.929  -27.193  75.306 0.0000000000
27074  -7.692  -27.050  74.666 0.0000000000
26913  -8.504  -26.929  90.722 0.0000000000
25252  -8.458  -28.734  92.351 0.0000000000
23491  -6.586  -31.248  93.380 0.0000000000
22665  -4.829  -32.634  93.830 0.0000000000
21875  -7.648  -33.242  92.569 0.0000000000
21873  -6.318  -34.183  93.243 0.0000000000
21186  -3.876  -34.544  92.457 0.0000000000
86315  -2.517  -36.258  90.183 0.0000000000
73487  -3.781  -35.828  87.562 0.0000000000
75845  -4.801  -34.495  85.709 0.0000000000
38587  -39.547  -13.419  76.804 0.0000000000
39322  -40.387  -12.496  77.419 0.0000000000
38569  -39.573  -13.269  78.089 0.0000000000
34874  -32.043  -17.096  77.968 0.0000000000
78640  -35.541  -13.526  76.009 0.0000000000
37742  -38.330  -13.964  76.357 0.0000000000
34022  -19.761  -17.923  82.398 0.0000000000
35682  -24.277  -16.477  83.766 0.0000000000
83008  -23.006  -16.757  82.625 0.0000000000
34824  -22.636  -17.015  82.692 0.0000000000
34833  -22.949  -17.034  81.974 0.0000000000
35691  -22.138  -16.967  82.156 0.0000000000
79281  -21.795  -17.402  83.016 0.0000000000
35690  -21.157  -16.822  81.994 0.0000000000
34034  -20.470  -17.656  80.849 0.0000000000
34033  -19.740  -17.853  81.193 0.0000000000
34041  -19.819  -18.316  80.220 0.0000000000
48570  -46.664  -0.846  59.214 0.0000000000
48580  -46.306  -0.556  58.461 0.0000000000
49252  -46.780  0.381  57.709 0.0000000000
31801  -6.764  -21.579  77.947 0.0000000000
31085  -6.545  -21.945  78.297 0.0000000000
31078  -6.582  -21.907  79.830 0.0000000000
31081  -6.697  -22.170  79.300 0.0000000000
31084  -6.511  -22.314  78.311 0.0000000000
30327  -7.065  -22.921  78.597 0.0000000000
30328  -7.430  -23.204  78.718 0.0000000000
30323  -7.892  -23.753  78.924 0.0000000000
29531  -6.794  -24.659  80.243 0.0000000000
29542  -7.620  -24.267  79.790 0.0000000000
29554  -8.502  -24.344  78.411 0.0000000000
29555  -9.478  -24.398  78.644 0.0000000000
29546  -10.203  -24.617  78.875 0.0000000000
27872  -10.526  -26.224  78.785 0.0000000000
44867  -45.117  -5.431  68.248 0.0000000000
43240  -39.953  -7.446  67.476 0.0000000000
43242  -41.155  -7.040  66.831 0.0000000000
43248  -41.527  -7.067  66.425 0.0000000000
44094  -42.581  -6.307  66.947 0.0000000000
88252  -43.990  -6.020  67.498 0.0000000000
26085  -10.250  -28.132  91.462 0.0000000000
25258  -10.567  -28.917  91.132 0.0000000000
28676  -12.719  -25.742  85.315 0.0000000000
26924  -11.944  -27.316  88.076 0.0000000000
82838  -11.356  -28.439  88.562 0.0000000000
26127  -13.292  -27.952  84.826 0.0000000000
85480  -18.841  -19.446  82.274 0.0000000000
32511  -18.209  -20.345  83.893 0.0000000000
31782  -18.248  -21.337  84.273 0.0000000000
31075  -18.133  -21.717  81.350 0.0000000000
84491  -18.254  -22.133  83.476 0.0000000000
92607  -18.185  -21.437  84.696 0.0000000000
81227  -18.037  -22.157  84.264 0.0000000000
31053  -17.651  -22.416  84.808 0.0000000000
30289  -17.350  -22.763  84.559 0.0000000000
29504  -16.773  -24.057  83.332 0.0000000000
28700  -16.189  -24.708  83.046 0.0000000000
28715  -15.840  -25.496  82.760 0.0000000000
28734  -17.800  -25.185  81.677 0.0000000000
27827  -16.472  -25.778  82.193 0.0000000000
27000  -14.649  -26.733  82.725 0.0000000000
88536  -2.971  -16.551  77.007 0.0000000000
34067  -3.825  -18.600  76.276 0.0000000000
34066  -2.942  -18.510  76.102 0.0000000000
34875  -2.155  -17.345  75.972 0.0000000000
34089  -2.593  -18.688  74.944 0.0000000000
33367  -4.151  -19.523  74.145 0.0000000000
32579  -5.333  -20.397  73.597 0.0000000000
30330  -2.880  -23.995  76.924 0.0000000000
30334  -2.573  -23.712  76.400 0.0000000000
30341  -2.611  -23.446  75.110 0.0000000000
29576  -4.025  -24.603  74.908 0.0000000000
30343  -3.627  -23.714  74.725 0.0000000000
78615  -3.424  -22.714  74.560 0.0000000000
31818  -4.144  -21.751  74.213 0.0000000000
31819  -5.098  -21.157  73.933 0.0000000000
32580  -6.038  -20.750  73.770 0.0000000000
31821  -7.909  -21.528  74.564 0.0000000000
26912  -7.816  -27.344  90.616 0.0000000000
27760  -8.435  -25.911  87.500 0.0000000000
27767  -8.523  -25.759  86.441 0.0000000000
26106  -7.098  -28.526  87.724 0.0000000000
26939  -7.766  -27.402  86.913 0.0000000000
28686  -8.639  -24.615  84.048 0.0000000000
29499  -7.781  -24.258  83.157 0.0000000000
28695  -6.932  -25.153  83.062 0.0000000000
27807  -5.899  -26.270  82.878 0.0000000000
28712  -6.894  -25.650  82.313 0.0000000000
82250  -6.844  -25.662  81.501 0.0000000000
28730  -7.933  -25.211  81.465 0.0000000000
92371  -9.067  -26.081  82.106 0.0000000000
28731  -8.844  -25.522  81.582 0.0000000000
28732  -9.314  -25.680  80.978 0.0000000000
28748  -10.010  -25.713  80.220 0.0000000000
27861  -10.381  -26.449  79.708 0.0000000000
27029  -10.612  -27.073  78.334 0.0000000000
23532  -7.935  -30.999  83.498 0.0000000000
89575  -8.723  -30.308  82.641 0.0000000000
88267  -8.187  -30.401  83.100 0.0000000000
25313  -8.445  -29.670  82.681 0.0000000000
81610  -9.741  -29.239  81.039 0.0000000000
87758  -9.408  -30.116  79.689 0.0000000000
25336  -10.079  -29.309  80.020 0.0000000000
25350  -10.328  -28.906  79.247 0.0000000000
25360  -10.256  -28.952  78.458 0.0000000000
26198  -10.511  -27.977  77.890 0.0000000000
25371  -10.165  -29.011  77.522 0.0000000000
25378  -9.729  -30.165  76.428 0.0000000000
33984  -31.944  -19.629  86.922 0.0000000000
34779  -31.922  -18.247  86.628 0.0000000000
33975  -31.248  -18.321  86.752 0.0000000000
85566  -31.301  -19.450  86.002 0.0000000000
33271  -31.995  -20.152  86.217 0.0000000000
33270  -30.457  -19.427  85.515 0.0000000000
33974  -30.600  -18.471  86.823 0.0000000000
33973  -29.811  -18.197  87.110 0.0000000000
34764  -30.555  -17.626  87.514 0.0000000000
45574  -46.643  -4.553  68.666 0.0000000000
78000  -45.460  -5.777  67.303 0.0000000000
44872  -46.503  -5.241  67.247 0.0000000000
38598  -39.287  -13.516  76.118 0.0000000000
83270  -38.903  -13.665  75.429 0.0000000000
27036  -10.535  -26.881  77.373 0.0000000000
25293  -12.237  -28.813  84.989 0.0000000000
27804  -3.563  -26.834  83.513 0.0000000000
27823  -4.508  -26.739  82.358 0.0000000000
27805  -4.376  -27.051  83.076 0.0000000000
44078  -39.646  -7.027  71.191 0.0000000000
90789  -39.306  -7.436  71.097 0.0000000000
43231  -39.291  -7.186  70.529 0.0000000000
31052  -16.526  -22.793  84.967 0.0000000000
90523  -6.263  -19.259  72.780 0.0000000000
89830  -5.012  -22.128  76.948 0.0000000000
28817  -9.143  -25.733  73.453 0.0000000000
28654  -9.590  -24.955  87.944 0.0000000000
84349  -4.687  -33.537  85.809 0.0000000000
23514  -5.025  -32.347  86.241 0.0000000000
23515  -5.794  -31.765  85.522 0.0000000000
24400  -6.787  -30.914  84.595 0.0000000000
34019  -34.006  -18.321  83.366 0.0000000000
34017  -27.803  -18.871  83.272 0.0000000000
45593  -51.760  -4.163  66.275 0.0000000000
45602  -49.423  -4.242  65.387 0.0000000000
90851  -49.100  -4.173  64.874 0.0000000000
45603  -50.343  -4.214  65.610 0.0000000000
80735  -50.480  -4.220  64.674 0.0000000000
40876  -40.549  -10.708  73.570 0.0000000000
36699  -2.239  -15.770  76.699 0.0000000000
36706  -2.172  -16.194  76.055 0.0000000000
35753  -2.240  -16.804  75.763 0.0000000000
35745  -2.013  -16.927  76.036 0.0000000000
91609  -10.189  -26.805  75.604 0.0000000000
27909  -9.771  -26.754  75.393 0.0000000000
89814  -9.448  -30.294  92.129 0.0000000000
23494  -8.812  -30.684  92.499 0.0000000000
23498  -9.080  -30.933  91.774 0.0000000000
21880  -7.440  -34.026  89.882 0.0000000000
37706  -38.114  -13.796  78.301 0.0000000000
34861  -31.628  -17.561  78.752 0.0000000000
37722  -36.266  -13.683  77.590 0.0000000000
35716  -21.917  -18.060  79.744 0.0000000000
34841  -21.410  -18.025  80.091 0.0000000000
78785  -21.135  -18.560  79.138 0.0000000000
31076  -5.543  -23.259  80.596 0.0000000000
83630  -7.721  -24.907  80.479 0.0000000000
82449  -41.149  -6.116  68.128 0.0000000000
87787  -18.164  -20.825  79.662 0.0000000000
87862  -6.372  -18.152  76.720 0.0000000000
32562  -2.828  -20.995  75.307 0.0000000000
32568  -2.730  -20.955  74.882 0.0000000000
31816  -2.854  -21.617  74.647 0.0000000000
28785  -5.208  -26.133  75.305 0.0000000000
28796  -3.795  -25.128  75.728 0.0000000000
28797  -4.720  -25.645  75.373 0.0000000000
30346  -7.141  -23.332  74.533 0.0000000000
30347  -8.028  -23.106  74.393 0.0000000000
23496  -4.822  -31.542  92.256 0.0000000000
24361  -5.612  -30.673  91.738 0.0000000000
23500  -4.732  -31.287  91.062 0.0000000000
27808  -8.653  -25.943  83.324 0.0000000000
27008  -9.723  -27.233  81.633 0.0000000000
21889  -7.952  -33.886  82.012 0.0000000000
80810  -8.444  -32.623  81.208 0.0000000000
32523  -30.556  -20.206  82.830 0.0000000000
80657  -31.090  -19.602  82.566 0.0000000000
33272  -32.469  -20.038  86.115 0.0000000000
33285  -32.618  -19.603  84.990 0.0000000000
33286  -33.308  -19.094  84.567 0.0000000000
91681  -29.024  -19.866  84.035 0.0000000000
32503  -30.553  -20.136  84.103 0.0000000000
82791  -29.803  -20.294  83.710 0.0000000000
90400  -30.341  -20.391  83.393 0.0000000000
32522  -29.949  -20.285  82.329 0.0000000000
33982  -29.085  -18.168  86.166 0.0000000000
33268  -28.623  -18.612  85.260 0.0000000000
34008  -28.148  -18.972  84.327 0.0000000000
45583  -48.608  -4.291  67.329 0.0000000000
88068  -49.112  -4.123  68.269 0.0000000000
45576  -48.359  -4.194  68.457 0.0000000000
44099  -43.482  -6.180  66.456 0.0000000000
44104  -42.746  -6.201  65.903 0.0000000000
44881  -45.169  -5.657  65.978 0.0000000000
45598  -45.242  -4.828  65.369 0.0000000000
91941  -46.370  -4.635  65.653 0.0000000000
78294  -47.895  -4.500  66.781 0.0000000000
45590  -48.447  -4.435  66.336 0.0000000000
40096  -40.904  -10.744  75.379 0.0000000000
40072  -41.501  -11.232  77.202 0.0000000000
40083  -41.733  -10.617  76.776 0.0000000000
40073  -42.022  -10.841  77.644 0.0000000000
37780  -37.777  -14.159  74.822 0.0000000000
38620  -37.442  -13.776  73.179 0.0000000000
38622  -38.787  -13.111  73.908 0.0000000000
39362  -39.744  -12.037  75.053 0.0000000000
40107  -40.011  -11.388  74.688 0.0000000000
25387  -10.101  -29.551  75.767 0.0000000000
92388  -10.411  -30.429  89.146 0.0000000000
24375  -10.441  -30.376  88.522 0.0000000000
89147  -32.840  -16.510  80.607 0.0000000000
35680  -22.528  -16.676  83.030 0.0000000000
44151  -50.564  -6.299  61.281 0.0000000000
44164  -49.961  -6.389  60.804 0.0000000000
46339  -49.801  -3.228  60.409 0.0000000000
83357  -49.056  -2.889  60.119 0.0000000000
46346  -48.192  -3.581  60.029 0.0000000000
47075  -49.000  -2.047  60.234 0.0000000000
28727  -4.204  -25.870  81.637 0.0000000000
91807  -6.444  -25.710  80.948 0.0000000000
81525  -40.115  -6.056  69.314 0.0000000000
41681  -38.208  -9.070  70.660 0.0000000000
42481  -38.999  -8.198  69.433 0.0000000000
44085  -39.596  -6.677  69.771 0.0000000000
30300  -15.410  -23.626  83.409 0.0000000000
29522  -18.769  -24.334  81.228 0.0000000000
92361  -18.811  -24.719  80.764 0.0000000000
32547  -6.838  -20.725  77.222 0.0000000000
32556  -5.846  -20.065  76.470 0.0000000000
32546  -6.037  -20.711  76.624 0.0000000000
31803  -4.404  -21.754  76.393 0.0000000000
31091  -3.518  -22.223  76.175 0.0000000000
27073  -6.727  -27.098  74.616 0.0000000000
27931  -6.464  -26.605  74.438 0.0000000000
29583  -7.675  -24.810  73.689 0.0000000000
29476  -9.332  -24.132  84.914 0.0000000000
84836  -8.765  -25.007  86.132 0.0000000000
75350  -2.202  -34.451  89.967 0.0000000000
23502  -3.655  -32.217  89.580 0.0000000000
80004  -3.358  -32.758  88.461 0.0000000000
24389  -6.065  -30.677  85.932 0.0000000000
25278  -6.425  -29.824  86.275 0.0000000000
25279  -6.880  -29.193  85.756 0.0000000000
81145  -7.195  -29.184  84.864 0.0000000000
25306  -8.013  -29.067  83.229 0.0000000000
34055  -31.232  -18.332  79.366 0.0000000000
34046  -31.201  -18.294  80.363 0.0000000000
34837  -31.996  -17.430  81.470 0.0000000000
33317  -28.295  -19.781  81.119 0.0000000000
35659  -24.740  -16.446  85.611 0.0000000000
34804  -24.973  -16.764  84.700 0.0000000000
78743  -25.750  -17.031  85.241 0.0000000000
34749  -27.119  -17.389  88.558 0.0000000000
85100  -26.618  -17.525  84.860 0.0000000000
34816  -25.892  -17.885  83.561 0.0000000000
34024  -25.748  -18.336  81.974 0.0000000000
34844  -25.297  -18.093  80.541 0.0000000000
46305  -51.754  -2.941  64.525 0.0000000000
45624  -47.065  -4.121  64.114 0.0000000000
91255  -47.003  -4.540  63.499 0.0000000000
44894  -48.491  -5.169  63.227 0.0000000000
44914  -48.975  -5.727  62.511 0.0000000000
44915  -49.890  -5.920  62.401 0.0000000000
44132  -49.437  -6.295  61.818 0.0000000000
46303  -51.324  -4.041  63.773 0.0000000000
45629  -51.279  -4.689  63.071 0.0000000000
46325  -52.230  -3.298  62.659 0.0000000000
41646  -42.357  -8.778  73.546 0.0000000000
40851  -42.171  -9.744  75.752 0.0000000000
40134  -39.601  -11.146  72.227 0.0000000000
40152  -39.135  -11.200  71.616 0.0000000000
40900  -39.066  -10.438  71.243 0.0000000000
42461  -39.979  -8.838  71.582 0.0000000000
34040  -18.899  -18.701  79.978 0.0000000000
33337  -17.984  -19.529  78.701 0.0000000000
77483  -4.769  -17.061  74.638 0.0000000000
34892  -4.071  -17.805  74.487 0.0000000000
85486  -6.790  -25.067  76.842 0.0000000000
79543  -5.879  -25.099  76.635 0.0000000000
28775  -7.392  -25.432  76.885 0.0000000000
27045  -7.913  -27.064  75.557 0.0000000000
27044  -7.302  -26.788  75.943 0.0000000000
27043  -6.590  -27.192  75.513 0.0000000000
27063  -6.959  -27.431  74.926 0.0000000000
27064  -7.849  -27.285  75.064 0.0000000000
27922  -9.764  -26.648  74.422 0.0000000000
26910  -9.189  -27.279  91.505 0.0000000000
25249  -8.748  -29.418  92.571 0.0000000000
22668  -7.554  -32.048  93.382 0.0000000000
23492  -7.583  -31.210  93.299 0.0000000000
23489  -6.925  -31.828  93.573 0.0000000000
81911  -5.729  -31.816  93.516 0.0000000000
22666  -5.723  -32.748  94.091 0.0000000000
22675  -8.288  -32.517  91.764 0.0000000000
21877  -7.731  -33.392  91.609 0.0000000000
21190  -5.571  -35.177  91.497 0.0000000000
21188  -6.459  -34.505  92.402 0.0000000000
21187  -5.550  -34.715  92.343 0.0000000000
91770  -4.519  -34.359  92.760 0.0000000000
86805  -3.577  -35.371  91.742 0.0000000000
87103  -2.358  -35.533  91.262 0.0000000000
87105  -3.559  -36.187  90.733 0.0000000000
86534  -5.066  -35.846  88.597 0.0000000000
73485  -3.312  -36.360  88.921 0.0000000000
77051  -4.338  -35.103  86.553 0.0000000000
37743  -39.133  -13.911  76.650 0.0000000000
38579  -39.287  -13.699  77.509 0.0000000000
35725  -32.582  -16.435  78.904 0.0000000000
37761  -36.684  -13.988  75.733 0.0000000000
34023  -20.574  -18.038  82.901 0.0000000000
34834  -23.674  -17.267  81.560 0.0000000000
34840  -20.996  -18.087  80.104 0.0000000000
79622  -47.418  -0.946  59.801 0.0000000000
48592  -46.350  -0.164  57.727 0.0000000000
49242  -46.791  0.156  58.334 0.0000000000
31799  -7.069  -21.396  78.805 0.0000000000
30326  -6.785  -22.441  78.786 0.0000000000
89379  -7.908  -24.510  79.959 0.0000000000
29543  -8.143  -24.149  79.136 0.0000000000
28766  -10.407  -25.267  78.330 0.0000000000
28757  -10.341  -25.390  79.254 0.0000000000
44866  -44.209  -5.727  68.181 0.0000000000
44859  -44.420  -5.265  68.999 0.0000000000
39309  -40.951  -12.109  78.176 0.0000000000
43243  -41.925  -6.697  66.667 0.0000000000
44098  -42.624  -6.373  66.588 0.0000000000
44865  -43.447  -5.913  67.930 0.0000000000
27753  -11.280  -26.647  88.959 0.0000000000
26919  -11.169  -27.187  89.552 0.0000000000
26089  -10.957  -27.770  90.056 0.0000000000
26923  -11.533  -27.325  88.739 0.0000000000
29492  -13.927  -25.068  83.641 0.0000000000
29480  -13.057  -25.303  84.689 0.0000000000
26942  -13.002  -27.185  85.808 0.0000000000
27779  -12.967  -26.563  85.529 0.0000000000
26097  -11.996  -27.723  87.735 0.0000000000
26096  -11.662  -27.821  88.323 0.0000000000
92513  -11.071  -29.061  88.731 0.0000000000
26108  -12.251  -27.959  87.125 0.0000000000
26971  -13.599  -27.627  84.170 0.0000000000
26117  -12.544  -28.194  86.279 0.0000000000
91105  -13.619  -27.818  83.743 0.0000000000
32521  -18.323  -20.254  82.741 0.0000000000
31791  -18.064  -21.140  83.184 0.0000000000
82655  -18.394  -22.764  81.040 0.0000000000
89058  -18.416  -22.701  82.870 0.0000000000
28716  -16.507  -25.165  82.640 0.0000000000
80742  -17.820  -25.607  81.113 0.0000000000
27843  -16.429  -26.452  81.339 0.0000000000
34865  -5.094  -17.126  76.693 0.0000000000
83903  -3.846  -16.847  76.926 0.0000000000
34864  -3.201  -17.513  76.386 0.0000000000
33343  -4.411  -19.507  76.321 0.0000000000
34068  -4.975  -18.699  76.343 0.0000000000
33349  -2.784  -19.538  75.821 0.0000000000
79921  -2.475  -17.702  76.080 0.0000000000
34079  -2.519  -18.350  75.720 0.0000000000
34085  -2.376  -18.125  75.466 0.0000000000
33366  -3.001  -19.617  74.640 0.0000000000
32570  -3.792  -20.414  74.094 0.0000000000
32578  -4.826  -20.154  73.755 0.0000000000
83408  -3.492  -24.057  76.992 0.0000000000
30335  -2.422  -24.241  76.378 0.0000000000
30338  -2.457  -23.660  75.765 0.0000000000
28807  -5.832  -25.884  74.430 0.0000000000
79511  -4.510  -25.342  74.987 0.0000000000
29577  -5.205  -25.225  74.596 0.0000000000
30342  -2.854  -23.542  74.789 0.0000000000
87677  -5.876  -21.594  74.288 0.0000000000
32572  -7.177  -20.916  74.159 0.0000000000
28685  -5.925  -25.321  84.101 0.0000000000
26082  -7.851  -28.125  91.742 0.0000000000
26917  -8.501  -26.709  89.801 0.0000000000
26086  -7.439  -27.859  90.904 0.0000000000
26091  -7.334  -27.915  89.802 0.0000000000
26930  -8.030  -26.818  87.810 0.0000000000
26940  -8.200  -26.684  86.687 0.0000000000
24370  -4.980  -30.534  89.407 0.0000000000
25259  -5.630  -29.980  88.967 0.0000000000
25265  -6.207  -29.551  88.458 0.0000000000
26951  -8.436  -26.435  85.631 0.0000000000
29500  -8.242  -24.121  83.215 0.0000000000
28696  -8.037  -24.608  82.636 0.0000000000
27841  -9.413  -26.308  81.640 0.0000000000
27016  -10.434  -27.421  80.145 0.0000000000
24408  -8.549  -30.772  83.188 0.0000000000
24432  -9.403  -31.242  81.031 0.0000000000
89795  -9.455  -30.253  81.668 0.0000000000
25314  -9.006  -29.955  82.069 0.0000000000
24431  -9.162  -30.702  80.148 0.0000000000
25349  -9.738  -29.597  79.087 0.0000000000
33261  -32.629  -19.739  86.383 0.0000000000
33985  -32.833  -18.834  86.331 0.0000000000
85391  -32.352  -19.481  86.667 0.0000000000
34766  -32.334  -17.384  87.597 0.0000000000
32504  -31.282  -19.931  84.268 0.0000000000
33269  -29.542  -19.104  85.496 0.0000000000
79120  -28.754  -17.556  87.972 0.0000000000
34752  -30.144  -17.106  88.708 0.0000000000
45575  -47.492  -4.351  68.595 0.0000000000
81860  -44.348  -6.010  66.174 0.0000000000
44875  -45.677  -5.729  66.517 0.0000000000
44876  -46.338  -5.307  66.540 0.0000000000
39347  -40.628  -11.363  76.001 0.0000000000
39323  -40.982  -11.806  77.280 0.0000000000
38610  -38.856  -13.379  74.711 0.0000000000
79360  -11.270  -29.194  86.995 0.0000000000
24384  -10.851  -29.652  87.333 0.0000000000
24391  -10.986  -29.584  86.670 0.0000000000
35714  -34.057  -15.810  80.831 0.0000000000
79082  -34.399  -14.748  79.856 0.0000000000
37671  -35.085  -14.589  80.046 0.0000000000
34851  -24.252  -17.820  79.525 0.0000000000
45643  -51.272  -5.101  61.441 0.0000000000
45653  -50.682  -4.589  61.107 0.0000000000
48550  -50.305  -1.205  61.349 0.0000000000
83756  -3.532  -25.945  82.207 0.0000000000
27839  -4.442  -26.450  81.889 0.0000000000
27840  -5.064  -26.474  81.877 0.0000000000
44079  -40.312  -6.273  71.291 0.0000000000
29493  -16.663  -23.408  83.673 0.0000000000
33293  -20.258  -18.653  84.260 0.0000000000
34097  -5.520  -18.759  73.316 0.0000000000
34098  -6.221  -18.727  72.721 0.0000000000
27933  -8.681  -26.341  74.102 0.0000000000
28653  -8.941  -25.387  88.215 0.0000000000
75664  -3.438  -33.446  87.436 0.0000000000
23504  -3.909  -32.238  87.681 0.0000000000
23508  -4.157  -32.896  86.752 0.0000000000
24388  -5.390  -31.193  86.508 0.0000000000
25291  -6.599  -30.159  85.308 0.0000000000
25300  -7.108  -30.053  84.489 0.0000000000
85281  -7.489  -30.184  83.779 0.0000000000
33309  -32.545  -18.830  82.974 0.0000000000
34029  -33.138  -17.960  82.842 0.0000000000
78962  -28.984  -20.068  81.189 0.0000000000
33997  -27.824  -18.241  85.238 0.0000000000
34795  -27.196  -17.787  85.322 0.0000000000
34007  -27.399  -17.982  84.556 0.0000000000
34016  -26.932  -18.236  83.107 0.0000000000
79607  -48.444  -4.243  64.706 0.0000000000
45625  -47.952  -4.318  63.901 0.0000000000
45614  -49.327  -4.249  64.127 0.0000000000
45627  -49.764  -4.848  63.491 0.0000000000
45615  -50.119  -4.341  63.963 0.0000000000
88768  -50.957  -4.388  64.130 0.0000000000
87630  -40.748  -9.767  72.496 0.0000000000
41657  -41.344  -9.389  72.742 0.0000000000
41636  -42.284  -9.563  74.102 0.0000000000
35755  -3.758  -16.966  75.180 0.0000000000
35754  -2.791  -16.827  75.444 0.0000000000
34890  -2.488  -17.984  75.177 0.0000000000
25254  -10.227  -28.807  91.990 0.0000000000
25253  -9.400  -28.857  92.427 0.0000000000
24360  -9.166  -29.842  92.493 0.0000000000
23493  -8.274  -31.370  93.077 0.0000000000
21878  -7.230  -34.030  90.966 0.0000000000
78888  -5.523  -35.601  90.614 0.0000000000
76324  -4.480  -36.322  90.108 0.0000000000
21193  -5.502  -35.818  89.556 0.0000000000
91816  -5.907  -35.542  88.888 0.0000000000
38578  -38.882  -13.929  78.009 0.0000000000
35726  -33.134  -16.094  78.354 0.0000000000
37741  -37.322  -13.914  76.434 0.0000000000
34810  -21.248  -18.079  84.177 0.0000000000
34803  -24.468  -16.640  84.150 0.0000000000
34050  -20.770  -18.409  79.628 0.0000000000
84425  -47.482  -5.140  59.770 0.0000000000
30317  -6.567  -23.914  80.226 0.0000000000
28744  -6.270  -25.482  80.606 0.0000000000
45566  -43.113  -4.843  69.830 0.0000000000
28657  -11.949  -26.311  87.269 0.0000000000
26953  -13.433  -27.137  84.892 0.0000000000
26972  -13.818  -27.070  83.881 0.0000000000
81807  -14.094  -27.064  83.207 0.0000000000
79367  -18.268  -20.667  81.046 0.0000000000
85638  -18.046  -23.532  83.318 0.0000000000
27842  -15.598  -27.054  81.493 0.0000000000
32554  -2.965  -20.536  75.724 0.0000000000
33365  -2.693  -20.138  74.948 0.0000000000
31817  -3.458  -21.218  74.100 0.0000000000
28771  -3.580  -24.908  76.322 0.0000000000
29561  -2.943  -24.434  76.708 0.0000000000
29574  -3.437  -24.810  75.314 0.0000000000
78744  -5.853  -24.536  74.434 0.0000000000
31099  -5.504  -23.033  74.714 0.0000000000
31100  -6.375  -22.551  74.658 0.0000000000
24358  -6.492  -30.514  92.643 0.0000000000
25257  -7.026  -28.591  91.253 0.0000000000
24362  -6.406  -30.041  91.826 0.0000000000
25256  -6.452  -29.280  90.551 0.0000000000
25260  -6.384  -29.399  89.455 0.0000000000
26115  -6.760  -29.098  86.854 0.0000000000
26116  -7.296  -28.254  86.588 0.0000000000
23537  -8.878  -31.374  80.200 0.0000000000
81105  -30.066  -19.563  81.179 0.0000000000
84633  -31.897  -19.306  83.181 0.0000000000
33297  -31.970  -19.567  84.148 0.0000000000
33299  -33.483  -18.810  83.776 0.0000000000
33294  -28.072  -19.470  82.705 0.0000000000
33306  -28.667  -19.984  82.544 0.0000000000
33307  -29.349  -20.310  82.366 0.0000000000
33318  -29.554  -20.101  81.673 0.0000000000
89787  -27.462  -17.512  87.896 0.0000000000
34778  -28.142  -17.831  86.618 0.0000000000
45585  -50.619  -3.976  67.980 0.0000000000
44885  -43.492  -5.253  64.719 0.0000000000
44886  -44.146  -4.795  64.406 0.0000000000
45599  -46.773  -4.725  65.884 0.0000000000
45591  -49.352  -4.249  66.343 0.0000000000
40862  -41.321  -10.369  74.709 0.0000000000
40850  -41.504  -10.256  75.478 0.0000000000
40841  -41.720  -10.205  76.141 0.0000000000
38634  -37.874  -13.228  72.703 0.0000000000
40120  -39.471  -11.700  73.364 0.0000000000
40121  -39.966  -11.193  73.957 0.0000000000
35727  -2.317  -16.048  77.023 0.0000000000
29566  -8.068  -24.797  77.657 0.0000000000
92803  -10.335  -27.465  75.199 0.0000000000
23501  -9.058  -31.320  90.743 0.0000000000
22677  -8.598  -32.160  90.672 0.0000000000
23507  -9.997  -31.001  88.930 0.0000000000
22680  -8.925  -31.863  89.829 0.0000000000
82941  -8.538  -32.586  89.894 0.0000000000
22679  -8.739  -32.531  89.028 0.0000000000
34854  -31.964  -16.828  79.399 0.0000000000
36698  -33.431  -15.487  77.983 0.0000000000
78916  -24.981  -17.919  82.384 0.0000000000
34850  -23.519  -17.619  79.638 0.0000000000
35711  -22.986  -17.452  79.954 0.0000000000
35717  -22.509  -17.777  79.563 0.0000000000
80412  -22.174  -17.954  79.112 0.0000000000
44941  -48.378  -5.655  60.062 0.0000000000
45652  -49.972  -4.534  60.598 0.0000000000
45651  -49.088  -5.063  60.361 0.0000000000
45659  -48.284  -4.572  60.045 0.0000000000
89392  -47.536  -4.211  59.870 0.0000000000
46345  -47.153  -3.391  59.808 0.0000000000
47088  -47.151  -2.379  59.728 0.0000000000
47821  -47.959  -1.696  60.072 0.0000000000
47822  -48.907  -1.465  60.519 0.0000000000
30311  -4.154  -24.299  81.372 0.0000000000
44856  -41.406  -5.218  69.521 0.0000000000
42475  -37.775  -8.745  70.183 0.0000000000
29501  -13.901  -24.490  83.568 0.0000000000
31083  -18.378  -22.166  79.471 0.0000000000
30324  -18.414  -23.074  80.088 0.0000000000
29534  -18.486  -25.100  81.054 0.0000000000
33352  -6.600  -19.428  76.624 0.0000000000
34069  -6.039  -18.876  76.471 0.0000000000
33351  -6.105  -19.595  76.476 0.0000000000
80667  -4.560  -20.996  76.195 0.0000000000
27919  -5.395  -26.964  74.902 0.0000000000
27920  -5.879  -26.499  74.566 0.0000000000
28815  -7.385  -25.576  73.986 0.0000000000
30351  -8.348  -23.881  73.603 0.0000000000
30281  -8.263  -23.171  83.748 0.0000000000
22674  -3.613  -32.843  92.084 0.0000000000
23499  -3.999  -32.008  91.622 0.0000000000
81265  -3.987  -31.882  90.551 0.0000000000
24374  -5.023  -30.644  88.461 0.0000000000
24381  -5.292  -30.696  87.530 0.0000000000
80525  -6.350  -29.643  87.060 0.0000000000
26125  -7.399  -28.408  85.416 0.0000000000
26137  -8.236  -27.784  84.181 0.0000000000
26148  -8.424  -28.177  83.379 0.0000000000
78328  -33.451  -16.395  81.148 0.0000000000
34794  -26.548  -17.419  85.740 0.0000000000
44893  -47.603  -4.806  63.359 0.0000000000
44130  -47.337  -5.998  62.064 0.0000000000
44133  -50.338  -6.330  61.781 0.0000000000
44134  -51.046  -6.079  61.801 0.0000000000
44897  -51.027  -5.334  62.656 0.0000000000
44917  -51.319  -5.678  62.159 0.0000000000
44929  -51.463  -5.452  61.855 0.0000000000
45644  -51.690  -4.450  62.065 0.0000000000
46332  -52.234  -3.023  62.297 0.0000000000
81828  -41.810  -8.942  72.984 0.0000000000
81052  -42.600  -9.535  74.932 0.0000000000
33330  -18.282  -19.188  79.657 0.0000000000
31800  -18.260  -21.240  79.029 0.0000000000
89378  -5.553  -19.907  73.343 0.0000000000
29563  -5.418  -24.257  76.888 0.0000000000
28786  -7.017  -26.188  76.318 0.0000000000
27894  -5.719  -26.599  75.581 0.0000000000
27907  -5.307  -27.011  75.036 0.0000000000
27051  -5.762  -27.305  74.982 0.0000000000
26087  -8.171  -27.341  91.436 0.0000000000
25248  -8.033  -29.587  92.606 0.0000000000
25247  -7.160  -29.805  92.333 0.0000000000
23490  -4.977  -32.143  93.221 0.0000000000
22670  -4.060  -32.868  93.053 0.0000000000
22672  -8.078  -32.325  92.900 0.0000000000
22671  -7.358  -32.974  93.325 0.0000000000
21876  -7.214  -34.100  92.165 0.0000000000
21874  -7.180  -33.993  93.226 0.0000000000
21871  -6.615  -33.422  93.718 0.0000000000
21870  -5.813  -33.565  93.697 0.0000000000
22664  -4.410  -33.195  93.280 0.0000000000
22669  -3.404  -33.586  92.337 0.0000000000
86804  -2.772  -34.455  91.871 0.0000000000
86663  -2.199  -34.595  91.105 0.0000000000
75803  -1.847  -35.463  90.470 0.0000000000
87104  -3.579  -36.537  89.845 0.0000000000
76325  -3.044  -35.487  88.292 0.0000000000
73484  -3.589  -34.763  87.419 0.0000000000
73492  -5.430  -32.920  85.386 0.0000000000
38588  -39.973  -12.858  76.883 0.0000000000
38580  -39.759  -13.113  77.473 0.0000000000
38568  -39.233  -13.486  78.438 0.0000000000
90701  -32.284  -16.582  77.595 0.0000000000
87978  -36.114  -13.927  74.969 0.0000000000
37763  -38.377  -14.024  75.462 0.0000000000
37764  -38.906  -13.903  75.973 0.0000000000
34005  -20.696  -18.521  84.467 0.0000000000
35689  -20.481  -16.954  81.698 0.0000000000
34822  -20.059  -17.197  82.097 0.0000000000
34049  -19.880  -18.592  79.361 0.0000000000
47087  -46.123  -2.226  59.594 0.0000000000
47835  -45.951  -1.574  59.355 0.0000000000
48569  -45.957  -1.181  58.876 0.0000000000
47859  -45.566  -1.101  58.257 0.0000000000
48602  -46.505  0.134  56.947 0.0000000000
32536  -7.330  -20.938  78.131 0.0000000000
45573  -45.809  -4.826  68.835 0.0000000000
44860  -45.083  -4.891  69.093 0.0000000000
43219  -40.325  -7.020  71.907 0.0000000000
43241  -40.536  -7.220  67.060 0.0000000000
43247  -40.967  -7.169  66.591 0.0000000000
44097  -42.093  -6.958  66.061 0.0000000000
44870  -43.342  -6.223  67.125 0.0000000000
26915  -10.246  -27.539  90.820 0.0000000000
24364  -10.306  -29.485  91.472 0.0000000000
90359  -12.310  -26.427  86.621 0.0000000000
27768  -12.330  -26.898  87.005 0.0000000000
26092  -11.311  -27.880  89.156 0.0000000000
25261  -10.938  -29.090  90.328 0.0000000000
24369  -10.540  -29.672  90.574 0.0000000000
24372  -10.792  -29.690  89.377 0.0000000000
25270  -11.212  -28.934  87.769 0.0000000000
25271  -11.863  -28.647  86.883 0.0000000000
26126  -12.776  -28.320  85.385 0.0000000000
26139  -13.402  -28.116  84.044 0.0000000000
33304  -18.652  -19.479  83.435 0.0000000000
31775  -18.613  -20.849  85.106 0.0000000000
31079  -18.214  -22.064  80.360 0.0000000000
84326  -18.199  -21.900  82.523 0.0000000000
31774  -18.083  -21.472  85.133 0.0000000000
31046  -17.181  -22.716  85.467 0.0000000000
28717  -17.124  -25.222  82.244 0.0000000000
27010  -14.950  -27.101  82.145 0.0000000000
26999  -14.179  -27.407  82.730 0.0000000000
34863  -2.418  -16.831  76.450 0.0000000000
33342  -3.349  -19.487  76.189 0.0000000000
34881  -2.254  -17.415  75.697 0.0000000000
31095  -2.637  -22.926  75.262 0.0000000000
90536  -4.908  -25.760  75.159 0.0000000000
78824  -3.124  -24.199  74.957 0.0000000000
88932  -2.845  -22.483  74.710 0.0000000000
31098  -3.360  -21.876  74.392 0.0000000000
32581  -6.870  -20.119  73.486 0.0000000000
32573  -8.194  -20.557  74.127 0.0000000000
31822  -8.889  -21.394  74.566 0.0000000000
27790  -4.374  -26.527  84.485 0.0000000000
28646  -9.023  -25.661  89.007 0.0000000000
27751  -8.503  -26.038  88.512 0.0000000000
26916  -7.881  -27.209  89.592 0.0000000000
26922  -8.189  -26.676  88.940 0.0000000000
27778  -8.642  -25.343  85.344 0.0000000000
25255  -5.827  -29.949  89.956 0.0000000000
83336  -6.916  -28.802  88.845 0.0000000000
26929  -7.553  -27.710  87.691 0.0000000000
28694  -5.581  -26.208  83.654 0.0000000000
27806  -5.001  -26.920  83.468 0.0000000000
27825  -5.936  -26.273  82.041 0.0000000000
82451  -5.836  -33.227  85.095 0.0000000000
76604  -7.061  -31.419  84.346 0.0000000000
24418  -9.318  -30.330  82.230 0.0000000000
24401  -7.394  -30.905  83.956 0.0000000000
92664  -7.758  -30.537  83.476 0.0000000000
23536  -8.544  -31.911  79.834 0.0000000000
91126  -9.058  -30.616  79.513 0.0000000000
26177  -10.473  -28.244  79.721 0.0000000000
26186  -10.556  -28.088  78.840 0.0000000000
20540  -4.599  -34.832  92.323 0.0000000000
20541  -4.755  -35.930  90.862 0.0000000000
21184  -4.382  -33.872  93.077 0.0000000000
21185  -5.222  -34.183  93.145 0.0000000000
21869  -5.010  -33.291  93.733 0.0000000000
21872  -3.651  -33.890  92.590 0.0000000000
21895  -8.215  -33.209  81.556 0.0000000000
22673  -2.971  -33.725  91.696 0.0000000000
22678  -2.937  -33.308  89.385 0.0000000000
23487  -5.346  -32.203  94.038 0.0000000000
23488  -6.121  -32.037  93.899 0.0000000000
23505  -4.581  -31.347  87.905 0.0000000000
23520  -6.154  -32.541  84.988 0.0000000000
24367  -5.936  -29.852  91.022 0.0000000000
25250  -6.690  -29.342  91.553 0.0000000000
25269  -5.985  -29.877  87.627 0.0000000000
25280  -11.464  -29.192  86.328 0.0000000000
26083  -8.811  -27.939  92.031 0.0000000000
26088  -10.710  -28.359  90.601 0.0000000000
26105  -6.594  -29.253  87.755 0.0000000000
26107  -11.753  -28.239  87.730 0.0000000000
26921  -7.757  -27.249  88.525 0.0000000000
26931  -12.220  -27.371  87.405 0.0000000000
27052  -6.379  -27.456  75.083 0.0000000000
27062  -6.281  -27.348  74.899 0.0000000000
27742  -9.114  -26.550  90.224 0.0000000000
27745  -8.766  -26.172  89.426 0.0000000000
27762  -12.092  -26.880  87.776 0.0000000000
27769  -12.672  -26.804  86.279 0.0000000000
27791  -4.847  -26.861  84.048 0.0000000000
28665  -12.480  -26.139  85.996 0.0000000000
29457  -8.872  -25.059  87.146 0.0000000000
31827  -2.958  -21.231  74.401 0.0000000000
33259  -31.960  -20.095  86.865 0.0000000000
34762  -28.073  -17.708  87.567 0.0000000000
34776  -25.514  -16.846  87.127 0.0000000000
44896  -50.225  -5.407  62.817 0.0000000000
44935  -50.602  -5.673  60.929 0.0000000000
45604  -51.206  -4.087  65.203 0.0000000000
45616  -51.396  -3.802  64.868 0.0000000000
45630  -51.912  -4.213  62.747 0.0000000000
45645  -51.923  -3.737  62.314 0.0000000000
46297  -52.226  -3.596  65.332 0.0000000000
46315  -51.621  -3.401  63.561 0.0000000000
46331  -52.082  -3.210  62.058 0.0000000000
75440  -3.040  -34.797  91.993 0.0000000000
75653  -6.908  -32.097  84.621 0.0000000000
76104  -4.167  -36.142  88.275 0.0000000000
81222  -27.407  -17.502  87.092 0.0000000000
83777  -7.439  -30.421  93.039 0.0000000000
86667  -2.298  -35.537  89.420 0.0000000000
87043  -5.330  -33.803  85.263 0.0000000000
92108  -51.776  -4.378  62.341 0.0000000000
92413  -11.157  -28.651  89.610 0.0000000000
