#!ascii label  , from subject sub-v1s9x0051353_ses-1 vox2ras=TkReg
682
26150  -13.594  -28.040  83.174 0.0000000000
33357  -29.889  -20.224  76.939 0.0000000000
36723  -30.990  -14.965  73.985 0.0000000000
34871  -24.538  -17.790  77.777 0.0000000000
43258  -36.672  -7.658  63.934 0.0000000000
37831  -34.918  -13.449  69.017 0.0000000000
81105  -30.066  -19.563  81.179 0.0000000000
32539  -27.319  -20.166  77.625 0.0000000000
44103  -41.798  -6.840  65.336 0.0000000000
91323  -45.085  -4.550  62.738 0.0000000000
43293  -48.224  -7.036  60.717 0.0000000000
37778  -35.059  -13.700  74.976 0.0000000000
37815  -33.296  -14.332  70.807 0.0000000000
38633  -37.122  -13.644  72.416 0.0000000000
80726  -37.492  -10.545  70.656 0.0000000000
34072  -18.645  -18.895  77.022 0.0000000000
21883  -7.807  -33.519  88.158 0.0000000000
34878  -30.001  -17.993  75.860 0.0000000000
90521  -32.980  -15.210  77.480 0.0000000000
85605  -21.407  -18.697  73.782 0.0000000000
33370  -25.455  -19.090  74.037 0.0000000000
81163  -46.477  -7.285  57.576 0.0000000000
46344  -46.100  -3.649  59.540 0.0000000000
40943  -35.015  -9.963  66.788 0.0000000000
42490  -38.594  -8.335  68.071 0.0000000000
27854  -16.676  -26.684  80.299 0.0000000000
22697  -10.977  -32.062  81.626 0.0000000000
44885  -43.492  -5.253  64.719 0.0000000000
37794  -37.012  -14.086  73.617 0.0000000000
31808  -18.463  -21.278  75.962 0.0000000000
24390  -10.401  -30.079  86.680 0.0000000000
83249  -29.592  -19.418  74.001 0.0000000000
33358  -30.199  -19.546  76.652 0.0000000000
34884  -22.760  -17.492  75.380 0.0000000000
34100  -23.258  -18.412  73.467 0.0000000000
34899  -24.953  -17.846  75.167 0.0000000000
32552  -28.519  -20.734  77.157 0.0000000000
32566  -27.377  -20.879  75.833 0.0000000000
31097  -28.791  -22.140  75.392 0.0000000000
34858  -22.698  -17.501  78.792 0.0000000000
35739  -21.671  -17.299  76.824 0.0000000000
44168  -42.799  -6.640  59.566 0.0000000000
43318  -45.807  -8.116  58.513 0.0000000000
44941  -48.378  -5.655  60.062 0.0000000000
37821  -34.528  -14.120  70.089 0.0000000000
90727  -35.590  -11.832  68.218 0.0000000000
41686  -37.383  -9.091  69.772 0.0000000000
79209  -18.467  -23.015  79.075 0.0000000000
28751  -18.743  -25.023  80.291 0.0000000000
80742  -17.820  -25.607  81.113 0.0000000000
28758  -18.078  -25.990  79.521 0.0000000000
23535  -11.850  -31.902  81.098 0.0000000000
33340  -29.328  -19.388  78.823 0.0000000000
34064  -30.327  -18.671  78.251 0.0000000000
34046  -31.201  -18.294  80.363 0.0000000000
34043  -25.838  -18.459  80.090 0.0000000000
34076  -25.729  -18.561  77.727 0.0000000000
33331  -27.209  -19.473  79.930 0.0000000000
33333  -28.459  -20.062  79.610 0.0000000000
43261  -39.184  -6.809  64.896 0.0000000000
44116  -41.290  -6.319  63.462 0.0000000000
44923  -42.629  -5.874  62.084 0.0000000000
44925  -44.413  -5.704  61.224 0.0000000000
43299  -45.657  -7.413  60.105 0.0000000000
44130  -47.337  -5.998  62.064 0.0000000000
37776  -33.394  -14.071  74.728 0.0000000000
37801  -31.846  -14.432  72.759 0.0000000000
37804  -34.552  -14.157  72.822 0.0000000000
37811  -35.389  -14.129  71.652 0.0000000000
38642  -35.972  -13.523  70.142 0.0000000000
39414  -36.183  -12.394  69.265 0.0000000000
39397  -37.498  -12.390  71.581 0.0000000000
32549  -17.844  -20.063  77.646 0.0000000000
31089  -18.550  -22.487  77.567 0.0000000000
92472  -45.691  -4.197  55.307 0.0000000000
73489  -4.708  -35.508  87.306 0.0000000000
34900  -29.360  -17.905  74.373 0.0000000000
35752  -30.484  -16.278  75.117 0.0000000000
34873  -31.321  -17.646  77.776 0.0000000000
35743  -31.479  -16.582  76.677 0.0000000000
36714  -32.268  -14.844  76.134 0.0000000000
37737  -33.608  -14.033  76.479 0.0000000000
79276  -26.228  -19.325  75.735 0.0000000000
34074  -20.420  -18.506  78.078 0.0000000000
87619  -19.592  -18.594  75.298 0.0000000000
43312  -47.173  -7.404  59.439 0.0000000000
44943  -46.487  -6.154  58.715 0.0000000000
44948  -45.872  -5.337  57.106 0.0000000000
47858  -44.754  -1.650  58.071 0.0000000000
26180  -13.824  -28.024  80.645 0.0000000000
26167  -12.767  -28.879  81.291 0.0000000000
41719  -36.050  -9.019  65.946 0.0000000000
40924  -36.013  -10.091  68.940 0.0000000000
42494  -37.077  -8.967  67.059 0.0000000000
42504  -38.060  -7.957  66.027 0.0000000000
43246  -39.969  -7.198  66.680 0.0000000000
27019  -15.211  -27.433  80.840 0.0000000000
24411  -10.696  -29.860  83.960 0.0000000000
23530  -8.950  -31.165  84.595 0.0000000000
24408  -8.549  -30.772  83.188 0.0000000000
25293  -12.237  -28.813  84.989 0.0000000000
32567  -29.385  -20.879  75.726 0.0000000000
79598  -29.805  -20.341  75.331 0.0000000000
83135  -29.979  -20.291  76.144 0.0000000000
34876  -23.844  -17.393  76.541 0.0000000000
89452  -24.252  -17.464  75.096 0.0000000000
34877  -24.670  -17.748  76.848 0.0000000000
32553  -29.210  -20.536  77.142 0.0000000000
32560  -28.434  -21.178  76.380 0.0000000000
31811  -28.994  -21.253  76.089 0.0000000000
31815  -29.112  -21.635  75.519 0.0000000000
34860  -24.364  -17.860  78.580 0.0000000000
34859  -23.567  -17.636  78.874 0.0000000000
84136  -23.949  -17.584  78.146 0.0000000000
35741  -23.171  -17.316  77.177 0.0000000000
43317  -44.633  -8.169  58.730 0.0000000000
36722  -30.493  -15.695  73.670 0.0000000000
36730  -31.003  -15.050  72.984 0.0000000000
81358  -34.534  -13.958  69.412 0.0000000000
37830  -34.355  -14.057  68.603 0.0000000000
38659  -35.458  -12.989  68.623 0.0000000000
30329  -18.494  -23.927  78.618 0.0000000000
88850  -18.568  -23.765  79.516 0.0000000000
29556  -18.638  -25.039  78.666 0.0000000000
28759  -18.501  -25.403  79.516 0.0000000000
28767  -18.291  -25.891  78.689 0.0000000000
33327  -29.758  -19.596  80.404 0.0000000000
33335  -30.023  -19.312  79.605 0.0000000000
89639  -30.272  -19.297  80.403 0.0000000000
34036  -26.592  -18.764  81.357 0.0000000000
34053  -26.430  -19.007  79.576 0.0000000000
33315  -27.394  -19.316  80.885 0.0000000000
33318  -29.554  -20.101  81.673 0.0000000000
33325  -28.751  -19.947  80.477 0.0000000000
33326  -29.371  -19.934  80.830 0.0000000000
32535  -28.820  -20.045  78.817 0.0000000000
44101  -40.006  -6.534  65.189 0.0000000000
44115  -40.422  -6.434  63.839 0.0000000000
44109  -41.068  -6.502  64.314 0.0000000000
44891  -44.591  -4.636  63.584 0.0000000000
44908  -42.817  -5.805  63.169 0.0000000000
44910  -44.280  -5.143  62.745 0.0000000000
44924  -43.563  -5.629  61.553 0.0000000000
77235  -45.022  -5.137  62.010 0.0000000000
44926  -45.882  -5.387  61.765 0.0000000000
44911  -45.809  -4.380  62.303 0.0000000000
37777  -34.151  -13.908  74.889 0.0000000000
37792  -33.279  -14.052  73.938 0.0000000000
37793  -34.633  -13.976  74.191 0.0000000000
37805  -36.753  -14.012  72.778 0.0000000000
77860  -36.112  -14.116  72.275 0.0000000000
38632  -36.587  -13.928  72.133 0.0000000000
37817  -35.503  -13.981  70.710 0.0000000000
38638  -36.695  -13.581  71.745 0.0000000000
38644  -36.844  -13.041  71.317 0.0000000000
38639  -37.420  -13.081  71.998 0.0000000000
34057  -18.673  -18.850  78.056 0.0000000000
33337  -17.984  -19.529  78.701 0.0000000000
87490  -18.154  -19.360  77.600 0.0000000000
31092  -18.551  -21.873  76.795 0.0000000000
47104  -45.067  -2.314  55.169 0.0000000000
47882  -45.852  -1.562  54.292 0.0000000000
76782  -5.969  -35.240  88.210 0.0000000000
34088  -29.643  -18.522  75.268 0.0000000000
34096  -29.535  -18.755  74.451 0.0000000000
34888  -29.605  -17.524  75.125 0.0000000000
35758  -29.629  -17.068  74.224 0.0000000000
34889  -30.434  -17.070  75.647 0.0000000000
34065  -31.088  -18.302  78.491 0.0000000000
34078  -30.698  -18.231  77.840 0.0000000000
34861  -31.628  -17.561  78.752 0.0000000000
36697  -32.795  -16.068  77.614 0.0000000000
90701  -32.284  -16.582  77.595 0.0000000000
36704  -32.468  -15.537  76.986 0.0000000000
36703  -31.790  -15.800  76.489 0.0000000000
36705  -32.906  -14.632  76.852 0.0000000000
88424  -32.988  -14.311  76.078 0.0000000000
81057  -33.718  -14.581  77.490 0.0000000000
33382  -24.724  -19.171  73.348 0.0000000000
33347  -26.550  -19.327  77.575 0.0000000000
33355  -25.966  -18.854  76.318 0.0000000000
91031  -26.879  -19.892  77.168 0.0000000000
90933  -26.917  -20.524  75.312 0.0000000000
79885  -21.081  -18.466  78.526 0.0000000000
85903  -21.428  -17.851  75.300 0.0000000000
34882  -20.875  -17.635  75.833 0.0000000000
34092  -20.454  -18.806  74.357 0.0000000000
33369  -20.168  -19.580  73.999 0.0000000000
44162  -46.935  -7.386  60.699 0.0000000000
43300  -46.653  -7.543  60.112 0.0000000000
43313  -47.649  -7.300  59.828 0.0000000000
89392  -47.536  -4.211  59.870 0.0000000000
44938  -46.637  -5.525  59.335 0.0000000000
45657  -45.695  -4.491  59.264 0.0000000000
44945  -45.836  -6.076  57.993 0.0000000000
45656  -45.132  -3.975  59.105 0.0000000000
46350  -44.556  -3.201  57.947 0.0000000000
47086  -45.282  -2.244  59.343 0.0000000000
37808  -32.670  -14.381  71.550 0.0000000000
36737  -31.858  -14.634  71.428 0.0000000000
41718  -35.314  -9.101  65.381 0.0000000000
41706  -35.424  -9.379  66.340 0.0000000000
40164  -36.956  -11.186  70.093 0.0000000000
82452  -36.396  -11.585  69.425 0.0000000000
40169  -36.565  -10.685  69.437 0.0000000000
42489  -37.864  -8.723  68.468 0.0000000000
41696  -37.232  -9.111  67.968 0.0000000000
77742  -37.846  -8.635  67.500 0.0000000000
83309  -37.667  -8.475  66.625 0.0000000000
42495  -38.587  -8.126  67.021 0.0000000000
43245  -39.044  -7.592  66.320 0.0000000000
42496  -39.346  -7.592  67.075 0.0000000000
28749  -17.314  -26.132  80.790 0.0000000000
27843  -16.429  -26.452  81.339 0.0000000000
27842  -15.598  -27.054  81.493 0.0000000000
27853  -15.932  -27.085  80.620 0.0000000000
27025  -15.308  -27.370  79.930 0.0000000000
27862  -16.026  -27.050  79.695 0.0000000000
25326  -12.182  -29.390  80.916 0.0000000000
25307  -11.456  -29.378  83.503 0.0000000000
25337  -11.902  -30.043  80.637 0.0000000000
84375  -11.320  -31.377  81.284 0.0000000000
82959  -10.682  -30.266  82.119 0.0000000000
24419  -9.910  -30.397  82.524 0.0000000000
23529  -8.051  -31.633  84.421 0.0000000000
81784  -10.380  -31.414  81.612 0.0000000000
33316  -28.036  -19.657  81.966 0.0000000000
44104  -42.746  -6.201  65.903 0.0000000000
44884  -42.783  -6.023  64.945 0.0000000000
44879  -43.514  -5.729  65.613 0.0000000000
82161  -35.591  -14.027  74.148 0.0000000000
33360  -18.385  -19.788  75.555 0.0000000000
32563  -18.090  -20.389  75.979 0.0000000000
85239  -9.298  -31.681  89.005 0.0000000000
22682  -9.074  -32.104  88.236 0.0000000000
33372  -29.659  -20.261  74.401 0.0000000000
33364  -30.084  -19.641  75.766 0.0000000000
34083  -30.060  -18.835  76.063 0.0000000000
37720  -34.722  -14.362  77.758 0.0000000000
34895  -22.152  -17.873  74.804 0.0000000000
34099  -22.303  -18.544  73.509 0.0000000000
34897  -23.510  -17.496  74.679 0.0000000000
34898  -24.418  -17.741  74.336 0.0000000000
85250  -25.347  -18.500  74.669 0.0000000000
32540  -28.016  -20.483  77.855 0.0000000000
32550  -27.186  -20.473  76.694 0.0000000000
32559  -27.916  -21.118  76.238 0.0000000000
31809  -28.292  -21.663  75.983 0.0000000000
31106  -28.689  -22.315  74.778 0.0000000000
80412  -22.174  -17.954  79.112 0.0000000000
35723  -21.491  -18.047  78.129 0.0000000000
35733  -22.554  -17.321  77.852 0.0000000000
35749  -22.206  -17.356  76.154 0.0000000000
44157  -41.430  -6.420  60.437 0.0000000000
43319  -46.295  -7.993  57.756 0.0000000000
44150  -49.836  -6.624  61.186 0.0000000000
79533  -48.398  -6.567  60.206 0.0000000000
77492  -33.794  -14.579  70.076 0.0000000000
40185  -34.988  -11.702  67.310 0.0000000000
40175  -35.345  -10.934  67.966 0.0000000000
40917  -38.204  -9.989  70.868 0.0000000000
82369  -37.487  -9.523  70.295 0.0000000000
42475  -37.775  -8.745  70.183 0.0000000000
31083  -18.378  -22.166  79.471 0.0000000000
30324  -18.414  -23.074  80.088 0.0000000000
29522  -18.769  -24.334  81.228 0.0000000000
29534  -18.486  -25.100  81.054 0.0000000000
28750  -18.097  -25.676  80.330 0.0000000000
27855  -17.493  -26.346  79.921 0.0000000000
27874  -16.912  -26.865  78.574 0.0000000000
27875  -17.666  -26.503  78.280 0.0000000000
32542  -29.487  -20.023  77.839 0.0000000000
33348  -30.067  -19.708  77.400 0.0000000000
34063  -29.765  -19.132  78.100 0.0000000000
34054  -30.664  -18.832  79.053 0.0000000000
34051  -24.956  -18.184  78.970 0.0000000000
34075  -25.156  -18.193  77.385 0.0000000000
34061  -25.537  -18.461  78.535 0.0000000000
34062  -26.283  -19.017  78.583 0.0000000000
33338  -26.926  -19.734  78.329 0.0000000000
33317  -28.295  -19.781  81.119 0.0000000000
33332  -27.735  -20.083  79.385 0.0000000000
33339  -27.553  -20.187  78.567 0.0000000000
32534  -28.210  -20.394  78.758 0.0000000000
32541  -28.724  -20.371  77.900 0.0000000000
34852  -25.101  -18.120  79.794 0.0000000000
43260  -38.282  -7.007  64.605 0.0000000000
43270  -37.221  -7.000  62.857 0.0000000000
44106  -38.874  -6.547  64.032 0.0000000000
44127  -39.432  -6.371  62.617 0.0000000000
78929  -40.747  -6.172  62.066 0.0000000000
44889  -42.211  -6.091  63.633 0.0000000000
44907  -41.911  -5.921  62.851 0.0000000000
44145  -41.980  -6.020  61.174 0.0000000000
44931  -42.903  -5.778  60.941 0.0000000000
44159  -43.246  -6.259  60.299 0.0000000000
44170  -44.617  -7.195  60.043 0.0000000000
82220  -45.160  -6.592  60.811 0.0000000000
44147  -46.884  -6.925  61.376 0.0000000000
44148  -47.899  -6.822  61.339 0.0000000000
44893  -47.603  -4.806  63.359 0.0000000000
44132  -49.437  -6.295  61.818 0.0000000000
37774  -31.758  -14.514  74.254 0.0000000000
37790  -31.575  -14.544  73.488 0.0000000000
37791  -32.427  -14.181  73.508 0.0000000000
79555  -33.258  -14.069  73.212 0.0000000000
37809  -33.598  -14.341  71.762 0.0000000000
78663  -35.048  -14.114  73.399 0.0000000000
37810  -34.527  -14.248  72.055 0.0000000000
37816  -34.386  -14.181  70.999 0.0000000000
37822  -35.121  -13.603  69.859 0.0000000000
38650  -35.583  -13.185  69.407 0.0000000000
39413  -35.865  -12.809  69.098 0.0000000000
38651  -36.177  -12.931  69.710 0.0000000000
39404  -36.588  -12.167  70.165 0.0000000000
40165  -37.290  -11.567  71.075 0.0000000000
39398  -38.388  -11.798  71.652 0.0000000000
40151  -38.198  -10.905  71.265 0.0000000000
32533  -17.986  -20.349  79.158 0.0000000000
32558  -18.159  -20.812  76.903 0.0000000000
81810  -18.046  -20.823  77.761 0.0000000000
31086  -18.478  -22.103  78.473 0.0000000000
79477  -18.512  -23.016  78.260 0.0000000000
35759  -30.209  -16.301  74.303 0.0000000000
36717  -30.630  -15.631  74.527 0.0000000000
34077  -30.261  -18.740  77.456 0.0000000000
34084  -30.316  -18.425  76.597 0.0000000000
34879  -30.570  -17.592  76.381 0.0000000000
35735  -31.797  -16.930  77.331 0.0000000000
87892  -31.044  -17.030  76.217 0.0000000000
35742  -31.038  -16.237  75.913 0.0000000000
36712  -30.817  -15.616  75.285 0.0000000000
36718  -31.090  -14.920  74.892 0.0000000000
37758  -32.789  -14.290  75.340 0.0000000000
37759  -33.537  -13.996  75.534 0.0000000000
37760  -34.375  -13.635  75.781 0.0000000000
37738  -34.557  -13.793  76.883 0.0000000000
78640  -35.541  -13.526  76.009 0.0000000000
34082  -25.416  -18.394  76.703 0.0000000000
34087  -25.553  -18.614  75.674 0.0000000000
33362  -25.882  -19.165  74.881 0.0000000000
32565  -26.675  -20.198  75.948 0.0000000000
33363  -26.535  -19.795  75.088 0.0000000000
34058  -19.715  -18.660  78.489 0.0000000000
34073  -19.491  -18.559  77.516 0.0000000000
34869  -20.905  -18.039  77.704 0.0000000000
34081  -20.203  -18.109  77.107 0.0000000000
33354  -18.719  -19.033  75.962 0.0000000000
85368  -19.536  -19.332  74.561 0.0000000000
43311  -46.247  -7.685  59.255 0.0000000000
84090  -46.541  -7.399  58.460 0.0000000000
44172  -47.604  -7.057  59.418 0.0000000000
44939  -47.169  -6.605  59.066 0.0000000000
44177  -46.343  -6.692  57.387 0.0000000000
44179  -46.695  -6.338  56.740 0.0000000000
44950  -47.133  -5.881  56.167 0.0000000000
45670  -45.424  -4.448  55.853 0.0000000000
46353  -44.454  -2.829  56.417 0.0000000000
26169  -13.839  -28.083  81.699 0.0000000000
26157  -13.059  -28.564  82.721 0.0000000000
26168  -13.286  -28.527  81.075 0.0000000000
36736  -31.436  -14.858  72.124 0.0000000000
42502  -36.256  -8.532  65.263 0.0000000000
92978  -36.039  -11.909  68.837 0.0000000000
40176  -35.848  -10.951  68.832 0.0000000000
40923  -35.647  -10.336  68.365 0.0000000000
41685  -36.942  -9.834  69.399 0.0000000000
41690  -36.603  -9.543  68.546 0.0000000000
41694  -35.633  -9.566  67.258 0.0000000000
41707  -36.206  -9.132  66.731 0.0000000000
42503  -37.243  -8.210  65.561 0.0000000000
43250  -37.750  -7.586  65.141 0.0000000000
43251  -38.652  -7.345  65.460 0.0000000000
43252  -39.543  -6.967  65.783 0.0000000000
43247  -40.967  -7.169  66.591 0.0000000000
91105  -13.619  -27.818  83.743 0.0000000000
27010  -14.950  -27.101  82.145 0.0000000000
27009  -14.409  -27.562  81.969 0.0000000000
85464  -14.502  -27.689  81.160 0.0000000000
27024  -14.639  -27.642  79.129 0.0000000000
25301  -11.454  -29.285  84.488 0.0000000000
24395  -10.210  -30.240  85.592 0.0000000000
22684  -8.752  -31.825  86.883 0.0000000000
24433  -11.591  -30.666  80.896 0.0000000000
24402  -9.920  -30.500  84.460 0.0000000000
22686  -8.156  -32.539  86.525 0.0000000000
22685  -7.325  -32.971  85.666 0.0000000000
79213  -6.636  -33.158  85.169 0.0000000000
84762  -10.237  -32.660  82.071 0.0000000000
23534  -9.741  -31.853  81.680 0.0000000000
26138  -12.919  -28.441  84.515 0.0000000000
26149  -13.009  -28.529  83.623 0.0000000000
34870  -23.950  -17.458  77.429 0.0000000000
79432  -29.422  -20.693  76.432 0.0000000000
38658  -34.900  -13.417  68.129 0.0000000000
34044  -26.564  -18.865  80.460 0.0000000000
34037  -27.315  -19.132  81.702 0.0000000000
33334  -29.172  -19.764  79.850 0.0000000000
44102  -40.937  -6.626  65.183 0.0000000000
88825  -41.552  -6.588  64.725 0.0000000000
79101  -44.161  -5.480  62.027 0.0000000000
33353  -18.014  -19.673  76.609 0.0000000000
47877  -45.228  -1.450  55.629 0.0000000000
47109  -45.524  -2.371  54.513 0.0000000000
48621  -45.661  -0.921  54.915 0.0000000000
21882  -7.637  -33.897  88.942 0.0000000000
73490  -6.647  -34.914  89.131 0.0000000000
73491  -7.011  -34.412  88.188 0.0000000000
36698  -33.431  -15.487  77.983 0.0000000000
33378  -20.841  -19.389  73.552 0.0000000000
33379  -21.740  -19.324  73.090 0.0000000000
34093  -21.323  -18.259  74.549 0.0000000000
43321  -46.537  -7.860  57.089 0.0000000000
43292  -47.542  -7.270  60.774 0.0000000000
43301  -47.371  -7.460  60.182 0.0000000000
43302  -47.859  -7.246  60.253 0.0000000000
45658  -46.689  -4.425  59.620 0.0000000000
45661  -45.140  -4.653  58.865 0.0000000000
46343  -45.378  -3.641  59.307 0.0000000000
82445  -44.796  -3.068  59.101 0.0000000000
81615  -45.579  -2.960  59.524 0.0000000000
40929  -34.862  -10.714  67.157 0.0000000000
40942  -34.562  -10.513  66.329 0.0000000000
41705  -34.737  -9.754  65.908 0.0000000000
40921  -37.100  -10.353  70.003 0.0000000000
42491  -39.284  -7.861  67.804 0.0000000000
37779  -37.030  -14.167  74.915 0.0000000000
32564  -18.591  -20.638  75.263 0.0000000000
23511  -10.061  -31.001  88.003 0.0000000000
23506  -9.553  -31.473  88.326 0.0000000000
22679  -8.739  -32.531  89.028 0.0000000000
23510  -9.252  -31.469  87.555 0.0000000000
91485  -22.814  -17.670  74.723 0.0000000000
34886  -24.450  -17.574  75.884 0.0000000000
92399  -24.988  -17.994  74.490 0.0000000000
32551  -27.859  -20.774  77.017 0.0000000000
31810  -28.706  -21.785  75.919 0.0000000000
31094  -28.342  -22.068  75.732 0.0000000000
31105  -28.175  -22.261  75.167 0.0000000000
31107  -29.201  -22.024  74.772 0.0000000000
34850  -23.519  -17.619  79.638 0.0000000000
34849  -23.019  -17.531  79.394 0.0000000000
35717  -22.509  -17.777  79.563 0.0000000000
35724  -22.031  -17.782  78.427 0.0000000000
35750  -22.996  -17.345  76.293 0.0000000000
35740  -22.403  -17.328  76.966 0.0000000000
34883  -22.011  -17.615  75.523 0.0000000000
44167  -41.831  -6.528  59.471 0.0000000000
38670  -35.317  -12.696  67.778 0.0000000000
41681  -38.208  -9.070  70.660 0.0000000000
42485  -38.573  -8.471  69.026 0.0000000000
29547  -18.689  -24.589  79.495 0.0000000000
29535  -18.836  -24.198  80.352 0.0000000000
92361  -18.811  -24.719  80.764 0.0000000000
27864  -17.597  -26.431  79.068 0.0000000000
33341  -29.913  -18.986  78.744 0.0000000000
34045  -30.766  -18.919  79.914 0.0000000000
34052  -25.697  -18.517  79.254 0.0000000000
83165  -26.981  -19.718  79.112 0.0000000000
33306  -28.667  -19.984  82.544 0.0000000000
33324  -28.031  -19.735  80.218 0.0000000000
44114  -39.577  -6.364  63.495 0.0000000000
44128  -40.402  -6.318  62.891 0.0000000000
91298  -40.040  -6.387  62.139 0.0000000000
44129  -41.191  -6.192  62.656 0.0000000000
92661  -42.405  -6.200  64.283 0.0000000000
78346  -42.918  -5.807  64.050 0.0000000000
44922  -41.570  -5.990  62.034 0.0000000000
44932  -43.630  -5.771  60.823 0.0000000000
44160  -44.132  -6.391  60.494 0.0000000000
44927  -46.500  -6.125  61.850 0.0000000000
44146  -45.975  -6.476  61.410 0.0000000000
44131  -48.412  -6.137  61.907 0.0000000000
37775  -32.604  -14.217  74.480 0.0000000000
78855  -34.059  -14.058  73.495 0.0000000000
37803  -33.795  -14.184  72.641 0.0000000000
85658  -36.553  -14.110  74.183 0.0000000000
78653  -36.091  -14.125  73.249 0.0000000000
78093  -35.317  -14.161  72.550 0.0000000000
89863  -36.296  -13.611  70.963 0.0000000000
38643  -36.474  -13.022  70.517 0.0000000000
39405  -36.840  -12.399  71.008 0.0000000000
39399  -39.158  -11.859  72.011 0.0000000000
40152  -39.135  -11.200  71.616 0.0000000000
40900  -39.066  -10.438  71.243 0.0000000000
32538  -17.963  -20.503  78.414 0.0000000000
31806  -18.387  -21.569  77.629 0.0000000000
31802  -18.224  -21.266  78.259 0.0000000000
86979  -5.090  -34.923  86.020 0.0000000000
34103  -29.382  -18.568  73.702 0.0000000000
89725  -29.418  -17.484  73.859 0.0000000000
35751  -30.018  -16.792  74.924 0.0000000000
34872  -30.625  -17.922  77.168 0.0000000000
34880  -31.114  -17.275  76.911 0.0000000000
35744  -32.174  -16.311  77.117 0.0000000000
36713  -31.360  -15.209  75.754 0.0000000000
37757  -31.970  -14.624  75.148 0.0000000000
33380  -22.809  -19.128  73.051 0.0000000000
91513  -25.489  -18.425  77.121 0.0000000000
35731  -21.324  -17.575  77.449 0.0000000000
34086  -20.192  -17.929  76.077 0.0000000000
34080  -19.433  -18.439  76.483 0.0000000000
33361  -18.913  -19.280  75.148 0.0000000000
43310  -45.173  -7.747  59.253 0.0000000000
44171  -47.190  -7.099  58.949 0.0000000000
44173  -48.009  -7.050  59.872 0.0000000000
44940  -47.720  -6.307  59.655 0.0000000000
44175  -46.652  -6.839  58.316 0.0000000000
45663  -45.150  -4.992  57.982 0.0000000000
44946  -46.200  -6.025  57.173 0.0000000000
44949  -46.495  -5.569  56.585 0.0000000000
45667  -46.123  -4.918  56.315 0.0000000000
45666  -45.298  -4.691  56.797 0.0000000000
47095  -44.550  -2.422  58.329 0.0000000000
84785  -44.341  -3.306  57.022 0.0000000000
47098  -44.348  -2.350  57.327 0.0000000000
47101  -44.481  -2.063  56.598 0.0000000000
48590  -45.182  -0.975  57.463 0.0000000000
42513  -35.585  -8.655  64.670 0.0000000000
39420  -35.796  -12.517  68.610 0.0000000000
41691  -37.315  -9.206  68.898 0.0000000000
41695  -36.371  -9.314  67.656 0.0000000000
41689  -35.828  -9.797  68.169 0.0000000000
91047  -37.479  -8.364  66.084 0.0000000000
43253  -40.473  -6.888  65.963 0.0000000000
90651  -14.987  -27.396  81.538 0.0000000000
81657  -15.452  -27.295  79.190 0.0000000000
83300  -13.192  -28.581  81.914 0.0000000000
25302  -12.240  -28.846  84.038 0.0000000000
25308  -12.257  -28.924  83.059 0.0000000000
23524  -9.676  -30.602  86.191 0.0000000000
23538  -12.021  -31.258  80.666 0.0000000000
24410  -9.929  -30.369  83.374 0.0000000000
22687  -8.587  -31.724  86.142 0.0000000000
76751  -7.299  -33.396  86.482 0.0000000000
22688  -7.919  -32.184  85.645 0.0000000000
78520  -9.213  -30.518  82.887 0.0000000000
23533  -8.313  -31.225  83.785 0.0000000000
73483  -7.419  -31.840  84.590 0.0000000000
73488  -6.399  -32.905  84.996 0.0000000000
22691  -9.233  -32.989  82.244 0.0000000000
24396  -10.879  -29.690  85.957 0.0000000000
34885  -23.651  -17.366  75.623 0.0000000000
34887  -25.072  -17.951  76.070 0.0000000000
32561  -28.908  -20.876  76.621 0.0000000000
34851  -24.252  -17.820  79.525 0.0000000000
35734  -23.312  -17.353  78.059 0.0000000000
35764  -29.975  -16.452  73.460 0.0000000000
78451  -33.985  -14.481  69.434 0.0000000000
33328  -30.691  -18.893  80.876 0.0000000000
78962  -28.984  -20.068  81.189 0.0000000000
44107  -39.729  -6.471  64.354 0.0000000000
44108  -40.412  -6.458  64.593 0.0000000000
44886  -44.146  -4.795  64.406 0.0000000000
44890  -43.656  -5.288  63.626 0.0000000000
44909  -43.533  -5.639  62.567 0.0000000000
89896  -45.257  -5.797  61.431 0.0000000000
44912  -46.548  -5.183  62.309 0.0000000000
82165  -33.909  -14.015  74.249 0.0000000000
37812  -36.173  -14.024  71.528 0.0000000000
34048  -18.822  -18.860  79.039 0.0000000000
82013  -45.174  -3.836  55.355 0.0000000000
45678  -45.959  -3.887  54.626 0.0000000000
46357  -45.247  -3.160  54.823 0.0000000000
46362  -45.702  -3.103  54.228 0.0000000000
46363  -46.222  -3.317  53.735 0.0000000000
86575  -6.090  -34.754  87.216 0.0000000000
35736  -32.521  -16.513  78.107 0.0000000000
37739  -35.482  -13.791  77.182 0.0000000000
34101  -24.173  -18.332  73.595 0.0000000000
33346  -26.030  -18.712  76.970 0.0000000000
33356  -26.502  -19.517  76.635 0.0000000000
32577  -27.305  -21.208  75.031 0.0000000000
35748  -21.473  -17.347  76.025 0.0000000000
35738  -20.847  -17.453  76.750 0.0000000000
34894  -20.614  -18.133  75.177 0.0000000000
32585  -20.339  -20.240  73.400 0.0000000000
79184  -45.675  -5.384  58.787 0.0000000000
46351  -44.754  -4.057  57.380 0.0000000000
46348  -44.846  -3.999  58.437 0.0000000000
47085  -44.739  -2.142  58.913 0.0000000000
27017  -13.859  -28.026  79.647 0.0000000000
37807  -32.122  -14.490  72.069 0.0000000000
42484  -37.733  -8.704  69.487 0.0000000000
25316  -12.263  -29.017  81.933 0.0000000000
25315  -11.443  -29.565  82.479 0.0000000000
24427  -10.850  -30.804  81.530 0.0000000000
24409  -9.153  -30.877  83.628 0.0000000000
24426  -9.946  -30.639  81.628 0.0000000000
33294  -28.072  -19.470  82.705 0.0000000000
44097  -42.093  -6.958  66.061 0.0000000000
92569  -42.334  -6.587  65.389 0.0000000000
45610  -44.930  -4.540  64.565 0.0000000000
83171  -45.607  -4.256  63.550 0.0000000000
87978  -36.114  -13.927  74.969 0.0000000000
38620  -37.442  -13.776  73.179 0.0000000000
38634  -37.874  -13.228  72.703 0.0000000000
21881  -8.191  -33.245  89.500 0.0000000000
22681  -8.509  -32.826  88.168 0.0000000000
83868  -29.767  -19.520  74.879 0.0000000000
34094  -21.978  -18.236  74.090 0.0000000000
34896  -22.810  -17.976  74.131 0.0000000000
34903  -23.652  -17.850  73.949 0.0000000000
34095  -24.948  -18.341  73.966 0.0000000000
31814  -27.849  -21.764  75.605 0.0000000000
34857  -21.620  -18.274  78.955 0.0000000000
35732  -21.876  -17.479  77.634 0.0000000000
44156  -40.546  -6.689  60.572 0.0000000000
44163  -48.922  -6.674  60.743 0.0000000000
90370  -48.269  -7.013  60.333 0.0000000000
44933  -49.137  -6.124  60.443 0.0000000000
89036  -46.401  -2.914  59.647 0.0000000000
42486  -39.301  -8.166  68.711 0.0000000000
27863  -16.800  -26.782  79.399 0.0000000000
21892  -11.018  -33.451  82.242 0.0000000000
34055  -31.232  -18.332  79.366 0.0000000000
34060  -25.031  -18.153  78.167 0.0000000000
91476  -27.753  -19.478  81.419 0.0000000000
34843  -24.615  -17.789  80.473 0.0000000000
43259  -37.448  -7.359  64.291 0.0000000000
80430  -37.164  -7.254  63.567 0.0000000000
43271  -37.947  -6.877  63.610 0.0000000000
44110  -42.147  -6.517  64.766 0.0000000000
44117  -41.787  -6.375  64.177 0.0000000000
44144  -41.092  -6.304  61.302 0.0000000000
44158  -42.355  -6.265  60.321 0.0000000000
44169  -43.703  -6.888  59.781 0.0000000000
43309  -44.110  -7.525  59.172 0.0000000000
44161  -46.209  -7.179  60.833 0.0000000000
44892  -46.506  -4.477  62.996 0.0000000000
82066  -47.187  -5.118  62.836 0.0000000000
44149  -48.852  -6.720  61.215 0.0000000000
37802  -32.808  -14.249  72.497 0.0000000000
39387  -38.367  -12.506  72.201 0.0000000000
31800  -18.260  -21.240  79.029 0.0000000000
47110  -45.972  -2.425  53.847 0.0000000000
33371  -26.035  -19.832  74.266 0.0000000000
34049  -19.880  -18.592  79.361 0.0000000000
33368  -18.953  -19.954  74.820 0.0000000000
44178  -46.790  -7.160  56.829 0.0000000000
44952  -46.887  -5.118  55.974 0.0000000000
46354  -44.677  -3.849  56.262 0.0000000000
47103  -44.738  -2.224  55.921 0.0000000000
47876  -44.817  -1.618  56.341 0.0000000000
47870  -45.283  -0.961  56.549 0.0000000000
26158  -13.557  -28.234  82.426 0.0000000000
26179  -13.366  -28.570  80.132 0.0000000000
26178  -12.855  -29.068  80.529 0.0000000000
36743  -32.390  -14.549  70.745 0.0000000000
42515  -36.929  -7.943  64.751 0.0000000000
40930  -35.346  -10.182  67.641 0.0000000000
82571  -36.899  -8.757  66.146 0.0000000000
43254  -41.415  -7.123  65.983 0.0000000000
26999  -14.179  -27.407  82.730 0.0000000000
88381  -13.938  -27.872  82.439 0.0000000000
27018  -14.545  -27.669  80.208 0.0000000000
27873  -16.074  -27.070  78.850 0.0000000000
23517  -9.760  -30.666  87.175 0.0000000000
22683  -8.677  -32.332  87.452 0.0000000000
25325  -11.440  -29.937  81.401 0.0000000000
24420  -10.686  -29.953  82.990 0.0000000000
84623  -9.587  -30.725  85.298 0.0000000000
21885  -8.008  -33.091  87.372 0.0000000000
21884  -7.159  -33.894  87.320 0.0000000000
75640  -6.265  -34.198  86.285 0.0000000000
92137  -7.853  -31.924  85.128 0.0000000000
86643  -6.499  -33.610  85.624 0.0000000000
86980  -5.953  -33.526  85.179 0.0000000000
21891  -10.088  -33.498  82.464 0.0000000000
24418  -9.318  -30.330  82.230 0.0000000000
23516  -9.069  -31.105  86.658 0.0000000000
23522  -8.415  -31.610  85.273 0.0000000000
23523  -9.026  -31.085  85.714 0.0000000000
23528  -7.584  -31.529  84.084 0.0000000000
24403  -10.744  -29.770  84.976 0.0000000000
25292  -11.489  -29.240  85.450 0.0000000000
46356  -44.689  -3.099  55.571 0.0000000000
47869  -44.628  -1.526  57.054 0.0000000000
47881  -45.404  -1.654  54.864 0.0000000000
75601  -5.527  -34.225  85.424 0.0000000000
76733  -7.157  -32.502  84.976 0.0000000000
90692  -8.252  -33.211  88.760 0.0000000000
