#!ascii label  , from subject sub-v1s9x0051353_ses-1 vox2ras=TkReg
337
12053  24.000  -50.891  17.293 0.6000000238
11473  22.260  -51.703  21.257 0.6999999881
11482  22.819  -51.299  20.674 0.6999999881
11491  23.623  -51.817  19.403 0.8999999762
11501  23.696  -51.486  18.589 0.8000000119
12044  23.655  -50.755  18.327 0.6000000238
12628  23.786  -50.079  17.580 0.6999999881
11483  22.120  -50.922  21.179 0.6999999881
11474  21.502  -51.378  21.628 0.6999999881
12025  23.250  -50.951  19.923 0.6999999881
11481  23.354  -51.738  20.252 0.6999999881
12034  23.519  -51.064  19.120 0.8000000119
12627  24.443  -49.738  16.664 0.6999999881
87924  21.630  -50.762  21.678 0.6000000238
12599  22.554  -49.654  20.695 0.4000000060
12026  22.610  -50.477  20.609 0.6000000238
88763  23.296  -50.408  19.253 0.6999999881
12619  23.334  -49.948  18.679 0.6999999881
86499  23.178  -49.492  18.177 0.5000000000
13191  23.861  -49.212  17.476 0.6000000238
12016  22.204  -50.148  21.398 0.5000000000
11466  21.150  -51.164  22.210 0.6000000238
12035  22.853  -50.109  19.952 0.5000000000
12609  22.964  -49.829  19.387 0.6000000238
13192  22.786  -48.953  17.922 0.6000000238
13821  23.678  -48.212  17.336 0.6000000238
90271  24.573  -47.778  16.798 0.5000000000
13830  25.229  -47.931  16.264 0.5000000000
13202  24.675  -48.723  16.712 0.5000000000
12587  22.664  -49.328  21.539 0.5000000000
85100  21.698  -50.335  22.331 0.5000000000
13171  22.508  -49.334  19.987 0.3000000119
13170  22.742  -49.334  19.075 0.5000000000
95834  22.384  -49.119  18.453 0.5000000000
13831  24.165  -47.125  17.002 0.5000000000
12588  22.263  -49.692  22.106 0.5000000000
13166  22.986  -48.718  20.914 0.5000000000
13793  22.798  -48.540  20.060 0.4000000060
13806  22.362  -48.370  19.352 0.3000000119
88316  22.369  -48.983  19.402 0.3000000119
13181  21.812  -49.063  18.816 0.4000000060
13193  21.469  -49.025  18.098 0.4000000060
13832  23.111  -47.281  17.186 0.5000000000
87460  24.945  -47.140  16.463 0.5000000000
13153  23.159  -48.633  21.891 0.5000000000
13807  21.567  -48.122  18.935 0.3000000119
13172  21.512  -48.870  19.036 0.4000000060
13182  20.734  -49.089  18.450 0.4000000060
13194  20.128  -49.380  17.898 0.4000000060
13203  20.786  -48.876  17.627 0.5000000000
13833  20.887  -48.309  17.071 0.5000000000
13822  22.051  -48.368  17.569 0.6000000238
14422  23.716  -46.370  16.804 0.4000000060
13792  23.583  -47.739  20.557 0.4000000060
13805  23.248  -47.647  19.695 0.4000000060
14399  22.686  -47.350  18.969 0.4000000060
13173  20.346  -48.847  18.928 0.4000000060
13183  19.516  -49.391  18.365 0.4000000060
13204  19.905  -49.105  17.236 0.5000000000
14424  21.031  -47.217  16.471 0.6000000238
14423  22.462  -46.462  16.604 0.5000000000
15062  23.287  -45.626  16.389 0.4000000060
13152  23.530  -47.991  21.476 0.4000000060
98025  20.923  -47.869  18.518 0.4000000060
13808  20.001  -48.267  18.287 0.4000000060
13195  19.200  -49.549  17.687 0.4000000060
96454  19.405  -47.949  16.352 0.5000000000
14431  20.563  -46.506  15.844 0.4000000060
15064  21.529  -46.209  16.109 0.6000000238
13780  24.170  -46.992  20.562 0.4000000060
14386  23.984  -47.134  19.991 0.4000000060
14398  23.706  -46.657  19.229 0.4000000060
14400  21.795  -46.907  18.415 0.4000000060
15047  21.373  -46.143  17.732 0.5000000000
14409  20.782  -47.108  18.002 0.4000000060
14416  19.593  -46.677  16.819 0.3000000119
13823  19.157  -47.730  17.082 0.4000000060
14432  19.732  -46.533  15.722 0.4000000060
15071  21.064  -45.676  15.589 0.4000000060
13781  23.984  -47.219  21.301 0.4000000060
15035  22.916  -46.335  18.473 0.4000000060
15046  22.230  -45.808  17.959 0.3000000119
15725  21.664  -45.302  17.414 0.3000000119
97719  20.918  -45.631  17.292 0.3000000119
15053  20.213  -45.732  16.820 0.3000000119
13836  19.338  -46.875  16.206 0.3000000119
15072  20.313  -45.288  15.070 0.4000000060
95108  21.019  -44.160  14.437 0.4000000060
14385  24.511  -46.394  20.038 0.3000000119
15033  24.371  -45.808  19.172 0.3000000119
15034  23.704  -45.785  18.500 0.3000000119
15045  22.998  -45.520  18.089 0.3000000119
15724  22.564  -44.923  17.536 0.3000000119
95505  21.331  -44.191  16.687 0.4000000060
15732  20.844  -44.893  16.898 0.3000000119
15733  19.980  -45.047  16.244 0.3000000119
90263  19.755  -44.746  14.929 0.3000000119
15082  19.867  -44.847  14.809 0.4000000060
15764  20.299  -43.883  14.025 0.4000000060
16466  21.195  -43.452  14.198 0.4000000060
15731  21.797  -44.528  17.120 0.4000000060
16443  21.200  -43.509  16.307 0.4000000060
15743  20.613  -44.237  16.180 0.4000000060
16444  20.414  -43.454  15.485 0.3000000119
95723  19.735  -43.513  14.096 0.4000000060
17173  19.961  -42.651  13.923 0.4000000060
17172  20.571  -42.078  13.651 0.4000000060
15776  19.793  -43.568  13.996 0.4000000060
16477  21.251  -42.582  13.773 0.4000000060
17147  20.206  -42.562  14.686 0.5000000000
86894  19.943  -42.070  13.990 0.4000000060
17869  20.264  -41.630  13.882 0.4000000060
17159  22.161  -42.332  13.918 0.3000000119
17868  20.667  -41.156  13.637 0.3000000119
10909  23.551  -52.595  20.155 0.8000000119
89384  21.939  -47.534  16.988 0.6000000238
13206  19.188  -47.946  16.557 0.4000000060
15065  19.668  -45.977  16.207 0.3000000119
16445  19.872  -44.367  15.312 0.3000000119
17160  19.878  -42.623  14.018 0.3000000119
17171  21.295  -41.711  13.562 0.3000000119
8651  22.343  -56.812  19.661 0.6000000238
8135  21.775  -57.323  18.628 0.6000000238
7614  21.499  -57.757  17.969 0.6000000238
97192  21.867  -57.299  17.312 0.6000000238
7608  21.328  -58.583  20.426 0.5000000000
97627  23.517  -54.704  19.831 0.6999999881
9196  22.891  -55.978  19.460 0.6999999881
8133  21.743  -57.674  19.574 0.6000000238
9200  22.917  -55.765  18.598 0.6000000238
8654  22.323  -56.499  18.408 0.6000000238
9207  22.691  -55.959  17.595 0.6000000238
8660  22.217  -56.643  17.422 0.6000000238
9216  22.790  -56.158  16.948 0.6000000238
8668  23.136  -56.560  16.715 0.6999999881
8648  22.709  -56.664  20.829 0.6000000238
85868  23.142  -55.926  21.167 0.6999999881
8130  22.214  -57.382  20.513 0.5000000000
9192  23.368  -55.311  20.432 0.6999999881
9193  22.897  -56.148  20.309 0.6999999881
9195  23.334  -55.259  19.285 0.6999999881
9199  23.218  -55.170  18.201 0.5000000000
9206  23.191  -55.177  16.904 0.6000000238
9758  23.672  -54.546  16.029 0.6999999881
9215  23.652  -55.551  16.350 0.6999999881
9222  23.951  -54.654  15.724 0.6999999881
88489  26.608  -54.585  18.357 0.4000000060
10347  25.412  -53.641  16.732 0.5000000000
9756  24.732  -54.247  16.154 0.6000000238
9757  24.238  -54.672  15.829 0.6000000238
9766  24.150  -54.201  15.547 0.6999999881
90453  22.252  -57.128  23.196 0.5000000000
8122  22.543  -56.778  22.571 0.5000000000
9190  23.084  -55.619  22.017 0.6000000238
95741  22.835  -56.360  21.838 0.5000000000
9189  23.398  -54.611  21.292 0.6999999881
97444  23.313  -55.291  21.416 0.5000000000
9723  23.534  -54.331  20.488 0.6999999881
94810  23.657  -54.036  19.722 0.6999999881
9727  23.562  -54.560  18.988 0.6999999881
10365  23.823  -53.778  15.969 0.6999999881
93412  23.950  -54.256  15.571 0.6999999881
9185  21.808  -54.899  22.769 0.5000000000
8111  21.751  -57.076  23.817 0.4000000060
9184  22.804  -55.215  22.695 0.5000000000
8631  22.342  -55.583  23.153 0.5000000000
8642  22.797  -55.980  22.763 0.5000000000
9719  23.057  -54.073  21.913 0.6000000238
9712  23.178  -54.885  22.025 0.6000000238
10903  23.223  -52.949  20.991 0.6999999881
83140  23.335  -53.775  21.160 0.6000000238
10320  23.549  -53.506  20.386 0.6999999881
10323  23.694  -53.329  19.673 0.6999999881
9732  23.519  -54.404  17.927 0.6999999881
9743  23.556  -54.144  16.843 0.6999999881
10379  24.180  -53.721  15.558 0.6999999881
10939  25.340  -52.807  16.179 0.5000000000
10378  24.538  -53.482  15.709 0.6000000238
10951  24.372  -53.018  15.469 0.6000000238
9713  22.143  -53.713  22.106 0.6000000238
89242  22.528  -54.453  22.396 0.6000000238
10314  22.705  -53.293  21.638 0.6000000238
83482  23.726  -53.691  18.815 0.6999999881
82910  23.765  -52.779  19.147 0.8000000119
83795  23.688  -53.693  17.769 0.6000000238
10348  23.739  -53.329  17.067 0.6000000238
10941  24.225  -53.098  15.574 0.8000000119
96939  25.594  -52.259  16.125 0.6000000238
10307  21.066  -53.560  22.147 0.5000000000
10308  20.144  -53.768  22.384 0.4000000060
10315  21.814  -52.952  21.916 0.5000000000
95201  21.628  -54.185  22.297 0.5000000000
10898  22.461  -52.512  21.418 0.6000000238
10904  23.065  -52.110  20.853 0.6000000238
10920  23.778  -52.196  18.404 0.6000000238
10933  23.833  -52.547  17.336 0.6000000238
11522  24.157  -52.357  16.264 0.6999999881
97288  24.607  -51.838  15.037 0.6999999881
10950  24.500  -52.622  15.532 0.6000000238
93219  24.738  -51.702  14.998 0.6000000238
12066  25.095  -51.057  14.845 0.6000000238
11521  25.108  -52.125  15.226 0.6000000238
10899  21.608  -52.166  21.722 0.5000000000
10316  21.024  -52.711  22.103 0.5000000000
11513  23.884  -51.643  17.535 0.6000000238
11512  24.274  -51.500  16.267 0.6000000238
12067  24.703  -51.431  15.096 0.6000000238
11475  20.990  -51.931  22.096 0.5000000000
10892  20.422  -52.491  22.434 0.5000000000
11467  20.528  -51.820  22.635 0.5000000000
10893  19.955  -52.352  22.824 0.5000000000
10294  19.086  -53.381  23.068 0.5000000000
12052  24.358  -50.649  16.452 0.6000000238
87640  24.803  -50.498  15.551 0.5000000000
12645  25.163  -50.335  15.171 0.4000000060
10880  19.388  -52.725  23.346 0.5000000000
10872  18.933  -53.268  23.558 0.4000000060
10871  18.990  -53.004  24.115 0.5000000000
89492  17.956  -53.559  24.058 0.4000000060
10283  17.366  -53.484  24.379 0.4000000060
9695  17.070  -53.992  24.218 0.4000000060
97414  21.352  -50.754  22.870 0.4000000060
12006  20.951  -51.174  23.264 0.4000000060
11455  20.071  -51.884  23.599 0.5000000000
11446  20.027  -51.763  25.259 0.4000000060
11447  19.422  -52.487  24.611 0.5000000000
11439  19.255  -52.130  25.526 0.5000000000
10865  18.726  -52.849  25.006 0.5000000000
11440  18.432  -52.118  25.220 0.3000000119
10277  17.566  -53.179  24.620 0.3000000119
10278  17.010  -52.680  24.428 0.3000000119
11993  21.582  -50.166  23.893 0.4000000060
12576  22.282  -49.560  23.136 0.4000000060
82281  22.164  -49.231  24.043 0.4000000060
12575  22.786  -49.104  22.511 0.4000000060
13139  23.080  -48.367  22.724 0.4000000060
77413  22.616  -48.639  23.515 0.4000000060
80179  21.957  -48.440  24.268 0.4000000060
77414  22.815  -47.868  23.322 0.4000000060
81503  22.228  -47.672  23.809 0.4000000060
93906  21.153  -48.489  24.597 0.4000000060
13138  23.400  -48.041  22.199 0.4000000060
79919  20.421  -48.054  23.720 0.4000000060
13760  23.615  -47.374  22.115 0.3000000119
13131  23.217  -47.588  22.818 0.4000000060
13739  22.583  -47.138  23.298 0.4000000060
92051  21.348  -47.753  23.852 0.4000000060
14342  22.261  -46.453  23.093 0.3000000119
12636  24.962  -49.598  15.876 0.4000000060
8655  21.752  -57.044  17.835 0.6000000238
94331  26.041  -53.849  17.850 0.5000000000
10938  26.091  -52.440  16.892 0.5000000000
8110  22.251  -56.326  23.431 0.5000000000
10332  23.769  -53.008  18.133 0.6999999881
83335  23.923  -53.001  16.383 0.8000000119
9714  20.795  -54.385  22.366 0.4000000060
11520  25.904  -51.775  16.166 0.5000000000
10940  24.672  -52.219  15.152 0.6999999881
11527  25.314  -51.435  15.131 0.6000000238
98496  20.450  -53.118  22.333 0.5000000000
12635  25.344  -49.692  15.314 0.4000000060
10866  17.881  -52.752  24.959 0.4000000060
3155  26.033  -67.330  10.933 0.3000000119
87637  26.234  -66.030  10.843 0.3000000119
7111  26.468  -59.643  17.493 0.4000000060
7624  27.899  -58.887  16.844 0.4000000060
7119  27.117  -60.197  16.625 0.4000000060
6614  27.516  -60.533  15.749 0.4000000060
95938  26.347  -58.175  17.655 0.4000000060
7617  25.855  -58.567  17.634 0.4000000060
98302  25.105  -58.033  17.165 0.4000000060
7618  24.971  -58.626  17.261 0.5000000000
7627  24.441  -57.960  16.873 0.5000000000
82386  27.472  -58.374  17.573 0.4000000060
7625  26.977  -58.845  17.660 0.5000000000
7619  24.063  -58.632  17.131 0.5000000000
85008  27.386  -59.483  17.092 0.5000000000
8148  28.309  -58.203  16.633 0.5000000000
7122  27.763  -59.491  15.854 0.4000000060
83394  27.888  -61.119  14.984 0.4000000060
6043  28.039  -61.774  14.176 0.3000000119
5477  27.797  -62.420  13.380 0.4000000060
8658  26.695  -56.356  18.215 0.4000000060
8141  25.263  -57.269  17.415 0.4000000060
8659  25.176  -56.229  17.499 0.4000000060
8665  27.767  -57.271  17.826 0.4000000060
94562  26.519  -57.841  17.785 0.4000000060
8666  26.139  -57.138  17.994 0.4000000060
88488  24.790  -57.474  16.973 0.5000000000
84298  24.452  -56.704  16.641 0.5000000000
8142  24.095  -57.217  16.489 0.5000000000
7628  23.503  -57.827  16.692 0.6000000238
8143  23.448  -57.059  16.516 0.6000000238
88497  23.039  -58.530  17.005 0.6000000238
8667  23.836  -56.472  16.303 0.6000000238
7629  22.703  -57.321  16.826 0.5000000000
6618  28.110  -60.012  14.968 0.4000000060
8669  22.407  -56.747  16.995 0.5000000000
6617  28.506  -60.539  13.893 0.4000000060
9214  24.867  -55.060  16.755 0.5000000000
84555  24.144  -55.553  16.187 0.5000000000
83839  26.326  -68.664  11.403 0.3000000119
3942  26.481  -65.040  10.816 0.3000000119
6052  28.310  -61.423  11.208 0.3000000119
9204  27.305  -55.488  18.380 0.4000000060
9205  25.890  -55.364  18.201 0.4000000060
9742  25.580  -54.442  17.531 0.4000000060
7626  25.549  -57.852  17.392 0.4000000060
7114  23.599  -59.330  17.713 0.5000000000
93862  28.019  -61.856  11.648 0.3000000119
14433  19.573  -46.355  15.779 0.3000000119
8131  21.724  -58.037  20.433 0.5000000000
8140  27.990  -57.934  17.523 0.4000000060
10276  18.354  -53.302  24.266 0.4000000060
13174  19.388  -49.047  18.447 0.4000000060
13184  18.932  -49.313  18.190 0.4000000060
13196  19.041  -48.814  17.491 0.4000000060
13205  19.304  -48.770  16.891 0.4000000060
13814  19.121  -48.579  17.984 0.4000000060
13834  19.928  -48.235  16.601 0.5000000000
13835  19.390  -47.173  16.054 0.4000000060
14410  19.837  -47.460  17.533 0.3000000119
14415  20.512  -46.417  17.348 0.3000000119
14425  19.864  -47.333  16.072 0.5000000000
14441  19.750  -45.797  15.328 0.3000000119
15073  19.689  -45.619  15.344 0.3000000119
15753  20.304  -44.523  14.499 0.4000000060
15754  19.722  -45.362  15.624 0.3000000119
15765  19.794  -44.123  14.188 0.4000000060
15766  19.777  -44.136  14.290 0.4000000060
15777  19.709  -43.839  14.084 0.4000000060
16455  19.821  -43.447  14.538 0.3000000119
16456  19.676  -44.034  14.532 0.4000000060
96124  20.230  -45.973  15.468 0.4000000060
96197  20.419  -43.013  13.887 0.4000000060
96730  19.518  -46.091  15.759 0.3000000119
98164  22.847  -57.961  16.816 0.6000000238
