#!ascii label  , from subject sub-v1s9x0051353_ses-1 vox2ras=TkReg
652
36678  19.179  -20.574  10.579 0.1428571492
35810  18.732  -21.111  11.246 0.1428571492
37556  18.223  -20.152  9.004 0.1428571492
36677  20.372  -20.450  10.632 0.1428571492
36694  19.773  -20.177  9.814 0.2857142985
38429  18.323  -19.369  7.924 0.5714285970
37565  19.715  -19.599  8.804 0.1428571492
38426  21.113  -18.376  8.641 0.2857142985
39306  21.597  -18.030  8.164 0.1428571492
86014  22.143  -16.984  5.859 0.2857142985
40308  21.615  -16.731  6.641 0.1428571492
40334  23.107  -16.409  4.234 0.2857142985
96262  22.840  -16.762  4.773 0.2857142985
84640  22.487  -16.510  3.298 0.2857142985
40348  22.506  -16.626  3.387 0.2857142985
42483  23.524  -15.143  2.750 0.2857142985
44270  23.963  -12.212  2.382 0.8571428657
43413  23.501  -13.332  2.405 0.4285714328
41436  23.720  -15.365  3.079 0.2857142985
45135  26.004  -10.943  1.863 0.7142857313
45120  25.268  -11.591  2.085 0.7142857313
44269  24.676  -12.334  2.135 0.7142857313
90272  27.295  -10.789  1.444 0.8571428657
45134  26.679  -10.981  1.674 0.5714285970
45969  26.807  -10.432  1.694 0.8571428657
45121  24.361  -11.701  2.111 0.7142857313
46848  29.036  -9.435  -1.381 0.4285714328
46820  28.154  -9.965  0.244 0.7142857313
46020  29.441  -10.288  -4.949 0.2857142985
46879  28.328  -9.913  -5.355 0.5714285970
46860  28.942  -9.432  -2.428 0.7142857313
46041  27.915  -10.673  -7.723 0.1428571492
46024  29.373  -10.734  -5.977 0.1428571492
46032  27.621  -10.503  -6.936 0.4285714328
46874  28.640  -9.669  -4.322 0.5714285970
46909  27.407  -9.467  -8.831 0.1428571492
46048  27.618  -10.244  -8.224 0.1428571492
46042  27.109  -10.330  -8.023 0.1428571492
46033  27.070  -10.253  -7.374 0.4285714328
94942  27.964  -9.303  -4.613 0.8571428657
48766  27.453  -7.425  -9.167 0.1428571492
47872  27.449  -8.404  -9.210 0.1428571492
47885  26.686  -7.968  -9.403 0.1428571492
46910  26.755  -9.807  -8.508 0.1428571492
46911  25.704  -9.403  -8.605 0.4285714328
46898  26.295  -9.874  -7.806 0.5714285970
46888  26.529  -9.805  -6.680 0.7142857313
46875  27.512  -8.611  -4.433 0.8571428657
78387  26.348  -7.104  -9.372 0.1428571492
47886  25.502  -7.846  -9.603 0.1428571492
47874  25.136  -8.783  -9.321 0.5714285970
46889  25.793  -9.418  -7.078 0.8571428657
46880  27.429  -9.307  -5.245 0.8571428657
46881  26.619  -9.320  -5.771 0.8571428657
49666  27.626  -6.265  -8.184 0.1428571492
78388  26.542  -6.442  -8.834 0.2857142985
49679  24.957  -6.668  -9.853 0.1428571492
82385  24.008  -6.091  -10.236 0.8571428657
93746  24.659  -9.003  -8.550 0.8571428657
46899  25.244  -9.385  -7.813 0.7142857313
47865  23.803  -8.246  -8.369 0.8571428657
81357  26.777  -4.822  -6.574 0.1428571492
52115  27.876  -3.699  -5.279 0.1428571492
78389  25.757  -5.985  -8.675 0.4285714328
80470  24.136  -5.274  -8.327 0.8571428657
78380  23.332  -5.530  -9.941 0.8571428657
47875  23.299  -7.617  -9.056 0.8571428657
48760  23.526  -7.585  -7.859 0.8571428657
80662  26.049  -5.045  -7.128 0.4285714328
92387  23.341  -5.166  -9.133 0.8571428657
78379  22.531  -5.716  -9.702 0.8571428657
79555  22.681  -5.446  -8.101 0.8571428657
78394  27.729  -2.913  -5.297 0.1428571492
78376  26.625  -4.221  -6.049 0.5714285970
95275  26.181  -4.354  -6.475 0.8571428657
84825  24.707  -5.039  -7.133 0.8571428657
78369  25.578  -4.249  -6.409 0.8571428657
79990  23.346  -5.980  -7.772 0.8571428657
54396  28.857  -0.400  -5.819 0.2857142985
53661  28.391  -0.886  -5.399 0.7142857313
78378  27.181  -3.769  -5.542 0.5714285970
79418  27.103  -2.821  -5.345 0.8571428657
91286  25.934  -3.769  -5.895 0.8571428657
91256  26.431  -3.363  -5.322 0.8571428657
82122  24.961  -4.589  -6.524 0.8571428657
54398  27.882  -0.657  -6.110 0.8571428657
93250  27.216  -1.286  -5.394 0.7142857313
92839  26.772  -2.388  -5.162 0.7142857313
92340  27.684  -0.341  -6.735 0.8571428657
92139  27.041  -0.265  -6.861 0.8571428657
55784  25.835  0.043  -7.870 0.8571428657
55793  25.834  0.572  -9.598 0.7142857313
87564  25.368  -0.098  -8.667 0.8571428657
55799  25.638  1.311  -10.350 0.8571428657
97690  25.194  1.948  -10.127 0.8571428657
56401  23.453  2.677  -11.825 0.7142857313
78383  27.105  -0.623  -6.325 0.8571428657
56418  23.397  2.497  -14.464 0.1428571492
55805  24.935  1.671  -10.965 0.8571428657
56400  24.301  2.215  -11.432 0.7142857313
56402  22.659  2.940  -12.491 0.7142857313
55800  24.546  2.350  -10.480 0.8571428657
57060  22.578  3.966  -16.124 0.1428571492
56408  22.630  2.742  -13.413 0.5714285970
57034  22.087  3.330  -13.880 0.5714285970
57043  20.481  4.040  -14.313 0.5714285970
57041  22.305  3.507  -14.654 0.1428571492
57685  21.942  4.773  -16.874 0.1428571492
57667  19.680  4.173  -13.979 0.5714285970
57686  20.964  5.457  -17.113 0.1428571492
58326  19.309  5.147  -19.312 0.1428571492
57671  20.812  4.398  -15.203 0.1428571492
97242  19.183  6.250  -18.891 0.1428571492
58321  20.573  5.955  -17.071 0.1428571492
80205  19.868  6.136  -18.060 0.1428571492
59024  20.303  5.858  -15.597 0.1428571492
36659  19.859  -21.156  11.108 0.1428571492
34975  19.372  -21.824  11.612 0.1428571492
96122  20.087  -19.926  9.201 0.2857142985
37538  20.839  -19.849  9.870 0.1428571492
37554  21.572  -19.260  9.554 0.2857142985
38417  20.653  -19.092  9.180 0.2857142985
40307  22.467  -16.543  6.771 0.2857142985
40292  21.866  -16.594  7.397 0.2857142985
41437  22.912  -15.833  3.192 0.2857142985
44259  24.331  -13.334  2.230 0.4285714328
43403  23.106  -14.349  2.547 0.5714285970
45968  28.050  -10.796  0.623 0.2857142985
45122  23.548  -11.660  1.810 0.7142857313
46868  29.295  -10.238  -2.966 0.1428571492
46831  28.219  -8.770  0.406 0.8571428657
46887  27.309  -10.037  -6.067 0.7142857313
49672  27.315  -6.743  -8.860 0.1428571492
48771  24.303  -6.987  -10.012 0.8571428657
46912  24.127  -8.335  -9.118 0.8571428657
98256  24.516  -8.884  -7.797 0.8571428657
47866  22.890  -7.115  -8.690 0.8571428657
91902  28.548  -0.378  -6.361 0.8571428657
55094  26.564  0.166  -9.121 0.8571428657
56407  23.322  2.440  -12.897 0.7142857313
56413  22.752  2.733  -14.181 0.2857142985
57052  21.706  3.915  -15.198 0.1428571492
80378  20.212  5.877  -20.429 0.1428571492
38439  20.749  -18.048  8.131 0.2857142985
38427  20.195  -18.747  8.531 0.4285714328
38428  19.296  -19.121  8.251 0.2857142985
39318  21.324  -17.304  7.778 0.1428571492
40306  23.371  -16.761  6.348 0.2857142985
40321  23.582  -16.598  5.343 0.2857142985
86749  22.294  -17.168  4.866 0.2857142985
40335  22.360  -17.030  4.179 0.2857142985
49671  28.102  -6.918  -8.741 0.1428571492
50517  27.148  -5.551  -7.319 0.1428571492
50510  27.489  -5.435  -6.468 0.1428571492
82255  24.472  -5.555  -9.229 0.8571428657
47856  25.080  -8.872  -6.940 0.8571428657
47846  26.166  -8.450  -5.672 1.0000000000
53658  29.017  -1.171  -4.850 0.1428571492
83162  29.226  -0.685  -5.292 0.1428571492
91871  28.766  -0.355  -6.290 0.2857142985
78377  27.956  -0.245  -7.673 0.5714285970
55804  25.597  1.115  -11.401 0.5714285970
56406  24.098  2.124  -12.408 0.7142857313
56412  23.229  2.288  -13.812 0.4285714328
55813  24.630  1.570  -12.872 0.2857142985
56411  24.007  2.110  -13.315 0.2857142985
57040  23.018  3.203  -14.843 0.1428571492
57051  22.431  3.718  -15.417 0.1428571492
57678  21.637  4.469  -15.931 0.1428571492
57673  19.577  4.727  -14.256 0.2857142985
58318  20.450  5.774  -15.902 0.1428571492
58315  19.826  5.333  -14.998 0.1428571492
59021  19.953  5.729  -14.650 0.1428571492
57690  20.873  5.119  -18.419 0.1428571492
59681  20.632  6.156  -15.957 0.1428571492
87445  20.328  6.483  -13.901 0.1428571492
78727  20.923  6.228  -16.848 0.1428571492
55099  26.327  -0.009  -10.089 0.4285714328
55100  26.146  0.508  -10.716 0.4285714328
55810  24.806  1.616  -11.955 0.5714285970
36695  18.619  -20.264  9.794 0.1428571492
37555  19.291  -20.158  9.025 0.4285714328
38440  19.832  -18.266  7.917 0.1428571492
40322  22.804  -16.867  5.652 0.2857142985
45136  24.854  -11.015  1.483 0.7142857313
46830  28.737  -9.668  -0.506 0.8571428657
46821  27.650  -9.808  1.373 0.8571428657
98244  27.089  -10.166  -6.730 0.5714285970
47873  26.363  -8.982  -9.253 0.2857142985
81408  25.503  -6.305  -9.408 0.5714285970
81100  23.320  -6.196  -10.065 0.8571428657
78374  25.309  -5.551  -7.979 0.8571428657
91572  26.756  -3.786  -5.649 0.8571428657
91009  26.094  -3.936  -6.166 0.8571428657
78404  27.315  -0.038  -8.275 0.8571428657
80178  27.193  -0.166  -7.319 0.8571428657
57042  21.438  3.757  -14.533 0.5714285970
57035  21.188  3.619  -13.610 0.5714285970
57672  19.965  4.584  -14.773 0.4285714328
57679  20.877  5.284  -16.054 0.1428571492
91291  18.763  5.915  -19.584 0.1428571492
81848  20.031  4.708  -20.022 0.1428571492
84398  20.199  5.070  -15.416 0.1428571492
59027  20.608  5.998  -16.586 0.1428571492
96501  23.051  -16.623  7.025 0.1428571492
40349  22.179  -16.992  3.365 0.5714285970
58309  19.277  5.146  -13.998 0.1428571492
40337  21.021  -16.913  4.168 0.5714285970
84747  20.015  -17.045  3.633 0.5714285970
40339  18.491  -16.785  4.247 0.2857142985
41425  21.711  -16.866  3.201 0.5714285970
40351  19.856  -16.976  2.784 0.5714285970
40311  18.608  -17.001  5.726 0.4285714328
40350  20.867  -16.944  3.129 0.5714285970
40360  18.967  -16.675  2.595 0.4285714328
42485  21.877  -15.545  2.668 0.4285714328
42486  20.946  -15.697  2.415 0.5714285970
42487  19.968  -15.720  2.143 0.5714285970
41452  19.291  -15.210  1.971 0.4285714328
42497  22.146  -14.446  2.485 0.5714285970
42498  21.175  -14.631  2.213 0.5714285970
43415  21.434  -13.463  2.123 0.7142857313
93572  20.386  -13.678  1.663 0.4285714328
41426  18.123  -15.997  2.990 0.2857142985
40340  17.860  -16.103  3.897 0.2857142985
42499  19.535  -14.744  1.830 0.4285714328
44272  21.783  -12.274  2.023 0.7142857313
45140  20.481  -11.423  0.463 0.4285714328
45138  22.147  -10.598  1.409 0.7142857313
45972  21.793  -10.276  0.423 0.5714285970
45971  22.806  -10.153  0.803 0.7142857313
45983  21.536  -9.929  -0.587 0.2857142985
44271  22.978  -12.383  2.177 0.5714285970
45123  22.631  -11.384  1.763 0.5714285970
86129  23.819  -10.460  0.970 0.7142857313
45981  23.537  -9.863  0.102 0.7142857313
46834  24.747  -9.032  -0.107 0.7142857313
46835  23.812  -9.201  -0.410 0.7142857313
46836  22.923  -9.341  -0.568 0.4285714328
47804  24.159  -8.300  -0.567 0.4285714328
45970  25.681  -10.247  1.481 0.5714285970
46823  25.237  -9.668  0.419 0.5714285970
46833  25.875  -8.917  0.262 0.7142857313
47802  26.490  -7.860  0.172 0.7142857313
48724  27.536  -7.498  -1.969 0.7142857313
97056  25.563  -7.781  -0.126 0.7142857313
48706  25.938  -7.199  -0.251 0.5714285970
48725  27.209  -6.922  -2.663 0.5714285970
47800  28.498  -8.736  -0.696 0.7142857313
46832  27.254  -8.763  0.627 0.5714285970
47818  28.035  -8.065  -1.280 0.7142857313
88744  27.572  -7.824  0.154 0.7142857313
48734  27.255  -7.870  -3.878 0.8571428657
84160  24.907  -7.556  -0.253 0.4285714328
47841  26.972  -7.998  -4.637 0.7142857313
48735  26.770  -7.310  -4.311 0.7142857313
48742  26.468  -7.556  -5.183 0.7142857313
97869  26.818  -6.481  -3.188 0.5714285970
49641  26.422  -6.624  -4.812 0.7142857313
47817  28.513  -8.733  -1.864 0.5714285970
48705  27.472  -7.375  -0.716 0.7142857313
47845  26.900  -8.523  -5.203 0.8571428657
49647  25.804  -6.599  -5.448 0.7142857313
50494  25.884  -5.020  -5.259 0.2857142985
48743  25.579  -7.612  -5.793 0.7142857313
78371  25.456  -4.392  -5.702 0.7142857313
47847  25.476  -8.437  -6.174 0.7142857313
49655  23.969  -7.198  -7.057 0.8571428657
49648  24.753  -6.643  -6.230 0.8571428657
80998  24.056  -4.869  -7.004 0.8571428657
93192  25.088  -5.431  -5.851 0.5714285970
49649  24.171  -5.097  -6.771 0.8571428657
78362  24.853  -4.621  -6.420 0.8571428657
78393  25.959  -3.823  -5.272 0.7142857313
78375  23.372  -5.300  -7.422 0.8571428657
92908  26.040  -3.683  -5.567 0.8571428657
80873  25.431  -3.987  -6.041 0.8571428657
91287  26.370  -3.069  -5.095 0.7142857313
79503  26.349  0.165  -7.157 0.7142857313
79787  26.503  0.214  -6.857 0.7142857313
91156  24.919  0.197  -8.121 0.5714285970
91812  25.148  -0.100  -7.520 0.7142857313
55095  24.339  -0.018  -9.078 0.7142857313
57025  23.280  3.352  -11.022 0.7142857313
55785  24.396  1.224  -8.177 0.7142857313
57019  22.541  3.791  -11.068 0.7142857313
57020  21.700  4.195  -11.091 0.7142857313
57645  22.360  4.524  -10.343 0.5714285970
57026  22.779  3.255  -11.700 0.7142857313
82378  22.005  3.700  -12.021 0.7142857313
57650  20.662  4.240  -11.016 0.5714285970
84028  21.098  4.051  -11.926 0.4285714328
57027  20.282  4.090  -11.824 0.5714285970
57651  19.717  4.173  -11.188 0.5714285970
57642  21.321  4.844  -10.234 0.5714285970
57028  19.396  4.063  -12.240 0.5714285970
57652  18.735  4.463  -11.668 0.5714285970
57648  18.158  5.007  -11.225 0.5714285970
57647  19.271  4.729  -10.792 0.4285714328
58298  19.724  5.155  -10.053 0.5714285970
57643  20.572  5.140  -9.730 0.4285714328
95026  17.556  5.406  -10.698 0.5714285970
58299  18.835  5.556  -10.550 0.5714285970
57660  18.291  4.329  -12.492 0.5714285970
58295  18.980  6.215  -10.088 0.4285714328
81592  21.463  5.543  -8.654 0.4285714328
59002  17.965  6.017  -10.301 0.5714285970
91530  17.440  9.031  -10.199 0.4285714328
46822  26.417  -9.661  0.925 0.5714285970
82172  17.330  7.797  -10.510 0.2857142985
91889  18.131  8.435  -9.937 0.4285714328
92398  18.789  8.821  -9.513 0.2857142985
86042  19.978  -17.085  4.696 0.5714285970
40310  19.734  -16.975  5.829 0.5714285970
41424  22.268  -16.804  3.285 0.2857142985
40338  19.300  -17.123  4.134 0.5714285970
41439  21.715  -16.494  2.914 0.5714285970
41441  19.275  -15.850  2.193 0.4285714328
43416  19.736  -14.165  1.562 0.4285714328
41443  17.605  -15.210  2.588 0.2857142985
41453  18.791  -15.223  1.943 0.2857142985
44282  20.995  -11.834  1.295 0.5714285970
44268  25.550  -12.551  1.631 0.2857142985
45151  19.923  -10.858  -0.453 0.2857142985
45982  22.429  -9.792  -0.157 0.7142857313
48750  24.821  -7.907  -6.498 0.8571428657
78382  26.634  -0.711  -5.748 0.7142857313
92004  26.651  -0.319  -6.400 0.7142857313
57018  23.671  3.461  -10.378 0.7142857313
87526  20.177  5.784  -9.658 0.2857142985
57031  21.198  3.615  -12.741 0.5714285970
57030  21.928  3.254  -12.986 0.5714285970
57032  20.275  3.798  -12.723 0.5714285970
58303  16.720  4.890  -11.198 0.5714285970
58304  16.320  5.086  -11.503 0.2857142985
44274  19.556  -13.536  0.932 0.4285714328
88355  23.834  -11.533  1.380 0.5714285970
47828  28.430  -8.790  -2.938 0.7142857313
47837  27.786  -8.344  -3.432 0.7142857313
47829  27.929  -8.190  -2.430 0.7142857313
48751  23.055  -6.512  -7.936 0.7142857313
56395  23.892  2.837  -10.851 0.8571428657
43414  22.501  -13.357  2.378 0.5714285970
79903  26.899  -1.517  -5.071 0.7142857313
94200  21.734  -17.016  3.403 0.5714285970
40352  19.092  -17.153  3.248 0.5714285970
40325  19.071  -16.919  5.014 0.5714285970
93561  18.495  -16.683  3.308 0.4285714328
41440  20.677  -16.577  2.669 0.5714285970
40359  19.741  -16.492  2.401 0.4285714328
41442  18.511  -15.621  2.347 0.4285714328
90238  20.250  -14.779  1.992 0.5714285970
42500  18.794  -14.582  1.582 0.4285714328
44273  20.855  -12.698  1.766 0.5714285970
44283  20.194  -12.548  0.894 0.4285714328
45124  21.693  -11.392  1.520 0.7142857313
45139  21.307  -10.979  0.838 0.5714285970
45150  20.898  -10.547  0.014 0.4285714328
45137  23.114  -10.715  1.652 0.7142857313
45980  24.568  -10.170  0.633 0.7142857313
96144  24.353  -9.656  0.034 0.7142857313
93680  26.989  -7.139  -0.039 0.7142857313
48717  26.755  -6.722  -0.765 0.7142857313
48729  27.510  -7.653  -2.997 0.7142857313
96067  26.460  -6.261  -1.134 0.2857142985
50503  26.074  -5.799  -5.098 0.5714285970
50493  26.232  -5.257  -4.499 0.2857142985
97021  24.427  -5.743  -6.449 0.8571428657
55786  24.198  0.604  -8.648 0.7142857313
56388  24.784  2.398  -9.551 0.7142857313
57653  17.288  4.500  -11.762 0.7142857313
58300  17.033  5.584  -10.754 0.5714285970
82284  18.716  6.976  -10.048 0.4285714328
42508  18.001  -14.099  1.122 0.1428571492
43427  18.758  -13.185  0.494 0.4285714328
41400  24.108  -16.058  4.594 0.1428571492
41412  23.422  -15.880  3.777 0.1428571492
82207  23.957  -14.278  2.470 0.1428571492
43402  24.830  -14.301  2.249 0.1428571492
41422  24.030  -15.350  3.346 0.1428571492
41411  24.628  -15.325  3.997 0.1428571492
93877  24.215  -14.889  2.697 0.1428571492
45119  26.059  -11.802  1.492 0.2857142985
60462  21.245  8.503  -13.013 0.1428571492
91092  26.798  -2.133  -4.797 0.4285714328
61139  20.755  9.304  -12.569 0.1428571492
78396  26.339  -0.655  -5.192 0.4285714328
79890  26.030  1.003  -6.820 0.4285714328
95354  17.692  9.056  -11.835 0.2857142985
59012  16.550  6.235  -12.378 0.2857142985
57661  17.207  4.574  -12.421 0.2857142985
58311  17.204  5.360  -13.307 0.2857142985
92816  27.000  1.014  -5.118 0.1428571492
91113  24.344  0.924  -7.791 0.5714285970
57017  24.172  3.046  -10.032 0.5714285970
60448  16.666  8.629  -11.372 0.2857142985
57037  19.173  3.939  -13.241 0.4285714328
78363  25.162  2.174  -7.420 0.4285714328
85331  23.800  3.896  -9.675 0.5714285970
59656  16.710  7.260  -11.891 0.2857142985
57009  25.038  3.603  -7.677 0.4285714328
81052  23.395  4.336  -8.193 0.2857142985
80499  16.709  8.570  -10.598 0.1428571492
59652  17.011  6.594  -11.284 0.1428571492
59653  16.696  8.014  -11.113 0.1428571492
58292  21.288  4.995  -9.127 0.4285714328
90891  16.669  9.191  -10.485 0.1428571492
92756  16.451  9.766  -10.598 0.1428571492
61799  16.211  11.348  -10.591 0.1428571492
78428  21.954  4.893  -8.531 0.2857142985
91148  17.998  10.044  -9.293 0.2857142985
79498  18.403  9.539  -7.891 0.1428571492
80869  16.594  10.582  -10.178 0.1428571492
61800  16.069  11.351  -10.088 0.1428571492
78400  17.066  10.748  -9.698 0.1428571492
78386  17.484  10.822  -8.669 0.1428571492
80834  16.376  11.543  -9.841 0.1428571492
83849  17.491  11.635  -9.238 0.1428571492
38443  17.004  -19.040  7.139 0.2857142985
93042  24.804  -14.897  2.857 0.1428571492
44258  25.153  -13.406  1.849 0.1428571492
80114  26.765  -0.946  -4.757 0.2857142985
57668  18.948  4.476  -13.723 0.2857142985
61130  16.450  9.514  -11.359 0.2857142985
59011  16.849  6.632  -13.005 0.2857142985
62481  15.627  12.331  -10.372 0.2857142985
98772  22.413  -17.656  7.981 0.1428571492
57639  24.146  3.984  -7.881 0.1428571492
92858  25.991  1.647  -5.805 0.2857142985
57640  22.976  4.386  -9.591 0.5714285970
57036  20.154  3.794  -13.581 0.4285714328
61804  16.538  10.570  -11.271 0.2857142985
60456  17.208  8.193  -12.230 0.2857142985
58310  18.128  4.999  -13.640 0.2857142985
59017  17.919  5.995  -13.514 0.2857142985
60455  18.117  8.505  -12.328 0.2857142985
61809  18.660  10.239  -12.375 0.1428571492
63122  13.941  12.530  -8.802 0.2857142985
61798  16.262  11.221  -10.789 0.2857142985
59661  19.717  7.462  -12.563 0.1428571492
60453  20.374  8.307  -12.487 0.1428571492
59015  19.676  5.975  -13.719 0.1428571492
59670  19.736  6.730  -13.230 0.1428571492
61803  17.281  10.616  -11.739 0.2857142985
59016  19.017  5.907  -13.526 0.2857142985
59009  18.843  6.776  -13.070 0.1428571492
37566  18.809  -19.801  8.577 0.4285714328
85143  20.681  3.652  -13.209 0.4285714328
91656  26.283  -0.163  -5.750 0.4285714328
92202  24.455  0.259  -7.753 0.5714285970
56382  24.809  2.390  -8.585 0.5714285970
87887  23.153  3.968  -10.342 0.5714285970
82152  18.181  4.459  -13.131 0.2857142985
59003  17.662  6.660  -10.462 0.4285714328
79356  18.292  9.195  -9.696 0.2857142985
57013  24.522  3.339  -9.226 0.5714285970
57641  21.975  4.674  -9.232 0.5714285970
57654  16.080  4.550  -11.877 0.2857142985
58305  16.862  4.667  -12.083 0.2857142985
43401  25.583  -14.052  1.921 0.1428571492
78381  25.945  -0.431  -5.044 0.2857142985
60447  16.930  8.816  -11.684 0.2857142985
59664  16.892  7.317  -12.482 0.2857142985
57662  16.589  4.868  -12.605 0.2857142985
57669  17.431  4.774  -13.106 0.2857142985
79964  25.499  1.798  -6.910 0.2857142985
56378  24.504  1.712  -7.748 0.4285714328
60449  16.288  9.401  -11.064 0.1428571492
57010  24.677  3.403  -8.383 0.4285714328
96829  25.383  3.088  -7.405 0.2857142985
56381  25.114  2.810  -7.947 0.5714285970
57011  23.981  3.876  -8.724 0.5714285970
93323  22.727  4.561  -8.698 0.4285714328
37578  17.396  -19.447  7.749 0.2857142985
91382  26.937  -1.441  -4.456 0.2857142985
59010  17.645  6.789  -13.121 0.2857142985
59662  18.476  7.553  -12.637 0.2857142985
61134  19.040  9.449  -12.410 0.1428571492
89028  26.277  -5.992  -4.299 0.2857142985
63654  17.229  13.701  -10.831 0.1428571492
62484  16.817  11.482  -11.537 0.1428571492
63659  17.575  13.379  -11.701 0.1428571492
63119  18.178  12.395  -8.789 0.1428571492
83743  17.827  13.627  -10.458 0.1428571492
63131  15.901  13.094  -10.324 0.1428571492
63136  16.576  12.423  -11.121 0.1428571492
63127  16.729  12.945  -9.849 0.1428571492
63126  17.875  12.771  -9.799 0.1428571492
63647  15.913  13.463  -9.796 0.1428571492
90543  18.759  13.132  -10.078 0.1428571492
64100  18.150  14.236  -10.962 0.1428571492
63132  14.945  13.083  -9.999 0.1428571492
63646  16.841  13.228  -10.245 0.1428571492
78715  20.869  14.393  -8.263 0.1428571492
63653  18.784  14.030  -10.456 0.1428571492
49634  26.575  -6.542  -3.902 0.2857142985
63642  18.874  12.813  -9.235 0.1428571492
78717  20.462  14.379  -9.049 0.1428571492
64105  18.121  14.636  -12.649 0.1428571492
63137  15.935  12.595  -10.586 0.1428571492
62483  17.370  11.521  -12.028 0.1428571492
63660  16.740  13.165  -10.854 0.1428571492
63135  17.264  12.702  -11.661 0.1428571492
63641  19.630  13.698  -9.632 0.1428571492
63640  20.329  13.686  -8.630 0.1428571492
42484  22.748  -15.379  2.754 0.4285714328
39332  20.099  -17.132  6.767 0.4285714328
40293  21.017  -16.900  7.101 0.1428571492
40324  20.662  -17.362  5.235 0.2857142985
40309  20.768  -17.119  6.162 0.1428571492
39320  19.444  -17.690  7.238 0.2857142985
40336  21.970  -17.137  4.032 0.2857142985
39333  19.056  -17.233  6.501 0.4285714328
40323  21.520  -17.347  5.250 0.1428571492
39319  20.403  -17.479  7.538 0.1428571492
79482  24.548  1.163  -7.444 0.2857142985
39321  18.394  -18.151  6.782 0.2857142985
38442  17.775  -18.937  7.200 0.2857142985
39334  17.949  -17.543  6.225 0.2857142985
45141  19.631  -11.897  0.134 0.2857142985
46837  22.119  -9.459  -0.953 0.1428571492
97617  22.544  -8.959  -1.074 0.1428571492
47805  23.229  -8.668  -0.911 0.2857142985
50481  26.692  -5.321  -2.377 0.1428571492
51316  26.405  -4.627  -3.818 0.1428571492
78392  26.616  -3.632  -4.173 0.1428571492
51317  26.176  -4.408  -4.872 0.1428571492
97040  26.375  -3.239  -4.791 0.1428571492
81074  26.799  -2.698  -4.219 0.1428571492
54394  26.315  -0.571  -4.468 0.1428571492
78365  26.404  0.775  -6.005 0.1428571492
81137  26.024  0.107  -5.193 0.1428571492
58293  20.815  5.623  -9.144 0.1428571492
78401  20.513  6.483  -9.241 0.1428571492
78415  22.169  5.723  -8.126 0.1428571492
92132  19.476  7.614  -9.563 0.1428571492
78410  20.285  7.397  -9.271 0.1428571492
91531  18.741  7.958  -9.717 0.1428571492
37567  17.827  -19.807  8.426 0.2857142985
52881  26.771  -2.015  -3.793 0.1428571492
93598  17.458  -19.986  9.000 0.2857142985
98478  19.282  -14.146  1.405 0.2857142985
44284  19.421  -12.715  0.452 0.2857142985
44293  18.787  -12.378  0.010 0.2857142985
49612  25.290  -6.779  -0.265 0.1428571492
49629  26.792  -6.173  -2.496 0.1428571492
90496  26.614  -5.005  -1.736 0.1428571492
51307  26.485  -4.849  -2.983 0.1428571492
89669  26.996  -3.983  -3.127 0.1428571492
55077  26.138  -0.441  -4.508 0.1428571492
92315  21.028  6.190  -8.750 0.1428571492
38441  18.833  -18.627  7.544 0.2857142985
78419  22.764  4.994  -7.849 0.1428571492
43417  18.757  -13.899  0.949 0.1428571492
38450  17.278  -18.426  6.546 0.2857142985
45152  18.996  -11.523  -0.582 0.1428571492
51295  26.758  -4.477  -2.368 0.1428571492
89403  17.224  -19.787  8.887 0.1428571492
37568  17.238  -19.640  8.353 0.1428571492
37558  17.173  -19.436  9.120 0.1428571492
37579  16.931  -19.390  7.784 0.1428571492
98706  28.451  -10.429  -0.170 0.1428571492
98526  28.622  -11.080  -0.236 0.1428571492
91977  27.663  -0.167  -9.246 0.1428571492
36696  17.630  -20.305  9.671 0.1428571492
38451  16.775  -18.357  6.703 0.1428571492
39335  17.036  -17.804  6.080 0.1428571492
40327  17.604  -16.219  5.070 0.1428571492
81320  28.347  -0.303  -8.404 0.1428571492
54406  27.054  -0.246  -10.028 0.1428571492
91803  28.854  -0.365  -6.563 0.1428571492
45979  29.257  -10.259  -1.263 0.1428571492
40326  18.280  -16.783  5.114 0.1428571492
37569  16.961  -19.366  8.356 0.1428571492
39343  17.630  -16.969  5.737 0.1428571492
41438  22.406  -16.094  2.874 0.2857142985
45967  29.031  -10.658  -0.718 0.1428571492
46025  28.348  -10.546  -6.435 0.4285714328
46859  29.284  -10.174  -2.053 0.1428571492
46869  28.771  -9.563  -3.390 0.7142857313
46870  28.183  -9.010  -3.848 0.8571428657
47801  28.084  -8.062  -0.214 0.7142857313
47803  25.262  -8.276  -0.124 0.7142857313
47855  25.870  -9.111  -6.286 0.8571428657
47857  24.222  -8.257  -7.371 0.8571428657
47887  24.571  -7.977  -9.621 0.8571428657
47888  23.651  -7.355  -9.630 0.8571428657
48718  26.016  -6.641  -0.648 0.1428571492
48730  27.065  -7.115  -3.495 0.7142857313
49621  26.961  -6.735  -1.699 0.5714285970
49623  25.705  -6.128  -0.615 0.1428571492
50485  26.416  -5.669  -3.413 0.2857142985
50524  26.627  -5.872  -8.091 0.4285714328
51285  26.576  -4.228  -1.808 0.1428571492
51327  27.289  -4.672  -5.818 0.1428571492
55079  29.003  -0.148  -6.092 0.2857142985
55096  24.115  0.120  -8.287 0.7142857313
55764  28.848  -0.256  -6.064 0.2857142985
55794  25.187  1.396  -9.577 0.8571428657
55795  24.655  1.532  -8.922 0.7142857313
57646  20.161  4.657  -10.434 0.5714285970
57655  16.144  4.744  -12.247 0.2857142985
58294  19.475  5.795  -9.948 0.2857142985
58312  16.581  5.558  -12.770 0.2857142985
58323  19.555  5.725  -18.530 0.1428571492
59006  16.369  5.894  -11.867 0.2857142985
59018  16.981  6.155  -13.411 0.2857142985
59663  17.346  7.502  -12.681 0.2857142985
60443  16.339  9.012  -10.875 0.1428571492
60444  16.208  9.720  -10.887 0.1428571492
60454  19.307  8.390  -12.396 0.1428571492
60457  16.857  8.043  -11.982 0.2857142985
61127  16.330  10.470  -10.657 0.1428571492
61129  17.042  9.701  -11.640 0.2857142985
61131  16.256  10.229  -10.963 0.1428571492
61796  15.566  12.844  -9.950 0.2857142985
62473  14.495  12.575  -8.697 0.2857142985
62474  14.093  12.764  -8.860 0.2857142985
62480  14.709  12.727  -9.817 0.2857142985
62485  16.367  11.765  -11.028 0.1428571492
63121  14.249  12.815  -8.777 0.2857142985
63129  13.888  12.793  -9.033 0.2857142985
63133  14.631  12.476  -9.839 0.1428571492
63649  14.305  13.254  -8.934 0.2857142985
63655  16.253  13.261  -10.239 0.1428571492
63656  15.101  13.659  -9.592 0.1428571492
63657  14.371  13.471  -9.230 0.1428571492
64102  17.970  14.026  -11.771 0.1428571492
78368  18.089  7.552  -10.132 0.4285714328
78370  23.661  -5.834  -7.070 0.8571428657
78373  24.404  -5.890  -10.091 0.8571428657
78397  27.952  -1.921  -5.339 0.7142857313
79435  24.951  0.673  -7.294 0.5714285970
79951  28.247  -0.314  -6.913 0.5714285970
80226  15.531  12.821  -9.841 0.1428571492
80355  22.214  -5.884  -8.939 0.8571428657
80705  28.602  -0.417  -7.429 0.1428571492
81801  24.289  0.671  -8.032 0.5714285970
81917  19.756  6.676  -9.796 0.1428571492
83057  22.781  -6.642  -9.456 0.8571428657
83632  28.389  -10.900  -7.199 0.1428571492
87958  15.629  12.185  -10.270 0.2857142985
89058  16.966  12.071  -11.868 0.1428571492
91147  17.109  9.914  -10.194 0.1428571492
91970  22.553  -5.420  -9.097 0.8571428657
91989  15.042  12.773  -8.752 0.2857142985
92108  26.796  -0.979  -5.230 0.5714285970
92392  16.813  11.566  -9.763 0.1428571492
92755  18.755  9.360  -9.199 0.2857142985
97555  23.424  4.255  -9.040 0.5714285970
97789  24.505  0.604  -9.081 0.7142857313
98123  27.135  -6.325  -8.513 0.2857142985
