#!ascii label  , from subject sub-v1s9x0051353_ses-1 vox2ras=TkReg
263
47829  27.929  -8.190  -2.430 0.0000000000
41439  21.715  -16.494  2.914 0.0000000000
78371  25.456  -4.392  -5.702 0.0000000000
57648  18.158  5.007  -11.225 0.0000000000
84747  20.015  -17.045  3.633 0.0000000000
91286  25.934  -3.769  -5.895 0.0000000000
92139  27.041  -0.265  -6.861 0.0000000000
46835  23.812  -9.201  -0.410 0.0000000000
45137  23.114  -10.715  1.652 0.0000000000
46822  26.417  -9.661  0.925 0.0000000000
46889  25.793  -9.418  -7.078 0.0000000000
46860  28.942  -9.432  -2.428 0.0000000000
49647  25.804  -6.599  -5.448 0.0000000000
78379  22.531  -5.716  -9.702 0.0000000000
87887  23.153  3.968  -10.342 0.0000000000
55800  24.546  2.350  -10.480 0.0000000000
43403  23.106  -14.349  2.547 0.0000000000
78382  26.634  -0.711  -5.748 0.0000000000
79787  26.503  0.214  -6.857 0.0000000000
47802  26.490  -7.860  0.172 0.0000000000
46823  25.237  -9.668  0.419 0.0000000000
46832  27.254  -8.763  0.627 0.0000000000
41425  21.711  -16.866  3.201 0.0000000000
93192  25.088  -5.431  -5.851 0.0000000000
49655  23.969  -7.198  -7.057 0.0000000000
78375  23.372  -5.300  -7.422 0.0000000000
79418  27.103  -2.821  -5.345 0.0000000000
95275  26.181  -4.354  -6.475 0.0000000000
58295  18.980  6.215  -10.088 0.0000000000
57641  21.975  4.674  -9.232 0.0000000000
57650  20.662  4.240  -11.016 0.0000000000
57671  20.812  4.398  -15.203 0.0000000000
57034  22.087  3.330  -13.880 0.0000000000
56402  22.659  2.940  -12.491 0.0000000000
56407  23.322  2.440  -12.897 0.0000000000
55799  25.638  1.311  -10.350 0.0000000000
45121  24.361  -11.701  2.111 0.0000000000
44271  22.978  -12.383  2.177 0.0000000000
40338  19.300  -17.123  4.134 0.0000000000
80873  25.431  -3.987  -6.041 0.0000000000
92839  26.772  -2.388  -5.162 0.0000000000
93250  27.216  -1.286  -5.394 0.0000000000
92340  27.684  -0.341  -6.735 0.0000000000
45972  21.793  -10.276  0.423 0.0000000000
45981  23.537  -9.863  0.102 0.0000000000
45136  24.854  -11.015  1.483 0.0000000000
45135  26.004  -10.943  1.863 0.0000000000
47845  26.900  -8.523  -5.203 0.0000000000
47828  28.430  -8.790  -2.938 0.0000000000
46887  27.309  -10.037  -6.067 0.0000000000
48717  26.755  -6.722  -0.765 0.0000000000
97869  26.818  -6.481  -3.188 0.0000000000
47841  26.972  -7.998  -4.637 0.0000000000
47847  25.476  -8.437  -6.174 0.0000000000
47865  23.803  -8.246  -8.369 0.0000000000
48771  24.303  -6.987  -10.012 0.0000000000
84825  24.707  -5.039  -7.133 0.0000000000
82255  24.472  -5.555  -9.229 0.0000000000
56382  24.809  2.390  -8.585 0.0000000000
57028  19.396  4.063  -12.240 0.0000000000
82378  22.005  3.700  -12.021 0.0000000000
57025  23.280  3.352  -11.022 0.0000000000
55786  24.198  0.604  -8.648 0.0000000000
87564  25.368  -0.098  -8.667 0.0000000000
55094  26.564  0.166  -9.121 0.0000000000
42498  21.175  -14.631  2.213 0.0000000000
45124  21.693  -11.392  1.520 0.0000000000
46820  28.154  -9.965  0.244 0.0000000000
90272  27.295  -10.789  1.444 0.0000000000
91812  25.148  -0.100  -7.520 0.0000000000
48705  27.472  -7.375  -0.716 0.0000000000
88744  27.572  -7.824  0.154 0.0000000000
47818  28.035  -8.065  -1.280 0.0000000000
40311  18.608  -17.001  5.726 0.0000000000
40310  19.734  -16.975  5.829 0.0000000000
97021  24.427  -5.743  -6.449 0.0000000000
49649  24.171  -5.097  -6.771 0.0000000000
53661  28.391  -0.886  -5.399 0.0000000000
78378  27.181  -3.769  -5.542 0.0000000000
58299  18.835  5.556  -10.550 0.0000000000
58298  19.724  5.155  -10.053 0.0000000000
57642  21.321  4.844  -10.234 0.0000000000
57651  19.717  4.173  -11.188 0.0000000000
56408  22.630  2.742  -13.413 0.0000000000
56406  24.098  2.124  -12.408 0.0000000000
44269  24.676  -12.334  2.135 0.0000000000
44270  23.963  -12.212  2.382 0.0000000000
42487  19.968  -15.720  2.143 0.0000000000
91287  26.370  -3.069  -5.095 0.0000000000
79903  26.899  -1.517  -5.071 0.0000000000
78383  27.105  -0.623  -6.325 0.0000000000
54398  27.882  -0.657  -6.110 0.0000000000
58300  17.033  5.584  -10.754 0.0000000000
45982  22.429  -9.792  -0.157 0.0000000000
45980  24.568  -10.170  0.633 0.0000000000
45970  25.681  -10.247  1.481 0.0000000000
45969  26.807  -10.432  1.694 0.0000000000
86042  19.978  -17.085  4.696 0.0000000000
46881  26.619  -9.320  -5.771 0.0000000000
46880  27.429  -9.307  -5.245 0.0000000000
46888  26.529  -9.805  -6.680 0.0000000000
48706  25.938  -7.199  -0.251 0.0000000000
49641  26.422  -6.624  -4.812 0.0000000000
48735  26.770  -7.310  -4.311 0.0000000000
48742  26.468  -7.556  -5.183 0.0000000000
47846  26.166  -8.450  -5.672 0.0000000000
48743  25.579  -7.612  -5.793 0.0000000000
47866  22.890  -7.115  -8.690 0.0000000000
48760  23.526  -7.585  -7.859 0.0000000000
47875  23.299  -7.617  -9.056 0.0000000000
46912  24.127  -8.335  -9.118 0.0000000000
81100  23.320  -6.196  -10.065 0.0000000000
82122  24.961  -4.589  -6.524 0.0000000000
78369  25.578  -4.249  -6.409 0.0000000000
78374  25.309  -5.551  -7.979 0.0000000000
81408  25.503  -6.305  -9.408 0.0000000000
57640  22.976  4.386  -9.591 0.0000000000
57011  23.981  3.876  -8.724 0.0000000000
85331  23.800  3.896  -9.675 0.0000000000
56381  25.114  2.810  -7.947 0.0000000000
57013  24.522  3.339  -9.226 0.0000000000
57043  20.481  4.040  -14.313 0.0000000000
57667  19.680  4.173  -13.979 0.0000000000
57032  20.275  3.798  -12.723 0.0000000000
57031  21.198  3.615  -12.741 0.0000000000
56401  23.453  2.677  -11.825 0.0000000000
57026  22.779  3.255  -11.700 0.0000000000
56395  23.892  2.837  -10.851 0.0000000000
56388  24.784  2.398  -9.551 0.0000000000
55095  24.339  -0.018  -9.078 0.0000000000
97690  25.194  1.948  -10.127 0.0000000000
55804  25.597  1.115  -11.401 0.0000000000
55793  25.834  0.572  -9.598 0.0000000000
78404  27.315  -0.038  -8.275 0.0000000000
93572  20.386  -13.678  1.663 0.0000000000
45138  22.147  -10.598  1.409 0.0000000000
45139  21.307  -10.979  0.838 0.0000000000
45123  22.631  -11.384  1.763 0.0000000000
43413  23.501  -13.332  2.405 0.0000000000
43414  22.501  -13.357  2.378 0.0000000000
42497  22.146  -14.446  2.485 0.0000000000
47800  28.498  -8.736  -0.696 0.0000000000
46848  29.036  -9.435  -1.381 0.0000000000
92004  26.651  -0.319  -6.400 0.0000000000
79503  26.349  0.165  -7.157 0.0000000000
46834  24.747  -9.032  -0.107 0.0000000000
46833  25.875  -8.917  0.262 0.0000000000
40350  20.867  -16.944  3.129 0.0000000000
40337  21.021  -16.913  4.168 0.0000000000
94200  21.734  -17.016  3.403 0.0000000000
40349  22.179  -16.992  3.365 0.0000000000
46899  25.244  -9.385  -7.813 0.0000000000
46898  26.295  -9.874  -7.806 0.0000000000
50503  26.074  -5.799  -5.098 0.0000000000
49648  24.753  -6.643  -6.230 0.0000000000
48751  23.055  -6.512  -7.936 0.0000000000
79555  22.681  -5.446  -8.101 0.0000000000
91572  26.756  -3.786  -5.649 0.0000000000
91009  26.094  -3.936  -6.166 0.0000000000
78376  26.625  -4.221  -6.049 0.0000000000
57645  22.360  4.524  -10.343 0.0000000000
57042  21.438  3.757  -14.533 0.0000000000
57035  21.188  3.619  -13.610 0.0000000000
57030  21.928  3.254  -12.986 0.0000000000
56400  24.301  2.215  -11.432 0.0000000000
55805  24.935  1.671  -10.965 0.0000000000
55810  24.806  1.616  -11.955 0.0000000000
88355  23.834  -11.533  1.380 0.0000000000
45122  23.548  -11.660  1.810 0.0000000000
40325  19.071  -16.919  5.014 0.0000000000
40352  19.092  -17.153  3.248 0.0000000000
40351  19.856  -16.976  2.784 0.0000000000
41440  20.677  -16.577  2.669 0.0000000000
42486  20.946  -15.697  2.415 0.0000000000
78393  25.959  -3.823  -5.272 0.0000000000
78362  24.853  -4.621  -6.420 0.0000000000
92908  26.040  -3.683  -5.567 0.0000000000
91256  26.431  -3.363  -5.322 0.0000000000
91902  28.548  -0.378  -6.361 0.0000000000
59002  17.965  6.017  -10.301 0.0000000000
95026  17.556  5.406  -10.698 0.0000000000
58303  16.720  4.890  -11.198 0.0000000000
45971  22.806  -10.153  0.803 0.0000000000
96144  24.353  -9.656  0.034 0.0000000000
86129  23.819  -10.460  0.970 0.0000000000
45120  25.268  -11.591  2.085 0.0000000000
47837  27.786  -8.344  -3.432 0.0000000000
46875  27.512  -8.611  -4.433 0.0000000000
94942  27.964  -9.303  -4.613 0.0000000000
46874  28.640  -9.669  -4.322 0.0000000000
98244  27.089  -10.166  -6.730 0.0000000000
46879  28.328  -9.913  -5.355 0.0000000000
97056  25.563  -7.781  -0.126 0.0000000000
93680  26.989  -7.139  -0.039 0.0000000000
48724  27.536  -7.498  -1.969 0.0000000000
48725  27.209  -6.922  -2.663 0.0000000000
48729  27.510  -7.653  -2.997 0.0000000000
48734  27.255  -7.870  -3.878 0.0000000000
47856  25.080  -8.872  -6.940 0.0000000000
48750  24.821  -7.907  -6.498 0.0000000000
98256  24.516  -8.884  -7.797 0.0000000000
93746  24.659  -9.003  -8.550 0.0000000000
47874  25.136  -8.783  -9.321 0.0000000000
80998  24.056  -4.869  -7.004 0.0000000000
79990  23.346  -5.980  -7.772 0.0000000000
92387  23.341  -5.166  -9.133 0.0000000000
80470  24.136  -5.274  -8.327 0.0000000000
78380  23.332  -5.530  -9.941 0.0000000000
82385  24.008  -6.091  -10.236 0.0000000000
91113  24.344  0.924  -7.791 0.0000000000
57653  17.288  4.500  -11.762 0.0000000000
57660  18.291  4.329  -12.492 0.0000000000
57652  18.735  4.463  -11.668 0.0000000000
57027  20.282  4.090  -11.824 0.0000000000
57020  21.700  4.195  -11.091 0.0000000000
57019  22.541  3.791  -11.068 0.0000000000
57018  23.671  3.461  -10.378 0.0000000000
57017  24.172  3.046  -10.032 0.0000000000
55785  24.396  1.224  -8.177 0.0000000000
92202  24.455  0.259  -7.753 0.0000000000
91156  24.919  0.197  -8.121 0.0000000000
55784  25.835  0.043  -7.870 0.0000000000
80178  27.193  -0.166  -7.319 0.0000000000
78377  27.956  -0.245  -7.673 0.0000000000
90238  20.250  -14.779  1.992 0.0000000000
42485  21.877  -15.545  2.668 0.0000000000
44282  20.995  -11.834  1.295 0.0000000000
44272  21.783  -12.274  2.023 0.0000000000
44273  20.855  -12.698  1.766 0.0000000000
43415  21.434  -13.463  2.123 0.0000000000
47817  28.513  -8.733  -1.864 0.0000000000
46831  28.219  -8.770  0.406 0.0000000000
46821  27.650  -9.808  1.373 0.0000000000
46830  28.737  -9.668  -0.506 0.0000000000
45134  26.679  -10.981  1.674 0.0000000000
46869  28.771  -9.563  -3.390 0.0000000000
46870  28.183  -9.010  -3.848 0.0000000000
47801  28.084  -8.062  -0.214 0.0000000000
47803  25.262  -8.276  -0.124 0.0000000000
47855  25.870  -9.111  -6.286 0.0000000000
47857  24.222  -8.257  -7.371 0.0000000000
47887  24.571  -7.977  -9.621 0.0000000000
47888  23.651  -7.355  -9.630 0.0000000000
48730  27.065  -7.115  -3.495 0.0000000000
49621  26.961  -6.735  -1.699 0.0000000000
49679  24.957  -6.668  -9.853 0.0000000000
55096  24.115  0.120  -8.287 0.0000000000
55794  25.187  1.396  -9.577 0.0000000000
55795  24.655  1.532  -8.922 0.0000000000
57646  20.161  4.657  -10.434 0.0000000000
78370  23.661  -5.834  -7.070 0.0000000000
78373  24.404  -5.890  -10.091 0.0000000000
78397  27.952  -1.921  -5.339 0.0000000000
79435  24.951  0.673  -7.294 0.0000000000
79951  28.247  -0.314  -6.913 0.0000000000
80355  22.214  -5.884  -8.939 0.0000000000
80662  26.049  -5.045  -7.128 0.0000000000
81801  24.289  0.671  -8.032 0.0000000000
83057  22.781  -6.642  -9.456 0.0000000000
91970  22.553  -5.420  -9.097 0.0000000000
92108  26.796  -0.979  -5.230 0.0000000000
97555  23.424  4.255  -9.040 0.0000000000
97789  24.505  0.604  -9.081 0.0000000000
