#!ascii label  , from subject sub-v1s9x0051361_ses-1 vox2ras=TkReg
1181
84277  -38.308  5.914  34.772 0.0000000000
82884  -42.554  5.156  20.925 0.0000000000
87240  -43.112  11.038  38.574 0.0000000000
80535  -41.876  1.487  28.048 0.0000000000
79634  -42.588  0.535  35.505 0.0000000000
85828  -41.480  8.650  29.601 0.0000000000
90430  -34.615  14.203  28.038 0.0000000000
92727  -33.535  17.590  25.018 0.0000000000
79571  -37.397  0.984  42.066 0.0000000000
82021  -41.543  3.632  31.806 0.0000000000
83583  -43.051  6.025  28.799 0.0000000000
84290  -43.882  7.127  33.475 0.0000000000
116475  -44.566  15.125  34.895 0.0000000000
89558  -38.858  13.308  32.345 0.0000000000
91963  -40.758  16.365  27.370 0.0000000000
92753  -35.629  18.229  21.864 0.0000000000
93981  -39.341  19.946  24.504 0.0000000000
85151  -39.442  7.178  19.127 0.0000000000
85024  -36.665  8.060  38.468 0.0000000000
85035  -42.723  7.862  36.917 0.0000000000
78810  -47.133  -0.709  28.247 0.0000000000
78784  -42.309  -0.475  31.514 0.0000000000
80485  -38.784  1.552  34.349 0.0000000000
80454  -38.289  1.244  38.142 0.0000000000
86626  -43.527  9.988  25.077 0.0000000000
85874  -39.081  9.001  25.000 0.0000000000
134313  -39.698  9.044  35.152 0.0000000000
86570  -35.534  9.816  30.001 0.0000000000
88077  -36.641  12.126  23.649 0.0000000000
89636  -34.515  13.426  21.697 0.0000000000
90464  -30.582  14.975  23.409 0.0000000000
83547  -39.692  5.222  33.579 0.0000000000
83562  -42.124  5.327  31.974 0.0000000000
84288  -41.207  6.182  34.000 0.0000000000
127732  -43.792  16.931  32.503 0.0000000000
91169  -42.398  15.538  31.225 0.0000000000
118244  -43.233  17.892  27.579 0.0000000000
92758  -40.357  18.669  23.221 0.0000000000
126362  -40.930  6.184  19.749 0.0000000000
85014  -35.517  7.362  40.528 0.0000000000
85727  -37.749  8.432  40.021 0.0000000000
78758  -42.844  -0.159  34.229 0.0000000000
79647  -42.118  1.154  33.256 0.0000000000
79632  -40.313  0.516  35.328 0.0000000000
80435  -37.580  1.426  39.928 0.0000000000
81993  -32.919  2.853  37.012 0.0000000000
83522  -32.359  5.635  37.409 0.0000000000
82765  -30.687  4.849  38.330 0.0000000000
81333  -42.241  3.045  25.730 0.0000000000
85091  -43.171  7.884  29.237 0.0000000000
85107  -43.515  8.816  26.786 0.0000000000
86588  -43.036  9.998  27.498 0.0000000000
85888  -41.526  8.880  24.974 0.0000000000
85851  -40.092  8.434  28.008 0.0000000000
125329  -43.744  8.414  37.530 0.0000000000
86533  -43.128  8.850  36.193 0.0000000000
87251  -39.867  10.231  36.592 0.0000000000
89584  -37.268  13.697  29.551 0.0000000000
88768  -36.337  11.764  31.986 0.0000000000
88029  -34.640  12.819  28.903 0.0000000000
87316  -35.917  10.977  26.781 0.0000000000
88800  -34.500  12.933  26.149 0.0000000000
88823  -35.834  12.589  21.861 0.0000000000
89619  -34.036  14.345  24.664 0.0000000000
93426  -34.309  18.798  22.164 0.0000000000
92017  -33.272  17.095  21.937 0.0000000000
92737  -31.185  17.418  23.902 0.0000000000
91228  -29.561  15.376  24.510 0.0000000000
116363  -30.594  17.000  25.600 0.0000000000
81297  -41.945  2.688  30.326 0.0000000000
124437  -41.470  3.952  27.739 0.0000000000
82812  -43.051  4.919  30.367 0.0000000000
83570  -44.280  6.023  30.470 0.0000000000
85800  -43.898  7.656  31.679 0.0000000000
88739  -43.246  13.034  37.283 0.0000000000
88745  -40.842  12.584  35.422 0.0000000000
90386  -41.107  14.065  32.967 0.0000000000
121248  -39.537  14.603  29.827 0.0000000000
91203  -37.696  15.272  27.490 0.0000000000
91222  -35.143  15.577  25.539 0.0000000000
92001  -38.551  17.045  24.483 0.0000000000
93439  -37.517  19.088  20.915 0.0000000000
113676  -35.676  18.824  23.711 0.0000000000
125864  -38.455  7.945  20.983 0.0000000000
85039  -37.163  7.306  36.869 0.0000000000
84265  -39.670  7.208  36.095 0.0000000000
85026  -38.464  8.015  38.096 0.0000000000
85730  -41.312  8.800  39.220 0.0000000000
118218  -43.645  8.870  40.428 0.0000000000
86510  -42.564  8.614  43.514 0.0000000000
87962  -45.090  11.413  40.146 0.0000000000
78818  -44.527  -0.230  27.756 0.0000000000
77951  -44.098  -1.218  29.948 0.0000000000
79683  -41.951  0.254  29.817 0.0000000000
80504  -42.025  1.740  32.341 0.0000000000
81284  -40.253  2.991  32.660 0.0000000000
136225  -42.712  1.119  37.509 0.0000000000
132579  -40.084  0.918  41.973 0.0000000000
79596  -40.309  1.424  39.883 0.0000000000
79621  -40.279  0.423  36.979 0.0000000000
80476  -38.112  1.377  36.111 0.0000000000
83531  -36.254  5.229  35.226 0.0000000000
84392  -45.478  6.528  21.529 0.0000000000
84358  -41.874  6.105  25.893 0.0000000000
85124  -43.728  8.660  23.913 0.0000000000
85922  -43.958  9.236  21.372 0.0000000000
122576  -42.351  8.868  21.043 0.0000000000
85909  -40.129  9.094  21.561 0.0000000000
87347  -39.254  10.054  21.895 0.0000000000
85049  -43.451  7.855  35.788 0.0000000000
85770  -43.576  8.522  34.161 0.0000000000
132787  -40.246  8.388  32.502 0.0000000000
87998  -38.236  11.223  34.674 0.0000000000
86555  -37.050  9.058  32.627 0.0000000000
129769  -38.175  8.279  29.890 0.0000000000
86596  -37.612  8.993  27.440 0.0000000000
87327  -37.950  10.920  24.386 0.0000000000
126544  -38.284  10.625  22.553 0.0000000000
91239  -33.865  15.913  22.787 0.0000000000
90465  -32.411  14.457  22.529 0.0000000000
88806  -31.230  12.429  24.697 0.0000000000
88804  -29.654  12.814  24.949 0.0000000000
89601  -28.065  13.239  25.728 0.0000000000
128144  -38.836  5.667  34.465 0.0000000000
83537  -40.249  5.950  34.091 0.0000000000
118557  -39.996  6.123  34.724 0.0000000000
91927  -43.696  17.213  30.969 0.0000000000
93968  -43.118  19.496  26.820 0.0000000000
83650  -41.799  5.888  20.377 0.0000000000
79643  -43.103  0.086  34.995 0.0000000000
79641  -41.595  0.627  34.499 0.0000000000
79633  -41.766  0.518  35.260 0.0000000000
81252  -32.272  2.713  37.651 0.0000000000
81991  -31.752  3.480  37.724 0.0000000000
79706  -42.814  1.168  26.695 0.0000000000
80548  -42.121  1.864  26.629 0.0000000000
115544  -43.040  8.035  29.858 0.0000000000
85829  -42.852  8.538  28.724 0.0000000000
124659  -41.845  9.043  28.715 0.0000000000
119245  -41.234  9.029  27.474 0.0000000000
85840  -40.548  8.601  29.009 0.0000000000
87249  -43.309  9.786  38.225 0.0000000000
86528  -42.104  9.647  37.380 0.0000000000
87247  -41.465  10.523  37.565 0.0000000000
90431  -35.674  14.208  28.359 0.0000000000
89583  -36.145  13.423  29.473 0.0000000000
89589  -34.635  13.557  28.523 0.0000000000
88048  -34.506  12.198  27.637 0.0000000000
120513  -34.166  13.287  27.051 0.0000000000
89610  -34.269  13.708  25.335 0.0000000000
129337  -34.074  14.402  26.419 0.0000000000
92739  -33.385  18.220  24.034 0.0000000000
92751  -33.018  18.313  23.278 0.0000000000
92738  -32.622  17.915  24.320 0.0000000000
91984  -30.744  17.330  24.872 0.0000000000
91985  -31.398  17.182  25.565 0.0000000000
82027  -42.445  3.280  31.253 0.0000000000
82033  -42.497  3.291  30.797 0.0000000000
125855  -42.284  3.984  31.353 0.0000000000
83555  -42.796  6.061  32.308 0.0000000000
83563  -43.139  5.615  31.383 0.0000000000
84315  -44.357  6.949  31.845 0.0000000000
85078  -44.438  6.985  31.239 0.0000000000
84306  -44.316  7.428  32.733 0.0000000000
89541  -44.243  13.938  35.968 0.0000000000
89546  -42.530  13.746  34.822 0.0000000000
90383  -43.689  14.498  34.332 0.0000000000
91197  -41.508  16.011  28.934 0.0000000000
91178  -41.183  15.295  30.203 0.0000000000
91185  -40.261  15.316  28.980 0.0000000000
90433  -38.543  14.721  28.633 0.0000000000
91204  -39.148  15.770  27.511 0.0000000000
91975  -37.868  16.243  26.049 0.0000000000
91989  -39.217  16.995  25.240 0.0000000000
94000  -39.786  19.804  23.102 0.0000000000
92772  -38.638  18.749  21.883 0.0000000000
93998  -37.700  19.681  22.372 0.0000000000
93428  -36.201  19.370  22.610 0.0000000000
93419  -37.255  19.011  24.615 0.0000000000
85139  -38.715  7.454  19.808 0.0000000000
85030  -36.923  7.788  37.616 0.0000000000
85031  -37.835  7.744  37.442 0.0000000000
85025  -37.522  8.220  38.235 0.0000000000
130147  -39.510  8.163  41.271 0.0000000000
116357  -39.496  8.591  40.190 0.0000000000
113904  -40.442  8.886  39.995 0.0000000000
85731  -42.587  8.520  39.348 0.0000000000
113684  -42.335  8.072  42.247 0.0000000000
86509  -41.511  8.977  43.655 0.0000000000
87207  -44.373  10.175  41.964 0.0000000000
87946  -44.310  11.905  41.107 0.0000000000
89510  -45.052  13.362  39.260 0.0000000000
87960  -43.247  12.913  40.149 0.0000000000
79698  -45.956  0.376  27.197 0.0000000000
78809  -46.049  -0.763  28.243 0.0000000000
77942  -44.752  -1.621  30.497 0.0000000000
119341  -43.243  -0.855  30.354 0.0000000000
78800  -43.396  -0.607  29.430 0.0000000000
78792  -42.084  -0.098  30.666 0.0000000000
116474  -41.540  0.955  31.230 0.0000000000
78783  -41.779  0.334  31.353 0.0000000000
80487  -40.403  1.244  33.772 0.0000000000
115864  -40.241  1.807  33.242 0.0000000000
80490  -38.813  2.025  33.748 0.0000000000
79572  -38.279  0.996  42.177 0.0000000000
80436  -38.501  1.450  40.032 0.0000000000
80455  -38.842  1.253  39.061 0.0000000000
135391  -39.901  0.591  38.228 0.0000000000
79609  -38.921  0.765  37.350 0.0000000000
79620  -39.548  0.540  36.701 0.0000000000
80468  -38.145  1.266  37.033 0.0000000000
84268  -35.208  5.981  35.849 0.0000000000
83527  -34.414  5.695  36.334 0.0000000000
84393  -46.399  6.104  21.631 0.0000000000
83574  -42.260  5.263  29.009 0.0000000000
82832  -41.509  4.490  26.775 0.0000000000
83590  -41.694  5.525  27.284 0.0000000000
85866  -43.764  9.744  26.588 0.0000000000
85113  -43.413  8.083  25.149 0.0000000000
85878  -43.708  9.600  25.369 0.0000000000
85902  -44.434  8.991  22.594 0.0000000000
132893  -44.043  10.164  23.177 0.0000000000
85921  -43.371  9.211  21.122 0.0000000000
86633  -43.648  10.006  22.645 0.0000000000
85887  -40.432  8.467  24.354 0.0000000000
85898  -40.548  8.546  23.432 0.0000000000
85897  -40.022  8.999  22.614 0.0000000000
86638  -39.612  9.631  21.924 0.0000000000
86631  -39.279  10.162  22.831 0.0000000000
85042  -40.219  7.436  36.742 0.0000000000
84273  -41.115  6.917  35.750 0.0000000000
85044  -43.198  7.930  36.370 0.0000000000
85753  -42.187  8.826  35.605 0.0000000000
85754  -43.607  8.538  35.538 0.0000000000
85760  -41.305  8.747  34.677 0.0000000000
85781  -41.500  8.493  32.753 0.0000000000
85767  -39.426  8.503  33.694 0.0000000000
88750  -39.602  12.535  34.357 0.0000000000
87999  -39.076  11.615  34.888 0.0000000000
88754  -38.355  12.388  33.338 0.0000000000
88022  -35.631  11.276  30.804 0.0000000000
88002  -36.159  11.068  32.340 0.0000000000
87277  -35.940  9.890  31.676 0.0000000000
85794  -37.152  8.574  31.359 0.0000000000
85823  -36.648  8.785  29.549 0.0000000000
85837  -37.640  8.564  28.160 0.0000000000
86587  -36.618  9.517  28.078 0.0000000000
88060  -36.506  11.345  25.668 0.0000000000
87317  -36.788  10.678  26.214 0.0000000000
87336  -37.741  11.430  23.808 0.0000000000
87337  -38.037  11.056  23.039 0.0000000000
88078  -37.435  11.588  22.792 0.0000000000
126052  -37.638  10.456  22.514 0.0000000000
88086  -37.219  11.656  21.794 0.0000000000
89629  -35.104  13.198  21.776 0.0000000000
88085  -35.535  12.002  21.669 0.0000000000
127539  -35.756  16.737  23.758 0.0000000000
91231  -34.253  15.819  24.047 0.0000000000
91997  -34.354  16.743  22.666 0.0000000000
91238  -31.278  16.026  22.685 0.0000000000
90471  -32.437  15.141  22.341 0.0000000000
121051  -31.726  14.214  23.035 0.0000000000
88820  -32.262  12.994  23.460 0.0000000000
89618  -30.585  13.491  23.867 0.0000000000
88812  -30.471  12.814  24.444 0.0000000000
89617  -29.912  13.363  24.277 0.0000000000
91211  -29.104  15.803  25.950 0.0000000000
90449  -29.004  14.339  25.195 0.0000000000
134942  -28.221  14.641  26.066 0.0000000000
88796  -27.451  13.063  26.239 0.0000000000
82791  -40.335  4.752  33.007 0.0000000000
82798  -41.647  4.554  31.810 0.0000000000
83554  -41.211  5.156  32.591 0.0000000000
83549  -41.551  5.931  33.258 0.0000000000
84289  -42.087  6.402  33.856 0.0000000000
90388  -43.628  14.957  33.412 0.0000000000
91914  -43.286  16.260  31.328 0.0000000000
91939  -43.055  16.861  29.557 0.0000000000
91964  -41.807  16.743  27.544 0.0000000000
92718  -41.082  17.298  25.710 0.0000000000
92732  -41.726  18.047  25.280 0.0000000000
93984  -41.398  19.605  24.798 0.0000000000
84399  -40.627  6.829  19.396 0.0000000000
85019  -35.637  7.537  39.559 0.0000000000
85737  -37.289  8.244  39.091 0.0000000000
85716  -37.201  7.927  40.460 0.0000000000
78774  -42.512  -0.396  32.512 0.0000000000
79660  -42.356  0.500  33.077 0.0000000000
131517  -42.322  0.550  33.867 0.0000000000
79640  -40.529  0.716  34.489 0.0000000000
80486  -39.629  1.078  34.324 0.0000000000
80417  -36.578  1.098  41.308 0.0000000000
113314  -36.042  1.456  39.454 0.0000000000
81999  -33.743  3.916  35.816 0.0000000000
83526  -33.762  5.208  36.165 0.0000000000
82770  -32.595  4.647  36.733 0.0000000000
83521  -31.778  5.126  37.516 0.0000000000
85097  -43.422  7.316  29.232 0.0000000000
84344  -42.809  7.343  27.885 0.0000000000
85096  -43.148  7.951  28.564 0.0000000000
85853  -43.646  9.564  27.255 0.0000000000
86608  -43.450  10.306  26.768 0.0000000000
130435  -43.318  10.075  24.686 0.0000000000
85865  -42.109  9.607  26.795 0.0000000000
85864  -40.756  8.681  26.346 0.0000000000
85875  -39.630  8.421  25.716 0.0000000000
85747  -43.630  8.078  37.228 0.0000000000
85036  -43.533  8.511  37.012 0.0000000000
85750  -43.603  8.538  36.826 0.0000000000
122396  -42.118  9.198  36.923 0.0000000000
113222  -39.982  9.666  36.328 0.0000000000
89566  -37.823  13.334  31.259 0.0000000000
88763  -37.997  13.013  32.098 0.0000000000
129620  -37.069  12.951  30.951 0.0000000000
88775  -35.647  12.070  30.355 0.0000000000
119024  -35.324  11.473  29.817 0.0000000000
87298  -35.433  10.454  28.801 0.0000000000
88039  -34.723  11.645  28.276 0.0000000000
88059  -35.709  11.744  26.243 0.0000000000
88808  -35.380  12.408  25.624 0.0000000000
88815  -35.945  12.588  23.215 0.0000000000
88807  -35.241  13.170  24.572 0.0000000000
89620  -34.639  13.965  23.756 0.0000000000
90459  -34.146  14.599  22.986 0.0000000000
92768  -35.248  18.596  21.591 0.0000000000
92018  -33.941  17.504  21.835 0.0000000000
93424  -33.321  18.169  22.226 0.0000000000
92749  -31.714  17.378  22.905 0.0000000000
92006  -30.906  16.693  23.151 0.0000000000
91229  -30.129  15.494  23.843 0.0000000000
91996  -30.468  16.881  24.215 0.0000000000
91983  -29.957  16.928  25.193 0.0000000000
91969  -29.598  16.304  26.511 0.0000000000
81302  -41.418  2.195  29.578 0.0000000000
82054  -41.431  3.019  27.853 0.0000000000
124433  -41.650  2.953  29.478 0.0000000000
82815  -42.035  4.332  29.422 0.0000000000
82816  -42.993  4.869  29.874 0.0000000000
82806  -42.454  4.749  31.273 0.0000000000
82808  -43.781  5.387  30.636 0.0000000000
123301  -44.210  5.841  29.914 0.0000000000
84329  -44.341  6.541  30.129 0.0000000000
131080  -43.763  7.579  30.764 0.0000000000
85815  -43.105  7.984  31.008 0.0000000000
87983  -43.041  11.932  38.324 0.0000000000
87992  -41.352  11.681  37.203 0.0000000000
88746  -41.745  13.033  36.052 0.0000000000
89545  -41.245  13.294  34.614 0.0000000000
89560  -40.371  13.728  33.038 0.0000000000
90397  -41.985  15.114  31.909 0.0000000000
90404  -40.575  14.547  31.305 0.0000000000
89577  -39.275  13.954  31.107 0.0000000000
90412  -38.733  14.197  29.935 0.0000000000
90422  -37.540  14.250  28.769 0.0000000000
90440  -36.281  14.640  27.715 0.0000000000
91213  -35.532  15.136  26.303 0.0000000000
91214  -36.546  15.420  26.476 0.0000000000
91987  -36.793  16.427  25.073 0.0000000000
92741  -37.128  17.541  23.091 0.0000000000
116432  -39.530  17.755  23.031 0.0000000000
92755  -37.759  18.298  21.767 0.0000000000
92769  -36.251  18.857  21.288 0.0000000000
93437  -35.839  18.905  21.488 0.0000000000
93417  -34.660  18.722  23.201 0.0000000000
93408  -35.041  18.294  24.542 0.0000000000
84263  -37.809  6.876  35.739 0.0000000000
84272  -39.404  6.692  35.577 0.0000000000
85040  -38.093  7.377  36.557 0.0000000000
128429  -39.479  7.593  37.207 0.0000000000
85033  -40.109  7.676  37.343 0.0000000000
85738  -38.105  8.200  39.018 0.0000000000
125656  -39.766  8.242  38.461 0.0000000000
85740  -41.048  8.297  38.351 0.0000000000
85741  -42.881  8.219  38.037 0.0000000000
85742  -44.036  8.688  38.346 0.0000000000
86525  -44.417  9.277  38.722 0.0000000000
85711  -42.048  7.743  43.166 0.0000000000
85713  -43.657  8.514  42.820 0.0000000000
86518  -44.792  9.738  40.389 0.0000000000
87973  -44.472  11.363  39.159 0.0000000000
123457  -45.027  12.624  39.290 0.0000000000
88728  -45.066  14.057  38.236 0.0000000000
90366  -45.314  15.064  37.178 0.0000000000
79707  -43.757  0.886  26.946 0.0000000000
79695  -42.930  0.635  27.381 0.0000000000
77953  -46.165  -1.581  29.479 0.0000000000
77961  -45.523  -1.284  28.855 0.0000000000
78801  -44.419  -1.120  29.028 0.0000000000
78806  -42.995  -0.172  28.813 0.0000000000
123013  -41.851  1.017  28.595 0.0000000000
80527  -41.362  1.461  29.793 0.0000000000
80512  -42.038  1.823  31.549 0.0000000000
81286  -42.161  2.528  31.820 0.0000000000
80493  -41.967  1.532  32.831 0.0000000000
80503  -41.779  2.013  32.495 0.0000000000
82020  -40.516  3.631  32.392 0.0000000000
82790  -39.637  4.312  33.238 0.0000000000
80422  -42.168  1.823  41.676 0.0000000000
113120  -39.003  1.153  41.008 0.0000000000
113378  -40.007  1.529  40.931 0.0000000000
80439  -42.110  1.944  40.739 0.0000000000
125108  -41.618  1.209  38.631 0.0000000000
115366  -41.193  0.788  37.824 0.0000000000
79622  -41.893  0.554  36.190 0.0000000000
114942  -40.248  0.434  36.166 0.0000000000
79631  -39.464  0.674  35.730 0.0000000000
128351  -38.506  1.396  35.007 0.0000000000
84270  -37.506  6.176  35.189 0.0000000000
84269  -36.054  6.417  35.732 0.0000000000
84261  -35.744  6.632  36.456 0.0000000000
84257  -35.527  6.976  37.492 0.0000000000
85022  -34.921  7.360  38.894 0.0000000000
130267  -46.040  4.495  20.964 0.0000000000
82874  -45.396  5.111  21.194 0.0000000000
83652  -44.061  5.952  21.010 0.0000000000
82063  -41.522  3.392  26.917 0.0000000000
82839  -41.686  4.768  25.969 0.0000000000
137190  -42.202  6.757  26.050 0.0000000000
84368  -42.587  6.565  25.426 0.0000000000
117605  -43.591  6.519  24.025 0.0000000000
84377  -44.725  7.134  22.752 0.0000000000
118444  -44.738  7.279  21.477 0.0000000000
127988  -43.432  6.582  20.628 0.0000000000
133116  -42.783  7.281  20.208 0.0000000000
85142  -42.106  7.988  20.204 0.0000000000
85930  -40.557  8.257  20.028 0.0000000000
134220  -41.492  8.735  23.150 0.0000000000
131877  -40.890  8.759  21.504 0.0000000000
85929  -39.984  8.579  20.332 0.0000000000
85928  -39.199  8.441  20.426 0.0000000000
85908  -38.859  8.676  21.887 0.0000000000
85907  -38.386  8.752  22.579 0.0000000000
115094  -40.145  6.435  35.323 0.0000000000
84279  -42.188  6.648  34.647 0.0000000000
84280  -44.217  7.718  34.348 0.0000000000
85045  -43.689  8.303  35.915 0.0000000000
85756  -44.481  8.160  35.112 0.0000000000
130688  -44.512  8.003  33.895 0.0000000000
115488  -44.097  8.150  33.393 0.0000000000
130675  -42.218  8.425  32.210 0.0000000000
113785  -40.948  8.462  31.219 0.0000000000
87991  -40.363  11.064  36.919 0.0000000000
87255  -39.097  10.423  36.032 0.0000000000
86535  -38.028  9.896  35.043 0.0000000000
88753  -37.494  11.900  33.092 0.0000000000
87261  -37.320  10.283  33.951 0.0000000000
86547  -37.921  8.973  33.958 0.0000000000
85779  -38.391  8.460  32.529 0.0000000000
85796  -39.344  8.310  31.114 0.0000000000
85812  -39.504  8.218  30.300 0.0000000000
85839  -39.353  8.177  28.644 0.0000000000
86606  -38.459  9.303  25.723 0.0000000000
87308  -36.425  10.240  27.360 0.0000000000
86605  -37.907  9.847  26.188 0.0000000000
86616  -38.626  9.845  24.782 0.0000000000
87338  -38.668  10.560  22.898 0.0000000000
87350  -38.834  10.373  22.096 0.0000000000
115891  -36.523  11.996  21.666 0.0000000000
91221  -34.325  15.268  25.241 0.0000000000
90458  -33.822  14.936  24.079 0.0000000000
90467  -34.074  14.314  21.973 0.0000000000
92007  -33.577  16.606  22.100 0.0000000000
90473  -33.339  14.890  22.278 0.0000000000
89635  -33.792  13.836  21.780 0.0000000000
88821  -33.001  13.064  22.500 0.0000000000
118815  -32.206  12.291  24.351 0.0000000000
88066  -32.632  11.537  25.051 0.0000000000
89616  -29.372  13.729  24.613 0.0000000000
88798  -28.994  12.749  25.757 0.0000000000
114905  -34.100  17.364  25.953 0.0000000000
91973  -33.175  16.793  27.048 0.0000000000
91958  -31.483  16.482  27.359 0.0000000000
115504  -30.494  16.399  27.008 0.0000000000
113531  -29.669  16.369  27.477 0.0000000000
83536  -39.451  5.739  34.270 0.0000000000
84278  -39.229  6.141  34.933 0.0000000000
78751  -43.852  -0.360  35.302 0.0000000000
78759  -43.546  -0.622  34.546 0.0000000000
79642  -42.422  0.473  34.717 0.0000000000
81250  -32.282  2.040  38.103 0.0000000000
80543  -42.311  1.263  27.340 0.0000000000
80542  -41.810  1.824  27.385 0.0000000000
114851  -42.240  8.314  30.188 0.0000000000
129765  -42.382  8.651  29.132 0.0000000000
127405  -44.284  10.002  38.573 0.0000000000
87248  -42.307  10.361  37.881 0.0000000000
87982  -41.960  11.265  37.802 0.0000000000
89590  -35.021  13.851  28.664 0.0000000000
89597  -34.232  13.687  27.758 0.0000000000
90438  -34.166  14.192  27.328 0.0000000000
89596  -33.973  13.896  26.862 0.0000000000
92726  -32.421  17.363  25.346 0.0000000000
84304  -43.589  6.603  32.783 0.0000000000
84314  -43.678  6.505  31.986 0.0000000000
84305  -44.251  6.990  32.807 0.0000000000
90378  -44.613  14.633  35.387 0.0000000000
89547  -43.650  14.090  35.186 0.0000000000
91949  -41.229  16.269  28.193 0.0000000000
91196  -40.733  15.737  28.683 0.0000000000
91206  -40.516  15.962  28.114 0.0000000000
91205  -39.943  15.812  27.763 0.0000000000
91962  -39.770  16.266  27.042 0.0000000000
91977  -39.362  16.555  26.172 0.0000000000
91978  -40.424  16.739  26.399 0.0000000000
116217  -39.557  20.096  23.516 0.0000000000
93999  -38.723  19.757  22.409 0.0000000000
93990  -38.618  19.956  23.390 0.0000000000
93989  -37.754  19.593  23.650 0.0000000000
83657  -39.327  5.875  19.294 0.0000000000
83656  -38.796  5.745  19.418 0.0000000000
84398  -38.313  6.251  19.694 0.0000000000
84409  -38.887  6.592  19.310 0.0000000000
85719  -40.308  8.370  41.070 0.0000000000
85720  -41.465  8.660  40.657 0.0000000000
85710  -41.221  7.994  42.227 0.0000000000
127871  -43.175  11.774  41.164 0.0000000000
88693  -43.844  12.507  40.548 0.0000000000
78821  -47.580  -0.355  27.582 0.0000000000
78820  -46.519  -0.218  27.694 0.0000000000
133400  -42.595  -0.607  30.740 0.0000000000
78773  -42.015  0.323  32.238 0.0000000000
80491  -39.470  1.631  33.694 0.0000000000
81271  -38.603  2.723  33.890 0.0000000000
136477  -38.377  2.113  34.224 0.0000000000
114239  -38.146  1.485  39.132 0.0000000000
79602  -39.217  0.810  38.199 0.0000000000
80467  -37.452  1.587  37.548 0.0000000000
82774  -34.811  4.584  35.527 0.0000000000
83529  -34.532  5.268  35.763 0.0000000000
83623  -45.243  6.263  23.121 0.0000000000
121532  -41.703  5.239  28.190 0.0000000000
83582  -42.149  5.860  28.194 0.0000000000
85867  -43.579  10.054  26.366 0.0000000000
85890  -43.757  9.787  24.015 0.0000000000
86640  -44.056  10.012  22.270 0.0000000000
118787  -43.637  9.865  24.011 0.0000000000
85886  -39.669  8.607  24.661 0.0000000000
118604  -39.822  8.680  23.661 0.0000000000
85896  -39.643  9.455  22.956 0.0000000000
85885  -39.359  9.130  23.821 0.0000000000
85034  -41.201  7.572  37.165 0.0000000000
85043  -41.654  7.416  36.473 0.0000000000
85752  -40.520  9.010  35.450 0.0000000000
85759  -39.842  8.760  34.559 0.0000000000
85768  -40.487  8.530  33.836 0.0000000000
89549  -39.000  13.073  33.094 0.0000000000
88755  -39.107  12.664  33.694 0.0000000000
119639  -38.404  12.902  32.735 0.0000000000
129236  -35.494  10.537  30.396 0.0000000000
87276  -35.640  10.536  31.228 0.0000000000
86562  -35.658  9.764  30.840 0.0000000000
86571  -36.030  9.152  30.313 0.0000000000
134824  -35.946  9.354  29.589 0.0000000000
115760  -36.237  9.354  28.885 0.0000000000
86579  -35.596  9.867  29.187 0.0000000000
88069  -37.016  11.650  24.335 0.0000000000
88829  -34.945  12.720  21.586 0.0000000000
88828  -34.218  12.885  21.457 0.0000000000
92008  -35.217  17.292  22.847 0.0000000000
91998  -34.980  16.426  23.912 0.0000000000
132701  -31.455  15.082  22.804 0.0000000000
90457  -30.875  14.237  23.358 0.0000000000
90445  -28.743  14.947  25.728 0.0000000000
83548  -40.639  5.554  33.387 0.0000000000
91170  -43.633  16.242  32.295 0.0000000000
92691  -43.394  17.869  29.096 0.0000000000
91951  -42.826  17.109  28.761 0.0000000000
91950  -42.096  16.562  28.407 0.0000000000
91965  -42.634  17.206  27.911 0.0000000000
92719  -41.821  17.558  26.107 0.0000000000
92720  -42.820  18.446  26.431 0.0000000000
93976  -42.429  19.491  26.503 0.0000000000
93414  -41.980  19.270  25.766 0.0000000000
93983  -41.052  20.029  24.853 0.0000000000
83649  -40.710  5.340  19.964 0.0000000000
85015  -36.432  7.659  40.321 0.0000000000
78775  -43.208  -0.866  32.837 0.0000000000
78761  -42.719  -0.271  33.395 0.0000000000
79639  -39.774  0.712  34.927 0.0000000000
81259  -33.754  2.652  36.578 0.0000000000
81997  -34.041  3.206  35.927 0.0000000000
81996  -33.350  3.451  36.305 0.0000000000
82772  -33.242  4.461  36.242 0.0000000000
81995  -32.669  3.863  36.696 0.0000000000
82769  -32.030  4.324  37.169 0.0000000000
83517  -31.249  5.278  38.087 0.0000000000
85841  -42.773  9.349  28.153 0.0000000000
85842  -43.282  8.960  28.125 0.0000000000
85843  -43.423  9.886  27.371 0.0000000000
85854  -43.741  10.178  26.980 0.0000000000
86598  -43.470  10.291  27.108 0.0000000000
86597  -43.051  10.303  27.055 0.0000000000
85863  -39.615  8.213  26.860 0.0000000000
133156  -43.646  8.343  37.215 0.0000000000
87252  -40.776  10.342  37.205 0.0000000000
86532  -40.852  9.752  36.868 0.0000000000
89575  -37.559  13.490  30.455 0.0000000000
89574  -36.661  13.175  30.208 0.0000000000
89582  -35.184  13.265  29.189 0.0000000000
88782  -35.801  12.793  29.912 0.0000000000
88781  -35.143  12.431  29.575 0.0000000000
88030  -34.713  11.982  29.075 0.0000000000
121767  -35.078  11.138  28.951 0.0000000000
119055  -34.400  12.680  27.095 0.0000000000
88058  -34.828  12.187  26.697 0.0000000000
124081  -35.954  12.491  24.489 0.0000000000
93436  -34.810  18.714  21.707 0.0000000000
93435  -34.030  18.472  21.784 0.0000000000
124027  -32.029  17.939  23.625 0.0000000000
92750  -32.562  17.849  22.652 0.0000000000
92005  -30.377  16.244  23.742 0.0000000000
129944  -29.628  16.367  25.803 0.0000000000
91970  -30.189  16.599  26.094 0.0000000000
125357  -41.411  2.595  28.738 0.0000000000
82040  -42.518  4.029  30.267 0.0000000000
83564  -44.087  6.183  31.144 0.0000000000
82817  -43.861  5.334  30.130 0.0000000000
84322  -44.395  6.681  30.652 0.0000000000
85077  -44.245  7.272  31.289 0.0000000000
88738  -42.030  12.597  36.837 0.0000000000
89529  -43.058  13.276  36.462 0.0000000000
89552  -42.098  13.959  34.184 0.0000000000
89551  -40.999  13.691  33.721 0.0000000000
91161  -42.972  15.598  32.036 0.0000000000
90398  -42.757  14.975  32.643 0.0000000000
90414  -40.411  14.902  30.011 0.0000000000
125222  -40.719  14.801  30.626 0.0000000000
113367  -39.928  14.458  30.687 0.0000000000
90403  -39.902  14.213  31.457 0.0000000000
90413  -39.184  14.200  30.448 0.0000000000
91193  -38.467  15.294  27.873 0.0000000000
90432  -37.738  14.746  28.089 0.0000000000
118515  -36.831  14.421  28.253 0.0000000000
136908  -37.093  14.834  27.752 0.0000000000
91202  -36.840  15.170  27.241 0.0000000000
91215  -37.560  15.747  26.721 0.0000000000
91988  -37.716  16.567  25.298 0.0000000000
92000  -37.503  16.908  24.245 0.0000000000
91999  -36.543  16.792  24.046 0.0000000000
92731  -40.770  17.709  24.535 0.0000000000
92744  -40.189  17.961  23.464 0.0000000000
93440  -38.229  19.158  21.519 0.0000000000
92771  -38.027  18.749  21.173 0.0000000000
92770  -37.223  18.859  20.838 0.0000000000
93438  -36.768  19.085  20.970 0.0000000000
93996  -36.295  19.331  21.585 0.0000000000
84397  -37.957  6.825  20.508 0.0000000000
84384  -38.036  6.993  21.496 0.0000000000
136741  -37.261  7.109  36.139 0.0000000000
85032  -38.739  7.615  37.344 0.0000000000
85027  -39.371  7.843  37.855 0.0000000000
85728  -38.651  8.382  39.743 0.0000000000
85729  -40.131  8.757  39.200 0.0000000000
131801  -39.265  8.309  39.253 0.0000000000
131828  -43.377  8.597  39.489 0.0000000000
85732  -44.071  8.597  39.065 0.0000000000
85743  -44.407  9.056  38.983 0.0000000000
85704  -41.477  8.067  43.616 0.0000000000
113318  -42.452  7.980  43.359 0.0000000000
85712  -43.016  7.818  43.100 0.0000000000
85705  -43.315  8.366  43.252 0.0000000000
87936  -44.796  10.984  41.240 0.0000000000
86515  -44.403  9.630  41.510 0.0000000000
87221  -44.973  10.291  40.266 0.0000000000
87242  -45.023  10.142  39.451 0.0000000000
87961  -44.973  11.707  39.710 0.0000000000
88715  -44.308  12.222  38.784 0.0000000000
89518  -44.927  13.860  38.750 0.0000000000
89531  -45.247  14.756  37.613 0.0000000000
90348  -44.943  14.727  38.297 0.0000000000
79708  -46.459  0.875  26.610 0.0000000000
79697  -44.774  0.356  27.096 0.0000000000
79696  -43.795  0.273  27.654 0.0000000000
130723  -45.736  -1.805  30.217 0.0000000000
77952  -45.050  -1.584  29.624 0.0000000000
78799  -42.611  -0.152  29.367 0.0000000000
79689  -42.313  0.358  28.848 0.0000000000
79688  -41.584  0.905  29.298 0.0000000000
79682  -41.451  0.849  30.011 0.0000000000
79659  -42.119  1.177  32.750 0.0000000000
80492  -41.451  1.601  33.163 0.0000000000
81277  -40.704  2.275  32.732 0.0000000000
81285  -41.176  2.866  32.232 0.0000000000
82019  -39.788  3.524  32.966 0.0000000000
80408  -41.055  0.918  42.186 0.0000000000
80409  -42.141  1.294  42.348 0.0000000000
80421  -40.850  1.321  41.687 0.0000000000
80418  -37.231  1.270  41.263 0.0000000000
80419  -38.046  1.311  41.271 0.0000000000
80437  -39.377  1.447  39.955 0.0000000000
80438  -41.098  1.716  40.839 0.0000000000
80456  -41.324  1.398  39.714 0.0000000000
79604  -40.616  0.993  38.679 0.0000000000
79611  -40.399  0.531  37.743 0.0000000000
135766  -40.875  0.526  37.213 0.0000000000
79612  -41.567  0.684  37.067 0.0000000000
132687  -40.971  0.450  36.547 0.0000000000
79619  -38.785  0.886  36.443 0.0000000000
80480  -38.674  1.137  35.625 0.0000000000
135751  -38.149  1.507  35.414 0.0000000000
82776  -36.556  4.338  35.136 0.0000000000
83532  -36.998  5.567  35.073 0.0000000000
118918  -36.566  6.015  35.381 0.0000000000
84260  -35.050  6.171  36.891 0.0000000000
83525  -32.945  5.345  36.774 0.0000000000
83523  -33.774  5.722  36.956 0.0000000000
84256  -33.048  6.178  37.483 0.0000000000
84252  -34.264  6.931  38.312 0.0000000000
84253  -35.031  7.076  38.155 0.0000000000
118921  -34.257  7.185  39.142 0.0000000000
85018  -34.782  7.341  39.790 0.0000000000
82875  -47.033  4.958  21.066 0.0000000000
84386  -45.908  6.454  21.918 0.0000000000
83638  -46.107  5.918  21.171 0.0000000000
83637  -45.055  5.956  21.240 0.0000000000
83597  -41.647  5.457  26.230 0.0000000000
84351  -42.579  7.433  26.812 0.0000000000
84359  -42.976  7.717  26.015 0.0000000000
84369  -43.345  7.138  24.405 0.0000000000
84376  -43.891  7.324  23.516 0.0000000000
85912  -44.368  8.886  21.954 0.0000000000
85135  -44.713  7.882  21.774 0.0000000000
133021  -44.288  8.252  21.188 0.0000000000
85144  -44.241  7.462  20.958 0.0000000000
84401  -43.664  7.328  20.584 0.0000000000
85143  -43.127  8.078  20.321 0.0000000000
85932  -42.651  8.700  20.555 0.0000000000
85931  -41.527  8.516  20.408 0.0000000000
85141  -41.082  7.747  19.882 0.0000000000
136036  -42.393  9.452  24.641 0.0000000000
85889  -42.580  9.453  23.860 0.0000000000
118043  -41.409  8.749  24.083 0.0000000000
85910  -40.743  8.663  22.449 0.0000000000
85919  -40.671  8.769  20.696 0.0000000000
85918  -39.730  8.920  20.931 0.0000000000
86645  -39.505  9.331  21.607 0.0000000000
86637  -39.185  9.447  21.673 0.0000000000
86636  -38.848  9.777  21.948 0.0000000000
122447  -40.140  6.877  35.802 0.0000000000
84274  -42.269  7.063  35.433 0.0000000000
84275  -43.552  7.508  35.059 0.0000000000
85762  -44.128  8.435  35.054 0.0000000000
115370  -44.411  8.205  34.480 0.0000000000
85053  -44.473  8.081  34.525 0.0000000000
85798  -41.150  8.416  31.916 0.0000000000
85797  -40.160  8.352  31.592 0.0000000000
88737  -41.033  12.055  36.346 0.0000000000
87996  -40.160  11.599  35.989 0.0000000000
87995  -39.341  11.223  35.706 0.0000000000
87994  -38.609  10.816  35.403 0.0000000000
87254  -38.511  10.122  35.559 0.0000000000
87257  -38.061  10.486  34.984 0.0000000000
88762  -37.166  12.322  32.275 0.0000000000
87268  -36.317  10.267  32.471 0.0000000000
132560  -36.532  10.883  32.937 0.0000000000
87260  -36.801  10.310  33.257 0.0000000000
86540  -37.694  9.665  34.352 0.0000000000
86546  -37.297  9.496  33.450 0.0000000000
85766  -38.528  8.569  33.422 0.0000000000
85765  -37.732  8.775  33.059 0.0000000000
85810  -37.727  8.434  30.616 0.0000000000
85795  -38.280  8.416  31.485 0.0000000000
85811  -38.671  8.227  30.550 0.0000000000
128996  -38.918  7.975  29.892 0.0000000000
85826  -39.545  8.207  29.519 0.0000000000
85825  -38.692  8.070  29.247 0.0000000000
136014  -37.171  9.108  27.930 0.0000000000
85861  -38.181  8.904  26.733 0.0000000000
87307  -35.433  10.810  27.976 0.0000000000
87318  -37.552  10.495  25.628 0.0000000000
86615  -38.191  10.254  25.165 0.0000000000
86624  -38.937  9.974  23.814 0.0000000000
87328  -38.458  10.568  23.977 0.0000000000
86630  -38.243  9.903  22.527 0.0000000000
88816  -36.788  12.168  22.249 0.0000000000
91212  -34.607  14.942  26.098 0.0000000000
91220  -33.964  15.150  24.570 0.0000000000
91230  -33.903  15.370  23.703 0.0000000000
90466  -33.734  15.223  22.629 0.0000000000
126979  -32.913  15.632  22.011 0.0000000000
90472  -33.081  14.652  22.146 0.0000000000
89634  -33.159  13.848  22.115 0.0000000000
88813  -31.373  12.937  24.073 0.0000000000
88065  -31.557  11.820  25.322 0.0000000000
88805  -30.554  12.255  25.157 0.0000000000
88799  -29.858  12.070  25.831 0.0000000000
90456  -29.910  14.344  23.934 0.0000000000
90455  -29.323  14.578  24.644 0.0000000000
89607  -28.440  14.109  25.595 0.0000000000
89608  -28.920  13.471  25.276 0.0000000000
88797  -28.075  12.482  26.080 0.0000000000
91959  -32.480  16.579  27.644 0.0000000000
91972  -32.170  16.859  26.510 0.0000000000
91946  -30.803  16.360  28.091 0.0000000000
83546  -38.914  5.208  33.982 0.0000000000
91915  -43.952  17.081  31.849 0.0000000000
136835  -43.406  18.268  29.810 0.0000000000
92709  -43.473  18.660  27.387 0.0000000000
93385  -43.301  19.307  27.895 0.0000000000
93960  -43.142  19.580  27.248 0.0000000000
93959  -42.884  19.641  27.572 0.0000000000
85009  -35.411  7.033  41.439 0.0000000000
115183  -36.301  7.259  41.359 0.0000000000
115406  -41.006  0.506  35.025 0.0000000000
81992  -32.253  3.435  37.165 0.0000000000
80549  -43.546  1.489  26.264 0.0000000000
125779  -42.778  1.723  26.167 0.0000000000
80557  -42.471  2.356  25.928 0.0000000000
81328  -41.855  2.788  26.323 0.0000000000
85852  -42.192  9.530  28.007 0.0000000000
128928  -41.229  8.982  28.319 0.0000000000
86524  -44.079  8.853  38.102 0.0000000000
86529  -43.738  8.679  37.429 0.0000000000
136975  -42.809  9.619  37.771 0.0000000000
90421  -36.552  13.880  28.845 0.0000000000
89591  -35.670  13.702  28.919 0.0000000000
88038  -34.467  12.461  28.387 0.0000000000
88786  -34.391  13.119  28.318 0.0000000000
88793  -34.267  12.948  27.799 0.0000000000
89602  -34.063  13.544  26.298 0.0000000000
89609  -33.897  14.039  25.887 0.0000000000
93416  -33.843  18.534  23.207 0.0000000000
93425  -33.693  18.520  22.497 0.0000000000
92725  -31.687  17.580  24.610 0.0000000000
81292  -42.367  2.633  31.175 0.0000000000
82028  -42.588  4.110  30.818 0.0000000000
83565  -44.355  6.603  31.010 0.0000000000
85067  -44.302  7.368  32.111 0.0000000000
85783  -44.086  7.908  32.511 0.0000000000
89540  -42.785  13.518  35.597 0.0000000000
90387  -42.250  14.412  33.405 0.0000000000
91187  -41.791  15.714  29.647 0.0000000000
91179  -42.025  15.543  30.416 0.0000000000
91186  -40.860  15.441  29.417 0.0000000000
90425  -40.127  15.027  29.428 0.0000000000
90424  -39.542  14.943  28.950 0.0000000000
91194  -39.267  15.370  28.230 0.0000000000
91216  -38.389  15.735  27.180 0.0000000000
91976  -38.459  16.177  26.466 0.0000000000
122457  -38.528  16.584  25.651 0.0000000000
93429  -40.148  19.232  23.006 0.0000000000
92757  -39.634  18.486  22.590 0.0000000000
93441  -39.161  19.266  22.343 0.0000000000
94007  -37.843  19.440  21.565 0.0000000000
93997  -36.813  19.558  22.087 0.0000000000
93988  -37.008  19.465  23.146 0.0000000000
93418  -36.516  19.024  23.837 0.0000000000
85718  -38.661  8.146  40.861 0.0000000000
85721  -42.672  8.772  40.689 0.0000000000
85722  -43.232  8.500  42.124 0.0000000000
87184  -43.528  9.201  43.200 0.0000000000
87206  -43.946  10.156  42.417 0.0000000000
87935  -44.409  11.103  41.606 0.0000000000
87947  -44.900  11.698  40.706 0.0000000000
88705  -44.935  12.686  39.663 0.0000000000
88694  -44.704  12.426  40.276 0.0000000000
88704  -44.474  13.198  39.904 0.0000000000
79699  -47.137  0.391  27.111 0.0000000000
78819  -45.429  -0.310  27.639 0.0000000000
77941  -43.867  -1.227  30.806 0.0000000000
120905  -42.590  -0.385  30.053 0.0000000000
79676  -41.615  0.554  30.602 0.0000000000
79667  -41.733  1.024  31.944 0.0000000000
81276  -39.476  2.526  33.178 0.0000000000
82012  -38.942  3.667  33.507 0.0000000000
79603  -39.693  1.051  38.969 0.0000000000
79610  -39.696  0.506  37.535 0.0000000000
82775  -35.675  4.489  35.327 0.0000000000
83530  -35.334  5.277  35.494 0.0000000000
127916  -35.839  5.830  35.524 0.0000000000
83631  -47.039  6.043  21.893 0.0000000000
83630  -46.451  6.166  22.130 0.0000000000
84378  -45.605  6.582  22.305 0.0000000000
82822  -41.599  4.565  28.513 0.0000000000
82827  -41.514  4.763  27.713 0.0000000000
84350  -41.908  6.265  26.456 0.0000000000
120470  -43.578  8.916  25.987 0.0000000000
85125  -44.389  8.346  22.998 0.0000000000
85901  -44.237  9.614  23.174 0.0000000000
86641  -44.262  9.812  22.521 0.0000000000
86647  -44.130  9.717  21.937 0.0000000000
85933  -43.566  8.696  20.743 0.0000000000
86646  -43.889  9.593  21.705 0.0000000000
86639  -43.527  9.450  21.770 0.0000000000
85911  -42.799  9.116  22.047 0.0000000000
85876  -40.552  8.536  25.337 0.0000000000
86632  -39.514  10.029  22.242 0.0000000000
84266  -40.524  7.183  36.162 0.0000000000
85048  -42.320  7.454  35.993 0.0000000000
85761  -42.903  8.672  34.869 0.0000000000
85769  -41.926  8.621  33.780 0.0000000000
135588  -40.772  8.488  33.197 0.0000000000
131967  -39.985  8.429  33.212 0.0000000000
88751  -40.352  12.752  34.764 0.0000000000
88744  -39.837  12.105  35.218 0.0000000000
88749  -38.753  11.947  34.095 0.0000000000
88004  -37.874  11.561  33.875 0.0000000000
88023  -35.996  11.882  31.194 0.0000000000
88017  -35.833  11.200  31.622 0.0000000000
117922  -35.893  10.601  31.902 0.0000000000
86554  -36.472  9.401  32.158 0.0000000000
85777  -36.802  8.818  31.953 0.0000000000
86563  -36.256  9.026  31.287 0.0000000000
85809  -36.771  8.606  30.511 0.0000000000
85824  -37.351  8.442  29.920 0.0000000000
116086  -37.681  8.416  29.100 0.0000000000
85836  -36.957  8.877  28.602 0.0000000000
87326  -37.194  11.001  24.967 0.0000000000
88079  -37.855  11.263  22.071 0.0000000000
88092  -34.642  12.361  21.507 0.0000000000
91986  -35.720  16.255  24.774 0.0000000000
91232  -34.800  15.917  24.806 0.0000000000
92015  -31.804  16.614  22.481 0.0000000000
92016  -32.659  16.434  22.024 0.0000000000
91243  -32.087  15.820  22.333 0.0000000000
89627  -32.361  13.700  22.849 0.0000000000
89626  -31.508  13.589  23.473 0.0000000000
91219  -29.206  15.202  25.246 0.0000000000
90444  -27.679  13.873  25.984 0.0000000000
90443  -27.438  13.963  26.632 0.0000000000
82797  -40.769  4.330  32.288 0.0000000000
130407  -42.002  5.761  32.659 0.0000000000
84303  -42.688  6.384  33.216 0.0000000000
91153  -43.868  15.423  33.530 0.0000000000
91180  -42.703  15.944  30.641 0.0000000000
91926  -43.194  16.561  30.383 0.0000000000
91188  -42.599  16.026  29.911 0.0000000000
91938  -42.305  16.357  29.196 0.0000000000
91979  -41.404  17.013  26.672 0.0000000000
92746  -41.301  18.546  24.355 0.0000000000
92733  -42.211  18.683  25.850 0.0000000000
93413  -41.748  18.920  24.974 0.0000000000
93420  -40.887  19.096  23.657 0.0000000000
115192  -40.564  19.680  23.652 0.0000000000
136414  -39.991  20.258  24.145 0.0000000000
83658  -39.859  6.594  19.024 0.0000000000
85020  -36.354  7.826  39.288 0.0000000000
136465  -36.808  8.146  39.129 0.0000000000
85726  -36.953  8.197  39.743 0.0000000000
85016  -37.131  7.456  41.248 0.0000000000
85717  -37.820  7.852  41.056 0.0000000000
78785  -42.972  -1.048  31.960 0.0000000000
79646  -41.395  0.958  33.845 0.0000000000
79586  -36.949  1.009  41.898 0.0000000000
79595  -35.921  1.054  40.527 0.0000000000
80434  -36.711  1.299  40.214 0.0000000000
80452  -36.804  1.672  39.098 0.0000000000
82773  -34.012  4.606  35.739 0.0000000000
122284  -32.277  5.067  37.040 0.0000000000
84336  -42.649  6.528  28.205 0.0000000000
84337  -43.159  6.937  28.709 0.0000000000
85100  -43.270  8.532  27.666 0.0000000000
86617  -43.299  10.197  25.924 0.0000000000
129718  -42.725  9.914  25.481 0.0000000000
85877  -41.794  9.369  25.915 0.0000000000
130052  -42.474  9.754  27.425 0.0000000000
86538  -41.206  9.250  36.352 0.0000000000
124432  -40.189  9.316  36.041 0.0000000000
86537  -39.492  9.401  35.687 0.0000000000
89567  -38.659  13.514  31.556 0.0000000000
88769  -37.325  12.844  31.633 0.0000000000
119026  -36.656  12.404  31.483 0.0000000000
88776  -36.289  12.526  30.696 0.0000000000
87289  -35.383  10.558  29.536 0.0000000000
88049  -35.129  11.570  27.311 0.0000000000
88068  -36.176  11.910  25.038 0.0000000000
89621  -35.321  13.279  22.760 0.0000000000
89628  -34.731  13.919  22.124 0.0000000000
92752  -34.701  17.847  21.817 0.0000000000
92767  -34.382  18.259  21.684 0.0000000000
92766  -33.732  17.891  21.788 0.0000000000
130252  -33.124  17.619  22.064 0.0000000000
92765  -32.502  17.172  22.216 0.0000000000
91237  -30.677  15.785  23.164 0.0000000000
91995  -29.925  16.289  24.481 0.0000000000
91982  -29.535  16.106  25.234 0.0000000000
118070  -41.393  1.697  28.870 0.0000000000
81311  -41.542  2.201  27.999 0.0000000000
82046  -41.528  3.569  28.754 0.0000000000
133604  -42.149  3.283  30.181 0.0000000000
82039  -41.948  3.605  29.630 0.0000000000
83575  -43.538  5.538  29.560 0.0000000000
82807  -42.958  5.003  30.756 0.0000000000
83584  -43.773  6.453  29.460 0.0000000000
85092  -43.950  7.193  29.847 0.0000000000
85085  -44.303  7.124  30.556 0.0000000000
85830  -43.779  7.579  30.073 0.0000000000
88726  -42.517  12.252  37.668 0.0000000000
89539  -41.750  13.258  35.284 0.0000000000
89544  -40.373  13.131  34.217 0.0000000000
89550  -39.833  13.238  33.565 0.0000000000
89559  -39.638  13.558  32.702 0.0000000000
119948  -41.580  14.568  32.502 0.0000000000
90405  -41.453  14.998  31.031 0.0000000000
114388  -41.172  14.672  31.799 0.0000000000
90396  -40.451  14.139  32.211 0.0000000000
89568  -39.458  13.770  31.894 0.0000000000
89576  -38.484  13.773  30.668 0.0000000000
89585  -38.079  13.821  29.967 0.0000000000
118768  -38.916  14.503  29.322 0.0000000000
90423  -38.198  14.186  29.350 0.0000000000
113267  -35.340  14.554  27.707 0.0000000000
90439  -34.722  14.639  27.101 0.0000000000
91201  -35.878  14.879  27.066 0.0000000000
91223  -36.173  15.774  25.693 0.0000000000
91974  -37.097  16.100  25.949 0.0000000000
92009  -36.156  17.505  22.983 0.0000000000
91990  -40.106  17.079  25.380 0.0000000000
92730  -39.654  17.391  24.186 0.0000000000
92743  -39.024  17.439  23.324 0.0000000000
92756  -38.763  18.107  22.231 0.0000000000
92742  -38.168  17.480  23.178 0.0000000000
92754  -36.677  18.326  21.777 0.0000000000
93427  -35.256  19.186  22.076 0.0000000000
92740  -34.140  18.266  24.221 0.0000000000
84271  -38.490  6.485  35.333 0.0000000000
84264  -38.750  7.118  35.916 0.0000000000
85041  -39.134  7.420  36.631 0.0000000000
85739  -38.936  8.007  38.773 0.0000000000
85745  -40.515  7.924  37.757 0.0000000000
85746  -42.031  7.906  37.525 0.0000000000
115926  -43.736  8.354  38.457 0.0000000000
85723  -43.960  8.987  41.572 0.0000000000
86512  -44.104  9.367  42.459 0.0000000000
85724  -44.376  9.339  40.948 0.0000000000
85734  -44.646  9.401  40.044 0.0000000000
86520  -44.836  9.671  39.639 0.0000000000
87241  -44.900  10.303  39.166 0.0000000000
88727  -44.251  13.036  38.126 0.0000000000
88716  -45.107  13.303  38.822 0.0000000000
89530  -44.543  13.939  37.197 0.0000000000
89542  -45.131  14.698  36.521 0.0000000000
90379  -44.999  15.140  35.775 0.0000000000
90357  -45.079  15.227  37.746 0.0000000000
130154  -45.496  0.804  26.641 0.0000000000
80550  -44.644  1.248  26.406 0.0000000000
80536  -42.386  0.790  28.044 0.0000000000
78808  -44.918  -0.787  28.253 0.0000000000
78807  -43.834  -0.383  28.420 0.0000000000
79690  -43.003  0.184  28.162 0.0000000000
125308  -41.681  1.983  30.504 0.0000000000
80520  -41.491  1.247  30.627 0.0000000000
82796  -40.148  4.113  32.729 0.0000000000
82789  -39.082  4.612  33.637 0.0000000000
79623  -42.894  0.745  36.320 0.0000000000
79575  -43.101  1.249  43.059 0.0000000000
80410  -43.325  1.706  42.583 0.0000000000
80423  -43.159  2.101  41.582 0.0000000000
79587  -37.708  1.166  42.001 0.0000000000
79588  -38.573  1.187  42.039 0.0000000000
80420  -39.578  1.199  41.844 0.0000000000
80440  -42.888  1.866  40.389 0.0000000000
80457  -42.208  1.513  39.547 0.0000000000
131173  -42.388  1.412  38.641 0.0000000000
79605  -42.113  1.094  37.787 0.0000000000
115200  -42.414  0.880  36.987 0.0000000000
114166  -41.018  0.427  35.740 0.0000000000
80481  -39.096  1.025  34.964 0.0000000000
80475  -37.435  1.669  36.491 0.0000000000
81263  -36.844  2.110  35.822 0.0000000000
80479  -37.566  1.785  35.571 0.0000000000
80484  -37.992  1.852  34.800 0.0000000000
83534  -37.636  5.465  34.730 0.0000000000
113191  -36.914  6.621  35.689 0.0000000000
84262  -36.512  6.950  36.226 0.0000000000
85029  -36.204  7.595  37.793 0.0000000000
85023  -35.748  7.507  38.496 0.0000000000
84247  -33.865  6.964  39.915 0.0000000000
85013  -34.662  7.061  40.714 0.0000000000
118928  -45.156  4.046  21.170 0.0000000000
130352  -46.362  5.363  21.016 0.0000000000
82886  -44.552  5.356  21.167 0.0000000000
81320  -41.628  2.485  27.140 0.0000000000
82070  -41.768  3.785  25.978 0.0000000000
84343  -42.219  6.492  27.448 0.0000000000
83605  -43.152  6.082  24.711 0.0000000000
83622  -44.261  6.468  23.556 0.0000000000
135342  -45.104  7.179  22.222 0.0000000000
85131  -44.723  7.938  22.287 0.0000000000
84385  -45.267  7.135  21.923 0.0000000000
84402  -44.401  6.698  21.099 0.0000000000
83651  -43.007  5.909  20.776 0.0000000000
84400  -42.538  6.537  20.347 0.0000000000
122304  -41.660  6.988  20.000 0.0000000000
85152  -40.260  7.482  19.375 0.0000000000
86625  -43.560  10.013  23.576 0.0000000000
85900  -42.725  9.458  22.903 0.0000000000
85899  -41.715  8.685  22.011 0.0000000000
85920  -41.392  8.754  21.000 0.0000000000
85140  -39.722  7.962  19.792 0.0000000000
85917  -39.080  8.928  21.178 0.0000000000
120378  -41.011  6.361  34.928 0.0000000000
114154  -43.104  6.985  34.113 0.0000000000
85755  -44.222  8.215  35.403 0.0000000000
85050  -44.271  8.176  35.406 0.0000000000
85052  -44.541  8.033  35.014 0.0000000000
84291  -44.371  7.747  33.572 0.0000000000
85055  -44.342  7.753  33.107 0.0000000000
85782  -42.872  8.510  33.058 0.0000000000
85799  -43.313  8.150  32.173 0.0000000000
114916  -42.065  8.355  31.292 0.0000000000
85814  -41.249  8.509  30.506 0.0000000000
87981  -41.024  10.959  37.383 0.0000000000
87990  -39.656  10.850  36.378 0.0000000000
86531  -39.134  9.892  36.037 0.0000000000
86536  -38.634  9.660  35.400 0.0000000000
86542  -39.031  9.111  34.994 0.0000000000
115412  -37.873  12.541  32.723 0.0000000000
88011  -36.740  11.502  32.723 0.0000000000
88003  -37.053  11.094  33.562 0.0000000000
87997  -37.629  10.844  34.341 0.0000000000
132470  -37.702  10.231  34.589 0.0000000000
86541  -38.246  9.321  34.719 0.0000000000
85758  -38.758  8.775  34.252 0.0000000000
85780  -39.263  8.381  32.903 0.0000000000
125884  -39.253  8.359  32.018 0.0000000000
85778  -37.520  8.634  32.185 0.0000000000
85813  -40.249  8.392  30.786 0.0000000000
85827  -40.413  8.489  29.970 0.0000000000
85838  -38.443  8.168  28.404 0.0000000000
85862  -38.856  8.457  26.160 0.0000000000
87299  -35.911  10.012  28.372 0.0000000000
86595  -37.075  9.575  27.374 0.0000000000
86604  -37.205  10.064  26.624 0.0000000000
135485  -37.559  9.486  26.876 0.0000000000
87346  -39.014  10.446  22.225 0.0000000000
117619  -36.427  11.364  21.723 0.0000000000
135396  -34.194  14.787  25.812 0.0000000000
90450  -34.016  14.612  25.305 0.0000000000
91244  -33.307  15.814  22.076 0.0000000000
119706  -33.143  16.317  21.897 0.0000000000
88827  -33.633  13.243  21.730 0.0000000000
88822  -33.619  12.494  22.021 0.0000000000
88814  -32.969  12.131  23.134 0.0000000000
88074  -32.982  11.772  24.252 0.0000000000
88064  -30.728  11.751  25.767 0.0000000000
93412  -38.743  19.266  25.615 0.0000000000
93410  -36.436  18.632  24.909 0.0000000000
93409  -35.764  18.372  25.010 0.0000000000
92728  -34.565  17.685  25.260 0.0000000000
92715  -34.134  17.127  26.994 0.0000000000
92714  -33.247  17.153  26.141 0.0000000000
91971  -31.058  16.687  26.379 0.0000000000
83639  -46.929  5.888  21.131 0.0000000000
85733  -44.086  8.947  40.085 0.0000000000
85744  -44.646  9.398  39.449 0.0000000000
86511  -43.953  8.894  43.051 0.0000000000
86514  -44.070  9.081  42.245 0.0000000000
86519  -45.021  9.974  39.865 0.0000000000
86521  -45.067  10.186  39.431 0.0000000000
86526  -44.810  9.623  39.229 0.0000000000
86545  -36.750  9.694  32.817 0.0000000000
86607  -42.883  10.221  26.376 0.0000000000
87185  -44.008  9.436  42.747 0.0000000000
87220  -44.783  10.318  40.973 0.0000000000
87231  -44.995  10.785  39.710 0.0000000000
87232  -45.046  10.495  39.889 0.0000000000
88695  -45.090  12.115  40.131 0.0000000000
91162  -43.551  15.520  32.859 0.0000000000
91195  -40.046  15.493  28.446 0.0000000000
91940  -43.431  17.444  30.068 0.0000000000
91961  -39.025  16.119  26.891 0.0000000000
92678  -43.614  18.098  30.641 0.0000000000
92699  -43.218  17.719  28.325 0.0000000000
92708  -42.460  17.543  26.873 0.0000000000
92721  -43.333  18.933  26.749 0.0000000000
92745  -40.682  18.404  23.859 0.0000000000
93396  -43.383  19.266  27.155 0.0000000000
93405  -42.773  19.156  26.378 0.0000000000
93421  -41.343  19.177  24.289 0.0000000000
93967  -42.905  19.734  26.991 0.0000000000
93991  -40.386  20.159  23.990 0.0000000000
93992  -40.907  19.891  24.242 0.0000000000
93993  -41.058  19.554  24.074 0.0000000000
94006  -37.137  19.414  21.363 0.0000000000
123781  -42.223  18.035  26.107 0.0000000000
125961  -44.979  10.963  40.496 0.0000000000
129592  -43.843  7.970  20.642 0.0000000000
133512  -43.252  18.229  26.916 0.0000000000
135041  -41.461  8.708  20.675 0.0000000000
137118  -39.278  6.360  19.177 0.0000000000
