#!ascii label  , from subject sub-v1s9x0051361_ses-1 vox2ras=TkReg
1045
115321  -10.879  -32.286  79.001 0.0000000000
50676  -30.617  -31.939  63.770 0.0000000000
55429  -24.252  -26.498  61.082 0.0000000000
113719  -25.859  -35.701  66.954 0.0000000000
60389  -32.678  -22.060  44.898 0.0000000000
60333  -27.222  -20.724  51.041 0.0000000000
53514  -30.139  -29.499  68.847 0.0000000000
46137  -29.072  -35.209  65.945 0.0000000000
63058  -37.352  -18.287  46.393 0.0000000000
67419  -37.820  -12.760  45.692 0.0000000000
137002  -39.031  -10.391  42.024 0.0000000000
58336  -27.968  -21.614  60.036 0.0000000000
117319  -25.304  -24.328  56.191 0.0000000000
60292  -30.185  -19.976  55.108 0.0000000000
59376  -34.028  -22.620  51.378 0.0000000000
124139  -19.162  -35.162  69.142 0.0000000000
49578  -12.023  -32.738  84.193 0.0000000000
124026  -28.266  -29.390  63.799 0.0000000000
57295  -26.533  -23.524  64.628 0.0000000000
114518  -21.447  -33.900  64.360 0.0000000000
48025  -25.559  -34.716  62.807 0.0000000000
132045  -34.848  -10.902  37.111 0.0000000000
71894  -40.704  -8.304  38.522 0.0000000000
58464  -30.394  -23.936  47.521 0.0000000000
59422  -35.969  -22.936  48.091 0.0000000000
48785  -12.284  -33.469  74.516 0.0000000000
45081  -12.678  -37.752  84.738 0.0000000000
66591  -37.369  -14.726  46.900 0.0000000000
59330  -29.747  -20.756  57.308 0.0000000000
118624  -17.132  -36.209  67.391 0.0000000000
49588  -11.605  -32.400  82.028 0.0000000000
50690  -29.759  -31.823  61.501 0.0000000000
52609  -30.110  -29.833  63.817 0.0000000000
113262  -23.801  -34.416  65.653 0.0000000000
48022  -23.528  -33.606  63.247 0.0000000000
48007  -25.761  -35.215  64.717 0.0000000000
48018  -30.030  -33.080  64.914 0.0000000000
118243  -29.490  -35.225  63.735 0.0000000000
48040  -30.291  -33.881  62.841 0.0000000000
47055  -24.854  -35.295  69.700 0.0000000000
47082  -22.432  -34.785  67.722 0.0000000000
67434  -31.168  -13.877  43.080 0.0000000000
68337  -33.430  -11.715  38.802 0.0000000000
71012  -39.570  -9.272  40.183 0.0000000000
133401  -26.209  -22.368  53.255 0.0000000000
59406  -29.015  -22.233  49.421 0.0000000000
58419  -34.855  -23.753  50.773 0.0000000000
47013  -16.004  -35.358  71.171 0.0000000000
48805  -14.232  -33.842  72.620 0.0000000000
49670  -13.612  -32.256  74.188 0.0000000000
47946  -13.019  -34.450  72.368 0.0000000000
45957  -13.497  -37.157  82.519 0.0000000000
51646  -31.338  -30.952  66.138 0.0000000000
53530  -29.165  -29.424  66.764 0.0000000000
54399  -29.186  -27.850  69.169 0.0000000000
46071  -28.248  -35.233  69.378 0.0000000000
131644  -27.938  -36.040  66.530 0.0000000000
47074  -29.578  -34.257  68.379 0.0000000000
127252  -30.639  -32.085  67.942 0.0000000000
61276  -34.470  -20.542  45.946 0.0000000000
64868  -34.779  -17.420  46.149 0.0000000000
66599  -34.726  -15.036  45.002 0.0000000000
68304  -34.892  -12.579  43.393 0.0000000000
69199  -35.404  -10.760  41.536 0.0000000000
69187  -39.081  -11.295  43.950 0.0000000000
57347  -25.610  -23.187  60.010 0.0000000000
56405  -24.291  -24.383  58.518 0.0000000000
58343  -25.989  -22.250  58.351 0.0000000000
122971  -27.018  -21.423  55.335 0.0000000000
60305  -28.260  -20.204  53.334 0.0000000000
127497  -30.825  -20.919  50.970 0.0000000000
61229  -32.646  -19.820  52.731 0.0000000000
128414  -18.037  -35.830  70.293 0.0000000000
46065  -16.317  -35.850  69.603 0.0000000000
71910  -37.538  -6.406  34.783 0.0000000000
48732  -10.572  -33.624  85.468 0.0000000000
52637  -27.945  -30.276  60.887 0.0000000000
53573  -25.760  -28.618  62.754 0.0000000000
117984  -27.890  -28.619  65.795 0.0000000000
55394  -25.650  -26.750  65.902 0.0000000000
57314  -25.507  -24.457  62.887 0.0000000000
116157  -27.248  -22.661  61.741 0.0000000000
115269  -27.882  -35.927  63.793 0.0000000000
47052  -21.637  -34.865  70.167 0.0000000000
47097  -20.808  -35.068  66.923 0.0000000000
121849  -36.540  -10.076  39.832 0.0000000000
71890  -36.618  -9.218  37.956 0.0000000000
72779  -36.980  -7.714  36.147 0.0000000000
72783  -41.196  -6.864  36.533 0.0000000000
46935  -11.782  -35.524  77.221 0.0000000000
114035  -12.201  -34.921  80.043 0.0000000000
115455  -31.587  -24.086  46.478 0.0000000000
58416  -31.433  -24.074  50.503 0.0000000000
58454  -33.248  -24.841  48.251 0.0000000000
59441  -34.653  -22.450  46.737 0.0000000000
60380  -37.151  -20.703  46.574 0.0000000000
122072  -11.812  -32.527  76.611 0.0000000000
47874  -12.455  -34.923  82.034 0.0000000000
46908  -12.329  -35.866  84.353 0.0000000000
45945  -10.144  -36.018  85.395 0.0000000000
50540  -11.279  -31.611  80.740 0.0000000000
49792  -30.605  -32.097  62.775 0.0000000000
51690  -30.525  -31.430  62.483 0.0000000000
51673  -30.632  -31.140  63.790 0.0000000000
113113  -25.020  -35.327  66.832 0.0000000000
47995  -24.701  -34.848  65.945 0.0000000000
47099  -25.517  -35.364  66.153 0.0000000000
49772  -30.401  -32.180  64.541 0.0000000000
48028  -30.468  -33.236  64.038 0.0000000000
133502  -30.535  -32.522  63.459 0.0000000000
119394  -30.484  -32.769  62.663 0.0000000000
128297  -26.660  -35.707  69.140 0.0000000000
116352  -25.586  -35.244  70.290 0.0000000000
136981  -24.715  -35.428  68.140 0.0000000000
47084  -24.513  -35.323  67.482 0.0000000000
68325  -33.132  -11.861  39.866 0.0000000000
53583  -24.903  -29.194  61.038 0.0000000000
54480  -23.934  -27.453  60.013 0.0000000000
59360  -26.347  -22.042  52.446 0.0000000000
59372  -26.310  -22.283  51.394 0.0000000000
60350  -27.766  -21.397  49.779 0.0000000000
47012  -14.865  -35.223  70.751 0.0000000000
47948  -15.109  -34.212  72.003 0.0000000000
124619  -13.978  -35.080  70.968 0.0000000000
120880  -13.284  -33.890  72.451 0.0000000000
47011  -13.435  -35.518  71.171 0.0000000000
117999  -30.659  -29.903  67.477 0.0000000000
53522  -29.657  -29.389  67.679 0.0000000000
118909  -29.323  -28.407  69.094 0.0000000000
47043  -28.950  -34.395  70.010 0.0000000000
46072  -28.504  -35.033  69.047 0.0000000000
47062  -29.483  -33.674  69.632 0.0000000000
51630  -31.976  -30.160  69.582 0.0000000000
49735  -32.020  -32.194  68.539 0.0000000000
51639  -31.080  -30.736  68.195 0.0000000000
116187  -31.641  -31.664  67.035 0.0000000000
62122  -35.699  -19.800  46.279 0.0000000000
62121  -34.918  -19.239  46.447 0.0000000000
63936  -35.829  -17.845  46.309 0.0000000000
66602  -36.955  -14.058  46.095 0.0000000000
65746  -36.099  -15.332  45.768 0.0000000000
66610  -36.118  -14.341  44.885 0.0000000000
67425  -34.429  -13.829  44.194 0.0000000000
68293  -36.834  -13.016  44.100 0.0000000000
68305  -36.618  -12.247  43.390 0.0000000000
122478  -38.019  -12.277  44.846 0.0000000000
57348  -26.413  -22.583  59.926 0.0000000000
57356  -25.474  -22.774  58.975 0.0000000000
58344  -26.873  -21.668  58.956 0.0000000000
60281  -29.456  -20.300  55.865 0.0000000000
59329  -27.906  -20.564  56.793 0.0000000000
60280  -28.313  -20.472  55.419 0.0000000000
60290  -28.245  -20.342  54.341 0.0000000000
61191  -30.098  -19.512  53.903 0.0000000000
60307  -30.197  -20.119  52.893 0.0000000000
61212  -31.333  -19.279  53.038 0.0000000000
114097  -19.826  -35.058  70.705 0.0000000000
131190  -19.140  -35.423  70.893 0.0000000000
46067  -18.500  -35.690  69.757 0.0000000000
114765  -16.154  -35.985  67.669 0.0000000000
73684  -39.766  -6.005  34.886 0.0000000000
73691  -39.439  -5.506  34.039 0.0000000000
125791  -11.203  -32.819  85.206 0.0000000000
52617  -29.396  -29.756  62.639 0.0000000000
51687  -28.632  -30.750  61.277 0.0000000000
53576  -28.135  -29.445  61.739 0.0000000000
53575  -27.629  -29.519  61.923 0.0000000000
53565  -27.161  -29.521  63.088 0.0000000000
54410  -28.388  -27.824  68.242 0.0000000000
54430  -28.511  -28.822  66.019 0.0000000000
54420  -27.802  -28.069  67.380 0.0000000000
57285  -26.739  -23.770  65.715 0.0000000000
55386  -26.030  -26.077  66.556 0.0000000000
56346  -25.671  -24.962  65.007 0.0000000000
56345  -25.437  -25.623  64.517 0.0000000000
57305  -26.039  -23.621  63.920 0.0000000000
58307  -26.507  -23.094  62.090 0.0000000000
131014  -27.115  -23.110  62.518 0.0000000000
116101  -25.013  -34.010  62.522 0.0000000000
46121  -28.749  -35.630  66.482 0.0000000000
47102  -27.903  -36.012  65.733 0.0000000000
113208  -28.300  -36.080  64.821 0.0000000000
46166  -28.847  -36.026  62.180 0.0000000000
47037  -22.492  -35.133  70.626 0.0000000000
47993  -22.240  -34.389  66.128 0.0000000000
47081  -21.661  -34.754  67.320 0.0000000000
47992  -20.618  -34.641  65.354 0.0000000000
47111  -19.835  -35.439  64.815 0.0000000000
70112  -37.794  -10.537  42.199 0.0000000000
115441  -36.666  -10.328  40.855 0.0000000000
70126  -38.387  -10.261  40.801 0.0000000000
71885  -40.438  -8.673  39.247 0.0000000000
71018  -39.004  -9.599  39.305 0.0000000000
71024  -39.021  -9.159  38.082 0.0000000000
71898  -37.134  -8.742  37.396 0.0000000000
72771  -38.661  -8.069  36.963 0.0000000000
128407  -38.982  -7.364  36.529 0.0000000000
71901  -41.003  -7.821  37.869 0.0000000000
56418  -24.632  -24.628  57.496 0.0000000000
55454  -23.665  -26.055  57.473 0.0000000000
57473  -30.749  -24.166  45.824 0.0000000000
58465  -31.250  -24.474  47.102 0.0000000000
115561  -32.265  -21.788  51.398 0.0000000000
59392  -31.204  -23.075  50.872 0.0000000000
58400  -32.083  -23.238  51.261 0.0000000000
58456  -35.472  -23.761  48.619 0.0000000000
58455  -34.036  -24.564  48.632 0.0000000000
59421  -34.625  -23.791  48.166 0.0000000000
59431  -33.876  -23.288  46.836 0.0000000000
135857  -35.139  -22.622  47.353 0.0000000000
60366  -35.882  -21.313  46.753 0.0000000000
60367  -36.500  -21.212  47.223 0.0000000000
49669  -12.978  -32.513  74.365 0.0000000000
49655  -12.443  -32.478  75.441 0.0000000000
50579  -11.733  -31.448  76.596 0.0000000000
49638  -12.045  -32.845  75.973 0.0000000000
47920  -11.612  -34.473  75.847 0.0000000000
47930  -11.521  -34.765  74.993 0.0000000000
123867  -13.223  -36.810  80.143 0.0000000000
46921  -12.503  -35.376  80.703 0.0000000000
45962  -12.827  -36.287  80.927 0.0000000000
123021  -12.928  -37.233  84.147 0.0000000000
45954  -12.911  -36.863  83.631 0.0000000000
125872  -12.584  -37.083  85.038 0.0000000000
45947  -11.542  -36.185  85.806 0.0000000000
45078  -11.275  -37.404  85.941 0.0000000000
49706  -32.254  -32.750  71.216 0.0000000000
63939  -38.149  -17.087  47.239 0.0000000000
127177  -37.007  -16.466  46.460 0.0000000000
65730  -38.694  -15.374  47.727 0.0000000000
59308  -28.568  -21.104  58.841 0.0000000000
46104  -18.502  -35.416  67.166 0.0000000000
115692  -18.008  -35.997  68.125 0.0000000000
50528  -11.553  -31.397  82.804 0.0000000000
49583  -11.691  -32.496  82.972 0.0000000000
50691  -30.519  -31.816  61.920 0.0000000000
51679  -30.414  -30.800  62.688 0.0000000000
53556  -28.814  -29.510  64.056 0.0000000000
58298  -27.808  -22.601  63.503 0.0000000000
48003  -22.578  -34.180  65.261 0.0000000000
48013  -22.245  -33.686  64.200 0.0000000000
48004  -23.390  -33.862  64.439 0.0000000000
48014  -24.372  -33.957  63.946 0.0000000000
48016  -25.656  -34.924  63.860 0.0000000000
47129  -29.668  -34.414  65.049 0.0000000000
47127  -29.140  -35.559  64.305 0.0000000000
47139  -29.714  -34.572  64.101 0.0000000000
48026  -29.917  -34.783  63.019 0.0000000000
135505  -31.088  -34.498  61.209 0.0000000000
129116  -24.097  -35.211  70.102 0.0000000000
47054  -23.277  -35.140  69.957 0.0000000000
113666  -23.263  -35.220  68.982 0.0000000000
47986  -22.998  -34.758  67.288 0.0000000000
65766  -29.986  -15.301  44.111 0.0000000000
68339  -34.275  -10.810  37.898 0.0000000000
70123  -40.879  -9.686  41.811 0.0000000000
71005  -39.838  -9.636  40.976 0.0000000000
57406  -25.761  -23.732  54.867 0.0000000000
59418  -28.545  -22.738  47.886 0.0000000000
59419  -29.403  -22.669  47.977 0.0000000000
58393  -35.130  -23.596  52.578 0.0000000000
58402  -34.312  -23.460  51.189 0.0000000000
57425  -36.186  -24.388  51.585 0.0000000000
46996  -16.684  -35.688  71.984 0.0000000000
47961  -15.963  -34.823  71.852 0.0000000000
49686  -14.882  -32.910  73.862 0.0000000000
49685  -13.956  -32.763  73.610 0.0000000000
130787  -12.924  -33.294  72.807 0.0000000000
116026  -12.571  -34.507  72.846 0.0000000000
46982  -12.341  -35.410  73.522 0.0000000000
46003  -12.657  -36.073  73.204 0.0000000000
51653  -30.611  -31.355  65.358 0.0000000000
52601  -30.123  -31.134  65.295 0.0000000000
52591  -30.265  -29.916  66.355 0.0000000000
54422  -29.183  -29.185  67.542 0.0000000000
47073  -27.182  -35.938  68.609 0.0000000000
113933  -26.727  -35.825  67.031 0.0000000000
46088  -27.891  -35.853  68.004 0.0000000000
46107  -28.881  -35.549  67.268 0.0000000000
47088  -29.591  -34.625  67.370 0.0000000000
47975  -30.393  -32.572  69.491 0.0000000000
47987  -30.291  -33.160  67.937 0.0000000000
117123  -30.162  -33.345  67.085 0.0000000000
48872  -31.212  -32.789  66.012 0.0000000000
127232  -31.292  -31.970  65.716 0.0000000000
47041  -27.546  -35.438  70.144 0.0000000000
60390  -33.269  -21.483  45.260 0.0000000000
61281  -33.190  -20.712  44.639 0.0000000000
62134  -33.852  -19.990  45.541 0.0000000000
63070  -33.453  -18.430  46.035 0.0000000000
115117  -32.946  -17.166  45.593 0.0000000000
64869  -35.665  -16.908  45.976 0.0000000000
65744  -34.247  -15.834  45.434 0.0000000000
65742  -31.884  -15.510  45.408 0.0000000000
66606  -31.780  -14.385  44.637 0.0000000000
67436  -32.841  -12.936  43.483 0.0000000000
68310  -33.592  -11.825  42.484 0.0000000000
69198  -34.484  -10.851  41.403 0.0000000000
68312  -36.004  -11.892  42.556 0.0000000000
69194  -37.204  -10.937  42.519 0.0000000000
70113  -38.680  -10.605  42.557 0.0000000000
123449  -39.725  -11.298  44.406 0.0000000000
113963  -41.156  -10.232  42.956 0.0000000000
56383  -24.658  -24.636  61.058 0.0000000000
56394  -24.042  -25.398  59.899 0.0000000000
136921  -24.804  -23.742  59.918 0.0000000000
57369  -25.019  -23.811  58.059 0.0000000000
57385  -25.478  -23.369  56.644 0.0000000000
135426  -27.403  -21.251  57.855 0.0000000000
58366  -26.338  -21.826  56.468 0.0000000000
58373  -25.947  -22.814  55.286 0.0000000000
59341  -26.407  -22.250  54.887 0.0000000000
59353  -26.593  -21.465  53.466 0.0000000000
60320  -28.246  -20.090  52.312 0.0000000000
59390  -29.182  -20.985  50.724 0.0000000000
119327  -30.107  -19.979  51.646 0.0000000000
60336  -31.617  -21.038  51.411 0.0000000000
59375  -32.922  -21.418  51.616 0.0000000000
60325  -34.175  -21.045  51.948 0.0000000000
59363  -34.555  -22.114  51.777 0.0000000000
129909  -17.703  -35.724  71.575 0.0000000000
114224  -17.984  -36.202  69.278 0.0000000000
135787  -17.740  -36.051  69.975 0.0000000000
46049  -17.231  -35.873  70.977 0.0000000000
47050  -15.740  -35.790  69.922 0.0000000000
52625  -25.823  -29.596  61.416 0.0000000000
54464  -25.027  -28.002  62.182 0.0000000000
52599  -29.595  -29.975  64.604 0.0000000000
53546  -28.685  -29.404  64.974 0.0000000000
53545  -28.153  -29.207  65.160 0.0000000000
54429  -26.865  -27.976  66.256 0.0000000000
54452  -27.149  -28.808  64.517 0.0000000000
54451  -26.338  -28.198  64.311 0.0000000000
127275  -25.118  -26.373  63.029 0.0000000000
55422  -24.718  -25.929  62.158 0.0000000000
57336  -25.256  -23.893  61.356 0.0000000000
57327  -26.524  -22.894  61.208 0.0000000000
58328  -28.157  -22.044  60.614 0.0000000000
58309  -28.125  -22.316  61.903 0.0000000000
58320  -28.764  -22.129  61.211 0.0000000000
114043  -26.962  -35.611  65.654 0.0000000000
47113  -26.577  -35.459  64.864 0.0000000000
47135  -26.222  -35.327  63.450 0.0000000000
47126  -28.764  -35.997  64.076 0.0000000000
47137  -27.781  -35.996  62.405 0.0000000000
47035  -20.764  -34.936  70.593 0.0000000000
132526  -20.289  -34.828  68.705 0.0000000000
131169  -21.734  -34.678  69.236 0.0000000000
114111  -21.020  -34.903  67.858 0.0000000000
47080  -20.271  -35.146  67.533 0.0000000000
47095  -19.461  -35.505  66.117 0.0000000000
69203  -34.259  -10.540  40.309 0.0000000000
131310  -34.764  -9.808  39.305 0.0000000000
70132  -35.205  -9.600  38.412 0.0000000000
71011  -38.686  -9.916  40.019 0.0000000000
70130  -37.087  -9.914  39.150 0.0000000000
135561  -35.370  -9.514  38.102 0.0000000000
114276  -35.207  -9.085  36.770 0.0000000000
71904  -35.745  -8.601  36.418 0.0000000000
71908  -36.253  -7.659  35.269 0.0000000000
72785  -37.214  -7.085  35.533 0.0000000000
72781  -39.467  -6.850  36.078 0.0000000000
47889  -11.407  -33.822  78.812 0.0000000000
48748  -11.470  -33.567  79.555 0.0000000000
46931  -12.018  -35.632  78.214 0.0000000000
55447  -23.370  -26.265  58.439 0.0000000000
58486  -32.326  -23.134  45.696 0.0000000000
123915  -29.588  -21.992  50.203 0.0000000000
58434  -30.275  -23.116  49.196 0.0000000000
137123  -30.569  -23.765  48.523 0.0000000000
58418  -33.558  -24.110  50.660 0.0000000000
58453  -32.272  -24.974  48.437 0.0000000000
116740  -31.697  -24.621  47.602 0.0000000000
58466  -32.206  -24.207  46.967 0.0000000000
58476  -33.146  -23.272  46.244 0.0000000000
58487  -33.049  -22.450  45.615 0.0000000000
60377  -34.417  -21.797  46.142 0.0000000000
61264  -36.557  -20.424  45.921 0.0000000000
62124  -37.313  -19.796  45.994 0.0000000000
50560  -10.894  -30.877  78.463 0.0000000000
50568  -11.176  -31.307  77.612 0.0000000000
120474  -11.131  -32.319  78.195 0.0000000000
47909  -11.469  -34.100  76.787 0.0000000000
46944  -12.009  -36.051  76.455 0.0000000000
130180  -11.694  -33.475  80.747 0.0000000000
120590  -12.142  -34.087  81.775 0.0000000000
48738  -11.930  -33.212  83.115 0.0000000000
124934  -13.026  -36.591  81.938 0.0000000000
47871  -12.219  -35.280  83.477 0.0000000000
47869  -11.927  -34.407  84.000 0.0000000000
125460  -10.764  -34.442  85.468 0.0000000000
47867  -10.305  -35.029  85.512 0.0000000000
44219  -11.284  -38.156  85.536 0.0000000000
44211  -9.914  -37.321  85.527 0.0000000000
125050  -10.864  -31.045  79.892 0.0000000000
49591  -11.064  -32.177  79.927 0.0000000000
49786  -30.971  -32.014  63.184 0.0000000000
50675  -30.546  -31.778  63.349 0.0000000000
49779  -30.634  -32.023  64.006 0.0000000000
49778  -30.603  -32.047  63.610 0.0000000000
49785  -31.062  -32.072  63.180 0.0000000000
47072  -26.349  -35.971  68.375 0.0000000000
47056  -25.753  -35.522  69.198 0.0000000000
47085  -25.383  -35.656  67.932 0.0000000000
134487  -32.748  -12.324  40.499 0.0000000000
126090  -24.154  -27.457  60.855 0.0000000000
54470  -24.334  -28.419  60.548 0.0000000000
60318  -26.623  -21.220  51.747 0.0000000000
60332  -26.651  -21.552  50.783 0.0000000000
60342  -27.198  -21.246  50.200 0.0000000000
47031  -13.967  -35.760  70.447 0.0000000000
52577  -30.482  -30.064  68.329 0.0000000000
53523  -30.081  -29.650  67.962 0.0000000000
54401  -29.900  -28.656  69.314 0.0000000000
47025  -29.751  -33.557  70.630 0.0000000000
47044  -29.406  -33.908  70.158 0.0000000000
47964  -30.707  -32.964  70.744 0.0000000000
52571  -30.674  -30.011  69.235 0.0000000000
119581  -31.337  -30.343  69.389 0.0000000000
51633  -30.902  -30.549  68.763 0.0000000000
51638  -30.832  -30.506  67.818 0.0000000000
47962  -29.872  -33.599  71.076 0.0000000000
63057  -36.638  -18.546  46.162 0.0000000000
63056  -35.722  -18.874  46.375 0.0000000000
63937  -36.752  -17.764  46.315 0.0000000000
67418  -37.107  -13.375  45.400 0.0000000000
67417  -36.734  -14.036  45.014 0.0000000000
120998  -36.849  -13.428  44.716 0.0000000000
67426  -36.141  -13.611  44.476 0.0000000000
67427  -37.346  -12.888  44.778 0.0000000000
68294  -37.432  -12.325  44.068 0.0000000000
58335  -27.100  -21.934  59.764 0.0000000000
58345  -27.860  -21.422  59.372 0.0000000000
60291  -29.258  -20.106  54.674 0.0000000000
130427  -30.884  -19.481  54.404 0.0000000000
46068  -19.181  -35.265  70.222 0.0000000000
73685  -40.638  -6.250  35.121 0.0000000000
73692  -40.604  -5.988  34.364 0.0000000000
49577  -11.908  -32.181  84.258 0.0000000000
49575  -11.783  -32.124  84.964 0.0000000000
122688  -11.803  -32.691  84.731 0.0000000000
53567  -28.866  -29.437  63.101 0.0000000000
52616  -28.668  -29.665  62.224 0.0000000000
53566  -28.084  -29.659  62.821 0.0000000000
113366  -27.642  -29.180  63.758 0.0000000000
55380  -27.752  -26.938  67.982 0.0000000000
57284  -26.032  -24.317  65.442 0.0000000000
131431  -25.891  -24.117  64.642 0.0000000000
123823  -26.559  -23.455  63.018 0.0000000000
58297  -26.740  -23.330  63.697 0.0000000000
48002  -20.752  -34.152  64.503 0.0000000000
126687  -20.493  -33.773  63.515 0.0000000000
46136  -28.650  -35.813  65.576 0.0000000000
47115  -29.110  -35.403  65.102 0.0000000000
113598  -21.502  -34.212  65.390 0.0000000000
47984  -21.410  -34.534  66.381 0.0000000000
70120  -38.483  -10.379  41.749 0.0000000000
70119  -37.635  -10.417  41.352 0.0000000000
70121  -39.239  -10.120  41.475 0.0000000000
71893  -39.833  -8.794  38.424 0.0000000000
71899  -39.305  -8.536  37.628 0.0000000000
71900  -40.183  -8.149  37.779 0.0000000000
72772  -39.611  -7.845  37.118 0.0000000000
56434  -24.930  -24.951  56.643 0.0000000000
56456  -24.883  -25.087  55.730 0.0000000000
131134  -29.866  -23.228  47.743 0.0000000000
57464  -29.702  -24.148  47.096 0.0000000000
57465  -30.653  -24.414  46.682 0.0000000000
126306  -33.070  -22.319  51.350 0.0000000000
58401  -33.186  -23.487  51.213 0.0000000000
58457  -36.389  -23.469  48.761 0.0000000000
131318  -35.221  -23.050  47.851 0.0000000000
59433  -35.662  -22.370  47.605 0.0000000000
131798  -35.962  -21.792  47.270 0.0000000000
59434  -36.222  -21.994  47.892 0.0000000000
125718  -12.573  -32.820  74.757 0.0000000000
50608  -12.796  -32.284  74.990 0.0000000000
48779  -12.195  -33.208  75.305 0.0000000000
48784  -11.769  -33.958  75.132 0.0000000000
47931  -11.959  -34.200  74.336 0.0000000000
125983  -11.927  -36.912  85.752 0.0000000000
45080  -12.079  -37.678  85.520 0.0000000000
114151  -30.059  -21.152  58.620 0.0000000000
50541  -11.584  -31.874  81.432 0.0000000000
50534  -11.469  -30.887  81.807 0.0000000000
50535  -11.664  -31.653  82.021 0.0000000000
50529  -11.646  -31.997  82.692 0.0000000000
49799  -31.115  -32.449  61.464 0.0000000000
52619  -30.514  -30.554  63.396 0.0000000000
52618  -30.121  -30.022  63.016 0.0000000000
52608  -29.501  -29.566  63.494 0.0000000000
48006  -25.200  -35.065  65.302 0.0000000000
48005  -24.445  -34.387  64.999 0.0000000000
48015  -25.081  -34.630  64.413 0.0000000000
48008  -30.016  -33.732  65.455 0.0000000000
48017  -29.991  -33.855  64.544 0.0000000000
136246  -30.401  -33.266  63.387 0.0000000000
48027  -30.168  -34.023  63.693 0.0000000000
48039  -30.368  -34.583  61.945 0.0000000000
48899  -31.036  -32.878  61.638 0.0000000000
47039  -24.626  -35.104  70.739 0.0000000000
113720  -24.097  -35.300  69.291 0.0000000000
47098  -24.164  -34.944  66.591 0.0000000000
47083  -23.686  -35.073  67.312 0.0000000000
47994  -23.170  -34.615  66.455 0.0000000000
66619  -30.618  -14.520  43.641 0.0000000000
58381  -25.970  -22.958  54.463 0.0000000000
58380  -25.474  -23.538  53.939 0.0000000000
58389  -25.787  -22.924  53.570 0.0000000000
59405  -28.036  -21.931  49.108 0.0000000000
115700  -28.754  -22.421  48.511 0.0000000000
59420  -29.579  -22.598  48.710 0.0000000000
118171  -36.093  -23.172  52.833 0.0000000000
57416  -35.427  -24.175  52.610 0.0000000000
58440  -36.731  -23.820  49.490 0.0000000000
48806  -15.176  -33.791  72.922 0.0000000000
48796  -14.447  -33.344  73.252 0.0000000000
48804  -12.746  -33.257  73.163 0.0000000000
46994  -12.826  -35.295  72.687 0.0000000000
52592  -30.745  -30.431  66.013 0.0000000000
52583  -30.669  -29.772  66.766 0.0000000000
54412  -29.114  -28.819  68.384 0.0000000000
137290  -28.841  -28.551  68.328 0.0000000000
46070  -27.856  -35.549  68.948 0.0000000000
47087  -26.975  -36.136  67.801 0.0000000000
46073  -28.965  -34.704  68.795 0.0000000000
46090  -28.795  -35.239  68.303 0.0000000000
46091  -29.269  -35.014  68.001 0.0000000000
132157  -29.232  -35.200  67.468 0.0000000000
122068  -32.409  -32.016  70.721 0.0000000000
49715  -32.251  -32.947  70.089 0.0000000000
127837  -30.871  -31.513  68.224 0.0000000000
135486  -30.588  -32.035  68.662 0.0000000000
47988  -30.500  -32.759  67.486 0.0000000000
47996  -30.355  -33.660  66.211 0.0000000000
48866  -31.185  -32.616  66.911 0.0000000000
50649  -31.551  -31.575  66.280 0.0000000000
50657  -31.044  -31.622  65.516 0.0000000000
46054  -28.501  -34.901  69.822 0.0000000000
47059  -27.915  -35.416  69.631 0.0000000000
47058  -27.341  -35.643  69.444 0.0000000000
60391  -34.087  -21.237  45.786 0.0000000000
61275  -33.633  -20.640  45.452 0.0000000000
118445  -34.870  -18.352  46.425 0.0000000000
63055  -34.183  -18.795  46.272 0.0000000000
63069  -32.788  -17.926  45.441 0.0000000000
63946  -33.775  -17.284  46.019 0.0000000000
65739  -37.211  -15.661  46.663 0.0000000000
136049  -36.392  -16.511  46.085 0.0000000000
65738  -36.633  -15.870  46.108 0.0000000000
66600  -35.669  -14.951  45.088 0.0000000000
65745  -35.315  -15.641  45.390 0.0000000000
65743  -32.977  -15.642  45.458 0.0000000000
66598  -33.606  -14.882  45.256 0.0000000000
66597  -32.415  -14.881  45.235 0.0000000000
66607  -32.978  -14.164  44.883 0.0000000000
67437  -34.107  -13.166  43.748 0.0000000000
68303  -33.778  -12.497  43.094 0.0000000000
68302  -32.854  -12.365  42.640 0.0000000000
132505  -34.368  -12.064  42.802 0.0000000000
69191  -34.379  -11.473  42.263 0.0000000000
68311  -35.179  -11.997  42.660 0.0000000000
69185  -37.522  -11.495  43.322 0.0000000000
69184  -36.715  -11.523  42.774 0.0000000000
69186  -38.473  -11.105  43.370 0.0000000000
69195  -37.937  -10.886  42.826 0.0000000000
113071  -40.271  -10.572  43.156 0.0000000000
57346  -25.041  -23.725  60.635 0.0000000000
56395  -24.491  -24.520  60.285 0.0000000000
57370  -25.420  -23.180  57.701 0.0000000000
58354  -25.828  -22.405  57.162 0.0000000000
59320  -29.323  -20.727  58.211 0.0000000000
59319  -28.119  -20.789  57.894 0.0000000000
114006  -28.869  -20.466  57.372 0.0000000000
123870  -27.745  -20.843  55.929 0.0000000000
113203  -27.037  -21.258  56.127 0.0000000000
134592  -26.076  -22.346  55.694 0.0000000000
59336  -26.424  -22.016  55.574 0.0000000000
60289  -27.203  -20.623  54.027 0.0000000000
60304  -27.287  -20.525  53.081 0.0000000000
60335  -29.178  -20.093  51.467 0.0000000000
60321  -29.206  -19.757  52.529 0.0000000000
60322  -31.074  -20.124  51.859 0.0000000000
60323  -32.180  -20.624  51.992 0.0000000000
60324  -33.236  -20.786  52.049 0.0000000000
61231  -34.447  -20.452  52.432 0.0000000000
60308  -35.086  -20.916  52.498 0.0000000000
134152  -35.236  -22.361  52.435 0.0000000000
113878  -18.486  -35.523  70.628 0.0000000000
46051  -17.955  -35.513  71.096 0.0000000000
46033  -18.232  -35.722  71.844 0.0000000000
46085  -17.197  -36.154  68.401 0.0000000000
46084  -16.028  -35.856  68.550 0.0000000000
46066  -17.165  -36.024  69.319 0.0000000000
113589  -17.187  -36.005  70.220 0.0000000000
47034  -16.436  -35.788  70.544 0.0000000000
48731  -9.819  -33.740  85.630 0.0000000000
50689  -29.016  -31.592  61.154 0.0000000000
52636  -27.113  -30.379  60.931 0.0000000000
53574  -26.368  -29.388  62.337 0.0000000000
116684  -25.259  -29.033  61.965 0.0000000000
53539  -29.662  -29.749  66.260 0.0000000000
52600  -29.573  -30.727  64.973 0.0000000000
53538  -29.141  -29.419  65.947 0.0000000000
53537  -28.761  -29.174  65.652 0.0000000000
54442  -28.466  -29.049  65.544 0.0000000000
55395  -26.220  -27.150  66.388 0.0000000000
54428  -26.208  -27.830  65.986 0.0000000000
54441  -26.886  -28.534  65.457 0.0000000000
54440  -25.849  -27.909  65.254 0.0000000000
56352  -25.249  -25.310  63.524 0.0000000000
55410  -25.272  -26.431  64.065 0.0000000000
56360  -25.148  -25.216  62.569 0.0000000000
56371  -24.944  -24.922  61.772 0.0000000000
57325  -25.403  -24.163  62.111 0.0000000000
58318  -27.179  -22.434  60.896 0.0000000000
58299  -28.432  -22.206  62.894 0.0000000000
58310  -29.018  -22.012  61.971 0.0000000000
58329  -29.281  -21.748  60.631 0.0000000000
48877  -22.430  -33.540  63.425 0.0000000000
48021  -22.588  -33.926  62.493 0.0000000000
47101  -27.261  -35.773  66.422 0.0000000000
47100  -26.393  -35.602  66.301 0.0000000000
47114  -27.495  -35.878  64.848 0.0000000000
47125  -26.923  -35.492  64.077 0.0000000000
47138  -29.169  -35.908  63.402 0.0000000000
47051  -20.926  -34.773  69.635 0.0000000000
47069  -22.485  -34.946  68.654 0.0000000000
47053  -22.445  -34.942  69.665 0.0000000000
126260  -20.118  -35.368  66.798 0.0000000000
70118  -35.033  -10.421  40.738 0.0000000000
70125  -35.565  -10.188  40.138 0.0000000000
70129  -35.346  -9.699  39.238 0.0000000000
69206  -34.648  -9.827  38.553 0.0000000000
70127  -39.155  -9.890  40.689 0.0000000000
71023  -38.457  -9.447  38.581 0.0000000000
71017  -38.119  -9.917  39.220 0.0000000000
71022  -37.400  -9.628  38.594 0.0000000000
71021  -36.221  -9.552  38.447 0.0000000000
71026  -35.449  -9.266  37.679 0.0000000000
72770  -37.624  -8.169  36.841 0.0000000000
71905  -36.645  -8.341  36.683 0.0000000000
72778  -36.310  -8.169  36.000 0.0000000000
71907  -35.716  -8.532  35.535 0.0000000000
72780  -37.940  -7.460  36.342 0.0000000000
136371  -39.854  -7.327  36.629 0.0000000000
72782  -40.420  -6.911  36.287 0.0000000000
72787  -40.089  -6.451  35.615 0.0000000000
46934  -11.576  -34.843  77.528 0.0000000000
46930  -11.554  -34.718  78.597 0.0000000000
127941  -23.572  -25.128  59.024 0.0000000000
119438  -23.611  -26.289  59.506 0.0000000000
113647  -31.598  -23.670  45.761 0.0000000000
131841  -29.905  -20.802  51.148 0.0000000000
59373  -30.151  -21.715  50.741 0.0000000000
59391  -30.480  -22.527  50.213 0.0000000000
58415  -30.871  -23.443  50.105 0.0000000000
58435  -30.937  -24.132  49.425 0.0000000000
58437  -33.062  -24.784  49.462 0.0000000000
113776  -32.752  -24.543  47.503 0.0000000000
59440  -33.801  -22.520  46.249 0.0000000000
60376  -33.728  -21.893  45.824 0.0000000000
60379  -36.609  -20.831  46.237 0.0000000000
119451  -35.785  -20.893  46.252 0.0000000000
61265  -37.132  -20.551  45.986 0.0000000000
49623  -11.457  -32.332  77.357 0.0000000000
48764  -11.508  -33.216  77.219 0.0000000000
46954  -11.643  -35.293  75.679 0.0000000000
124174  -12.236  -36.569  75.783 0.0000000000
47885  -11.669  -34.433  79.471 0.0000000000
47886  -11.855  -34.040  80.215 0.0000000000
47879  -12.424  -34.807  81.226 0.0000000000
121231  -12.165  -34.056  82.537 0.0000000000
45091  -14.038  -37.521  82.074 0.0000000000
45959  -13.738  -37.050  81.835 0.0000000000
46909  -12.597  -36.207  83.519 0.0000000000
121120  -11.856  -35.195  84.342 0.0000000000
47868  -11.451  -34.603  84.908 0.0000000000
45946  -10.800  -36.138  85.993 0.0000000000
46904  -11.005  -35.417  85.691 0.0000000000
46903  -10.446  -35.619  85.622 0.0000000000
46902  -9.957  -35.344  85.313 0.0000000000
43251  -10.526  -38.655  85.494 0.0000000000
44218  -10.546  -37.780  85.774 0.0000000000
50692  -30.645  -31.977  62.160 0.0000000000
50681  -30.533  -31.809  62.851 0.0000000000
51680  -30.529  -31.267  63.000 0.0000000000
52610  -30.333  -30.428  64.185 0.0000000000
48884  -30.497  -32.573  64.228 0.0000000000
48892  -30.633  -33.657  61.949 0.0000000000
47057  -26.616  -35.517  70.035 0.0000000000
47071  -24.833  -35.421  68.757 0.0000000000
67443  -31.699  -13.247  42.402 0.0000000000
58392  -25.855  -23.061  52.654 0.0000000000
124299  -26.099  -22.931  51.879 0.0000000000
59404  -27.189  -21.767  49.475 0.0000000000
59389  -28.601  -21.554  49.937 0.0000000000
47960  -15.297  -34.832  71.426 0.0000000000
47959  -14.523  -34.739  71.485 0.0000000000
47947  -14.169  -34.379  72.143 0.0000000000
47958  -13.700  -34.808  71.829 0.0000000000
46995  -13.217  -35.401  72.027 0.0000000000
133040  -13.053  -36.022  71.560 0.0000000000
115778  -31.277  -30.245  66.857 0.0000000000
53513  -29.543  -29.179  68.549 0.0000000000
46089  -28.366  -35.411  68.584 0.0000000000
47060  -28.688  -34.708  69.462 0.0000000000
47061  -29.047  -34.309  69.537 0.0000000000
113991  -29.287  -34.085  69.046 0.0000000000
50634  -32.754  -31.225  69.091 0.0000000000
50639  -31.995  -30.612  68.981 0.0000000000
50638  -31.911  -31.484  68.523 0.0000000000
50643  -30.992  -31.361  67.885 0.0000000000
49743  -31.243  -31.975  67.514 0.0000000000
116412  -31.496  -30.979  67.158 0.0000000000
47023  -28.915  -34.331  70.548 0.0000000000
133343  -34.969  -20.001  46.291 0.0000000000
66590  -36.767  -15.053  46.179 0.0000000000
66601  -36.379  -14.605  45.522 0.0000000000
66609  -35.213  -14.256  44.597 0.0000000000
66608  -34.096  -14.275  44.756 0.0000000000
67438  -35.131  -13.453  43.976 0.0000000000
67439  -35.913  -12.868  43.769 0.0000000000
120881  -35.746  -12.340  43.165 0.0000000000
69176  -38.229  -11.700  44.105 0.0000000000
57338  -26.493  -22.770  60.570 0.0000000000
57357  -26.330  -22.219  59.293 0.0000000000
60270  -29.968  -20.791  56.750 0.0000000000
60269  -28.870  -20.406  56.524 0.0000000000
134765  -27.528  -20.858  55.429 0.0000000000
59343  -27.402  -20.821  54.879 0.0000000000
60306  -29.157  -19.803  53.604 0.0000000000
46035  -19.633  -35.231  71.295 0.0000000000
46064  -15.332  -35.903  69.179 0.0000000000
72786  -38.995  -6.387  35.315 0.0000000000
72791  -38.560  -5.738  34.475 0.0000000000
135225  -38.515  -5.408  33.587 0.0000000000
51688  -29.437  -30.984  61.678 0.0000000000
52629  -29.069  -30.181  61.891 0.0000000000
52628  -28.381  -29.797  61.415 0.0000000000
52627  -27.839  -29.640  61.285 0.0000000000
53564  -26.506  -29.005  63.175 0.0000000000
54431  -28.757  -29.111  66.394 0.0000000000
117597  -28.288  -28.831  67.000 0.0000000000
113169  -28.071  -28.552  66.470 0.0000000000
56332  -26.585  -25.495  67.089 0.0000000000
56331  -26.299  -24.792  66.317 0.0000000000
56336  -25.732  -25.412  65.864 0.0000000000
55393  -25.584  -25.868  65.277 0.0000000000
55403  -25.593  -26.633  64.932 0.0000000000
57294  -25.549  -24.536  64.081 0.0000000000
135081  -25.503  -24.563  63.435 0.0000000000
57315  -25.858  -23.572  62.509 0.0000000000
57304  -25.781  -23.948  63.312 0.0000000000
48023  -24.423  -33.756  62.859 0.0000000000
46120  -28.345  -35.925  66.265 0.0000000000
125845  -29.533  -35.538  62.677 0.0000000000
47985  -22.354  -34.631  66.899 0.0000000000
136318  -20.723  -34.720  66.229 0.0000000000
47096  -20.199  -34.993  66.088 0.0000000000
48001  -20.054  -34.423  63.971 0.0000000000
70111  -36.917  -10.562  41.761 0.0000000000
69200  -35.975  -10.513  41.214 0.0000000000
126525  -37.434  -10.297  40.556 0.0000000000
71884  -39.755  -8.947  39.411 0.0000000000
132243  -39.251  -9.316  38.670 0.0000000000
135513  -38.440  -9.161  38.091 0.0000000000
71892  -38.290  -8.712  37.603 0.0000000000
72773  -40.576  -7.546  37.042 0.0000000000
128086  -12.421  -36.786  77.256 0.0000000000
135798  -12.178  -36.077  77.436 0.0000000000
56404  -23.785  -25.205  58.035 0.0000000000
56417  -24.282  -25.444  57.076 0.0000000000
129595  -29.708  -24.535  45.932 0.0000000000
59374  -31.555  -22.077  51.093 0.0000000000
124818  -30.967  -22.035  50.649 0.0000000000
58439  -35.192  -24.063  49.618 0.0000000000
58438  -34.176  -24.059  49.659 0.0000000000
119161  -34.753  -24.262  48.874 0.0000000000
58468  -33.803  -24.071  47.611 0.0000000000
59432  -34.601  -23.200  47.429 0.0000000000
59442  -35.504  -22.100  46.930 0.0000000000
50609  -13.308  -31.907  74.857 0.0000000000
50595  -12.793  -31.702  75.450 0.0000000000
49639  -12.262  -32.084  76.050 0.0000000000
135878  -11.715  -33.244  76.489 0.0000000000
48770  -11.786  -33.626  75.916 0.0000000000
46967  -11.594  -35.378  74.932 0.0000000000
45967  -12.623  -35.819  80.042 0.0000000000
46915  -12.590  -35.730  81.561 0.0000000000
45087  -13.296  -37.353  83.315 0.0000000000
45956  -12.968  -36.721  82.933 0.0000000000
45951  -12.696  -36.604  84.312 0.0000000000
45950  -12.316  -36.332  85.191 0.0000000000
46907  -11.772  -35.623  85.127 0.0000000000
131152  -11.224  -36.707  86.093 0.0000000000
45077  -10.520  -36.869  85.833 0.0000000000
48826  -31.737  -33.307  70.685 0.0000000000
113584  -37.859  -18.037  47.112 0.0000000000
63938  -37.375  -17.287  46.666 0.0000000000
64860  -37.631  -16.364  47.042 0.0000000000
65729  -37.863  -15.459  47.323 0.0000000000
67410  -38.222  -13.151  46.604 0.0000000000
68295  -38.465  -12.286  45.491 0.0000000000
59309  -28.905  -21.360  59.547 0.0000000000
124687  -29.365  -21.209  58.958 0.0000000000
61192  -31.718  -19.323  54.480 0.0000000000
46087  -18.795  -35.312  68.116 0.0000000000
47078  -17.790  -35.645  66.869 0.0000000000
50526  -11.707  -32.073  83.424 0.0000000000
49580  -11.898  -32.574  83.654 0.0000000000
51689  -30.200  -31.182  62.115 0.0000000000
51678  -29.813  -30.453  62.311 0.0000000000
127926  -27.232  -22.966  64.045 0.0000000000
48024  -25.101  -34.180  63.405 0.0000000000
47116  -29.438  -34.831  65.488 0.0000000000
47128  -29.410  -35.034  64.639 0.0000000000
47038  -23.564  -35.130  70.751 0.0000000000
113168  -23.153  -35.088  68.012 0.0000000000
47070  -24.063  -35.318  68.294 0.0000000000
64884  -30.410  -16.152  44.780 0.0000000000
69210  -34.556  -10.396  37.710 0.0000000000
70122  -40.112  -9.774  41.761 0.0000000000
71006  -40.634  -9.458  41.201 0.0000000000
71895  -41.384  -7.978  38.525 0.0000000000
123871  -25.225  -24.349  55.260 0.0000000000
57405  -25.205  -24.294  54.331 0.0000000000
58451  -30.099  -23.125  48.076 0.0000000000
59377  -34.835  -23.043  51.712 0.0000000000
58403  -35.030  -24.163  51.925 0.0000000000
58404  -35.593  -24.353  51.645 0.0000000000
58420  -35.894  -24.167  50.528 0.0000000000
127667  -36.012  -23.895  49.449 0.0000000000
59423  -36.749  -22.678  48.405 0.0000000000
48807  -16.024  -34.201  72.457 0.0000000000
48795  -13.498  -33.288  72.942 0.0000000000
49684  -13.116  -32.861  73.480 0.0000000000
122878  -12.683  -33.051  73.922 0.0000000000
48794  -12.419  -33.627  73.641 0.0000000000
46981  -12.261  -34.379  73.521 0.0000000000
44225  -12.645  -38.456  84.392 0.0000000000
50668  -30.388  -31.846  64.648 0.0000000000
51666  -30.494  -31.531  64.342 0.0000000000
115975  -29.994  -30.309  65.758 0.0000000000
53531  -29.917  -29.556  66.929 0.0000000000
54421  -28.700  -28.819  67.570 0.0000000000
55368  -29.696  -27.080  69.716 0.0000000000
47086  -26.229  -36.030  67.617 0.0000000000
46105  -27.552  -36.018  67.152 0.0000000000
127297  -28.622  -35.628  67.828 0.0000000000
46106  -28.359  -35.919  67.076 0.0000000000
46122  -29.209  -35.176  66.813 0.0000000000
47103  -29.492  -34.665  66.354 0.0000000000
47970  -30.714  -32.880  70.182 0.0000000000
47974  -29.937  -33.005  69.623 0.0000000000
47075  -29.581  -33.414  68.995 0.0000000000
128228  -30.857  -32.088  69.160 0.0000000000
47980  -30.103  -32.404  69.070 0.0000000000
135554  -29.810  -33.626  68.489 0.0000000000
47089  -30.026  -33.790  67.838 0.0000000000
47104  -29.890  -34.043  66.770 0.0000000000
47117  -29.859  -34.256  65.895 0.0000000000
48009  -30.666  -33.199  65.763 0.0000000000
49753  -31.485  -32.217  66.370 0.0000000000
48878  -30.355  -32.557  65.253 0.0000000000
62135  -34.362  -19.626  46.129 0.0000000000
118622  -33.678  -19.240  45.871 0.0000000000
62141  -33.454  -19.580  44.923 0.0000000000
64870  -36.530  -17.126  46.274 0.0000000000
135543  -34.997  -16.853  45.876 0.0000000000
65737  -35.905  -16.110  45.793 0.0000000000
64878  -35.110  -16.365  45.652 0.0000000000
64877  -34.381  -16.707  45.834 0.0000000000
64876  -33.425  -16.502  45.624 0.0000000000
64875  -32.123  -16.321  45.507 0.0000000000
64874  -31.185  -16.514  45.297 0.0000000000
65741  -31.003  -15.756  45.313 0.0000000000
66605  -30.517  -14.641  44.493 0.0000000000
66620  -31.238  -14.003  43.846 0.0000000000
67424  -33.496  -13.611  44.251 0.0000000000
67423  -32.287  -13.605  44.154 0.0000000000
67435  -31.733  -13.281  43.289 0.0000000000
68301  -32.159  -12.792  42.781 0.0000000000
68308  -32.218  -12.525  42.064 0.0000000000
68309  -32.863  -11.912  41.887 0.0000000000
68318  -32.880  -11.610  41.001 0.0000000000
69197  -33.600  -11.383  41.657 0.0000000000
69192  -35.280  -11.309  42.102 0.0000000000
69193  -36.213  -10.994  42.099 0.0000000000
70114  -39.607  -10.273  42.394 0.0000000000
69177  -38.927  -11.834  44.830 0.0000000000
70107  -39.334  -10.804  43.192 0.0000000000
70115  -40.617  -10.066  42.388 0.0000000000
56382  -24.294  -25.544  60.666 0.0000000000
55438  -24.009  -26.461  60.335 0.0000000000
133836  -24.271  -24.369  59.461 0.0000000000
57355  -24.819  -23.534  59.122 0.0000000000
57384  -25.104  -24.088  57.074 0.0000000000
58356  -27.613  -21.272  58.546 0.0000000000
58355  -26.690  -21.647  57.782 0.0000000000
59328  -27.104  -20.960  57.148 0.0000000000
58365  -25.744  -22.652  56.114 0.0000000000
57397  -25.580  -23.576  55.683 0.0000000000
59352  -26.390  -22.369  54.052 0.0000000000
59342  -26.766  -21.547  54.477 0.0000000000
59361  -26.669  -21.030  52.619 0.0000000000
60319  -27.275  -20.473  52.053 0.0000000000
60334  -28.220  -20.369  51.310 0.0000000000
59362  -33.714  -21.681  51.619 0.0000000000
61213  -32.309  -19.130  53.586 0.0000000000
61214  -33.891  -19.515  53.185 0.0000000000
61230  -33.626  -20.131  52.562 0.0000000000
129300  -34.941  -22.710  52.118 0.0000000000
59364  -35.466  -22.907  52.698 0.0000000000
46086  -18.427  -35.746  68.929 0.0000000000
46050  -17.614  -35.718  70.847 0.0000000000
125585  -17.540  -35.861  71.559 0.0000000000
47014  -16.904  -35.902  71.467 0.0000000000
47033  -15.514  -35.659  70.427 0.0000000000
74546  -40.160  -5.395  33.553 0.0000000000
52626  -26.789  -29.920  61.569 0.0000000000
54471  -24.583  -28.322  61.400 0.0000000000
54463  -24.496  -27.303  61.585 0.0000000000
51665  -30.273  -30.898  64.463 0.0000000000
119418  -28.997  -29.608  65.155 0.0000000000
53557  -29.304  -29.644  64.325 0.0000000000
133150  -28.343  -29.351  64.524 0.0000000000
53555  -27.859  -29.187  64.492 0.0000000000
54419  -27.373  -28.028  66.726 0.0000000000
126487  -27.601  -29.009  65.128 0.0000000000
53554  -26.904  -28.809  63.773 0.0000000000
53553  -26.123  -28.353  63.531 0.0000000000
54439  -25.629  -27.352  64.408 0.0000000000
119769  -25.390  -27.120  63.665 0.0000000000
54457  -25.440  -27.591  63.032 0.0000000000
120892  -24.810  -26.947  62.307 0.0000000000
55421  -24.508  -26.469  61.693 0.0000000000
56370  -24.497  -25.677  61.405 0.0000000000
57326  -25.874  -23.338  61.650 0.0000000000
57337  -25.904  -23.301  60.873 0.0000000000
58327  -27.174  -22.211  60.354 0.0000000000
116308  -27.274  -23.185  63.175 0.0000000000
58308  -27.695  -22.745  62.596 0.0000000000
58319  -27.895  -22.377  61.216 0.0000000000
58337  -28.786  -21.539  60.171 0.0000000000
47112  -26.036  -35.426  65.508 0.0000000000
131620  -26.209  -35.289  64.221 0.0000000000
131721  -28.791  -35.791  64.783 0.0000000000
133528  -28.671  -36.158  63.194 0.0000000000
47136  -26.928  -35.770  63.046 0.0000000000
46053  -20.605  -35.091  70.934 0.0000000000
46069  -19.971  -34.829  69.897 0.0000000000
47067  -19.578  -34.989  68.094 0.0000000000
119290  -21.765  -34.709  68.225 0.0000000000
47068  -21.143  -34.731  68.745 0.0000000000
47079  -19.488  -35.348  67.165 0.0000000000
129167  -19.051  -35.744  66.597 0.0000000000
69202  -33.628  -11.054  40.667 0.0000000000
68326  -33.699  -10.910  39.650 0.0000000000
122571  -34.000  -10.437  39.607 0.0000000000
69204  -34.442  -10.144  39.706 0.0000000000
68328  -34.158  -10.214  38.716 0.0000000000
71010  -37.763  -10.160  39.898 0.0000000000
133530  -36.005  -9.601  39.048 0.0000000000
116212  -34.772  -9.934  37.544 0.0000000000
70134  -34.840  -9.651  36.947 0.0000000000
70139  -35.124  -9.953  36.106 0.0000000000
115055  -35.984  -8.712  37.265 0.0000000000
71029  -35.299  -9.163  35.863 0.0000000000
71909  -36.613  -7.054  34.701 0.0000000000
113773  -38.356  -6.881  35.811 0.0000000000
72788  -41.063  -6.438  35.726 0.0000000000
115639  -11.261  -33.020  78.903 0.0000000000
121515  -11.193  -32.879  79.542 0.0000000000
46926  -11.955  -35.371  79.304 0.0000000000
125570  -12.547  -36.501  78.116 0.0000000000
113017  -12.611  -36.344  79.162 0.0000000000
59453  -32.290  -22.594  45.064 0.0000000000
60343  -28.038  -20.889  50.430 0.0000000000
131162  -29.825  -22.465  49.549 0.0000000000
58452  -30.769  -24.089  47.751 0.0000000000
58417  -32.452  -24.306  50.614 0.0000000000
58436  -31.833  -24.696  49.525 0.0000000000
119276  -31.305  -24.432  48.517 0.0000000000
58475  -32.375  -23.686  46.375 0.0000000000
58467  -33.071  -23.875  46.915 0.0000000000
60392  -34.982  -21.151  46.002 0.0000000000
60378  -35.227  -21.602  46.394 0.0000000000
61263  -35.479  -20.593  46.169 0.0000000000
62123  -36.667  -19.498  45.849 0.0000000000
114299  -37.273  -19.061  45.934 0.0000000000
60357  -36.914  -21.629  48.194 0.0000000000
50550  -10.728  -31.408  79.103 0.0000000000
135369  -10.863  -31.612  78.422 0.0000000000
48754  -11.354  -33.117  78.097 0.0000000000
47898  -11.371  -33.991  77.878 0.0000000000
46943  -11.622  -35.065  76.582 0.0000000000
130559  -11.768  -35.023  74.284 0.0000000000
46968  -11.950  -35.858  74.498 0.0000000000
48746  -11.436  -33.157  80.161 0.0000000000
49592  -11.477  -32.585  80.943 0.0000000000
48744  -11.667  -33.357  81.500 0.0000000000
47883  -12.279  -34.629  80.591 0.0000000000
124372  -12.087  -34.071  80.970 0.0000000000
48741  -11.699  -33.275  82.382 0.0000000000
48736  -12.068  -33.359  83.758 0.0000000000
45963  -13.525  -36.898  81.124 0.0000000000
46911  -12.574  -35.814  82.576 0.0000000000
129468  -12.351  -34.906  82.715 0.0000000000
126072  -12.162  -34.193  83.218 0.0000000000
48735  -11.788  -33.463  84.437 0.0000000000
48733  -11.287  -33.581  85.056 0.0000000000
122139  -10.172  -34.339  85.540 0.0000000000
47866  -9.785  -34.678  85.423 0.0000000000
44224  -12.020  -38.358  85.051 0.0000000000
43252  -11.165  -38.886  84.943 0.0000000000
46955  -11.894  -35.982  75.379 0.0000000000
47024  -29.369  -33.905  70.533 0.0000000000
47945  -12.685  -33.751  72.797 0.0000000000
47963  -30.262  -33.232  70.961 0.0000000000
47969  -29.993  -33.260  70.342 0.0000000000
47979  -29.966  -33.017  68.658 0.0000000000
47997  -30.772  -33.132  66.538 0.0000000000
48837  -31.737  -33.096  69.719 0.0000000000
49764  -30.958  -32.306  65.477 0.0000000000
53547  -29.408  -29.972  65.506 0.0000000000
54450  -25.777  -27.731  63.802 0.0000000000
57417  -35.735  -24.394  52.351 0.0000000000
58394  -35.748  -24.036  53.009 0.0000000000
63054  -34.015  -18.008  46.252 0.0000000000
63945  -33.365  -17.783  45.974 0.0000000000
63961  -30.976  -16.775  44.221 0.0000000000
65753  -30.351  -15.286  44.910 0.0000000000
65754  -31.101  -14.990  45.174 0.0000000000
66628  -30.925  -14.410  42.975 0.0000000000
68327  -33.739  -10.622  39.080 0.0000000000
71891  -37.718  -9.137  38.073 0.0000000000
117948  -30.400  -32.151  65.218 0.0000000000
122765  -29.864  -32.764  69.190 0.0000000000
123217  -30.373  -32.396  68.460 0.0000000000
125965  -32.485  -32.093  68.850 0.0000000000
131660  -30.255  -29.626  67.294 0.0000000000
134150  -26.532  -28.509  64.865 0.0000000000
134633  -37.449  -13.302  46.230 0.0000000000
136927  -29.002  -35.388  67.779 0.0000000000
