#!ascii label  , from subject sub-v1s9x0051361_ses-1 vox2ras=TkReg
1101
133803  -17.849  -17.147  -7.703 0.5555555820
65390  -18.143  -16.875  -8.132 0.6666666865
66299  -18.129  -15.384  -8.342 0.7777777910
127125  -18.844  -15.842  -8.871 0.7777777910
67959  -18.797  -13.747  -9.478 0.8888888955
67975  -20.786  -13.329  -10.190 0.8888888955
65378  -16.700  -16.879  -6.654 0.5555555820
115193  -17.313  -16.617  -7.321 0.5555555820
66298  -17.094  -15.100  -8.102 0.6666666865
67149  -18.987  -14.537  -9.572 0.8888888955
67960  -19.346  -13.882  -9.764 0.8888888955
68852  -19.495  -12.506  -10.280 1.0000000000
67984  -21.247  -12.879  -10.751 0.8888888955
68863  -20.780  -12.184  -11.084 1.0000000000
67121  -16.313  -14.824  -7.497 0.7777777910
67947  -17.213  -13.585  -8.431 1.0000000000
68837  -16.606  -11.778  -8.963 1.0000000000
69763  -17.904  -12.096  -9.581 1.0000000000
69771  -18.065  -11.397  -10.086 1.0000000000
69762  -17.151  -11.583  -9.491 1.0000000000
69782  -18.636  -10.993  -10.895 1.0000000000
69781  -17.676  -10.719  -10.695 1.0000000000
69796  -18.918  -10.937  -11.855 1.0000000000
69798  -20.644  -11.402  -12.346 1.0000000000
70674  -18.132  -10.552  -11.513 1.0000000000
70684  -19.431  -10.529  -12.397 1.0000000000
69807  -21.002  -11.157  -13.053 1.0000000000
70694  -19.918  -10.121  -13.103 1.0000000000
70705  -21.982  -10.121  -14.049 0.7777777910
69760  -15.865  -11.403  -9.851 0.8888888955
69769  -16.088  -11.126  -10.356 1.0000000000
71544  -16.990  -9.632  -11.347 1.0000000000
71552  -18.249  -9.601  -12.463 1.0000000000
70693  -18.977  -10.011  -12.932 1.0000000000
71558  -19.403  -9.428  -13.169 1.0000000000
71567  -21.483  -9.607  -13.790 1.0000000000
71568  -22.326  -9.410  -14.258 0.8888888955
71566  -20.953  -9.053  -13.476 1.0000000000
71569  -23.315  -9.543  -14.668 0.7777777910
134907  -23.990  -9.344  -15.218 0.7777777910
71534  -14.956  -9.875  -10.351 0.5555555820
73262  -14.383  -7.400  -11.655 0.7777777910
71550  -14.877  -8.649  -11.177 0.8888888955
71551  -16.575  -8.927  -11.664 1.0000000000
72425  -17.416  -9.183  -12.273 1.0000000000
72423  -16.228  -8.014  -11.926 0.8888888955
72424  -16.847  -8.572  -12.376 1.0000000000
71557  -18.017  -9.001  -13.070 1.0000000000
71565  -20.295  -8.644  -13.392 1.0000000000
72445  -21.708  -8.685  -14.055 0.8888888955
72444  -21.016  -8.256  -13.411 1.0000000000
72446  -22.259  -7.945  -14.504 0.8888888955
73290  -23.454  -7.332  -15.487 0.7777777910
73298  -25.386  -7.624  -16.173 0.6666666865
73291  -24.377  -7.442  -15.890 0.6666666865
73247  -12.431  -7.394  -10.752 0.4444444478
72421  -13.797  -7.763  -11.329 0.7777777910
74119  -13.276  -6.601  -12.090 0.6666666865
74126  -15.197  -6.557  -13.225 0.7777777910
127457  -15.401  -7.185  -12.811 0.8888888955
73272  -16.561  -7.480  -13.524 0.8888888955
116815  -18.095  -8.223  -13.423 1.0000000000
73281  -17.217  -7.203  -14.064 1.0000000000
73282  -18.684  -7.253  -13.894 1.0000000000
73283  -19.553  -7.436  -13.566 1.0000000000
73284  -20.726  -7.416  -13.366 0.8888888955
73285  -22.173  -7.132  -14.065 0.7777777910
74149  -23.126  -6.644  -15.247 0.7777777910
74158  -26.119  -6.955  -16.278 0.5555555820
74143  -23.913  -6.100  -15.185 0.7777777910
74150  -24.818  -6.122  -15.784 0.6666666865
74978  -12.237  -5.334  -12.827 0.6666666865
74118  -12.331  -6.186  -12.143 0.6666666865
135879  -14.548  -6.270  -13.105 0.7777777910
74980  -13.990  -5.777  -13.267 0.7777777910
73279  -15.724  -6.388  -13.955 0.8888888955
73280  -16.428  -6.784  -14.059 0.8888888955
74135  -16.367  -6.141  -14.143 1.0000000000
74136  -17.078  -6.457  -14.199 1.0000000000
74138  -19.046  -6.655  -13.821 1.0000000000
74140  -22.074  -6.625  -13.571 0.8888888955
74141  -22.542  -6.332  -13.887 0.8888888955
74148  -22.651  -6.715  -14.594 0.7777777910
74128  -21.491  -6.221  -13.367 0.8888888955
74129  -22.198  -6.143  -13.427 0.7777777910
74995  -23.050  -5.714  -14.009 0.7777777910
74996  -24.577  -5.576  -15.380 0.7777777910
75000  -25.703  -5.320  -16.127 0.6666666865
75841  -12.215  -4.618  -13.087 0.6666666865
74971  -11.699  -5.516  -12.364 0.5555555820
74979  -13.216  -5.118  -13.237 0.7777777910
74989  -14.982  -5.065  -14.125 0.8888888955
74990  -15.628  -5.629  -14.124 0.8888888955
120584  -17.379  -5.058  -14.272 1.0000000000
74991  -17.037  -5.666  -14.258 1.0000000000
127645  -20.439  -6.008  -13.520 1.0000000000
74984  -23.349  -5.393  -13.381 0.7777777910
75845  -24.035  -4.977  -13.305 0.7777777910
75857  -24.940  -4.965  -15.202 0.6666666865
75861  -25.883  -4.301  -16.414 0.5555555820
126858  -13.021  -4.129  -13.261 0.7777777910
133449  -12.587  -3.362  -13.114 0.6666666865
75848  -14.423  -4.489  -14.016 0.8888888955
75851  -16.932  -4.328  -14.117 1.0000000000
75852  -17.793  -4.315  -14.315 1.0000000000
75855  -20.108  -4.586  -13.581 0.8888888955
74981  -20.893  -5.297  -13.384 0.8888888955
74972  -21.867  -5.152  -12.223 0.8888888955
74982  -21.866  -5.580  -13.145 0.8888888955
120271  -23.389  -5.184  -12.570 0.7777777910
76684  -24.924  -3.670  -12.976 0.7777777910
75846  -24.858  -4.382  -13.561 0.7777777910
119101  -25.100  -4.215  -14.851 0.5555555820
75831  -23.441  -4.242  -11.623 0.7777777910
76695  -25.255  -3.630  -14.128 0.5555555820
76700  -25.495  -3.544  -15.542 0.5555555820
77540  -25.211  -2.851  -13.546 0.6666666865
76659  -12.409  -2.225  -12.271 0.4444444478
77531  -12.644  -2.682  -13.022 0.5555555820
76680  -15.070  -2.941  -13.506 0.7777777910
76691  -16.428  -3.486  -14.118 1.0000000000
76690  -15.547  -3.577  -14.094 0.8888888955
76692  -18.196  -3.535  -14.315 1.0000000000
76693  -18.927  -3.652  -13.967 0.8888888955
119289  -20.264  -4.077  -13.319 0.8888888955
75843  -20.842  -4.561  -13.231 0.8888888955
75844  -21.369  -4.552  -12.444 0.8888888955
75835  -22.315  -5.099  -11.747 0.8888888955
77549  -25.308  -2.941  -14.750 0.5555555820
79229  -17.705  -0.709  -13.050 0.6666666865
78374  -15.849  -1.487  -13.151 0.6666666865
78376  -17.888  -1.291  -13.305 0.7777777910
76681  -19.374  -2.947  -13.652 0.8888888955
77538  -19.517  -1.969  -13.540 0.7777777910
77539  -20.208  -2.404  -13.267 0.7777777910
76682  -20.197  -3.358  -13.280 0.8888888955
77525  -20.998  -2.754  -11.650 0.7777777910
76671  -21.234  -3.813  -11.921 0.8888888955
77514  -22.363  -3.224  -10.778 0.7777777910
76661  -22.013  -3.834  -11.058 0.7777777910
76663  -23.711  -3.445  -11.406 0.6666666865
77503  -23.185  -1.919  -10.689 0.6666666865
78358  -24.907  -1.960  -11.850 0.6666666865
77516  -24.334  -2.773  -11.533 0.6666666865
76672  -24.354  -3.627  -11.996 0.5555555820
79232  -24.895  -0.048  -12.929 0.6666666865
129367  -25.182  -1.201  -12.225 0.5555555820
78380  -25.119  -1.228  -14.101 0.5555555820
118862  -25.188  -2.145  -14.291 0.4444444478
122262  -25.177  -0.800  -13.024 0.5555555820
80083  -18.718  -0.196  -12.442 0.3333333433
79210  -19.426  -0.199  -12.541 0.3333333433
79221  -19.020  -0.182  -13.037 0.5555555820
79230  -18.373  -0.561  -13.184 0.6666666865
78356  -20.564  -0.662  -11.772 0.5555555820
78366  -19.810  -0.642  -13.148 0.7777777910
77524  -20.622  -1.942  -12.527 0.7777777910
78343  -21.157  -1.235  -10.610 0.6666666865
77513  -21.030  -2.491  -10.858 0.6666666865
77501  -21.417  -2.076  -10.608 0.6666666865
78345  -23.643  -1.041  -10.677 0.6666666865
78346  -24.442  -0.308  -10.903 0.6666666865
121842  -24.829  -0.369  -12.049 0.6666666865
119774  -24.591  -0.290  -13.987 0.5555555820
117352  -24.516  0.582  -14.402 0.5555555820
80084  -20.113  -0.290  -12.024 0.4444444478
121598  -19.307  0.183  -11.226 0.4444444478
121977  -20.916  0.800  -10.465 0.5555555820
79196  -20.455  -0.382  -11.422 0.5555555820
78342  -20.693  -1.039  -10.836 0.6666666865
79198  -21.678  -0.541  -10.475 0.6666666865
78344  -22.209  -1.388  -10.482 0.6666666865
80085  -24.591  0.349  -11.359 0.6666666865
80939  -24.343  1.330  -13.726 0.6666666865
119829  -24.511  1.310  -14.953 0.6666666865
80072  -22.211  0.195  -10.430 0.6666666865
80073  -23.082  0.372  -10.569 0.6666666865
79199  -22.711  -0.401  -10.524 0.6666666865
80932  -24.406  1.333  -12.449 0.6666666865
67148  -18.612  -14.200  -8.894 0.8888888955
67130  -16.705  -14.335  -8.168 1.0000000000
68828  -17.619  -12.959  -8.680 1.0000000000
68851  -18.675  -12.285  -9.944 1.0000000000
68862  -19.866  -12.058  -10.913 1.0000000000
74113  -11.988  -6.802  -11.451 0.5555555820
74127  -20.848  -6.698  -13.385 0.8888888955
75840  -11.659  -4.217  -13.015 0.5555555820
78353  -13.795  -1.837  -12.481 0.5555555820
76688  -13.938  -3.920  -13.438 0.7777777910
74973  -22.586  -5.366  -12.572 0.8888888955
77498  -13.083  -2.047  -11.770 0.2222222239
79197  -20.926  -0.504  -10.624 0.6666666865
125094  -22.601  0.847  -10.485 0.6666666865
74112  -11.697  -6.353  -11.316 0.4444444478
121756  -11.363  -4.927  -12.350 0.4444444478
80950  -24.309  0.882  -16.391 0.5555555820
80945  -24.497  0.456  -15.597 0.5555555820
80070  -19.881  0.437  -10.637 0.2222222239
80071  -20.342  0.403  -10.696 0.3333333433
82424  -23.915  1.559  -16.401 0.5555555820
63610  -18.276  -18.016  -6.977 0.5555555820
64473  -18.505  -17.636  -7.688 0.5555555820
65402  -19.012  -16.627  -8.637 0.5555555820
130441  -20.702  -14.470  -9.744 0.7777777910
67962  -21.176  -14.072  -10.059 0.8888888955
63597  -18.062  -18.394  -6.448 0.5555555820
124309  -19.841  -16.228  -8.908 0.6666666865
66300  -19.529  -15.303  -9.311 0.6666666865
67150  -19.864  -14.504  -9.605 0.8888888955
67976  -21.658  -13.540  -10.432 0.7777777910
67985  -22.308  -13.140  -10.932 0.7777777910
68871  -21.915  -12.360  -12.263 0.8888888955
64452  -16.886  -17.572  -5.391 0.4444444478
65389  -16.363  -16.183  -6.981 0.5555555820
68870  -21.095  -11.996  -11.927 1.0000000000
67109  -15.989  -14.883  -6.691 0.2222222239
67937  -16.224  -14.044  -7.570 0.6666666865
69809  -22.618  -11.606  -13.572 0.8888888955
69814  -23.086  -11.090  -14.113 0.6666666865
71578  -24.784  -9.569  -15.493 0.6666666865
68826  -16.157  -12.768  -7.950 0.5555555820
71587  -25.244  -9.119  -16.041 0.6666666865
69750  -15.432  -10.712  -9.590 0.4444444478
72462  -25.820  -8.478  -16.204 0.5555555820
75007  -26.836  -6.200  -16.521 0.5555555820
72395  -14.365  -8.076  -10.032 0.2222222239
73253  -11.824  -7.078  -10.925 0.4444444478
122037  -26.634  -4.677  -17.053 0.5555555820
75814  -11.498  -4.648  -10.652 0.3333333433
75862  -26.925  -4.064  -17.382 0.5555555820
77521  -12.067  -2.506  -12.896 0.4444444478
117300  -26.813  -3.148  -16.520 0.4444444478
77562  -25.935  -2.047  -16.515 0.5555555820
121069  -25.184  -1.496  -15.845 0.4444444478
136971  -18.267  -0.297  -12.425 0.3333333433
80092  -18.005  -0.410  -12.615 0.3333333433
79209  -17.452  -1.018  -12.270 0.4444444478
79244  -24.917  -0.795  -15.175 0.4444444478
119598  -24.611  0.282  -16.602 0.4444444478
80916  -20.749  1.001  -10.233 0.3333333433
122436  -22.129  0.740  -10.434 0.6666666865
80919  -23.479  1.170  -10.547 0.6666666865
80074  -24.123  0.538  -10.722 0.6666666865
80926  -24.319  1.638  -11.387 0.6666666865
81668  -24.085  2.179  -11.914 0.6666666865
117448  -24.036  2.079  -13.105 0.6666666865
81675  -24.114  2.032  -14.205 0.6666666865
81680  -24.214  1.920  -15.301 0.4444444478
80918  -22.602  1.651  -10.535 0.5555555820
64472  -17.646  -17.317  -7.094 0.5555555820
66290  -17.655  -15.899  -7.696 0.6666666865
133477  -18.349  -16.091  -8.291 0.7777777910
67131  -17.901  -14.395  -8.444 0.8888888955
67132  -18.666  -14.959  -8.909 0.8888888955
68840  -19.091  -13.076  -9.809 1.0000000000
68839  -18.259  -12.850  -9.300 1.0000000000
67948  -18.224  -13.570  -8.697 1.0000000000
68853  -20.338  -12.655  -10.485 1.0000000000
67974  -19.923  -13.138  -9.895 0.8888888955
67961  -20.306  -13.862  -9.804 0.8888888955
64453  -17.336  -17.616  -6.263 0.5555555820
64461  -16.367  -17.022  -6.016 0.4444444478
135592  -16.982  -16.082  -7.357 0.6666666865
66289  -16.747  -15.598  -7.434 0.5555555820
69772  -19.032  -11.841  -10.620 1.0000000000
68864  -21.684  -12.479  -11.396 1.0000000000
69784  -20.305  -11.633  -11.554 1.0000000000
66288  -16.231  -15.422  -7.001 0.5555555820
67946  -16.411  -13.470  -8.007 0.8888888955
68827  -16.717  -12.663  -8.422 0.8888888955
68838  -17.343  -12.294  -9.035 1.0000000000
133335  -16.137  -12.070  -8.444 0.8888888955
69761  -16.048  -11.546  -9.902 1.0000000000
69770  -16.984  -10.886  -9.940 1.0000000000
69783  -19.525  -11.270  -11.204 1.0000000000
70663  -16.833  -10.511  -10.437 1.0000000000
69797  -19.805  -11.186  -12.086 1.0000000000
68874  -22.181  -12.198  -13.079 0.8888888955
70685  -20.210  -10.860  -12.806 1.0000000000
70683  -18.564  -10.302  -12.158 1.0000000000
70682  -17.674  -10.067  -11.945 1.0000000000
70695  -20.700  -10.467  -13.147 1.0000000000
70697  -22.171  -10.857  -13.925 0.8888888955
70706  -22.783  -10.238  -14.205 0.7777777910
70654  -15.781  -11.243  -10.143 1.0000000000
70653  -15.405  -10.716  -10.036 0.5555555820
69752  -16.195  -11.486  -9.049 0.6666666865
69751  -16.028  -11.338  -9.176 0.5555555820
70672  -16.324  -10.287  -10.736 1.0000000000
70662  -15.695  -10.614  -10.398 0.8888888955
117132  -16.218  -9.543  -11.108 1.0000000000
133402  -18.705  -9.337  -13.018 1.0000000000
72434  -18.910  -8.692  -13.319 1.0000000000
71576  -22.635  -8.688  -14.665 0.8888888955
71577  -23.490  -8.725  -15.175 0.7777777910
72453  -24.779  -8.268  -16.034 0.6666666865
70652  -14.774  -10.090  -9.940 0.5555555820
72407  -14.918  -8.946  -10.183 0.6666666865
71533  -14.839  -8.809  -10.653 0.6666666865
72422  -14.374  -8.210  -11.222 0.7777777910
73261  -13.507  -7.319  -11.673 0.6666666865
73270  -14.761  -6.667  -12.350 0.8888888955
118964  -15.226  -7.936  -11.571 0.8888888955
133427  -15.740  -7.385  -12.049 0.8888888955
71543  -15.596  -9.766  -10.747 0.8888888955
133755  -15.657  -8.861  -11.226 1.0000000000
72432  -16.599  -8.145  -13.013 0.8888888955
72442  -18.799  -7.894  -13.704 1.0000000000
116894  -21.625  -7.784  -13.739 0.8888888955
73289  -22.672  -7.293  -14.976 0.8888888955
72451  -22.941  -7.984  -15.193 0.7777777910
72452  -23.872  -8.068  -15.589 0.7777777910
118235  -24.067  -6.737  -15.620 0.6666666865
73299  -26.452  -7.882  -16.297 0.5555555820
74157  -25.048  -6.817  -16.022 0.6666666865
73260  -12.693  -7.097  -11.581 0.5555555820
128251  -12.747  -7.182  -10.210 0.3333333433
72394  -13.470  -7.608  -10.409 0.3333333433
72405  -13.134  -7.737  -10.921 0.4444444478
72406  -14.215  -8.175  -10.652 0.6666666865
74124  -13.201  -5.824  -12.642 0.6666666865
74125  -13.990  -6.304  -12.570 0.7777777910
73271  -15.829  -7.084  -13.513 0.8888888955
72441  -18.045  -7.511  -13.897 1.0000000000
74137  -18.076  -6.713  -14.138 1.0000000000
73274  -21.568  -7.037  -13.505 0.7777777910
74142  -23.101  -6.095  -14.640 0.7777777910
75001  -26.636  -5.323  -16.770 0.5555555820
74134  -14.899  -5.834  -13.697 0.8888888955
123964  -18.595  -5.912  -13.971 1.0000000000
136191  -23.902  -5.160  -13.818 0.7777777910
75856  -23.929  -5.500  -14.423 0.7777777910
130977  -11.505  -5.780  -11.215 0.4444444478
124751  -15.727  -4.864  -14.206 0.8888888955
74992  -18.171  -5.098  -14.235 1.0000000000
74994  -19.934  -5.183  -13.690 0.8888888955
76701  -26.407  -3.547  -16.743 0.5555555820
76702  -26.995  -3.520  -17.001 0.5555555820
77520  -11.480  -3.055  -12.888 0.5555555820
76679  -14.232  -3.111  -13.259 0.6666666865
75849  -15.218  -4.355  -14.178 0.8888888955
75854  -19.375  -4.396  -13.686 1.0000000000
125549  -21.423  -4.970  -13.078 0.8888888955
75837  -24.013  -4.505  -12.512 0.8888888955
75830  -22.510  -4.549  -11.416 0.8888888955
77555  -25.886  -2.873  -15.823 0.5555555820
77522  -12.954  -2.036  -12.844 0.5555555820
77533  -14.535  -2.244  -13.125 0.5555555820
77545  -15.896  -2.699  -14.016 1.0000000000
77546  -16.807  -2.507  -13.939 0.7777777910
77534  -15.452  -2.185  -13.375 0.7777777910
77548  -18.517  -2.920  -14.081 0.8888888955
77547  -17.749  -2.744  -14.124 0.7777777910
78393  -25.627  -2.111  -16.294 0.5555555820
79218  -16.821  -1.153  -12.648 0.5555555820
78365  -16.552  -1.092  -12.916 0.5555555820
79220  -18.142  -0.191  -12.982 0.4444444478
78375  -17.139  -1.136  -13.106 0.6666666865
77535  -16.627  -1.630  -13.308 0.7777777910
77523  -13.816  -1.987  -12.850 0.7777777910
78363  -14.629  -1.686  -12.736 0.6666666865
78379  -20.158  -1.407  -13.208 0.7777777910
77537  -18.182  -2.164  -13.732 0.7777777910
76651  -21.659  -2.979  -10.776 0.6666666865
77515  -23.352  -2.812  -10.909 0.6666666865
131062  -24.747  -1.137  -11.304 0.6666666865
78357  -24.191  -1.971  -11.017 0.6666666865
118588  -25.227  -1.840  -13.035 0.5555555820
80107  -24.685  -0.036  -15.016 0.4444444478
78386  -25.004  -1.610  -15.055 0.4444444478
80093  -18.537  -0.166  -12.700 0.4444444478
79211  -20.236  -0.312  -12.258 0.5555555820
78367  -20.500  -0.790  -12.598 0.6666666865
77512  -20.654  -1.676  -11.240 0.7777777910
80094  -24.633  0.485  -12.315 0.6666666865
80101  -24.627  0.598  -13.280 0.6666666865
130253  -21.594  0.069  -10.418 0.6666666865
79200  -23.616  -0.163  -10.646 0.6666666865
133983  -24.480  0.832  -10.984 0.6666666865
75828  -11.240  -4.249  -12.050 0.4444444478
78354  -14.580  -1.588  -12.107 0.3333333433
74107  -11.653  -6.352  -10.678 0.4444444478
75820  -11.280  -4.403  -11.207 0.4444444478
80956  -24.609  0.582  -17.460 0.3333333433
81687  -23.680  2.112  -16.849 0.3333333433
67151  -21.508  -14.881  -9.872 0.6666666865
63587  -17.447  -18.296  -5.740 0.5555555820
68872  -22.825  -12.630  -12.514 0.7777777910
65377  -16.142  -16.415  -6.399 0.4444444478
70707  -23.738  -10.464  -14.381 0.6666666865
72396  -14.881  -9.229  -9.836 0.3333333433
72379  -14.983  -8.638  -8.238 0.1111111119
72377  -13.552  -7.563  -10.108 0.1111111119
74962  -11.477  -5.348  -10.743 0.4444444478
76649  -11.508  -3.739  -11.130 0.3333333433
76658  -11.379  -3.487  -11.737 0.3333333433
79217  -16.157  -1.400  -12.182 0.3333333433
81674  -24.077  2.778  -14.616 0.6666666865
82418  -23.906  2.603  -15.583 0.4444444478
64476  -21.367  -17.984  -7.617 0.4444444478
64464  -23.119  -17.395  -6.447 0.2222222239
133516  -19.659  -18.964  -7.153 0.4444444478
63599  -20.357  -19.069  -7.220 0.4444444478
64474  -19.664  -18.155  -7.843 0.4444444478
122045  -21.021  -18.339  -8.026 0.4444444478
64487  -21.343  -17.372  -8.149 0.4444444478
65393  -22.700  -16.873  -7.734 0.2222222239
65403  -19.982  -17.135  -8.627 0.4444444478
65404  -20.857  -16.721  -8.690 0.4444444478
130467  -21.621  -16.610  -8.563 0.4444444478
66291  -23.679  -15.593  -7.955 0.1111111119
66292  -24.211  -15.166  -7.678 0.1111111119
126267  -21.429  -15.931  -8.848 0.4444444478
66302  -22.500  -15.459  -8.824 0.3333333433
126671  -22.121  -16.066  -8.730 0.3333333433
66304  -23.982  -14.857  -8.263 0.2222222239
66318  -21.221  -15.426  -9.286 0.4444444478
67133  -21.960  -15.355  -9.360 0.3333333433
66301  -20.609  -15.749  -9.039 0.5555555820
67153  -23.002  -14.032  -9.572 0.2222222239
67154  -24.069  -13.927  -9.837 0.1111111119
67964  -24.889  -13.499  -10.068 0.1111111119
67152  -22.268  -14.751  -9.969 0.3333333433
67166  -23.706  -13.827  -10.303 0.3333333433
136698  -22.400  -13.667  -10.473 0.4444444478
67986  -23.377  -13.113  -11.292 0.6666666865
67989  -24.920  -12.737  -11.832 0.4444444478
69801  -25.582  -11.692  -12.735 0.3333333433
67997  -23.672  -12.527  -12.597 0.6666666865
68880  -24.918  -11.931  -13.257 0.5555555820
68875  -23.096  -12.316  -13.231 0.6666666865
69816  -24.923  -11.395  -14.451 0.5555555820
126742  -25.472  -11.231  -14.489 0.5555555820
69811  -25.620  -11.468  -13.305 0.4444444478
70709  -25.899  -10.121  -14.540 0.3333333433
69810  -23.534  -11.859  -13.809 0.5555555820
71589  -27.175  -9.341  -16.055 0.4444444478
71588  -26.252  -9.223  -16.099 0.5555555820
70718  -25.537  -10.088  -15.156 0.4444444478
73300  -27.119  -8.172  -16.186 0.4444444478
80920  -24.239  1.391  -10.835 0.5555555820
81661  -24.092  2.221  -10.957 0.5555555820
81667  -23.776  2.863  -12.608 0.5555555820
127884  -23.900  2.777  -13.682 0.5555555820
82417  -23.702  3.661  -14.740 0.5555555820
63614  -20.607  -19.007  -7.743 0.4444444478
64477  -22.316  -17.557  -7.208 0.2222222239
66303  -23.179  -15.148  -8.563 0.2222222239
67135  -23.511  -14.261  -8.861 0.2222222239
67978  -23.944  -13.334  -10.958 0.4444444478
119624  -24.363  -13.502  -10.628 0.3333333433
67977  -23.162  -13.533  -10.640 0.4444444478
67993  -24.052  -12.784  -12.197 0.6666666865
67994  -24.544  -12.743  -12.134 0.4444444478
71580  -26.529  -9.495  -15.416 0.3333333433
72464  -27.296  -8.957  -16.166 0.4444444478
129312  -27.127  -5.488  -16.714 0.4444444478
81660  -23.706  2.874  -11.485 0.5555555820
82397  -23.120  3.525  -11.248 0.5555555820
65391  -19.200  -17.414  -8.268 0.4444444478
68866  -25.239  -12.557  -11.545 0.2222222239
136283  -23.832  3.221  -14.116 0.5555555820
62753  -20.188  -19.721  -6.043 0.4444444478
63588  -20.601  -19.082  -6.569 0.4444444478
63602  -21.816  -18.404  -6.334 0.2222222239
63591  -22.749  -17.761  -5.520 0.2222222239
62762  -18.344  -19.147  -6.181 0.4444444478
62763  -19.509  -19.379  -6.702 0.4444444478
64478  -23.355  -17.021  -7.143 0.1111111119
65395  -24.145  -15.798  -7.250 0.1111111119
65368  -23.777  -17.082  -5.502 0.1111111119
67110  -24.584  -15.021  -7.101 0.1111111119
119803  -24.236  -14.201  -8.441 0.1111111119
67949  -24.578  -13.555  -8.149 0.1111111119
68841  -25.240  -12.599  -9.706 0.1111111119
68854  -25.220  -12.740  -10.681 0.1111111119
69785  -25.492  -12.025  -11.183 0.2222222239
114560  -26.156  -10.904  -13.249 0.1111111119
69800  -25.537  -11.929  -11.941 0.2222222239
71570  -26.462  -9.621  -14.703 0.2222222239
72447  -26.877  -9.055  -14.617 0.2222222239
72454  -27.199  -8.562  -15.336 0.3333333433
74159  -27.038  -7.190  -16.311 0.4444444478
74152  -27.566  -6.352  -16.248 0.3333333433
75002  -27.451  -5.180  -16.454 0.3333333433
75863  -27.191  -4.356  -17.153 0.3333333433
113085  -15.342  -1.433  -12.425 0.4444444478
77556  -26.662  -2.748  -16.226 0.4444444478
80120  -24.838  -0.152  -16.505 0.3333333433
80917  -21.331  1.442  -10.380 0.4444444478
82423  -23.578  3.265  -16.027 0.5555555820
81652  -23.445  2.835  -10.840 0.5555555820
82405  -23.336  3.545  -12.231 0.5555555820
83170  -23.149  4.492  -13.957 0.5555555820
63598  -18.800  -18.814  -6.916 0.4444444478
63611  -19.192  -18.411  -7.353 0.4444444478
66317  -20.573  -15.051  -9.480 0.5555555820
67164  -21.992  -14.368  -10.293 0.6666666865
68865  -22.635  -12.738  -11.680 0.6666666865
70708  -24.633  -10.852  -14.789 0.5555555820
70717  -25.086  -10.321  -15.286 0.5555555820
71579  -25.657  -9.680  -15.688 0.4444444478
80114  -24.584  -0.243  -15.952 0.3333333433
64462  -21.503  -18.309  -7.148 0.3333333433
64463  -22.306  -17.903  -6.548 0.3333333433
63612  -20.048  -18.760  -7.571 0.4444444478
63613  -20.370  -19.217  -7.737 0.4444444478
64485  -20.102  -17.892  -8.292 0.4444444478
64475  -20.621  -18.686  -8.015 0.4444444478
64486  -20.737  -17.774  -8.324 0.4444444478
65392  -21.942  -17.323  -7.785 0.4444444478
65405  -22.122  -16.773  -8.269 0.4444444478
65406  -22.866  -16.095  -8.310 0.4444444478
65394  -23.492  -16.352  -7.595 0.1111111119
66277  -24.561  -15.500  -6.664 0.1111111119
67134  -22.621  -14.752  -9.144 0.3333333433
67963  -24.242  -13.680  -8.954 0.1111111119
67979  -24.793  -12.976  -11.010 0.1111111119
67950  -24.780  -12.975  -8.852 0.1111111119
67165  -22.774  -13.998  -10.175 0.3333333433
67987  -24.041  -13.034  -11.661 0.4444444478
68873  -25.324  -12.293  -12.114 0.3333333433
67988  -24.430  -13.018  -11.361 0.4444444478
69786  -25.866  -10.820  -12.258 0.1111111119
68000  -24.977  -12.070  -12.965 0.4444444478
68876  -23.972  -11.844  -12.937 0.5555555820
67998  -24.290  -12.303  -12.573 0.5555555820
69819  -25.350  -11.034  -15.038 0.5555555820
70698  -26.168  -10.353  -13.920 0.3333333433
74160  -27.345  -7.513  -16.026 0.4444444478
81653  -23.618  2.060  -10.621 0.5555555820
82412  -23.534  3.565  -13.453 0.5555555820
63600  -20.595  -19.084  -7.603 0.4444444478
63601  -21.127  -18.673  -6.888 0.4444444478
83146  -22.611  4.052  -12.053 0.5555555820
62764  -20.222  -19.323  -6.775 0.4444444478
63589  -21.346  -18.854  -6.040 0.4444444478
63590  -22.150  -18.537  -5.320 0.2222222239
62751  -18.962  -19.949  -6.257 0.4444444478
133447  -23.939  -16.539  -7.074 0.1111111119
65379  -23.859  -16.810  -6.497 0.1111111119
67122  -24.521  -14.375  -7.711 0.1111111119
57044  -22.639  -25.424  -2.565 0.1111111119
58084  -19.456  -24.079  -4.295 0.3333333433
58077  -21.814  -24.439  -3.636 0.2222222239
57061  -22.219  -24.992  -3.162 0.2222222239
58078  -22.625  -24.346  -3.467 0.1111111119
60953  -17.287  -21.956  -4.622 0.3333333433
59043  -18.234  -23.498  -4.433 0.3333333433
134315  -18.823  -23.843  -4.324 0.3333333433
60044  -20.208  -22.443  -4.264 0.3333333433
60028  -21.029  -23.060  -4.345 0.3333333433
59031  -21.441  -23.841  -4.180 0.2222222239
60029  -21.908  -23.224  -4.188 0.2222222239
59032  -22.281  -23.767  -3.902 0.2222222239
135476  -22.981  -23.805  -3.729 0.1111111119
61824  -16.473  -20.414  -4.206 0.2222222239
60952  -16.709  -21.176  -4.415 0.2222222239
128118  -18.192  -22.249  -4.726 0.3333333433
60042  -18.631  -22.783  -4.563 0.3333333433
60043  -19.434  -22.667  -4.450 0.3333333433
119232  -21.836  -22.483  -4.028 0.1111111119
61836  -16.348  -19.868  -4.847 0.2222222239
126659  -17.400  -21.205  -4.828 0.3333333433
61837  -17.044  -19.875  -5.301 0.3333333433
121716  -18.124  -19.890  -5.711 0.3333333433
61827  -19.063  -21.058  -5.216 0.3333333433
60954  -18.313  -21.561  -4.925 0.3333333433
60956  -20.187  -21.569  -4.401 0.3333333433
61828  -19.746  -21.063  -4.851 0.3333333433
60957  -20.944  -21.187  -4.052 0.3333333433
61829  -21.090  -20.426  -4.365 0.3333333433
61810  -21.528  -20.877  -3.861 0.3333333433
60937  -21.663  -21.579  -3.786 0.1111111119
61811  -22.186  -20.982  -3.636 0.2222222239
62749  -16.384  -19.169  -5.142 0.2222222239
62750  -17.269  -19.061  -5.568 0.3333333433
61839  -19.731  -20.452  -5.469 0.3333333433
61840  -20.455  -19.911  -4.976 0.3333333433
61830  -21.793  -20.259  -3.931 0.1111111119
63576  -16.280  -18.759  -4.910 0.3333333433
63586  -16.685  -18.400  -5.165 0.3333333433
62752  -19.638  -19.970  -6.252 0.3333333433
62754  -20.842  -19.284  -5.475 0.3333333433
73286  -27.422  -7.602  -15.070 0.2222222239
74144  -28.023  -6.099  -15.755 0.2222222239
122960  -27.788  -6.754  -14.860 0.2222222239
76703  -27.174  -3.698  -16.999 0.2222222239
59030  -20.514  -23.962  -4.335 0.3333333433
61825  -16.872  -20.576  -4.875 0.3333333433
136557  -19.638  -22.043  -4.469 0.3333333433
60936  -20.937  -22.044  -3.931 0.3333333433
61826  -17.967  -20.710  -5.281 0.3333333433
62755  -21.674  -19.077  -4.919 0.3333333433
122332  -21.783  -25.618  -2.781 0.1111111119
56114  -22.221  -26.040  -2.121 0.1111111119
58074  -18.483  -24.315  -4.162 0.3333333433
121998  -19.219  -24.778  -4.039 0.3333333433
58075  -20.033  -24.729  -4.070 0.3333333433
57059  -20.479  -25.290  -3.598 0.3333333433
57060  -21.382  -25.175  -3.421 0.3333333433
57018  -23.075  -25.858  -1.931 0.1111111119
58057  -23.064  -24.859  -3.043 0.1111111119
60041  -17.777  -22.742  -4.524 0.3333333433
133102  -23.422  -24.264  -3.406 0.1111111119
59033  -23.616  -23.601  -3.597 0.1111111119
60938  -22.539  -21.867  -3.729 0.1111111119
128982  -23.052  -21.110  -3.540 0.1111111119
61831  -22.593  -20.244  -3.574 0.1111111119
62742  -22.155  -19.563  -4.103 0.1111111119
74997  -27.706  -5.151  -15.350 0.2222222239
126776  -26.845  -2.339  -15.981 0.2222222239
77558  -26.823  -3.042  -15.927 0.2222222239
75864  -27.436  -4.381  -16.353 0.2222222239
59044  -19.105  -23.363  -4.395 0.3333333433
58076  -20.957  -24.603  -3.936 0.3333333433
60935  -16.192  -21.937  -4.116 0.2222222239
59042  -17.438  -23.211  -4.233 0.2222222239
59045  -19.972  -23.265  -4.336 0.3333333433
126245  -18.950  -22.150  -4.714 0.3333333433
60030  -22.840  -22.970  -3.904 0.1111111119
61838  -18.971  -20.496  -5.837 0.3333333433
60955  -19.346  -21.566  -4.748 0.3333333433
121582  -20.321  -20.718  -4.655 0.3333333433
62740  -16.194  -19.305  -4.615 0.2222222239
62741  -21.335  -19.697  -4.616 0.3333333433
56113  -21.348  -26.253  -2.368 0.1111111119
58073  -17.646  -24.552  -3.626 0.2222222239
57058  -19.557  -25.318  -3.655 0.3333333433
60027  -16.908  -22.650  -4.201 0.2222222239
59028  -16.766  -23.262  -3.875 0.2222222239
74130  -27.828  -5.902  -14.354 0.1111111119
74985  -27.761  -4.978  -13.982 0.1111111119
75858  -27.476  -4.309  -14.809 0.1111111119
76685  -27.507  -3.387  -14.121 0.1111111119
76696  -27.236  -3.658  -15.692 0.1111111119
122529  -27.452  -2.632  -14.190 0.1111111119
132998  -25.877  -1.573  -16.497 0.2222222239
125136  -27.297  -2.206  -14.993 0.1111111119
80122  -25.627  0.100  -16.412 0.1111111119
79254  -25.314  -0.638  -16.347 0.2222222239
132680  -24.849  0.388  -16.911 0.1111111119
79255  -25.828  -0.475  -16.338 0.1111111119
80958  -25.624  0.689  -16.509 0.1111111119
82386  -22.025  3.210  -10.456 0.4444444478
81651  -22.675  2.622  -10.599 0.4444444478
80963  -24.523  0.666  -18.068 0.1111111119
81693  -23.370  1.642  -18.239 0.1111111119
81701  -24.080  1.183  -18.688 0.1111111119
83159  -22.853  4.214  -13.019 0.4444444478
83158  -22.377  4.617  -12.578 0.4444444478
83907  -22.270  5.629  -13.424 0.4444444478
136693  -22.778  4.653  -13.513 0.4444444478
83908  -22.721  5.174  -13.775 0.4444444478
83179  -23.282  4.732  -14.938 0.4444444478
124086  -23.279  4.887  -15.911 0.4444444478
133043  -23.435  4.145  -15.570 0.2222222239
123996  -23.192  4.733  -16.972 0.2222222239
83191  -23.206  3.581  -17.714 0.2222222239
83201  -22.517  3.254  -18.883 0.2222222239
82436  -22.770  2.454  -18.598 0.2222222239
112826  -25.000  8.313  -16.916 0.1111111119
85399  -24.345  7.288  -17.985 0.1111111119
114280  -23.550  3.914  -19.879 0.1111111119
132272  -22.030  3.851  -10.602 0.4444444478
83144  -21.603  5.044  -11.210 0.4444444478
82396  -22.385  4.267  -11.014 0.4444444478
83145  -22.133  4.779  -11.857 0.3333333433
83897  -21.882  5.269  -12.676 0.4444444478
84652  -22.723  6.079  -14.024 0.4444444478
84661  -22.713  7.058  -14.393 0.4444444478
84662  -22.937  6.421  -14.834 0.4444444478
83916  -22.939  5.428  -14.452 0.4444444478
83926  -23.131  5.680  -15.339 0.4444444478
85372  -22.629  8.091  -15.195 0.3333333433
84669  -23.100  6.669  -15.912 0.3333333433
84677  -23.325  6.708  -16.871 0.1111111119
119514  -23.311  5.536  -17.364 0.1111111119
84690  -23.539  6.125  -17.735 0.1111111119
125047  -23.319  4.379  -18.054 0.2222222239
83946  -23.390  5.145  -18.364 0.1111111119
84705  -23.630  5.885  -18.910 0.1111111119
83136  -21.615  4.547  -10.720 0.2222222239
84642  -21.377  6.043  -13.126 0.3333333433
85383  -22.732  8.400  -16.528 0.2222222239
85373  -22.889  7.423  -15.530 0.2222222239
85384  -23.185  7.701  -16.488 0.2222222239
126042  -23.582  7.669  -16.855 0.1111111119
86175  -22.723  9.137  -16.986 0.1111111119
86184  -23.164  8.557  -16.922 0.1111111119
85398  -23.781  7.000  -17.385 0.1111111119
86185  -23.988  8.131  -17.006 0.1111111119
85392  -24.071  7.623  -17.269 0.1111111119
83889  -21.704  5.462  -11.758 0.3333333433
134850  -20.313  7.013  -12.971 0.3333333433
85355  -20.918  7.734  -13.281 0.3333333433
85363  -22.062  7.622  -13.970 0.3333333433
86166  -22.195  8.655  -14.783 0.2222222239
86174  -22.398  8.948  -16.328 0.2222222239
86885  -22.337  9.724  -16.924 0.1111111119
86887  -23.493  9.385  -16.465 0.1111111119
112786  -23.950  8.572  -16.741 0.1111111119
86168  -25.390  8.795  -14.956 0.1111111119
85342  -20.016  7.481  -10.770 0.1111111119
85348  -19.926  8.112  -11.376 0.1111111119
86154  -20.046  8.179  -13.035 0.2222222239
86158  -20.018  8.965  -13.004 0.2222222239
86159  -20.920  8.680  -13.465 0.3333333433
86869  -20.773  9.628  -13.940 0.2222222239
86160  -21.646  8.360  -13.869 0.3333333433
86875  -21.080  10.435  -15.300 0.2222222239
87621  -21.240  11.061  -17.211 0.1111111119
87614  -22.334  10.876  -16.940 0.1111111119
86886  -22.859  9.582  -16.839 0.1111111119
86878  -23.293  9.803  -16.178 0.1111111119
86167  -24.263  8.845  -16.104 0.1111111119
128613  -26.004  8.369  -17.089 0.1111111119
128701  -25.237  8.228  -17.728 0.1111111119
118148  -19.880  8.333  -10.867 0.1111111119
121552  -19.948  9.350  -11.028 0.1111111119
86153  -19.779  8.624  -12.179 0.1111111119
86854  -19.651  9.477  -11.782 0.1111111119
88333  -18.890  12.164  -13.420 0.1111111119
87593  -18.879  11.532  -13.642 0.1111111119
115836  -20.100  10.464  -14.270 0.2222222239
88349  -18.676  12.568  -15.156 0.1111111119
87612  -19.366  11.854  -15.635 0.1111111119
89942  -19.083  15.324  -16.369 0.1111111119
88350  -21.283  12.500  -17.214 0.1111111119
89111  -21.493  12.641  -16.220 0.1111111119
88352  -22.596  11.183  -15.653 0.1111111119
86849  -20.212  10.047  -11.196 0.1111111119
87579  -21.229  10.450  -10.742 0.1111111119
87584  -20.689  11.072  -11.376 0.1111111119
88322  -19.787  11.850  -12.405 0.1111111119
89090  -19.369  13.557  -13.375 0.1111111119
89089  -18.600  13.535  -14.252 0.1111111119
89934  -18.938  15.719  -15.351 0.1111111119
127295  -21.368  11.861  -10.281 0.1111111119
88317  -21.795  11.763  -9.498 0.1111111119
88323  -21.052  12.203  -11.446 0.1111111119
133572  -27.605  -5.513  -13.276 0.1111111119
75847  -27.763  -4.154  -13.399 0.1111111119
78395  -27.117  -1.571  -15.638 0.1111111119
121603  -27.140  -1.092  -15.993 0.1111111119
125424  -24.981  0.438  -17.018 0.1111111119
82387  -22.660  3.419  -10.758 0.4444444478
127593  -23.266  3.942  -16.549 0.3333333433
82430  -23.260  2.791  -17.306 0.2222222239
82442  -22.715  2.321  -19.580 0.1111111119
82437  -24.454  1.465  -18.894 0.1111111119
119646  -22.737  4.092  -19.056 0.2222222239
84691  -23.952  6.537  -18.149 0.1111111119
112157  -23.049  6.147  -20.028 0.1111111119
84651  -22.254  6.580  -13.631 0.3333333433
86191  -24.546  7.975  -17.502 0.1111111119
86860  -19.688  9.784  -13.210 0.2222222239
87613  -20.282  11.192  -15.733 0.1111111119
89099  -18.328  14.786  -15.253 0.1111111119
89101  -20.672  13.803  -15.106 0.1111111119
89078  -20.595  13.622  -11.440 0.1111111119
75838  -27.614  -3.998  -12.087 0.1111111119
74974  -27.675  -4.838  -12.753 0.1111111119
77557  -26.586  -2.272  -16.245 0.2222222239
78399  -25.524  -1.419  -16.314 0.2222222239
80957  -24.968  0.703  -17.612 0.1111111119
86850  -20.565  9.573  -10.577 0.1111111119
121880  -21.371  9.024  -9.591 0.1111111119
87580  -21.875  10.850  -10.121 0.1111111119
130990  -27.633  -6.670  -13.868 0.1111111119
76664  -27.763  -3.253  -11.564 0.1111111119
75821  -27.496  -3.973  -11.013 0.1111111119
77517  -27.807  -2.542  -12.138 0.1111111119
119743  -27.594  -2.611  -13.216 0.1111111119
77527  -27.782  -1.875  -12.661 0.1111111119
77541  -27.629  -1.932  -13.790 0.1111111119
79239  -27.148  -0.881  -15.355 0.1111111119
78387  -27.293  -1.384  -14.802 0.1111111119
136888  -27.470  -1.711  -14.375 0.1111111119
79246  -26.960  -0.486  -15.727 0.1111111119
80116  -26.816  0.331  -15.573 0.1111111119
81696  -25.791  1.546  -16.400 0.1111111119
81695  -25.473  1.543  -17.562 0.1111111119
81708  -23.786  1.777  -19.585 0.1111111119
122257  -24.934  2.688  -18.440 0.1111111119
83213  -24.344  3.739  -19.581 0.1111111119
112166  -23.832  5.301  -20.247 0.1111111119
83885  -21.014  5.302  -10.823 0.2222222239
83888  -20.824  5.766  -11.319 0.2222222239
130978  -20.691  6.593  -12.651 0.2222222239
112521  -24.408  7.069  -19.954 0.1111111119
84630  -19.791  6.542  -10.630 0.1111111119
118234  -20.433  7.234  -11.599 0.2222222239
128798  -25.436  8.262  -18.594 0.1111111119
130473  -26.202  8.546  -18.743 0.1111111119
84627  -19.587  6.390  -10.346 0.1111111119
84628  -20.358  6.714  -9.879 0.1111111119
86144  -20.667  8.995  -10.051 0.1111111119
86134  -21.018  8.280  -9.598 0.1111111119
128725  -26.633  8.787  -16.639 0.1111111119
86135  -22.069  8.668  -9.097 0.1111111119
133876  -22.539  8.808  -8.568 0.1111111119
89102  -21.925  12.756  -14.280 0.1111111119
88345  -22.774  11.707  -14.168 0.1111111119
87607  -24.361  10.233  -13.437 0.1111111119
86871  -25.847  9.321  -13.524 0.1111111119
87576  -22.239  10.165  -9.440 0.1111111119
118350  -22.238  10.998  -9.275 0.1111111119
118012  -19.269  15.238  -13.256 0.1111111119
89920  -20.016  16.179  -13.616 0.1111111119
89072  -21.084  12.773  -10.603 0.1111111119
78400  -26.314  -1.613  -16.437 0.1111111119
81694  -23.977  0.885  -17.670 0.1111111119
80121  -25.154  -0.052  -16.659 0.2222222239
76673  -27.645  -3.307  -12.704 0.1111111119
79245  -26.669  -0.954  -16.253 0.1111111119
119648  -26.167  0.442  -15.999 0.1111111119
80115  -26.392  -0.168  -16.058 0.1111111119
81702  -24.764  0.951  -18.316 0.1111111119
81700  -23.154  1.831  -19.318 0.1111111119
123634  -23.231  5.769  -16.385 0.2222222239
83207  -22.474  2.996  -19.451 0.2222222239
81706  -22.917  2.197  -19.865 0.1111111119
112179  -25.408  8.559  -15.836 0.1111111119
112881  -24.008  6.618  -19.119 0.1111111119
112967  -24.811  7.936  -18.311 0.1111111119
112711  -24.566  7.383  -18.909 0.1111111119
124075  -24.245  4.309  -19.714 0.1111111119
82450  -24.008  3.100  -19.637 0.1111111119
83953  -23.299  5.356  -19.864 0.2222222239
85356  -21.040  6.816  -13.302 0.3333333433
86176  -23.260  9.159  -16.954 0.1111111119
84637  -21.444  6.123  -12.005 0.3333333433
84636  -20.453  6.442  -11.390 0.1111111119
86165  -21.598  9.108  -14.351 0.2222222239
86877  -22.102  9.480  -15.693 0.1111111119
87622  -22.017  10.564  -17.108 0.1111111119
87623  -22.568  10.153  -16.806 0.1111111119
86879  -24.278  9.206  -15.122 0.1111111119
112180  -26.078  8.464  -16.249 0.1111111119
86880  -25.384  9.198  -14.298 0.1111111119
85354  -20.333  7.800  -12.306 0.1111111119
131923  -19.642  9.322  -12.506 0.1111111119
86876  -21.588  9.846  -15.029 0.2222222239
86884  -21.745  10.170  -16.716 0.1111111119
88357  -20.338  12.198  -16.891 0.1111111119
131555  -21.819  11.288  -17.152 0.1111111119
87615  -22.955  10.406  -15.883 0.1111111119
87616  -23.811  9.906  -14.656 0.1111111119
86149  -19.774  8.774  -11.289 0.1111111119
86143  -20.029  8.893  -10.627 0.1111111119
123830  -19.550  10.112  -12.595 0.1111111119
87594  -19.130  11.053  -12.837 0.1111111119
87583  -19.656  10.512  -11.958 0.1111111119
88343  -18.554  12.363  -14.235 0.1111111119
87605  -19.257  10.758  -13.564 0.1111111119
122488  -19.379  11.052  -14.734 0.1111111119
89109  -18.646  13.924  -15.745 0.1111111119
88356  -19.201  12.959  -16.416 0.1111111119
89110  -20.496  13.425  -16.627 0.1111111119
89935  -19.724  15.465  -14.625 0.1111111119
88351  -21.938  11.753  -17.068 0.1111111119
88344  -22.236  11.967  -15.527 0.1111111119
86842  -21.604  9.764  -10.098 0.1111111119
115487  -21.411  11.240  -10.841 0.1111111119
128099  -20.136  13.538  -12.357 0.1111111119
89100  -18.715  15.204  -14.286 0.1111111119
74120  -27.484  -6.219  -13.141 0.1111111119
81707  -22.905  2.258  -20.084 0.1111111119
112159  -23.237  5.992  -20.259 0.1111111119
114783  -23.608  6.320  -20.287 0.1111111119
133727  -20.180  14.934  -11.488 0.1111111119
86843  -22.062  9.419  -9.436 0.1111111119
80951  -26.401  1.029  -15.768 0.1111111119
82447  -23.995  2.346  -20.019 0.1111111119
112172  -23.802  6.188  -20.481 0.1111111119
134222  -24.748  7.570  -20.147 0.1111111119
124223  -19.481  6.310  -10.360 0.1111111119
112170  -24.913  7.852  -19.375 0.1111111119
85337  -20.521  7.299  -10.157 0.1111111119
89103  -22.916  12.408  -13.326 0.1111111119
87606  -23.449  10.810  -14.164 0.1111111119
89919  -19.360  15.989  -13.790 0.1111111119
90759  -19.315  17.018  -12.948 0.1111111119
57041  -19.087  -25.909  -3.211 0.2222222239
69736  -15.324  -11.806  -7.350 0.2222222239
69735  -15.456  -11.247  -8.085 0.2222222239
66276  -16.005  -15.630  -6.512 0.3333333433
116797  -16.000  -12.045  -8.362 0.4444444478
115113  -21.087  1.843  -10.139 0.2222222239
82385  -21.611  3.858  -10.496 0.1111111119
79208  -16.673  -1.383  -11.975 0.2222222239
78355  -15.324  -1.527  -11.826 0.1111111119
67936  -15.992  -13.508  -7.415 0.2222222239
79207  -15.991  -1.611  -11.675 0.1111111119
136623  -19.369  0.212  -10.662 0.1111111119
80906  -20.937  1.763  -9.914 0.1111111119
82384  -20.930  3.415  -9.917 0.1111111119
83135  -21.563  4.652  -10.618 0.1111111119
67120  -15.869  -14.256  -7.053 0.2222222239
74099  -11.974  -6.543  -10.186 0.2222222239
73221  -13.114  -7.176  -8.651 0.1111111119
74080  -12.301  -5.959  -8.695 0.3333333433
81650  -22.146  2.528  -10.519 0.3333333433
123774  -21.824  3.150  -10.362 0.1111111119
80905  -20.410  0.751  -10.071 0.1111111119
81649  -20.999  2.633  -9.934 0.1111111119
69773  -25.357  -11.846  -10.301 0.1111111119
57042  -19.993  -25.866  -3.133 0.1111111119
56112  -20.465  -26.402  -2.568 0.1111111119
56109  -17.617  -26.590  -2.549 0.1111111119
57056  -17.740  -25.164  -3.145 0.1111111119
59029  -17.517  -23.859  -4.100 0.1111111119
65367  -16.248  -16.641  -6.212 0.1111111119
70631  -15.279  -10.976  -7.156 0.1111111119
68816  -16.047  -12.796  -7.791 0.1111111119
76650  -11.971  -2.757  -11.714 0.2222222239
76642  -12.629  -3.378  -9.821 0.2222222239
77490  -13.323  -2.768  -10.029 0.2222222239
57040  -18.202  -25.818  -2.966 0.1111111119
70630  -15.383  -10.331  -7.909 0.1111111119
56110  -18.663  -26.566  -2.721 0.1111111119
56111  -19.572  -26.503  -2.713 0.1111111119
57043  -20.915  -25.793  -3.015 0.1111111119
57039  -17.230  -25.675  -2.792 0.1111111119
58072  -16.742  -23.942  -3.554 0.1111111119
60026  -16.140  -22.711  -3.873 0.1111111119
65345  -16.986  -16.522  -4.702 0.1111111119
66268  -16.042  -15.897  -6.354 0.1111111119
67924  -15.582  -14.023  -6.875 0.1111111119
69722  -15.044  -11.495  -6.392 0.1111111119
122810  -12.633  -3.590  -8.798 0.2222222239
77491  -14.037  -2.583  -9.240 0.2222222239
78320  -14.101  -2.335  -10.053 0.1111111119
55150  -19.190  -27.185  -2.373 0.1111111119
78340  -14.077  -1.744  -11.399 0.1111111119
130301  -12.198  -3.969  -9.509 0.2222222239
71516  -14.830  -10.132  -9.695 0.1111111119
61809  -16.235  -20.963  -3.848 0.1111111119
61823  -16.245  -20.246  -3.754 0.1111111119
119204  -16.639  -17.195  -5.664 0.1111111119
57057  -18.598  -25.125  -3.531 0.1111111119
68806  -15.207  -12.838  -6.449 0.1111111119
55149  -18.307  -27.296  -2.312 0.1111111119
66249  -16.718  -15.711  -4.870 0.1111111119
77470  -13.250  -3.049  -8.963 0.1111111119
58056  -16.769  -24.762  -3.028 0.1111111119
59027  -15.952  -23.226  -3.479 0.1111111119
66224  -17.178  -16.143  -4.335 0.1111111119
67096  -15.877  -15.113  -6.304 0.1111111119
78321  -14.510  -1.933  -9.305 0.1111111119
80047  -14.766  -1.544  -9.861 0.1111111119
80082  -17.836  -0.659  -11.957 0.1111111119
75796  -12.015  -4.907  -8.752 0.1111111119
79195  -16.335  -1.450  -11.466 0.1111111119
132706  -18.260  0.008  -11.000 0.1111111119
136703  -18.801  0.095  -11.065 0.1111111119
57045  -23.510  -25.322  -2.503 0.1111111119
67992  -23.490  -12.860  -11.987 0.6666666865
67995  -25.075  -12.344  -12.401 0.3333333433
67996  -25.375  -11.837  -12.744 0.4444444478
67999  -24.815  -12.197  -12.649 0.5555555820
68001  -24.954  -11.852  -13.054 0.4444444478
68877  -24.682  -11.813  -13.052 0.5555555820
68878  -25.378  -11.631  -13.182 0.4444444478
68879  -24.405  -11.755  -13.778 0.5555555820
69799  -21.373  -11.823  -12.725 0.8888888955
69808  -21.775  -11.359  -13.275 1.0000000000
69815  -24.082  -11.295  -14.200 0.5555555820
69817  -25.517  -11.381  -13.811 0.4444444478
69818  -25.751  -10.947  -14.563 0.5555555820
70673  -17.325  -10.194  -11.019 1.0000000000
70696  -21.416  -10.460  -13.455 0.7777777910
70716  -24.214  -10.086  -15.066 0.6666666865
70719  -25.744  -9.952  -14.929 0.4444444478
70722  -26.426  -9.507  -15.758 0.4444444478
71532  -14.378  -8.397  -10.956 0.6666666865
71542  -14.709  -8.701  -11.034 0.8888888955
71559  -20.199  -9.363  -13.309 1.0000000000
71560  -20.792  -9.821  -13.354 1.0000000000
71581  -27.114  -9.277  -15.559 0.3333333433
72415  -13.806  -7.999  -11.049 0.6666666865
72431  -15.946  -7.702  -12.975 0.8888888955
72433  -17.326  -8.561  -13.023 1.0000000000
72435  -19.662  -8.841  -13.345 1.0000000000
72443  -19.587  -8.226  -13.457 1.0000000000
72463  -26.816  -8.759  -16.319 0.5555555820
72465  -27.406  -8.920  -16.039 0.4444444478
73239  -12.053  -6.948  -10.443 0.4444444478
73254  -12.379  -7.396  -11.072 0.5555555820
73255  -13.165  -7.618  -11.232 0.7777777910
73263  -15.246  -7.082  -11.880 0.8888888955
73269  -14.053  -6.728  -11.914 0.6666666865
73273  -17.284  -7.875  -13.554 0.8888888955
73301  -27.319  -8.458  -16.080 0.4444444478
74117  -11.727  -6.135  -11.857 0.4444444478
74139  -19.991  -6.688  -13.562 0.8888888955
74151  -25.872  -6.104  -16.267 0.5555555820
74953  -11.610  -5.871  -10.289 0.4444444478
74967  -11.495  -5.654  -11.841 0.4444444478
74977  -11.574  -4.837  -12.902 0.6666666865
74983  -22.655  -5.724  -13.422 0.8888888955
74988  -14.209  -5.189  -13.720 0.8888888955
74993  -18.982  -5.124  -13.609 0.8888888955
75829  -21.805  -4.511  -11.576 0.8888888955
75834  -11.325  -4.113  -12.740 0.5555555820
75836  -23.045  -5.086  -11.846 0.8888888955
75842  -13.762  -4.602  -13.535 0.8888888955
75850  -16.071  -4.318  -14.137 0.8888888955
75853  -18.601  -4.322  -14.106 1.0000000000
76660  -21.487  -3.440  -11.212 0.7777777910
76662  -22.872  -3.722  -11.135 0.7777777910
76669  -11.255  -3.470  -12.492 0.4444444478
76670  -20.831  -2.976  -12.726 0.7777777910
76677  -12.131  -3.824  -13.076 0.5555555820
76678  -13.325  -3.254  -13.171 0.6666666865
76683  -20.805  -3.915  -12.823 0.8888888955
76689  -14.699  -3.742  -13.934 0.7777777910
76694  -19.663  -3.855  -13.640 0.8888888955
77499  -13.870  -1.796  -11.806 0.2222222239
77500  -20.885  -1.728  -10.741 0.6666666865
77502  -22.310  -2.431  -10.578 0.6666666865
77510  -11.656  -2.809  -12.342 0.3333333433
77511  -13.181  -1.934  -12.208 0.4444444478
77526  -24.889  -2.783  -12.472 0.5555555820
77530  -11.969  -3.077  -13.059 0.5555555820
77532  -13.502  -2.430  -13.027 0.5555555820
77536  -17.387  -1.906  -13.529 0.7777777910
78341  -14.633  -1.609  -11.457 0.1111111119
78364  -15.993  -1.193  -12.747 0.5555555820
78373  -15.059  -1.878  -13.096 0.6666666865
78377  -18.755  -1.485  -13.463 0.7777777910
78378  -19.497  -1.231  -13.382 0.7777777910
78394  -26.862  -1.644  -16.125 0.2222222239
79174  -14.664  -1.781  -9.944 0.1111111119
79175  -14.769  -1.192  -9.336 0.1111111119
79219  -17.658  -0.765  -12.778 0.4444444478
79228  -17.115  -1.015  -12.936 0.6666666865
79231  -19.091  -0.749  -13.272 0.6666666865
79253  -25.020  -0.772  -16.083 0.3333333433
80048  -14.851  -1.300  -9.737 0.1111111119
80065  -14.854  -1.466  -10.012 0.1111111119
80081  -17.099  -1.097  -11.778 0.1111111119
81713  -23.146  2.215  -20.176 0.1111111119
81714  -23.743  1.973  -20.093 0.1111111119
82443  -24.282  1.957  -19.687 0.1111111119
83212  -22.822  4.025  -19.678 0.1111111119
83898  -22.393  4.846  -13.214 0.4444444478
86133  -20.285  8.276  -10.400 0.1111111119
86870  -24.841  9.631  -13.924 0.1111111119
87604  -18.839  11.577  -14.435 0.1111111119
88358  -21.381  11.956  -17.334 0.1111111119
89108  -18.581  14.614  -16.199 0.1111111119
89115  -19.002  14.243  -16.602 0.1111111119
89116  -19.679  13.297  -16.984 0.1111111119
89117  -20.607  12.940  -17.138 0.1111111119
89933  -18.492  15.340  -16.089 0.1111111119
89940  -18.460  14.920  -16.259 0.1111111119
89941  -18.371  14.728  -15.885 0.1111111119
89943  -19.620  14.913  -15.950 0.1111111119
89947  -18.695  14.868  -16.433 0.1111111119
89948  -19.015  14.927  -16.578 0.1111111119
89949  -19.494  14.149  -16.524 0.1111111119
90770  -18.342  15.018  -16.157 0.1111111119
90773  -18.592  15.221  -16.414 0.1111111119
112163  -23.439  2.643  -19.517 0.1111111119
112164  -23.724  2.680  -19.641 0.1111111119
112904  -23.048  5.811  -20.012 0.1111111119
113590  -24.458  5.112  -19.776 0.1111111119
114124  -15.081  -9.101  -10.779 0.8888888955
114242  -25.885  -11.039  -13.957 0.3333333433
114793  -20.247  -7.991  -13.392 1.0000000000
119695  -24.346  -8.824  -15.589 0.7777777910
120149  -24.933  -11.660  -13.942 0.5555555820
120159  -27.038  -4.755  -17.256 0.4444444478
121341  -16.452  -5.101  -14.224 1.0000000000
122643  -15.376  -1.443  -12.832 0.6666666865
123072  -25.220  -2.231  -15.455 0.5555555820
123248  -17.744  -5.827  -14.202 1.0000000000
123647  -11.325  -5.082  -11.596 0.4444444478
123966  -27.729  -6.975  -15.791 0.4444444478
125176  -25.912  -1.137  -16.423 0.2222222239
125597  -18.330  13.399  -14.840 0.1111111119
125598  -19.507  -5.937  -13.741 0.8888888955
127026  -17.303  -3.504  -14.149 1.0000000000
127432  -24.462  -4.848  -14.160 0.6666666865
128305  -11.581  -5.256  -10.351 0.4444444478
129118  -11.291  -3.506  -12.842 0.5555555820
129210  -19.903  -0.262  -12.825 0.5555555820
129338  -23.347  5.057  -19.236 0.2222222239
129931  -11.515  -3.574  -13.028 0.5555555820
131407  -27.016  -9.297  -16.200 0.5555555820
132430  -27.308  -7.990  -15.796 0.2222222239
133499  -16.151  -2.071  -13.499 0.7777777910
133622  -24.485  0.999  -11.521 0.6666666865
134461  -18.834  -2.351  -13.755 0.7777777910
135253  -25.626  -10.805  -14.810 0.5555555820
135309  -12.017  -4.528  -9.293 0.3333333433
137011  -26.101  -10.767  -12.913 0.1111111119
137266  -24.108  2.109  -20.086 0.1111111119
137284  -27.284  -2.990  -15.005 0.1111111119
