#!ascii label  , from subject sub-v1s9x0051361_ses-1 vox2ras=TkReg
585
20330  -28.371  -66.534  -2.613 0.6999999881
117594  -28.946  -66.298  -4.307 0.6000000238
20362  -30.432  -66.538  -5.383 0.6000000238
20382  -31.767  -66.827  -5.981 0.4000000060
114782  -24.425  -68.200  1.353 0.6999999881
117360  -24.765  -67.386  1.186 0.6999999881
19297  -24.445  -67.960  0.298 0.6999999881
20270  -24.885  -67.265  0.300 0.6000000238
18321  -24.167  -68.858  0.319 0.6999999881
116398  -24.455  -67.653  -0.609 0.6000000238
18346  -24.165  -68.472  -1.510 0.6000000238
19316  -24.145  -67.927  -1.648 0.6000000238
18385  -24.137  -68.232  -2.666 0.6000000238
19331  -23.980  -67.953  -2.548 0.6000000238
20342  -23.953  -67.444  -4.081 0.5000000000
19357  -24.505  -67.890  -4.427 0.5000000000
19368  -24.513  -67.419  -5.346 0.5000000000
20358  -25.787  -67.498  -5.995 0.6000000238
20344  -27.088  -67.040  -4.036 0.6000000238
20359  -27.123  -66.845  -5.405 0.6000000238
20379  -27.918  -66.669  -6.851 0.6000000238
20380  -29.185  -66.737  -6.636 0.6000000238
20247  -25.009  -66.745  1.900 0.6000000238
21195  -25.914  -66.006  0.496 0.6000000238
133545  -25.601  -66.506  -0.299 0.6000000238
20290  -25.249  -66.625  -1.038 0.6000000238
21250  -25.259  -65.663  -2.406 0.6000000238
20327  -24.454  -66.468  -2.525 0.6000000238
21248  -24.136  -66.714  -3.575 0.6000000238
21257  -24.653  -66.004  -3.986 0.6000000238
21263  -24.363  -66.894  -5.316 0.6000000238
19369  -24.721  -67.657  -5.327 0.6000000238
20376  -24.712  -67.148  -6.153 0.6999999881
133333  -25.192  -67.234  -6.709 0.6000000238
20398  -26.996  -66.666  -7.506 0.6000000238
124237  -29.933  -66.721  -6.392 0.5000000000
20381  -30.491  -66.477  -6.474 0.5000000000
114433  -24.562  -66.648  2.637 0.6000000238
20248  -25.426  -66.060  1.531 0.6000000238
21212  -26.703  -65.226  -0.616 0.6000000238
135559  -26.252  -65.510  -1.293 0.6000000238
21232  -26.016  -65.260  -1.972 0.6000000238
22144  -26.662  -64.602  -2.162 0.6000000238
22143  -25.851  -65.099  -2.791 0.6000000238
22151  -25.412  -65.367  -3.545 0.6000000238
21249  -24.835  -65.808  -3.081 0.6000000238
22167  -25.399  -65.362  -4.395 0.6000000238
22182  -25.225  -65.516  -5.537 0.6999999881
20399  -27.963  -66.524  -7.582 0.6000000238
21278  -28.735  -66.579  -7.278 0.6000000238
21280  -31.244  -66.473  -6.469 0.4000000060
21167  -25.220  -65.182  2.548 0.6000000238
21182  -25.925  -65.249  1.551 0.6000000238
21196  -26.448  -65.352  0.425 0.6000000238
132260  -26.749  -64.939  -1.402 0.6000000238
23011  -27.416  -63.836  -2.341 0.5000000000
115765  -26.695  -64.324  -3.019 0.6000000238
22152  -26.063  -64.746  -3.727 0.6999999881
22193  -25.960  -64.729  -7.319 0.6000000238
132621  -25.181  -65.874  -6.577 0.6000000238
21296  -25.583  -66.662  -7.203 0.6000000238
21297  -26.214  -66.375  -7.737 0.6000000238
22185  -29.290  -65.640  -7.067 0.6000000238
21279  -29.574  -66.585  -7.088 0.6000000238
22187  -30.821  -64.967  -6.108 0.4000000060
136550  -30.150  -66.233  -6.964 0.5000000000
22071  -24.643  -64.789  3.062 0.5000000000
22084  -25.912  -64.497  2.437 0.6000000238
22085  -26.674  -64.677  1.505 0.6000000238
22100  -27.129  -64.851  0.283 0.6000000238
22118  -27.363  -64.753  -0.720 0.5000000000
22119  -27.995  -64.328  -0.839 0.5000000000
22131  -27.405  -64.366  -1.504 0.5000000000
23899  -27.730  -63.185  -2.917 0.6000000238
23022  -27.356  -63.205  -3.765 0.6000000238
135832  -27.235  -63.688  -3.224 0.6999999881
23032  -26.041  -63.795  -5.381 0.6999999881
22168  -25.789  -64.611  -4.812 0.6999999881
23043  -25.915  -63.699  -6.569 0.6000000238
22183  -25.540  -64.834  -6.359 0.6999999881
23057  -26.312  -63.725  -7.116 0.6000000238
23058  -27.055  -63.790  -7.459 0.6000000238
123728  -26.257  -65.578  -7.817 0.6000000238
133884  -27.602  -65.483  -7.870 0.6000000238
22184  -28.472  -64.411  -6.999 0.6000000238
22186  -30.081  -64.933  -6.111 0.5000000000
22169  -30.638  -64.120  -5.415 0.4000000060
22073  -26.722  -63.999  2.402 0.6000000238
132618  -27.591  -63.871  2.015 0.6000000238
130245  -27.707  -64.322  1.131 0.5000000000
22102  -28.485  -63.859  -0.481 0.6000000238
119677  -28.745  -63.204  -0.975 0.5000000000
22995  -28.116  -63.655  -1.461 0.6000000238
24771  -28.965  -62.024  -1.997 0.5000000000
23012  -28.056  -63.199  -2.223 0.6000000238
23900  -28.289  -62.490  -2.660 0.5000000000
23907  -27.510  -62.557  -4.262 0.5000000000
23033  -26.743  -63.118  -4.728 0.6000000238
24820  -26.541  -61.492  -5.611 0.5000000000
23925  -26.773  -62.346  -5.206 0.5000000000
23924  -26.235  -62.911  -5.840 0.6999999881
25767  -26.130  -60.904  -6.374 0.4000000060
134818  -26.267  -62.109  -6.938 0.5000000000
23952  -26.514  -62.829  -7.241 0.6000000238
24832  -27.839  -61.677  -7.611 0.5000000000
23067  -27.290  -62.958  -7.499 0.6000000238
24833  -28.722  -61.589  -7.445 0.5000000000
23060  -28.621  -63.278  -6.786 0.6000000238
23926  -30.905  -63.335  -4.824 0.5000000000
23059  -27.863  -63.597  -7.375 0.6000000238
23942  -29.338  -62.915  -5.888 0.6000000238
23045  -30.052  -63.598  -5.462 0.6000000238
22074  -27.168  -63.364  2.508 0.5000000000
22978  -28.514  -63.735  0.540 0.5000000000
23881  -28.926  -63.109  -0.216 0.5000000000
23893  -29.282  -62.459  -0.976 0.4000000060
24780  -28.617  -61.532  -2.864 0.4000000060
23908  -28.120  -62.020  -3.633 0.5000000000
24795  -28.325  -60.962  -3.957 0.5000000000
26654  -25.436  -58.747  -5.994 0.4000000060
25761  -26.356  -60.492  -5.831 0.4000000060
25760  -26.107  -60.225  -6.087 0.4000000060
26669  -26.471  -59.821  -6.798 0.5000000000
24830  -26.367  -61.463  -6.943 0.5000000000
118036  -27.496  -59.911  -7.407 0.5000000000
25775  -28.024  -60.829  -7.560 0.5000000000
25776  -29.130  -60.797  -7.368 0.5000000000
24814  -30.753  -61.664  -4.735 0.5000000000
117370  -31.225  -62.394  -4.486 0.5000000000
24821  -29.609  -61.906  -5.994 0.6000000238
23943  -30.264  -62.432  -5.172 0.5000000000
25744  -28.711  -59.934  -3.727 0.5000000000
25753  -28.041  -59.962  -4.744 0.5000000000
26649  -27.154  -59.016  -5.313 0.5000000000
27566  -26.086  -58.890  -6.531 0.4000000060
117657  -28.589  -60.014  -7.423 0.5000000000
25754  -30.896  -60.833  -4.849 0.5000000000
24796  -31.530  -61.432  -4.188 0.3000000119
27569  -28.387  -58.486  -7.418 0.5000000000
133462  -29.566  -60.714  -6.957 0.5000000000
135228  -29.833  -61.268  -6.230 0.5000000000
26642  -28.310  -59.070  -4.281 0.4000000060
26655  -25.982  -59.443  -5.944 0.4000000060
27544  -26.486  -58.098  -5.511 0.4000000060
29256  -26.366  -56.946  -6.261 0.4000000060
27550  -25.392  -58.141  -5.869 0.4000000060
28425  -27.609  -57.925  -7.435 0.4000000060
29257  -27.638  -56.566  -6.715 0.4000000060
28426  -28.634  -57.764  -7.174 0.5000000000
26650  -31.571  -59.693  -4.399 0.4000000060
25755  -31.518  -60.440  -4.278 0.4000000060
25768  -29.548  -60.059  -6.958 0.5000000000
25762  -30.589  -60.312  -5.701 0.5000000000
27558  -29.327  -58.426  -6.993 0.5000000000
26664  -30.333  -59.793  -6.364 0.5000000000
25769  -29.953  -60.664  -6.398 0.5000000000
30104  -27.167  -56.213  -5.987 0.4000000060
28415  -27.628  -57.249  -7.193 0.4000000060
116000  -31.319  -59.078  -5.148 0.4000000060
26656  -30.926  -59.497  -5.867 0.5000000000
28416  -29.813  -57.692  -6.835 0.5000000000
27559  -30.294  -58.363  -6.668 0.5000000000
30105  -28.194  -55.858  -6.289 0.4000000060
27551  -31.281  -58.290  -5.818 0.4000000060
28399  -31.824  -57.557  -4.567 0.3000000119
29258  -29.089  -57.008  -6.687 0.5000000000
28417  -30.716  -57.618  -6.725 0.5000000000
27560  -30.966  -58.300  -6.439 0.5000000000
30095  -27.730  -55.247  -5.954 0.4000000060
28408  -31.456  -57.459  -5.494 0.3000000119
132953  -31.742  -57.014  -4.812 0.3000000119
30952  -29.147  -55.360  -6.141 0.4000000060
127073  -31.030  -57.107  -6.841 0.5000000000
30106  -30.065  -55.815  -6.632 0.4000000060
29259  -30.502  -56.901  -6.853 0.5000000000
29260  -31.050  -56.539  -6.827 0.5000000000
31760  -28.472  -53.624  -5.268 0.4000000060
29241  -31.568  -56.543  -5.576 0.3000000119
30082  -31.785  -55.873  -5.114 0.3000000119
30941  -28.710  -54.467  -5.740 0.4000000060
118280  -31.179  -55.120  -6.522 0.4000000060
30953  -29.805  -54.647  -5.941 0.4000000060
30107  -30.712  -55.491  -6.631 0.4000000060
32542  -27.840  -52.452  -4.277 0.5000000000
30943  -31.672  -54.991  -6.277 0.3000000119
30097  -31.988  -55.179  -5.419 0.4000000060
31762  -32.759  -53.669  -6.089 0.4000000060
30932  -32.598  -54.739  -4.660 0.4000000060
30942  -29.478  -53.846  -5.562 0.4000000060
31771  -31.191  -53.913  -6.286 0.5000000000
30955  -31.487  -54.446  -6.349 0.4000000060
132411  -30.120  -53.432  -5.452 0.5000000000
31770  -30.383  -54.034  -5.885 0.5000000000
31761  -30.774  -53.454  -5.797 0.5000000000
32565  -31.501  -52.996  -6.024 0.4000000060
130485  -32.167  -52.874  -6.399 0.4000000060
31773  -32.536  -53.293  -6.322 0.4000000060
31774  -33.190  -53.032  -6.407 0.3000000119
32543  -28.824  -52.436  -4.127 0.5000000000
32544  -29.810  -52.167  -4.486 0.5000000000
34173  -31.233  -50.125  -6.313 0.4000000060
33390  -31.779  -50.815  -6.850 0.3000000119
33361  -27.682  -50.959  -3.616 0.5000000000
34172  -30.762  -50.509  -5.434 0.4000000060
33379  -31.292  -51.119  -6.002 0.4000000060
32566  -31.819  -51.963  -6.512 0.4000000060
129970  -32.360  -51.431  -6.990 0.4000000060
33392  -33.138  -51.468  -7.230 0.3000000119
33372  -28.282  -51.725  -3.737 0.5000000000
32552  -30.541  -52.735  -5.246 0.5000000000
32553  -31.188  -52.016  -5.585 0.5000000000
33373  -29.271  -51.627  -3.735 0.5000000000
35089  -30.716  -49.609  -5.635 0.4000000060
35090  -31.269  -49.257  -6.326 0.4000000060
137108  -27.444  -49.892  -3.192 0.5000000000
33391  -32.426  -50.612  -7.424 0.3000000119
33362  -28.711  -50.969  -3.379 0.5000000000
34166  -29.579  -50.857  -3.573 0.5000000000
34167  -30.123  -50.226  -3.844 0.5000000000
33378  -30.899  -51.325  -5.184 0.5000000000
33374  -30.207  -51.090  -4.433 0.5000000000
36111  -30.835  -48.802  -5.559 0.4000000060
35078  -26.729  -49.599  -3.349 0.5000000000
36092  -29.737  -48.983  -2.959 0.5000000000
36112  -31.609  -48.578  -5.968 0.3000000119
128276  -31.870  -49.041  -6.736 0.3000000119
35066  -27.349  -49.323  -2.860 0.5000000000
35067  -28.624  -49.272  -2.657 0.5000000000
34161  -29.300  -50.264  -3.125 0.5000000000
20345  -28.060  -66.490  -3.919 0.6000000238
130243  -31.061  -66.769  -6.009 0.5000000000
114581  -23.981  -67.808  -3.676 0.6000000238
21299  -28.407  -66.067  -7.596 0.6000000238
23021  -26.650  -63.913  -4.055 0.6999999881
23044  -29.192  -64.089  -6.170 0.6000000238
23940  -26.059  -62.542  -6.583 0.5000000000
24794  -27.605  -61.743  -4.702 0.5000000000
25752  -27.052  -59.927  -5.484 0.5000000000
23941  -26.184  -62.155  -5.905 0.4000000060
24825  -29.478  -61.307  -6.902 0.5000000000
24822  -30.229  -61.271  -5.536 0.5000000000
28414  -26.603  -57.626  -7.051 0.4000000060
27568  -27.570  -58.566  -7.450 0.5000000000
126763  -25.698  -58.642  -5.836 0.4000000060
29250  -31.346  -56.327  -6.448 0.4000000060
30956  -32.129  -54.091  -6.288 0.4000000060
34160  -28.044  -50.357  -3.253 0.5000000000
35081  -29.961  -49.494  -3.464 0.5000000000
14168  -25.577  -73.491  -4.781 0.5000000000
123538  -27.563  -71.767  -5.625 0.5000000000
136877  -26.328  -72.685  -5.475 0.5000000000
15848  -29.888  -71.782  -5.171 0.5000000000
15034  -29.059  -71.682  -6.237 0.5000000000
15033  -28.247  -71.728  -6.114 0.4000000060
14160  -25.932  -73.242  -4.050 0.5000000000
15015  -27.342  -71.769  -4.908 0.6000000238
123690  -26.684  -72.479  -4.459 0.6000000238
15831  -29.464  -71.016  -5.089 0.5000000000
15845  -28.066  -71.324  -5.343 0.5000000000
15006  -31.999  -72.083  -3.747 0.4000000060
13266  -23.358  -74.495  -1.654 0.6999999881
14148  -24.867  -73.978  -2.019 0.6999999881
14150  -25.953  -73.202  -3.044 0.6999999881
15005  -27.219  -71.916  -3.957 0.5000000000
15004  -26.570  -72.577  -3.505 0.6999999881
16609  -29.913  -70.688  -4.393 0.5000000000
15816  -29.111  -70.542  -4.429 0.5000000000
15815  -28.322  -70.788  -4.068 0.5000000000
16611  -32.177  -70.771  -3.150 0.5000000000
15818  -31.556  -71.357  -3.512 0.5000000000
13228  -21.254  -74.432  0.599 0.5000000000
13247  -22.483  -74.431  -0.443 0.6999999881
14120  -23.517  -74.057  -0.183 0.6999999881
118481  -23.140  -74.334  -0.969 0.6999999881
14121  -24.350  -73.516  -0.553 0.6999999881
14149  -25.351  -73.622  -2.509 0.6000000238
15801  -28.027  -70.663  -3.180 0.6999999881
15800  -27.478  -71.318  -2.671 0.6000000238
16610  -30.324  -70.358  -3.692 0.5000000000
129780  -29.550  -70.274  -3.834 0.6000000238
16608  -28.755  -70.290  -3.636 0.6000000238
119211  -31.162  -70.571  -3.336 0.5000000000
17447  -33.043  -69.568  -3.061 0.5000000000
14094  -21.717  -74.010  1.130 0.5000000000
13230  -22.836  -74.136  0.328 0.6999999881
14138  -24.625  -73.772  -1.369 0.6999999881
14956  -25.230  -72.183  -0.813 0.6999999881
14955  -24.642  -72.530  -0.220 0.6999999881
15799  -26.866  -71.831  -2.293 0.8000000119
15785  -26.327  -71.398  -1.635 0.6999999881
16595  -28.439  -69.973  -2.682 0.6000000238
121689  -27.963  -70.015  -1.942 0.6999999881
17430  -30.371  -69.269  -2.489 0.6999999881
17429  -29.318  -69.425  -2.437 0.6000000238
114108  -32.453  -69.983  -2.984 0.6000000238
17431  -31.299  -69.206  -2.552 0.6000000238
117139  -33.031  -68.701  -2.994 0.6000000238
14041  -20.569  -73.316  2.231 0.5000000000
14899  -21.899  -72.568  2.424 0.6000000238
122695  -21.209  -73.714  1.771 0.5000000000
14916  -22.693  -72.553  1.917 0.6000000238
14067  -22.982  -73.162  1.346 0.6000000238
14096  -23.293  -73.597  0.656 0.6999999881
15769  -24.935  -71.738  -0.345 0.6999999881
15751  -24.567  -71.605  0.149 0.6000000238
15784  -25.695  -71.759  -1.279 0.6999999881
16583  -25.632  -70.788  -1.069 0.6999999881
15786  -27.138  -71.067  -1.919 0.6999999881
18388  -30.814  -68.585  -1.916 0.6999999881
18390  -32.492  -68.166  -2.766 0.6999999881
18389  -31.703  -68.268  -2.255 0.6999999881
14898  -20.872  -72.467  2.593 0.5000000000
14900  -22.536  -71.727  2.465 0.6000000238
15738  -23.211  -71.874  1.822 0.6000000238
15750  -24.177  -71.380  0.820 0.6000000238
16584  -26.461  -70.462  -1.438 0.8000000119
120828  -25.620  -70.047  -1.206 0.5000000000
16554  -24.614  -70.196  -0.420 0.6000000238
17413  -27.962  -68.826  -1.582 0.6999999881
18368  -27.478  -68.136  -1.515 0.6999999881
19336  -30.451  -67.268  -1.605 0.6999999881
19335  -29.780  -67.215  -1.504 0.6999999881
19359  -32.605  -67.311  -3.160 0.5000000000
19348  -32.080  -67.615  -2.617 0.6999999881
20349  -32.268  -66.581  -3.761 0.5000000000
15721  -20.551  -71.465  2.925 0.5000000000
16526  -22.200  -71.026  2.994 0.5000000000
16512  -22.754  -70.388  3.129 0.6000000238
15723  -23.138  -71.114  2.168 0.6000000238
118779  -23.649  -71.217  1.499 0.6000000238
17354  -23.755  -69.748  1.619 0.6000000238
16553  -23.968  -70.385  0.959 0.6000000238
131576  -23.972  -69.546  0.823 0.6000000238
19345  -25.915  -67.877  -2.773 0.6000000238
18366  -25.229  -69.045  -1.863 0.5000000000
17368  -24.290  -69.710  0.009 0.5000000000
20313  -27.807  -66.859  -2.192 0.6000000238
19346  -26.939  -67.190  -2.246 0.6000000238
122976  -29.794  -66.290  -1.970 0.6000000238
20331  -29.169  -66.271  -2.151 0.6000000238
20363  -31.238  -66.477  -4.772 0.5000000000
130374  -21.114  -70.175  3.458 0.5000000000
16511  -21.963  -70.294  3.356 0.6000000238
17347  -23.558  -69.819  2.490 0.6000000238
17427  -24.495  -68.736  -1.949 0.5000000000
18384  -24.086  -68.203  -2.596 0.5000000000
20328  -26.484  -67.351  -3.345 0.4000000060
19358  -25.334  -67.821  -4.008 0.5000000000
19344  -24.760  -68.193  -3.325 0.5000000000
20346  -29.723  -66.259  -4.016 0.6000000238
17331  -20.494  -69.618  3.365 0.5000000000
125301  -21.500  -69.401  3.532 0.6000000238
18272  -23.169  -68.975  3.422 0.6000000238
18287  -23.651  -69.075  2.936 0.6000000238
20343  -26.106  -67.449  -4.711 0.5000000000
19370  -25.145  -67.761  -5.239 0.4000000060
17346  -19.963  -69.098  3.017 0.5000000000
18270  -21.443  -68.408  3.560 0.5000000000
121354  -22.901  -68.175  3.650 0.6000000238
18288  -24.210  -68.409  2.450 0.6000000238
18285  -19.772  -68.748  2.192 0.5000000000
19237  -20.733  -67.851  3.332 0.5000000000
125721  -22.140  -68.105  3.560 0.6000000238
19258  -24.208  -67.420  2.947 0.6000000238
18302  -19.900  -67.928  2.035 0.5000000000
19255  -20.383  -67.329  2.600 0.5000000000
129726  -21.844  -67.033  3.398 0.5000000000
20213  -23.524  -66.619  3.476 0.6000000238
19241  -23.796  -67.222  3.433 0.6000000238
19278  -19.970  -67.253  1.835 0.5000000000
20229  -21.680  -66.383  3.030 0.5000000000
20245  -19.627  -66.753  1.381 0.5000000000
20214  -24.108  -66.564  3.302 0.5000000000
21162  -21.166  -65.895  2.522 0.5000000000
21152  -23.217  -65.989  3.358 0.5000000000
21179  -19.907  -65.914  1.318 0.5000000000
21181  -21.181  -65.212  2.024 0.5000000000
21164  -22.718  -65.402  2.965 0.5000000000
21153  -23.867  -65.860  3.399 0.4000000060
22081  -20.732  -64.686  1.236 0.5000000000
22068  -22.062  -64.836  2.433 0.5000000000
22069  -23.022  -64.644  2.780 0.4000000060
21165  -23.586  -65.281  3.227 0.4000000060
22082  -21.514  -64.372  1.662 0.4000000060
22947  -23.252  -63.805  2.480 0.4000000060
22949  -24.943  -63.953  2.995 0.4000000060
20329  -27.419  -66.768  -2.906 0.6000000238
20347  -30.642  -66.322  -3.531 0.5000000000
129280  -31.908  -66.498  -4.502 0.4000000060
17389  -24.345  -69.394  -0.833 0.6000000238
22070  -24.027  -64.501  3.049 0.4000000060
22951  -26.402  -63.443  2.719 0.4000000060
14139  -25.248  -73.358  -1.746 0.6999999881
124160  -26.955  -69.786  -1.453 0.6999999881
17415  -29.860  -68.706  -1.831 0.6999999881
17414  -28.877  -68.761  -1.755 0.6999999881
17410  -25.031  -69.478  -1.471 0.6000000238
129603  -24.434  -70.683  0.203 0.6000000238
19347  -31.525  -67.317  -2.195 0.6999999881
18367  -26.365  -68.709  -1.596 0.6999999881
19334  -28.428  -67.560  -1.563 0.6999999881
20333  -31.195  -66.619  -2.641 0.6000000238
20348  -31.519  -66.463  -3.646 0.6000000238
13229  -22.091  -74.308  0.407 0.5000000000
13246  -21.563  -74.597  -0.207 0.6999999881
13267  -24.226  -74.372  -1.943 0.6999999881
14042  -21.338  -73.134  2.255 0.6000000238
14066  -22.083  -73.322  1.732 0.6000000238
14068  -23.611  -72.828  0.950 0.6999999881
14095  -22.532  -73.804  0.958 0.6999999881
14137  -23.877  -74.116  -1.116 0.6999999881
14169  -26.251  -72.960  -4.941 0.5000000000
14917  -23.281  -72.508  1.476 0.6000000238
14932  -24.169  -72.287  0.562 0.6000000238
14954  -24.015  -73.211  0.271 0.6999999881
14976  -25.040  -73.046  -0.963 0.6999999881
14977  -25.542  -72.579  -1.493 0.6999999881
14978  -26.114  -72.184  -1.930 0.6999999881
14993  -25.787  -72.919  -2.235 0.6999999881
14994  -26.450  -72.499  -2.669 0.8000000119
14995  -27.157  -72.025  -3.050 0.6999999881
15014  -26.857  -72.320  -5.410 0.5000000000
15722  -21.596  -71.733  2.828 0.5000000000
15814  -27.678  -71.337  -3.554 0.5000000000
15817  -30.653  -71.026  -3.916 0.5000000000
15819  -32.316  -71.517  -3.484 0.4000000060
15829  -27.834  -71.255  -4.491 0.6000000238
15830  -28.612  -70.902  -4.922 0.5000000000
15832  -31.064  -71.821  -4.030 0.5000000000
15846  -28.874  -71.274  -5.616 0.5000000000
15847  -29.369  -71.481  -5.660 0.5000000000
16524  -20.375  -70.506  3.181 0.5000000000
16525  -21.319  -70.901  3.191 0.5000000000
16527  -23.195  -70.438  2.674 0.6000000238
16538  -23.513  -70.463  1.887 0.6000000238
16569  -25.070  -70.617  -0.645 0.6000000238
16570  -25.260  -71.354  -0.723 0.6999999881
16582  -24.935  -69.894  -0.940 0.6000000238
16585  -27.366  -70.274  -1.705 0.6999999881
16586  -27.618  -69.558  -1.626 0.6999999881
16594  -27.728  -70.564  -2.309 0.6999999881
16596  -29.923  -69.813  -3.232 0.6000000238
16612  -33.022  -70.417  -3.202 0.5000000000
17332  -22.583  -69.651  3.396 0.6000000238
17333  -23.247  -69.777  3.120 0.6000000238
17355  -24.031  -69.017  1.449 0.6999999881
17409  -24.428  -69.108  -1.409 0.6000000238
17411  -26.098  -69.584  -1.439 0.5000000000
17412  -27.089  -69.073  -1.445 0.6999999881
17428  -28.391  -69.454  -1.903 0.6999999881
17432  -32.250  -69.120  -2.791 0.6999999881
17445  -30.788  -69.857  -3.082 0.5000000000
17446  -31.682  -69.926  -2.968 0.6000000238
18269  -20.595  -68.739  3.402 0.5000000000
18271  -22.332  -68.805  3.531 0.6000000238
18286  -20.119  -68.247  2.916 0.5000000000
18301  -19.307  -68.343  1.577 0.5000000000
18303  -23.850  -69.227  2.234 0.6000000238
18364  -23.994  -68.015  -1.858 0.5000000000
18365  -24.249  -68.513  -1.998 0.5000000000
18369  -28.399  -68.210  -1.535 0.6999999881
18370  -29.253  -67.936  -1.495 0.6999999881
18371  -30.238  -67.953  -1.568 0.6999999881
18372  -31.013  -67.714  -1.744 0.6999999881
18386  -24.708  -68.465  -2.805 0.5000000000
18387  -25.462  -68.485  -2.297 0.5000000000
18402  -24.113  -68.026  -3.496 0.5000000000
18403  -33.039  -67.943  -3.121 0.5000000000
19238  -21.567  -67.635  3.474 0.6000000238
19239  -22.405  -67.505  3.572 0.6000000238
19240  -23.211  -67.391  3.634 0.6000000238
19256  -21.066  -67.070  3.197 0.5000000000
19257  -23.684  -68.123  3.341 0.6000000238
19279  -24.708  -67.516  2.172 0.6000000238
19332  -26.604  -67.828  -1.781 0.6000000238
19333  -27.651  -67.336  -1.754 0.6000000238
19337  -30.882  -66.894  -1.838 0.6999999881
19343  -23.917  -68.057  -3.089 0.6000000238
19356  -24.264  -67.669  -4.453 0.5000000000
19379  -24.893  -67.483  -5.989 0.6000000238
19380  -25.095  -67.576  -6.120 0.6000000238
20212  -22.641  -66.694  3.464 0.6000000238
20228  -20.808  -66.498  2.631 0.5000000000
20230  -22.450  -66.024  3.102 0.5000000000
20231  -24.951  -66.034  2.380 0.6000000238
20246  -20.291  -66.648  1.892 0.5000000000
20271  -25.367  -66.637  0.429 0.6000000238
20289  -24.436  -67.239  -1.293 0.6000000238
20311  -24.165  -67.375  -2.187 0.6000000238
20312  -24.590  -66.702  -1.712 0.6000000238
20314  -28.593  -66.797  -1.827 0.6000000238
20315  -29.431  -66.600  -1.728 0.6999999881
20316  -30.152  -66.670  -1.727 0.6999999881
20332  -30.425  -66.394  -2.231 0.6000000238
20334  -31.874  -66.958  -2.977 0.6000000238
20357  -24.137  -67.355  -4.756 0.5000000000
20360  -28.473  -66.538  -5.446 0.6000000238
20361  -29.518  -66.554  -5.428 0.6000000238
20377  -25.548  -67.279  -6.670 0.6000000238
20378  -26.509  -67.064  -6.790 0.6000000238
20397  -25.956  -66.927  -7.199 0.6000000238
21163  -21.881  -65.627  2.670 0.5000000000
21166  -24.459  -65.700  3.033 0.5000000000
21180  -20.671  -65.932  1.950 0.5000000000
21211  -26.077  -65.993  -0.660 0.6000000238
21231  -25.423  -66.018  -1.673 0.6000000238
21256  -24.131  -66.870  -4.486 0.5000000000
21276  -25.075  -66.629  -6.821 0.6999999881
21277  -25.570  -65.825  -7.330 0.6000000238
21298  -27.217  -66.019  -7.883 0.6000000238
22058  -24.119  -65.195  3.276 0.4000000060
22072  -25.809  -63.869  2.840 0.6000000238
22101  -28.077  -64.519  -0.010 0.6000000238
22194  -26.819  -64.881  -7.741 0.6000000238
22195  -27.787  -64.823  -7.587 0.6000000238
23892  -28.561  -62.812  -1.708 0.5000000000
23953  -28.123  -62.505  -7.506 0.6000000238
23954  -29.074  -62.248  -6.928 0.6000000238
23960  -26.977  -62.109  -7.454 0.5000000000
24813  -27.475  -60.799  -5.140 0.5000000000
24819  -26.110  -61.738  -6.160 0.4000000060
24824  -26.107  -61.639  -6.465 0.4000000060
24831  -27.062  -61.226  -7.376 0.5000000000
25773  -26.454  -60.707  -6.848 0.5000000000
25774  -27.028  -60.508  -7.270 0.5000000000
26657  -31.120  -59.958  -5.053 0.4000000060
26662  -25.904  -59.495  -6.117 0.4000000060
26663  -29.883  -59.144  -6.724 0.5000000000
26670  -28.030  -59.210  -7.503 0.5000000000
26671  -28.996  -59.218  -7.248 0.5000000000
27546  -31.591  -58.221  -4.740 0.3000000119
27557  -25.740  -58.181  -6.338 0.4000000060
27567  -26.710  -58.330  -7.156 0.4000000060
28407  -25.822  -57.520  -6.224 0.4000000060
28418  -31.183  -57.632  -6.454 0.5000000000
30096  -31.592  -55.782  -6.046 0.3000000119
30108  -31.189  -55.788  -6.629 0.4000000060
30944  -32.348  -54.412  -5.860 0.4000000060
30954  -30.757  -54.714  -6.408 0.4000000060
31748  -28.356  -52.933  -4.793 0.5000000000
31772  -31.899  -53.656  -6.368 0.4000000060
32551  -29.377  -53.037  -4.967 0.4000000060
32567  -32.749  -52.373  -6.684 0.3000000119
34176  -31.936  -49.774  -7.044 0.3000000119
35079  -28.322  -49.864  -2.914 0.5000000000
35080  -29.302  -49.661  -2.866 0.5000000000
36101  -31.067  -48.108  -5.234 0.4000000060
113858  -24.202  -68.380  -0.730 0.6999999881
115617  -30.796  -66.086  -6.574 0.4000000060
116382  -29.794  -66.237  -2.695 0.6000000238
117429  -24.766  -66.447  -6.038 0.6000000238
117718  -29.011  -66.244  -3.168 0.6000000238
118508  -20.109  -72.072  2.668 0.5000000000
119078  -25.857  -72.987  -5.470 0.5000000000
119334  -23.911  -67.525  -3.167 0.6000000238
119529  -25.063  -66.763  1.077 0.6999999881
121013  -30.698  -59.000  -6.389 0.5000000000
121374  -26.117  -61.053  -6.076 0.4000000060
121480  -24.838  -71.007  -0.262 0.6000000238
121792  -27.824  -62.682  -3.409 0.6000000238
121995  -30.611  -51.876  -4.889 0.5000000000
122822  -30.245  -71.361  -4.594 0.5000000000
123803  -29.072  -56.189  -6.447 0.4000000060
123832  -25.254  -64.393  2.893 0.5000000000
124521  -24.131  -68.972  -0.773 0.6000000238
124808  -26.681  -57.080  -6.924 0.4000000060
125051  -31.241  -65.860  -6.771 0.4000000060
125859  -24.692  -66.176  -4.997 0.6999999881
125962  -23.747  -72.038  1.234 0.6000000238
126492  -27.002  -59.087  -7.248 0.5000000000
126751  -30.675  -56.159  -6.805 0.4000000060
127726  -31.306  -56.944  -6.472 0.4000000060
127760  -25.044  -67.050  -0.464 0.6000000238
127775  -19.930  -69.836  3.011 0.5000000000
127998  -20.480  -65.354  1.487 0.5000000000
128370  -29.085  -67.105  -1.493 0.6999999881
129067  -28.499  -65.221  -7.346 0.6000000238
130842  -30.018  -56.403  -6.749 0.5000000000
130879  -24.191  -68.872  -1.352 0.5000000000
131535  -30.160  -55.242  -6.391 0.4000000060
133804  -22.756  -70.938  2.685 0.6000000238
134298  -26.155  -60.235  -6.318 0.4000000060
136204  -27.220  -64.265  1.836 0.6000000238
136548  -31.123  -58.860  -6.050 0.5000000000
136821  -29.198  -69.902  -3.247 0.6000000238
