#!ascii label  , from subject sub-v1s9x0051361_ses-1 vox2ras=TkReg
1001
50167  33.200  -32.292  57.363 0.0000000000
67834  43.709  -13.590  44.963 0.0000000000
58714  35.237  -23.852  50.191 0.0000000000
46175  18.534  -36.666  72.553 0.0000000000
52028  28.504  -30.471  62.921 0.0000000000
62581  36.494  -19.549  48.440 0.0000000000
46244  23.135  -36.424  66.204 0.0000000000
43285  21.834  -38.959  69.682 0.0000000000
46302  26.086  -35.958  63.717 0.0000000000
68793  47.219  -13.215  45.439 0.0000000000
54728  33.277  -27.787  59.364 0.0000000000
55683  32.048  -26.443  55.846 0.0000000000
51070  36.992  -30.763  57.093 0.0000000000
71486  46.140  -9.391  43.468 0.0000000000
70603  48.657  -10.881  41.331 0.0000000000
67826  39.745  -13.969  46.942 0.0000000000
63437  44.058  -18.690  46.825 0.0000000000
61730  40.199  -20.066  45.985 0.0000000000
58727  39.591  -23.607  49.274 0.0000000000
47260  32.720  -35.272  60.720 0.0000000000
44144  16.783  -38.950  76.870 0.0000000000
45095  15.197  -36.935  80.029 0.0000000000
47989  13.208  -34.495  83.567 0.0000000000
51057  29.966  -31.475  58.794 0.0000000000
48195  29.513  -34.187  62.510 0.0000000000
60745  31.344  -20.855  54.795 0.0000000000
57588  35.913  -25.736  54.545 0.0000000000
74035  51.672  -5.961  38.932 0.0000000000
67833  45.489  -13.879  45.185 0.0000000000
66007  45.093  -14.743  46.871 0.0000000000
52097  33.607  -30.275  57.313 0.0000000000
53026  34.279  -29.773  56.199 0.0000000000
51072  35.101  -31.752  56.659 0.0000000000
69702  43.446  -11.293  45.215 0.0000000000
71459  45.578  -9.953  45.829 0.0000000000
69728  44.783  -11.768  43.682 0.0000000000
123737  46.039  -11.817  43.205 0.0000000000
45076  10.937  -37.284  84.555 0.0000000000
65180  39.699  -16.760  46.680 0.0000000000
64311  38.532  -17.757  47.755 0.0000000000
60806  34.980  -21.516  48.871 0.0000000000
59853  37.382  -22.339  47.417 0.0000000000
122588  37.076  -23.911  48.961 0.0000000000
57654  37.919  -24.740  51.670 0.0000000000
45206  19.881  -37.756  70.956 0.0000000000
43230  22.021  -39.840  72.496 0.0000000000
44185  19.094  -38.915  73.086 0.0000000000
43201  19.365  -40.187  75.650 0.0000000000
44176  17.534  -37.715  74.337 0.0000000000
46119  15.842  -36.225  78.661 0.0000000000
46066  14.390  -36.113  81.914 0.0000000000
114757  29.499  -31.164  60.554 0.0000000000
49183  28.850  -33.484  60.007 0.0000000000
50130  27.320  -31.798  61.712 0.0000000000
44282  26.362  -37.948  65.803 0.0000000000
45301  27.638  -37.169  65.522 0.0000000000
55667  36.419  -26.620  56.341 0.0000000000
56627  34.000  -25.541  54.975 0.0000000000
63411  38.295  -17.424  49.212 0.0000000000
62534  36.633  -18.946  50.892 0.0000000000
61667  34.177  -19.986  50.663 0.0000000000
44259  24.598  -38.706  67.000 0.0000000000
43282  24.471  -39.571  69.225 0.0000000000
44242  22.502  -38.413  68.053 0.0000000000
46199  21.426  -36.759  69.327 0.0000000000
46182  19.978  -36.067  71.180 0.0000000000
50097  26.628  -31.392  63.155 0.0000000000
50066  25.553  -32.791  64.548 0.0000000000
47211  24.589  -35.941  64.266 0.0000000000
56575  31.832  -26.050  60.623 0.0000000000
57538  30.433  -24.733  57.735 0.0000000000
54748  31.969  -27.800  56.916 0.0000000000
53897  35.383  -28.510  55.543 0.0000000000
73220  49.038  -7.598  41.641 0.0000000000
70592  47.352  -10.281  42.265 0.0000000000
118819  48.230  -12.460  42.977 0.0000000000
67837  41.336  -13.351  45.450 0.0000000000
66009  43.125  -15.525  46.772 0.0000000000
65177  42.058  -16.838  46.388 0.0000000000
62601  42.234  -19.334  45.987 0.0000000000
60825  42.516  -21.799  47.394 0.0000000000
61720  38.049  -20.336  46.743 0.0000000000
59851  39.604  -22.501  47.166 0.0000000000
48241  32.666  -34.215  58.568 0.0000000000
49191  35.299  -33.840  59.213 0.0000000000
69681  42.265  -11.362  47.385 0.0000000000
47093  17.989  -35.688  74.844 0.0000000000
45149  16.372  -36.907  76.297 0.0000000000
44142  15.824  -38.350  78.231 0.0000000000
43177  15.156  -39.564  80.378 0.0000000000
45091  14.085  -37.679  81.567 0.0000000000
46061  12.459  -36.573  83.168 0.0000000000
47978  11.462  -34.363  83.847 0.0000000000
49936  9.838  -32.728  85.532 0.0000000000
50169  31.459  -32.420  57.294 0.0000000000
49192  30.051  -33.725  58.780 0.0000000000
48204  30.480  -34.446  61.417 0.0000000000
136602  27.732  -34.379  63.444 0.0000000000
128452  32.479  -22.547  51.331 0.0000000000
57593  30.782  -24.390  54.669 0.0000000000
58677  32.464  -24.308  52.504 0.0000000000
57633  35.479  -25.101  52.004 0.0000000000
121908  37.541  -32.413  59.255 0.0000000000
73231  52.471  -7.419  37.452 0.0000000000
71525  49.612  -8.909  39.738 0.0000000000
71523  51.313  -9.088  38.847 0.0000000000
114682  44.609  -13.617  44.669 0.0000000000
66892  45.262  -14.177  46.119 0.0000000000
66893  44.405  -14.077  45.844 0.0000000000
51074  33.567  -31.436  57.174 0.0000000000
52106  34.039  -31.019  56.618 0.0000000000
51073  34.235  -31.776  56.973 0.0000000000
68807  42.498  -12.610  44.552 0.0000000000
69701  44.017  -11.101  44.746 0.0000000000
67847  43.933  -12.999  44.133 0.0000000000
67858  44.695  -13.175  43.957 0.0000000000
130863  10.299  -35.766  84.641 0.0000000000
65994  38.953  -16.094  47.961 0.0000000000
65155  39.262  -16.462  48.597 0.0000000000
59833  35.075  -22.475  48.995 0.0000000000
59832  35.759  -22.866  48.682 0.0000000000
114853  35.814  -24.036  49.629 0.0000000000
130803  37.079  -24.739  50.189 0.0000000000
57678  36.129  -24.649  50.353 0.0000000000
45196  18.944  -37.636  71.986 0.0000000000
44194  19.405  -38.456  72.310 0.0000000000
44195  18.689  -38.140  72.540 0.0000000000
44174  18.515  -38.954  73.646 0.0000000000
45179  17.874  -37.431  73.476 0.0000000000
51013  28.711  -30.592  62.029 0.0000000000
51033  27.701  -30.563  61.179 0.0000000000
52030  27.380  -30.488  61.960 0.0000000000
44257  26.360  -38.749  67.178 0.0000000000
118408  31.694  -21.698  59.066 0.0000000000
55658  36.572  -26.142  56.537 0.0000000000
61666  34.892  -19.595  50.348 0.0000000000
62536  34.679  -19.287  51.163 0.0000000000
44285  23.847  -37.756  65.846 0.0000000000
44260  23.728  -38.611  67.035 0.0000000000
44277  22.872  -37.620  66.832 0.0000000000
46212  21.827  -36.534  68.815 0.0000000000
47140  21.640  -36.243  69.607 0.0000000000
47131  20.984  -36.135  70.179 0.0000000000
50975  27.246  -31.093  65.090 0.0000000000
47171  24.694  -34.598  66.050 0.0000000000
47189  24.617  -34.907  64.724 0.0000000000
46270  24.157  -36.655  64.777 0.0000000000
44284  24.656  -37.990  65.692 0.0000000000
137488  31.993  -27.120  58.298 0.0000000000
128671  32.356  -27.610  57.725 0.0000000000
52104  35.335  -30.176  55.908 0.0000000000
53891  34.291  -28.943  55.962 0.0000000000
53025  36.111  -29.682  56.010 0.0000000000
53024  36.771  -29.108  56.232 0.0000000000
52096  37.580  -29.961  57.074 0.0000000000
71476  45.463  -9.532  44.789 0.0000000000
72378  47.452  -9.002  42.421 0.0000000000
71495  46.702  -9.818  42.831 0.0000000000
68803  46.684  -12.731  44.066 0.0000000000
68833  47.467  -12.093  42.683 0.0000000000
130813  47.597  -12.853  44.583 0.0000000000
66897  40.674  -13.785  45.962 0.0000000000
66011  41.648  -14.964  46.128 0.0000000000
117860  40.827  -15.578  46.279 0.0000000000
63441  40.196  -18.399  46.025 0.0000000000
63440  40.972  -18.275  45.845 0.0000000000
62602  41.317  -19.934  46.098 0.0000000000
61728  42.284  -20.322  46.305 0.0000000000
120568  40.923  -20.775  46.366 0.0000000000
62570  37.067  -18.679  49.076 0.0000000000
62579  37.733  -18.917  47.707 0.0000000000
61704  36.763  -20.076  47.576 0.0000000000
58737  38.331  -23.421  48.221 0.0000000000
59852  38.770  -22.339  46.975 0.0000000000
59842  39.837  -22.917  47.906 0.0000000000
59840  41.442  -22.533  48.451 0.0000000000
48213  32.846  -35.020  59.979 0.0000000000
48212  34.335  -34.690  60.046 0.0000000000
68767  39.872  -12.857  48.342 0.0000000000
68774  40.881  -12.035  47.364 0.0000000000
68785  41.151  -12.406  46.358 0.0000000000
43256  23.156  -39.681  70.098 0.0000000000
42201  22.991  -39.870  70.883 0.0000000000
43193  18.007  -39.429  76.146 0.0000000000
43192  18.842  -40.037  76.289 0.0000000000
43188  18.309  -39.910  77.028 0.0000000000
43186  16.617  -39.362  77.641 0.0000000000
47088  17.417  -35.470  76.381 0.0000000000
45165  16.863  -36.617  75.599 0.0000000000
47082  16.838  -35.649  76.856 0.0000000000
46108  15.572  -36.103  79.653 0.0000000000
45116  15.691  -37.421  78.449 0.0000000000
137611  15.252  -37.724  79.737 0.0000000000
44139  15.508  -38.271  79.110 0.0000000000
45096  14.949  -37.719  80.327 0.0000000000
44136  14.759  -38.564  80.616 0.0000000000
45090  14.499  -37.701  80.959 0.0000000000
47039  13.743  -35.461  82.834 0.0000000000
46067  13.677  -36.222  82.459 0.0000000000
47025  12.698  -35.241  83.271 0.0000000000
47026  11.751  -35.661  83.498 0.0000000000
47014  12.177  -34.745  83.503 0.0000000000
51044  31.909  -31.909  59.508 0.0000000000
51056  31.410  -31.594  58.549 0.0000000000
51068  30.371  -31.796  58.201 0.0000000000
49205  30.465  -33.343  57.999 0.0000000000
49206  29.771  -32.871  58.264 0.0000000000
49173  28.852  -33.503  60.921 0.0000000000
48205  29.620  -34.017  60.825 0.0000000000
122360  29.851  -34.170  61.773 0.0000000000
48186  25.999  -33.876  63.363 0.0000000000
49154  26.918  -33.075  63.136 0.0000000000
47227  26.269  -34.954  63.500 0.0000000000
47188  28.822  -36.086  65.194 0.0000000000
128070  43.671  -16.984  47.147 0.0000000000
129038  44.517  -16.891  47.405 0.0000000000
63430  45.579  -18.466  47.475 0.0000000000
61649  31.762  -20.196  53.145 0.0000000000
60755  32.078  -20.737  52.074 0.0000000000
60756  31.508  -21.019  52.739 0.0000000000
55671  30.837  -25.832  56.614 0.0000000000
58650  30.278  -23.895  56.551 0.0000000000
57573  30.789  -24.770  55.505 0.0000000000
57589  34.563  -25.348  54.444 0.0000000000
56639  33.118  -25.096  54.213 0.0000000000
57612  34.360  -25.387  53.526 0.0000000000
57634  33.941  -25.117  52.374 0.0000000000
138359  35.163  -25.568  53.560 0.0000000000
115084  36.537  -25.371  53.794 0.0000000000
49199  36.370  -33.066  58.946 0.0000000000
74040  52.221  -6.427  38.099 0.0000000000
71519  48.450  -9.425  40.574 0.0000000000
120926  48.725  -7.977  40.788 0.0000000000
71518  49.100  -9.697  39.956 0.0000000000
71516  51.025  -9.596  39.744 0.0000000000
70614  52.566  -9.861  40.718 0.0000000000
118468  24.297  -35.493  67.228 0.0000000000
46221  23.122  -36.127  67.029 0.0000000000
67832  46.450  -13.622  45.301 0.0000000000
118116  47.161  -13.710  46.600 0.0000000000
67824  45.996  -13.941  46.077 0.0000000000
53012  33.645  -29.120  57.640 0.0000000000
132313  33.353  -28.596  57.475 0.0000000000
122356  33.854  -30.226  56.626 0.0000000000
52105  34.545  -30.499  56.151 0.0000000000
51071  36.002  -31.392  56.783 0.0000000000
70540  46.054  -9.944  46.790 0.0000000000
70561  44.244  -10.743  45.355 0.0000000000
70570  44.424  -10.574  44.558 0.0000000000
70582  45.396  -10.061  43.496 0.0000000000
69726  46.092  -10.931  43.174 0.0000000000
135104  45.481  -12.008  43.439 0.0000000000
68804  45.920  -13.022  43.921 0.0000000000
45079  11.613  -37.680  83.899 0.0000000000
66873  39.473  -14.462  47.573 0.0000000000
66886  39.662  -14.869  46.751 0.0000000000
66002  39.302  -15.419  47.525 0.0000000000
120003  39.132  -17.280  47.329 0.0000000000
63442  39.601  -18.770  46.352 0.0000000000
61696  35.697  -19.879  48.605 0.0000000000
61722  36.555  -21.036  47.405 0.0000000000
59843  36.195  -22.325  48.153 0.0000000000
134087  37.517  -23.564  48.448 0.0000000000
58728  38.809  -23.866  49.009 0.0000000000
57675  39.005  -24.280  50.440 0.0000000000
57653  38.808  -24.452  51.335 0.0000000000
47238  33.304  -35.900  62.052 0.0000000000
44201  21.034  -38.805  70.752 0.0000000000
114484  21.640  -39.436  70.979 0.0000000000
43240  20.984  -39.249  71.606 0.0000000000
43232  20.710  -39.511  72.445 0.0000000000
135039  20.245  -39.954  73.621 0.0000000000
44165  17.882  -38.658  74.793 0.0000000000
44155  17.129  -38.585  76.019 0.0000000000
47074  16.720  -35.429  77.574 0.0000000000
46092  15.940  -35.131  80.242 0.0000000000
46093  15.281  -35.995  80.501 0.0000000000
46079  14.422  -36.835  81.381 0.0000000000
46078  14.936  -35.842  81.331 0.0000000000
47038  14.350  -35.430  82.443 0.0000000000
47988  13.966  -34.357  83.618 0.0000000000
121853  29.761  -31.351  59.646 0.0000000000
50149  28.953  -32.102  59.158 0.0000000000
51059  28.621  -31.724  59.786 0.0000000000
49184  28.269  -32.916  60.497 0.0000000000
49174  28.296  -33.197  61.612 0.0000000000
45313  26.356  -37.164  64.455 0.0000000000
46289  26.681  -36.479  64.138 0.0000000000
45302  26.791  -37.487  65.205 0.0000000000
132179  44.886  -19.796  47.303 0.0000000000
60735  31.672  -20.963  55.855 0.0000000000
55680  35.096  -26.718  55.535 0.0000000000
55682  33.077  -26.131  55.260 0.0000000000
55669  35.200  -26.078  55.443 0.0000000000
56615  35.901  -26.016  55.496 0.0000000000
74032  50.743  -6.161  39.985 0.0000000000
47966  8.942  -33.954  86.344 0.0000000000
63401  38.950  -17.286  50.344 0.0000000000
62553  37.118  -18.219  49.933 0.0000000000
62554  36.660  -19.071  50.120 0.0000000000
61680  34.966  -19.913  49.558 0.0000000000
60787  34.612  -20.982  49.362 0.0000000000
59816  34.228  -22.415  49.980 0.0000000000
43322  25.084  -38.982  67.730 0.0000000000
43281  25.469  -39.745  69.058 0.0000000000
43323  24.229  -38.877  67.771 0.0000000000
44241  23.397  -38.761  67.879 0.0000000000
44223  22.103  -38.779  68.875 0.0000000000
125198  22.328  -36.884  67.607 0.0000000000
44243  21.799  -38.103  68.567 0.0000000000
44224  21.391  -38.210  69.254 0.0000000000
45224  20.577  -37.206  70.063 0.0000000000
45216  19.789  -36.599  71.015 0.0000000000
46183  19.408  -36.423  71.597 0.0000000000
52019  27.181  -30.412  62.813 0.0000000000
50986  26.851  -30.874  64.172 0.0000000000
50079  25.860  -32.085  64.213 0.0000000000
49156  25.332  -33.606  63.767 0.0000000000
48151  25.611  -33.559  65.816 0.0000000000
48170  24.830  -34.178  64.010 0.0000000000
46290  25.253  -36.206  63.841 0.0000000000
45304  25.120  -37.622  65.041 0.0000000000
44274  25.052  -38.422  66.324 0.0000000000
57507  31.530  -23.710  60.567 0.0000000000
58600  30.774  -23.388  59.494 0.0000000000
127458  30.620  -24.657  59.287 0.0000000000
129402  31.024  -26.592  57.475 0.0000000000
54757  32.068  -27.350  56.522 0.0000000000
53884  33.097  -28.559  56.895 0.0000000000
53899  33.988  -27.994  55.829 0.0000000000
131582  33.770  -27.428  55.709 0.0000000000
54765  35.980  -27.961  55.668 0.0000000000
121622  37.595  -27.951  56.945 0.0000000000
72383  48.698  -8.143  42.241 0.0000000000
72384  47.858  -8.701  41.734 0.0000000000
120084  48.066  -10.136  41.749 0.0000000000
70593  46.688  -10.685  42.706 0.0000000000
135162  47.819  -11.805  42.055 0.0000000000
67836  41.930  -13.536  45.067 0.0000000000
66883  43.473  -14.729  46.323 0.0000000000
66895  42.473  -14.311  45.750 0.0000000000
119568  42.606  -16.120  46.659 0.0000000000
64316  43.331  -17.940  46.652 0.0000000000
65178  40.971  -16.610  46.353 0.0000000000
64317  42.418  -17.728  46.271 0.0000000000
63438  43.336  -18.753  46.473 0.0000000000
61727  43.687  -20.141  46.722 0.0000000000
60824  43.987  -21.322  47.527 0.0000000000
64299  38.437  -17.460  48.273 0.0000000000
63433  38.330  -18.584  47.410 0.0000000000
62605  38.760  -19.990  46.433 0.0000000000
60826  37.926  -21.212  46.661 0.0000000000
60841  38.626  -21.585  46.608 0.0000000000
60840  40.001  -21.128  46.363 0.0000000000
134765  40.904  -22.182  47.033 0.0000000000
49221  32.585  -33.095  57.370 0.0000000000
49219  34.240  -33.212  57.937 0.0000000000
48222  34.407  -34.192  59.110 0.0000000000
116624  35.057  -34.415  59.835 0.0000000000
69693  42.371  -11.515  46.435 0.0000000000
68794  42.059  -12.294  45.004 0.0000000000
47117  19.184  -35.886  72.643 0.0000000000
47101  18.749  -35.562  74.254 0.0000000000
46168  17.999  -36.607  73.648 0.0000000000
45180  17.613  -37.012  74.125 0.0000000000
45148  16.718  -37.489  75.662 0.0000000000
44156  16.416  -37.923  76.511 0.0000000000
46133  16.301  -36.257  77.056 0.0000000000
45130  16.086  -37.300  77.108 0.0000000000
44145  16.155  -38.374  77.427 0.0000000000
133553  16.071  -39.028  78.041 0.0000000000
43182  15.623  -39.317  79.578 0.0000000000
44125  13.351  -38.424  82.514 0.0000000000
46080  13.908  -36.906  81.907 0.0000000000
127191  13.406  -37.022  82.369 0.0000000000
45078  12.369  -37.440  83.301 0.0000000000
46062  11.669  -36.715  83.636 0.0000000000
47015  11.044  -35.235  83.850 0.0000000000
47016  10.430  -34.834  84.402 0.0000000000
48978  11.833  -33.689  84.095 0.0000000000
48966  10.296  -33.423  84.986 0.0000000000
48967  9.528  -33.688  85.642 0.0000000000
52088  33.377  -31.104  57.504 0.0000000000
134525  32.197  -31.421  57.902 0.0000000000
50168  32.143  -32.387  57.175 0.0000000000
49222  31.741  -33.076  57.250 0.0000000000
48242  31.781  -34.250  58.462 0.0000000000
48214  32.105  -34.876  60.083 0.0000000000
48227  29.715  -33.996  59.701 0.0000000000
48216  30.472  -34.453  60.405 0.0000000000
47261  31.946  -35.228  60.867 0.0000000000
50118  26.878  -31.416  62.379 0.0000000000
49153  27.815  -33.170  62.676 0.0000000000
48184  28.086  -33.922  63.274 0.0000000000
46288  27.498  -36.140  64.396 0.0000000000
119664  28.894  -35.097  64.131 0.0000000000
47224  29.780  -34.895  63.793 0.0000000000
66008  44.599  -15.331  47.093 0.0000000000
61647  33.509  -19.268  52.340 0.0000000000
60776  33.369  -21.392  50.631 0.0000000000
59802  33.824  -22.869  50.513 0.0000000000
58620  30.960  -23.067  58.112 0.0000000000
59756  30.620  -23.216  56.164 0.0000000000
59766  30.720  -22.545  54.851 0.0000000000
56640  32.089  -25.237  54.113 0.0000000000
57614  31.741  -24.549  53.562 0.0000000000
59782  31.687  -23.108  52.757 0.0000000000
58689  32.165  -23.195  52.000 0.0000000000
58687  33.535  -24.482  51.468 0.0000000000
137000  34.658  -24.272  50.685 0.0000000000
57632  36.252  -25.108  52.282 0.0000000000
120619  35.496  -32.628  57.862 0.0000000000
50155  36.276  -32.461  58.300 0.0000000000
50154  37.116  -31.947  58.622 0.0000000000
51052  38.567  -31.640  59.371 0.0000000000
52085  38.429  -30.705  58.441 0.0000000000
73235  53.609  -7.407  36.789 0.0000000000
74033  50.125  -6.485  40.410 0.0000000000
73224  50.417  -7.310  39.223 0.0000000000
71517  50.041  -9.692  39.823 0.0000000000
71524  50.465  -8.973  39.373 0.0000000000
73228  51.011  -7.456  38.529 0.0000000000
71528  51.848  -9.019  38.136 0.0000000000
71527  52.420  -9.282  37.970 0.0000000000
66894  43.403  -14.009  45.654 0.0000000000
67848  43.052  -13.105  44.457 0.0000000000
68806  43.272  -12.322  44.266 0.0000000000
47011  9.738  -35.357  85.330 0.0000000000
59815  34.804  -22.883  49.684 0.0000000000
58731  35.375  -23.347  49.308 0.0000000000
45208  18.867  -36.865  72.016 0.0000000000
45197  18.362  -37.371  72.603 0.0000000000
44186  18.208  -38.255  73.092 0.0000000000
116694  18.187  -36.827  73.019 0.0000000000
51014  27.978  -30.368  61.614 0.0000000000
52029  27.860  -30.335  62.383 0.0000000000
43321  25.898  -39.140  67.768 0.0000000000
43320  26.762  -39.033  68.075 0.0000000000
59718  31.517  -22.209  59.608 0.0000000000
45288  23.265  -37.313  66.254 0.0000000000
47191  23.465  -35.953  65.653 0.0000000000
46271  23.573  -36.940  65.551 0.0000000000
54739  32.497  -27.580  58.846 0.0000000000
54738  33.150  -28.084  58.244 0.0000000000
51084  36.111  -30.536  56.359 0.0000000000
52103  36.887  -29.921  56.527 0.0000000000
71475  46.250  -9.052  44.464 0.0000000000
121107  47.125  -8.817  44.586 0.0000000000
71474  46.941  -8.960  43.878 0.0000000000
71485  46.877  -9.156  43.018 0.0000000000
67844  46.855  -13.175  44.766 0.0000000000
44121  12.956  -38.780  83.267 0.0000000000
67825  40.178  -13.505  46.428 0.0000000000
66884  40.708  -14.633  46.109 0.0000000000
66885  40.037  -14.323  46.276 0.0000000000
62603  40.061  -19.187  45.830 0.0000000000
62613  40.612  -18.849  45.779 0.0000000000
131000  40.658  -19.383  45.852 0.0000000000
62580  37.195  -19.251  48.104 0.0000000000
58736  39.286  -23.378  48.431 0.0000000000
58735  40.084  -23.104  48.756 0.0000000000
47259  33.321  -35.251  60.522 0.0000000000
47250  33.494  -35.596  61.231 0.0000000000
137298  39.774  -12.879  47.878 0.0000000000
68775  40.132  -12.376  47.809 0.0000000000
67815  39.917  -13.132  47.265 0.0000000000
68786  40.466  -12.724  46.833 0.0000000000
43284  22.612  -39.297  69.464 0.0000000000
43257  22.276  -39.540  70.348 0.0000000000
43194  17.520  -39.378  76.646 0.0000000000
43189  17.414  -39.699  77.328 0.0000000000
45104  15.428  -37.138  79.241 0.0000000000
47024  13.491  -34.994  83.211 0.0000000000
114400  30.735  -31.541  59.307 0.0000000000
121554  30.654  -31.566  58.532 0.0000000000
50158  30.275  -32.445  57.931 0.0000000000
50159  29.598  -32.085  58.546 0.0000000000
48206  29.143  -33.843  61.718 0.0000000000
48194  30.365  -34.524  62.425 0.0000000000
48182  29.850  -34.529  63.113 0.0000000000
64315  44.197  -17.758  47.150 0.0000000000
63431  44.734  -18.329  47.225 0.0000000000
61640  31.785  -20.130  54.320 0.0000000000
116608  31.380  -20.879  53.676 0.0000000000
56617  31.316  -25.648  55.843 0.0000000000
120801  35.622  -25.623  54.813 0.0000000000
117465  35.218  -25.586  54.211 0.0000000000
115308  35.828  -25.821  53.960 0.0000000000
74041  51.484  -6.758  38.504 0.0000000000
124428  48.384  -9.984  41.092 0.0000000000
70618  48.872  -10.288  40.528 0.0000000000
47162  23.706  -35.694  67.122 0.0000000000
47150  24.995  -35.804  67.630 0.0000000000
47161  24.815  -35.097  67.007 0.0000000000
117624  44.958  -14.426  46.488 0.0000000000
66881  45.606  -14.336  46.718 0.0000000000
53017  33.755  -29.629  57.756 0.0000000000
53018  33.508  -29.621  57.026 0.0000000000
51086  34.609  -31.259  56.423 0.0000000000
51085  35.252  -31.008  56.264 0.0000000000
70562  43.782  -10.908  45.910 0.0000000000
70551  44.335  -10.644  46.253 0.0000000000
69712  44.180  -11.216  44.110 0.0000000000
70569  44.819  -9.838  44.224 0.0000000000
70583  44.761  -10.699  43.857 0.0000000000
69727  45.460  -11.215  43.491 0.0000000000
68821  45.217  -12.714  43.577 0.0000000000
67846  45.361  -13.412  44.242 0.0000000000
67845  46.163  -13.401  44.526 0.0000000000
114589  39.311  -14.873  48.129 0.0000000000
64298  38.732  -16.907  47.991 0.0000000000
65172  39.238  -16.367  47.381 0.0000000000
63432  39.073  -18.268  47.126 0.0000000000
61706  35.438  -20.952  48.379 0.0000000000
60814  35.985  -21.463  47.943 0.0000000000
59844  35.544  -21.964  48.510 0.0000000000
58738  36.647  -23.143  48.421 0.0000000000
116676  37.973  -23.946  48.970 0.0000000000
57694  38.439  -24.287  49.695 0.0000000000
57676  38.029  -24.672  50.560 0.0000000000
57630  38.683  -24.540  52.356 0.0000000000
67806  39.802  -13.515  48.564 0.0000000000
44210  20.458  -37.985  70.411 0.0000000000
44202  20.323  -38.468  71.194 0.0000000000
44184  19.940  -39.228  72.726 0.0000000000
114495  20.483  -39.791  73.171 0.0000000000
43221  19.754  -39.690  73.376 0.0000000000
120715  19.890  -40.031  74.012 0.0000000000
43222  19.081  -39.660  73.815 0.0000000000
44175  17.946  -38.423  73.909 0.0000000000
43212  18.474  -39.306  74.388 0.0000000000
44154  17.757  -38.861  75.493 0.0000000000
44166  17.173  -38.054  75.091 0.0000000000
47023  14.244  -34.820  83.007 0.0000000000
51031  29.440  -31.055  61.443 0.0000000000
50128  30.147  -31.441  61.094 0.0000000000
50141  30.420  -31.528  60.338 0.0000000000
51045  29.000  -31.238  60.124 0.0000000000
50143  27.580  -31.399  60.997 0.0000000000
50129  27.758  -32.365  61.087 0.0000000000
49175  27.651  -32.618  61.898 0.0000000000
45303  25.947  -37.683  64.969 0.0000000000
60724  31.825  -20.999  56.859 0.0000000000
60725  31.471  -21.754  56.292 0.0000000000
55681  34.249  -26.277  55.298 0.0000000000
55668  36.010  -26.315  55.737 0.0000000000
56597  37.072  -26.096  56.946 0.0000000000
56605  36.502  -25.949  56.187 0.0000000000
57537  36.927  -25.659  56.460 0.0000000000
48958  8.654  -33.379  86.767 0.0000000000
62532  38.112  -17.777  50.541 0.0000000000
61679  35.740  -19.592  49.425 0.0000000000
62555  35.830  -19.470  50.234 0.0000000000
61681  34.370  -20.443  49.949 0.0000000000
60788  34.147  -21.496  49.814 0.0000000000
60775  33.815  -20.960  50.306 0.0000000000
44261  23.007  -38.282  67.216 0.0000000000
43307  22.948  -39.082  68.638 0.0000000000
47163  22.803  -35.866  67.816 0.0000000000
46222  22.643  -36.445  67.414 0.0000000000
45244  21.529  -37.366  68.890 0.0000000000
45223  21.100  -37.326  69.502 0.0000000000
44225  20.900  -37.867  69.812 0.0000000000
116988  20.714  -35.932  70.777 0.0000000000
46193  20.399  -36.454  70.513 0.0000000000
52008  28.032  -30.387  64.303 0.0000000000
52000  27.530  -30.628  64.721 0.0000000000
50065  26.122  -32.266  65.069 0.0000000000
50078  26.535  -31.565  64.594 0.0000000000
50099  25.457  -32.796  63.806 0.0000000000
49136  25.047  -33.404  64.061 0.0000000000
47210  24.872  -35.199  63.869 0.0000000000
46291  24.851  -36.729  64.252 0.0000000000
45314  25.460  -37.140  64.322 0.0000000000
45315  24.770  -37.236  64.589 0.0000000000
44258  25.495  -38.743  67.054 0.0000000000
126644  31.582  -24.814  60.693 0.0000000000
57516  31.058  -24.153  59.916 0.0000000000
56576  31.165  -25.328  59.919 0.0000000000
55659  31.526  -27.183  57.365 0.0000000000
55649  31.315  -26.549  58.432 0.0000000000
55660  31.118  -26.889  57.003 0.0000000000
54749  31.526  -27.248  56.848 0.0000000000
116328  33.407  -28.983  56.932 0.0000000000
53027  33.842  -29.349  56.596 0.0000000000
126448  34.892  -28.969  55.585 0.0000000000
53898  34.677  -28.251  55.533 0.0000000000
54756  33.201  -27.541  56.213 0.0000000000
54766  35.220  -27.638  55.496 0.0000000000
53883  37.848  -28.584  57.044 0.0000000000
53889  37.248  -28.503  56.590 0.0000000000
71458  46.653  -9.956  46.114 0.0000000000
73217  49.389  -7.481  42.626 0.0000000000
72376  48.913  -7.882  43.242 0.0000000000
137385  47.584  -9.017  41.842 0.0000000000
71507  47.551  -9.464  42.064 0.0000000000
71506  47.830  -9.224  41.356 0.0000000000
69737  46.687  -11.578  42.839 0.0000000000
66896  41.461  -14.090  45.744 0.0000000000
117076  41.788  -15.919  46.371 0.0000000000
122133  42.913  -16.976  46.665 0.0000000000
66013  39.655  -15.783  46.739 0.0000000000
65179  40.081  -16.097  46.386 0.0000000000
135567  40.200  -16.719  46.406 0.0000000000
63439  41.878  -18.417  45.876 0.0000000000
124502  42.706  -18.561  46.214 0.0000000000
132216  42.965  -19.182  46.290 0.0000000000
62600  43.582  -19.368  46.516 0.0000000000
114360  42.990  -19.845  46.337 0.0000000000
60838  42.297  -21.256  46.713 0.0000000000
119967  43.156  -21.334  47.183 0.0000000000
64292  38.553  -17.307  48.844 0.0000000000
62594  38.188  -19.439  46.983 0.0000000000
63443  38.988  -19.162  46.828 0.0000000000
59854  36.637  -21.894  47.593 0.0000000000
60827  37.229  -21.566  47.069 0.0000000000
59859  39.389  -21.795  46.685 0.0000000000
134623  39.175  -21.159  46.385 0.0000000000
59858  40.211  -21.999  46.829 0.0000000000
124666  40.878  -21.576  46.673 0.0000000000
49202  33.072  -33.745  57.956 0.0000000000
49201  33.933  -33.732  58.260 0.0000000000
48240  33.520  -34.208  58.744 0.0000000000
47258  34.719  -35.066  60.694 0.0000000000
135406  34.901  -34.720  60.295 0.0000000000
69680  43.060  -11.250  46.991 0.0000000000
68795  41.479  -12.711  45.458 0.0000000000
67850  41.809  -12.980  44.769 0.0000000000
42219  25.036  -40.071  69.891 0.0000000000
43239  21.766  -39.705  71.750 0.0000000000
46159  18.295  -35.912  73.928 0.0000000000
46160  17.694  -36.404  74.392 0.0000000000
121670  16.516  -35.185  78.414 0.0000000000
127828  16.204  -35.944  77.876 0.0000000000
45115  15.990  -36.793  77.816 0.0000000000
132718  15.929  -37.648  77.801 0.0000000000
44135  15.250  -38.519  79.982 0.0000000000
44130  14.276  -38.578  81.345 0.0000000000
44131  13.870  -38.271  81.912 0.0000000000
46068  12.977  -36.783  82.831 0.0000000000
45084  13.092  -37.586  82.714 0.0000000000
48977  12.752  -33.382  84.243 0.0000000000
49941  11.997  -33.151  84.337 0.0000000000
49935  10.740  -32.639  84.990 0.0000000000
49923  9.262  -32.391  85.842 0.0000000000
51067  31.128  -31.612  58.012 0.0000000000
51076  31.695  -31.863  57.517 0.0000000000
49204  31.303  -33.659  57.759 0.0000000000
48243  30.891  -34.149  58.543 0.0000000000
48225  31.463  -34.577  59.307 0.0000000000
49194  28.535  -32.583  59.718 0.0000000000
49193  29.200  -33.021  59.036 0.0000000000
48215  31.310  -34.716  60.193 0.0000000000
48203  31.263  -34.766  61.101 0.0000000000
47252  31.860  -35.375  61.703 0.0000000000
47253  31.149  -34.863  61.996 0.0000000000
50999  26.763  -30.754  63.347 0.0000000000
51015  26.886  -30.745  62.490 0.0000000000
48185  27.071  -34.096  63.314 0.0000000000
136363  27.522  -33.518  63.141 0.0000000000
45312  27.181  -36.902  64.725 0.0000000000
47208  28.355  -35.766  64.621 0.0000000000
118909  29.104  -35.612  64.724 0.0000000000
124221  43.786  -15.378  47.001 0.0000000000
62505  34.148  -18.599  52.998 0.0000000000
135200  32.223  -21.608  51.625 0.0000000000
115397  32.774  -21.280  51.196 0.0000000000
59803  33.162  -22.255  50.703 0.0000000000
56586  30.451  -24.140  58.683 0.0000000000
58621  30.553  -23.243  58.926 0.0000000000
58638  30.639  -23.789  57.981 0.0000000000
58658  30.381  -23.894  55.527 0.0000000000
59767  30.514  -23.123  55.324 0.0000000000
59755  31.009  -22.512  55.757 0.0000000000
58667  30.611  -23.455  54.714 0.0000000000
56628  33.075  -25.399  54.702 0.0000000000
57591  32.628  -24.899  53.435 0.0000000000
131460  32.002  -24.167  53.063 0.0000000000
58678  31.432  -23.578  53.422 0.0000000000
57611  34.833  -25.439  52.666 0.0000000000
57657  34.522  -24.840  51.528 0.0000000000
58700  34.001  -23.937  50.838 0.0000000000
57656  35.331  -24.776  50.928 0.0000000000
115083  36.789  -24.934  52.923 0.0000000000
118812  34.746  -33.548  58.481 0.0000000000
50156  34.875  -32.969  57.876 0.0000000000
49200  35.632  -33.199  58.542 0.0000000000
137850  37.217  -32.782  59.478 0.0000000000
50148  36.869  -32.589  59.103 0.0000000000
138454  38.308  -31.268  58.748 0.0000000000
74045  52.850  -6.598  37.499 0.0000000000
74044  53.489  -6.397  37.167 0.0000000000
73230  53.060  -7.197  37.103 0.0000000000
72396  53.051  -8.206  37.059 0.0000000000
72386  49.346  -7.951  40.100 0.0000000000
73225  49.830  -7.129  39.903 0.0000000000
74037  50.317  -6.637  39.694 0.0000000000
72391  50.039  -8.092  39.477 0.0000000000
72390  50.721  -8.231  38.840 0.0000000000
72394  51.399  -8.348  38.194 0.0000000000
127585  33.631  -30.824  56.918 0.0000000000
50165  34.918  -32.356  57.276 0.0000000000
69714  42.832  -11.876  44.762 0.0000000000
69713  43.608  -11.606  44.480 0.0000000000
68805  43.950  -12.031  43.863 0.0000000000
68822  44.488  -12.549  43.755 0.0000000000
46057  10.410  -36.578  84.898 0.0000000000
65993  39.276  -15.547  48.282 0.0000000000
65984  40.017  -15.782  48.904 0.0000000000
58730  36.108  -23.725  48.963 0.0000000000
58713  36.583  -24.324  49.574 0.0000000000
58729  37.561  -24.421  49.606 0.0000000000
57677  37.085  -24.827  51.062 0.0000000000
44203  19.657  -38.030  71.608 0.0000000000
47048  15.545  -34.883  81.694 0.0000000000
51032  28.592  -30.636  60.993 0.0000000000
51034  27.200  -30.919  61.726 0.0000000000
44273  25.939  -38.416  66.404 0.0000000000
44272  26.808  -38.312  66.562 0.0000000000
59744  31.629  -21.734  58.197 0.0000000000
54746  36.761  -27.005  56.802 0.0000000000
55657  36.989  -26.331  57.102 0.0000000000
62535  35.628  -19.178  51.032 0.0000000000
44275  24.180  -38.331  66.349 0.0000000000
44276  23.419  -38.085  66.514 0.0000000000
45263  22.479  -37.675  67.433 0.0000000000
47153  22.606  -35.996  68.393 0.0000000000
47154  22.221  -36.205  68.879 0.0000000000
46200  20.981  -36.594  69.847 0.0000000000
48138  25.556  -34.075  66.337 0.0000000000
47190  24.147  -35.446  65.216 0.0000000000
45305  24.321  -37.457  65.165 0.0000000000
55638  31.461  -26.310  59.617 0.0000000000
55648  31.891  -27.060  59.256 0.0000000000
53032  34.767  -29.663  55.780 0.0000000000
53031  35.407  -29.337  55.673 0.0000000000
53896  36.071  -28.834  55.784 0.0000000000
53023  37.440  -29.260  56.741 0.0000000000
53016  38.021  -29.315  57.251 0.0000000000
71466  47.029  -9.082  45.137 0.0000000000
72377  48.275  -8.623  42.814 0.0000000000
72367  47.568  -8.749  43.379 0.0000000000
71494  47.155  -9.507  42.525 0.0000000000
68820  46.711  -12.253  43.291 0.0000000000
68819  47.491  -12.478  43.573 0.0000000000
116970  48.349  -12.651  43.845 0.0000000000
64319  40.410  -17.450  46.278 0.0000000000
62612  41.287  -19.030  45.767 0.0000000000
61729  41.684  -20.746  46.384 0.0000000000
60839  41.509  -21.302  46.595 0.0000000000
62569  37.585  -18.317  48.621 0.0000000000
62595  37.452  -19.722  47.189 0.0000000000
58744  38.152  -22.736  47.448 0.0000000000
58743  38.992  -22.949  47.636 0.0000000000
59850  40.424  -22.557  47.399 0.0000000000
59841  40.658  -22.772  48.186 0.0000000000
48223  33.117  -34.597  59.353 0.0000000000
134144  33.798  -34.532  59.458 0.0000000000
134658  33.557  -34.904  60.019 0.0000000000
129430  33.980  -35.296  60.603 0.0000000000
68766  40.526  -12.374  48.519 0.0000000000
69683  40.774  -11.857  48.063 0.0000000000
69682  41.443  -11.514  47.826 0.0000000000
69694  41.656  -11.819  46.875 0.0000000000
68796  40.785  -13.058  45.972 0.0000000000
43283  23.511  -39.451  69.328 0.0000000000
42220  24.108  -39.807  70.079 0.0000000000
42200  23.636  -39.863  70.651 0.0000000000
43202  18.464  -39.608  75.361 0.0000000000
42088  18.087  -40.178  77.859 0.0000000000
131510  16.473  -39.695  78.408 0.0000000000
47087  18.129  -35.309  75.778 0.0000000000
115230  17.338  -35.870  75.621 0.0000000000
47094  17.380  -36.313  75.065 0.0000000000
46144  16.727  -36.094  76.246 0.0000000000
46060  13.070  -35.897  83.049 0.0000000000
122376  12.321  -36.011  83.264 0.0000000000
50837  9.695  -31.998  85.490 0.0000000000
50157  30.952  -32.092  57.688 0.0000000000
49223  30.967  -32.842  57.483 0.0000000000
49155  25.959  -32.955  63.388 0.0000000000
49167  26.625  -32.219  63.028 0.0000000000
47226  27.352  -34.935  63.517 0.0000000000
45286  28.097  -37.515  66.289 0.0000000000
46287  27.971  -36.418  65.115 0.0000000000
46243  28.605  -36.781  65.803 0.0000000000
65176  43.297  -16.167  47.072 0.0000000000
65175  44.103  -16.112  47.256 0.0000000000
64310  45.039  -17.633  47.442 0.0000000000
61633  32.285  -19.501  55.018 0.0000000000
61639  32.309  -19.498  53.825 0.0000000000
61648  32.530  -19.686  52.696 0.0000000000
56606  30.380  -25.458  57.057 0.0000000000
127571  30.262  -24.046  57.228 0.0000000000
56618  30.616  -25.115  56.356 0.0000000000
57570  34.740  -25.504  54.911 0.0000000000
57571  33.878  -25.176  54.652 0.0000000000
57590  33.687  -24.989  54.015 0.0000000000
57613  33.305  -25.130  52.974 0.0000000000
57610  35.783  -25.397  53.071 0.0000000000
119046  36.113  -33.586  59.327 0.0000000000
130336  36.457  -33.795  59.994 0.0000000000
49190  36.832  -33.198  59.630 0.0000000000
49189  37.764  -33.114  59.756 0.0000000000
72388  48.176  -8.682  40.932 0.0000000000
72387  48.786  -8.777  40.221 0.0000000000
70615  51.694  -9.936  40.544 0.0000000000
71515  52.095  -9.572  39.833 0.0000000000
47173  23.314  -35.795  66.415 0.0000000000
131168  23.405  -35.781  67.651 0.0000000000
48126  25.422  -34.657  66.859 0.0000000000
47172  23.867  -35.213  66.382 0.0000000000
116287  46.798  -13.549  46.104 0.0000000000
66880  46.452  -14.024  46.672 0.0000000000
66871  46.270  -14.553  47.167 0.0000000000
53878  33.640  -28.680  58.210 0.0000000000
70550  44.802  -10.419  45.853 0.0000000000
70560  44.788  -10.086  45.084 0.0000000000
71487  45.442  -9.376  44.007 0.0000000000
126836  46.012  -12.450  43.580 0.0000000000
44122  12.164  -38.321  83.748 0.0000000000
67807  39.593  -13.515  47.862 0.0000000000
64320  39.675  -17.821  46.622 0.0000000000
62604  39.457  -19.621  46.106 0.0000000000
61705  36.048  -20.464  47.968 0.0000000000
120395  36.879  -22.557  47.886 0.0000000000
58745  37.501  -22.987  47.961 0.0000000000
57652  39.558  -23.981  51.074 0.0000000000
57629  39.505  -24.212  51.903 0.0000000000
47251  32.634  -35.570  61.498 0.0000000000
133232  21.608  -39.074  70.350 0.0000000000
119411  21.365  -39.677  72.261 0.0000000000
44193  20.215  -38.784  72.027 0.0000000000
119879  19.295  -40.064  74.723 0.0000000000
46107  16.243  -35.153  79.349 0.0000000000
45089  14.811  -36.825  80.737 0.0000000000
47037  14.946  -35.278  82.037 0.0000000000
51058  29.228  -31.490  59.199 0.0000000000
51046  28.201  -31.168  60.527 0.0000000000
50142  28.003  -32.040  60.315 0.0000000000
48196  28.676  -33.796  62.586 0.0000000000
132440  25.960  -36.661  63.988 0.0000000000
45287  27.236  -37.792  66.007 0.0000000000
62593  44.855  -19.056  47.201 0.0000000000
128004  33.550  -26.892  55.577 0.0000000000
56616  34.940  -25.748  55.218 0.0000000000
57552  35.762  -25.798  55.233 0.0000000000
57569  36.539  -25.725  55.426 0.0000000000
74852  51.335  -5.919  39.610 0.0000000000
69743  49.180  -11.598  41.597 0.0000000000
70602  49.417  -11.005  40.958 0.0000000000
47970  9.326  -34.595  85.852 0.0000000000
63410  39.322  -16.995  49.639 0.0000000000
63412  37.748  -17.746  49.642 0.0000000000
62571  36.452  -19.179  49.334 0.0000000000
61697  35.045  -20.374  48.870 0.0000000000
59834  34.592  -22.002  49.405 0.0000000000
43303  26.126  -39.508  68.510 0.0000000000
43304  25.495  -39.344  68.298 0.0000000000
43305  24.777  -39.264  68.443 0.0000000000
43306  23.877  -39.150  68.550 0.0000000000
46245  22.858  -36.850  66.757 0.0000000000
137924  22.557  -37.112  67.145 0.0000000000
46211  22.308  -36.267  68.137 0.0000000000
45243  21.990  -37.283  68.149 0.0000000000
43258  21.204  -38.488  70.026 0.0000000000
45215  20.004  -37.156  70.653 0.0000000000
45207  19.470  -37.156  71.370 0.0000000000
52018  27.874  -30.328  63.325 0.0000000000
52009  27.268  -30.445  63.757 0.0000000000
50987  26.362  -31.377  63.843 0.0000000000
50098  26.091  -32.128  63.571 0.0000000000
48187  25.326  -34.524  63.708 0.0000000000
49118  25.425  -33.469  64.935 0.0000000000
48152  25.116  -34.077  65.250 0.0000000000
125498  25.000  -33.799  64.371 0.0000000000
47228  25.463  -35.376  63.671 0.0000000000
44283  25.510  -38.022  65.690 0.0000000000
58598  31.502  -22.819  60.206 0.0000000000
58599  31.217  -23.334  59.931 0.0000000000
57517  30.543  -23.802  59.272 0.0000000000
132580  30.555  -25.001  58.543 0.0000000000
56585  30.871  -25.642  59.005 0.0000000000
56598  30.666  -25.801  57.896 0.0000000000
55661  30.752  -26.282  57.066 0.0000000000
55670  31.338  -26.583  56.568 0.0000000000
54768  32.784  -26.812  55.989 0.0000000000
54747  32.694  -28.245  57.151 0.0000000000
53885  32.701  -28.082  56.785 0.0000000000
53892  33.547  -28.471  56.521 0.0000000000
54767  34.341  -27.318  55.515 0.0000000000
54755  35.877  -27.097  55.700 0.0000000000
53890  36.619  -28.277  56.128 0.0000000000
54753  37.025  -27.728  56.638 0.0000000000
73221  48.454  -8.240  41.420 0.0000000000
70581  46.158  -10.126  43.085 0.0000000000
69736  47.274  -11.317  42.290 0.0000000000
70604  47.992  -11.045  41.900 0.0000000000
69744  48.444  -11.729  41.815 0.0000000000
67835  42.795  -13.564  45.111 0.0000000000
66010  42.536  -15.260  46.342 0.0000000000
66012  40.017  -15.204  46.309 0.0000000000
64318  41.474  -17.543  46.137 0.0000000000
62599  44.267  -19.586  46.955 0.0000000000
61718  44.421  -20.505  47.250 0.0000000000
60837  43.029  -20.655  46.679 0.0000000000
61719  43.660  -20.819  47.060 0.0000000000
63419  38.065  -17.997  48.206 0.0000000000
61721  37.229  -20.645  46.917 0.0000000000
125616  37.977  -22.054  46.885 0.0000000000
61732  38.630  -20.818  46.397 0.0000000000
61731  39.350  -20.474  46.177 0.0000000000
120449  41.656  -21.940  47.011 0.0000000000
59849  41.216  -22.458  47.597 0.0000000000
59848  41.961  -22.210  47.853 0.0000000000
137001  42.595  -22.036  48.089 0.0000000000
49220  33.517  -33.156  57.629 0.0000000000
70552  43.738  -10.957  46.662 0.0000000000
69692  43.124  -11.191  46.098 0.0000000000
69704  41.775  -11.996  45.820 0.0000000000
69703  42.520  -11.644  45.459 0.0000000000
67849  42.302  -13.150  44.656 0.0000000000
42199  24.696  -40.163  70.551 0.0000000000
121105  22.296  -39.839  71.236 0.0000000000
47124  19.579  -35.920  71.885 0.0000000000
46174  18.954  -36.241  72.241 0.0000000000
47107  18.877  -35.746  73.458 0.0000000000
47108  18.552  -36.181  73.046 0.0000000000
117231  17.198  -37.064  74.863 0.0000000000
44138  15.840  -39.173  78.710 0.0000000000
43181  16.232  -40.071  79.200 0.0000000000
43178  14.605  -39.293  80.956 0.0000000000
44126  12.786  -38.121  83.096 0.0000000000
45083  13.622  -37.659  82.145 0.0000000000
46056  10.908  -36.208  84.143 0.0000000000
47976  13.717  -33.915  84.048 0.0000000000
47977  12.754  -33.983  83.856 0.0000000000
48965  11.194  -33.264  84.519 0.0000000000
48979  10.774  -33.974  84.341 0.0000000000
47969  9.923  -34.314  85.020 0.0000000000
56567  32.180  -25.266  61.310 0.0000000000
51075  32.645  -31.723  57.404 0.0000000000
49203  32.173  -33.748  57.717 0.0000000000
48224  32.320  -34.621  59.291 0.0000000000
48226  30.605  -34.391  59.451 0.0000000000
49166  27.182  -32.360  62.453 0.0000000000
47209  26.965  -35.704  63.823 0.0000000000
115489  27.860  -35.362  64.054 0.0000000000
47225  28.204  -34.679  63.622 0.0000000000
48183  29.022  -34.457  63.311 0.0000000000
66882  44.395  -14.719  46.678 0.0000000000
65171  44.928  -16.038  47.418 0.0000000000
62504  34.938  -18.645  52.480 0.0000000000
62523  34.430  -19.036  52.046 0.0000000000
61654  33.881  -19.615  51.440 0.0000000000
61655  33.008  -20.088  51.706 0.0000000000
61668  33.522  -20.526  50.977 0.0000000000
59817  33.686  -21.912  50.235 0.0000000000
58715  34.467  -23.348  50.334 0.0000000000
59735  31.085  -22.376  58.765 0.0000000000
59745  31.254  -22.475  57.726 0.0000000000
59746  30.583  -23.279  57.215 0.0000000000
117646  31.052  -22.487  56.761 0.0000000000
60736  31.110  -21.686  55.244 0.0000000000
60746  31.114  -21.826  54.199 0.0000000000
56629  32.079  -25.786  54.997 0.0000000000
57572  31.349  -25.172  54.764 0.0000000000
57592  31.300  -24.788  54.099 0.0000000000
58666  31.014  -23.985  53.976 0.0000000000
59775  31.067  -22.950  54.116 0.0000000000
59783  31.271  -22.614  53.498 0.0000000000
60757  31.364  -21.825  53.122 0.0000000000
59791  31.801  -21.959  52.142 0.0000000000
57635  33.219  -24.690  52.164 0.0000000000
58688  32.758  -23.891  51.618 0.0000000000
58701  33.209  -23.420  50.942 0.0000000000
57655  36.192  -24.946  51.424 0.0000000000
115995  37.017  -24.902  52.006 0.0000000000
57631  37.729  -24.735  52.613 0.0000000000
50166  34.138  -32.614  57.475 0.0000000000
50164  35.745  -32.101  57.337 0.0000000000
51065  36.654  -31.667  57.659 0.0000000000
51064  37.662  -31.147  58.109 0.0000000000
49188  38.491  -32.916  60.098 0.0000000000
50147  38.208  -32.397  59.526 0.0000000000
50153  37.947  -31.833  58.890 0.0000000000
52086  37.674  -30.448  57.571 0.0000000000
138341  38.036  -30.448  58.008 0.0000000000
125453  38.477  -30.041  58.182 0.0000000000
73222  49.456  -7.086  40.861 0.0000000000
74036  50.898  -6.517  39.139 0.0000000000
70617  49.689  -10.356  40.359 0.0000000000
70616  50.687  -10.222  40.410 0.0000000000
73227  51.719  -7.498  37.940 0.0000000000
72393  52.169  -8.509  37.588 0.0000000000
52095  38.047  -29.930  57.640 0.0000000000
54754  36.452  -27.434  56.147 0.0000000000
57553  30.242  -24.597  56.863 0.0000000000
59719  31.026  -22.788  59.514 0.0000000000
66865  39.547  -14.201  48.334 0.0000000000
119735  30.461  -24.421  56.184 0.0000000000
