#!ascii label  , from subject sub-v1s9x0051361_ses-1 vox2ras=TkReg
1428
42071  16.219  -41.041  80.650 0.0000000000
114635  44.958  -21.942  49.635 0.0000000000
46238  33.225  -36.660  66.223 0.0000000000
121959  43.505  -36.987  66.302 0.0000000000
43303  26.126  -39.508  68.510 0.0000000000
41089  25.371  -41.246  79.221 0.0000000000
69691  51.364  -11.730  46.920 0.0000000000
62511  51.398  -18.781  52.743 0.0000000000
54726  38.724  -26.657  58.791 0.0000000000
71530  54.118  -9.872  37.367 0.0000000000
42192  32.547  -41.052  70.289 0.0000000000
131315  20.364  -40.191  79.896 0.0000000000
65151  53.609  -16.153  49.481 0.0000000000
64305  48.724  -16.589  47.603 0.0000000000
58655  44.744  -23.269  55.327 0.0000000000
60734  49.229  -21.787  55.192 0.0000000000
57583  40.415  -24.697  54.175 0.0000000000
48210  37.814  -34.247  61.027 0.0000000000
46261  37.429  -36.750  65.537 0.0000000000
42155  29.908  -39.857  72.513 0.0000000000
41109  29.738  -40.714  77.648 0.0000000000
41139  25.788  -40.799  73.645 0.0000000000
42127  21.047  -40.263  74.779 0.0000000000
45261  29.355  -37.699  67.281 0.0000000000
71437  55.019  -9.806  48.019 0.0000000000
66821  56.518  -15.192  52.737 0.0000000000
62530  49.043  -19.901  51.579 0.0000000000
59695  39.792  -22.857  60.232 0.0000000000
51008  41.817  -31.533  62.431 0.0000000000
121909  53.251  -10.377  41.350 0.0000000000
72375  57.386  -8.902  42.154 0.0000000000
69753  60.014  -11.854  40.031 0.0000000000
41144  34.302  -41.230  73.214 0.0000000000
137615  18.909  -40.465  80.287 0.0000000000
115227  20.713  -40.177  83.433 0.0000000000
42047  18.555  -40.720  82.849 0.0000000000
66870  47.581  -14.569  47.839 0.0000000000
58629  44.351  -23.127  57.497 0.0000000000
59727  47.464  -22.397  58.051 0.0000000000
44116  11.637  -38.274  86.362 0.0000000000
57628  40.256  -24.071  52.356 0.0000000000
46301  32.926  -35.820  63.210 0.0000000000
127871  35.134  -36.318  62.815 0.0000000000
45282  35.487  -36.953  66.360 0.0000000000
130299  27.913  -40.033  70.779 0.0000000000
42137  27.933  -40.215  73.121 0.0000000000
42176  26.049  -40.547  71.453 0.0000000000
43319  27.689  -38.780  68.064 0.0000000000
43277  29.486  -39.265  69.597 0.0000000000
41098  27.527  -40.945  78.474 0.0000000000
70539  52.685  -10.989  47.113 0.0000000000
68753  55.982  -12.298  50.220 0.0000000000
114951  53.634  -12.551  49.032 0.0000000000
65116  51.778  -16.668  52.926 0.0000000000
64251  54.431  -17.036  54.169 0.0000000000
60823  44.953  -21.309  47.873 0.0000000000
61701  47.577  -20.463  48.029 0.0000000000
60783  46.960  -21.296  50.320 0.0000000000
56597  37.072  -26.096  56.946 0.0000000000
58619  39.086  -25.064  57.578 0.0000000000
124704  39.577  -25.065  60.489 0.0000000000
47218  40.838  -35.200  63.223 0.0000000000
134351  40.070  -33.369  61.515 0.0000000000
48179  43.437  -34.523  63.757 0.0000000000
127097  50.017  -12.705  42.869 0.0000000000
70601  50.425  -11.018  41.046 0.0000000000
69724  52.688  -11.811  43.730 0.0000000000
70567  54.621  -10.634  44.210 0.0000000000
69764  57.278  -12.365  37.158 0.0000000000
69760  56.446  -11.607  38.482 0.0000000000
70609  58.184  -10.057  40.469 0.0000000000
125863  55.175  -10.165  39.454 0.0000000000
44237  32.736  -38.719  67.874 0.0000000000
44235  34.616  -38.709  67.993 0.0000000000
42232  34.586  -41.416  68.913 0.0000000000
41091  22.905  -41.103  78.521 0.0000000000
41072  25.211  -40.978  81.305 0.0000000000
42055  22.613  -40.176  82.348 0.0000000000
68791  48.981  -12.844  45.597 0.0000000000
67803  51.431  -12.943  48.308 0.0000000000
67805  49.639  -13.775  48.301 0.0000000000
65161  51.204  -16.282  48.353 0.0000000000
63407  51.329  -18.205  50.102 0.0000000000
59789  44.489  -22.545  52.293 0.0000000000
60754  46.554  -21.460  53.068 0.0000000000
59764  46.645  -22.652  55.255 0.0000000000
53882  38.345  -28.641  57.581 0.0000000000
48116  44.954  -34.855  67.438 0.0000000000
43165  14.095  -39.834  82.277 0.0000000000
127855  15.830  -40.203  84.279 0.0000000000
126180  14.137  -39.314  85.820 0.0000000000
59829  42.456  -22.371  49.503 0.0000000000
58684  42.493  -23.486  52.528 0.0000000000
58657  42.985  -23.674  54.968 0.0000000000
58631  42.540  -23.464  57.647 0.0000000000
47248  35.269  -35.282  61.293 0.0000000000
46296  37.536  -35.916  63.638 0.0000000000
46233  40.272  -36.751  66.049 0.0000000000
45235  37.332  -37.929  68.392 0.0000000000
45222  39.901  -38.348  69.204 0.0000000000
42134  32.286  -40.578  74.162 0.0000000000
42098  32.099  -40.595  76.790 0.0000000000
42109  29.899  -40.709  75.306 0.0000000000
41120  27.581  -41.062  75.404 0.0000000000
134239  25.488  -41.552  76.498 0.0000000000
42178  23.711  -40.160  71.358 0.0000000000
42124  23.375  -40.733  73.790 0.0000000000
41114  23.440  -41.443  76.704 0.0000000000
42091  21.252  -40.594  76.838 0.0000000000
42094  18.922  -40.335  77.809 0.0000000000
131510  16.473  -39.695  78.408 0.0000000000
47205  31.645  -35.483  64.123 0.0000000000
47187  29.591  -35.789  65.156 0.0000000000
46219  31.672  -37.476  66.708 0.0000000000
43299  30.701  -38.898  68.575 0.0000000000
42170  31.536  -40.475  71.822 0.0000000000
65126  58.904  -16.196  51.885 0.0000000000
65964  54.890  -15.746  52.491 0.0000000000
64309  45.875  -17.467  47.775 0.0000000000
62575  49.353  -19.574  48.460 0.0000000000
63355  49.879  -18.639  52.061 0.0000000000
61645  48.091  -20.571  53.487 0.0000000000
138024  50.049  -20.396  53.356 0.0000000000
57586  37.808  -24.932  54.598 0.0000000000
58633  40.720  -23.679  57.711 0.0000000000
59693  42.438  -22.330  60.535 0.0000000000
51051  39.349  -31.311  59.868 0.0000000000
134730  41.158  -28.863  60.422 0.0000000000
50058  44.688  -32.534  65.387 0.0000000000
52956  43.004  -29.656  63.832 0.0000000000
55616  41.661  -26.846  61.793 0.0000000000
56546  41.261  -24.860  63.095 0.0000000000
59649  42.145  -22.394  64.121 0.0000000000
119030  52.984  -9.763  39.535 0.0000000000
70597  55.341  -10.193  41.903 0.0000000000
72344  55.994  -8.749  45.379 0.0000000000
41143  34.959  -41.300  73.443 0.0000000000
115117  16.950  -41.173  81.029 0.0000000000
42058  17.952  -40.722  81.808 0.0000000000
115119  17.012  -40.985  81.883 0.0000000000
59729  44.832  -22.598  59.173 0.0000000000
59710  46.370  -22.400  59.464 0.0000000000
45074  10.540  -37.142  85.713 0.0000000000
114868  33.038  -35.998  64.633 0.0000000000
46284  33.893  -36.305  64.167 0.0000000000
125171  33.982  -36.658  65.943 0.0000000000
43279  27.188  -39.690  69.328 0.0000000000
42197  27.229  -40.209  70.696 0.0000000000
116952  25.911  -40.230  69.880 0.0000000000
44272  26.808  -38.312  66.562 0.0000000000
43320  26.762  -39.033  68.075 0.0000000000
43278  28.037  -39.447  69.251 0.0000000000
115126  26.552  -41.143  78.494 0.0000000000
41088  26.251  -41.034  79.495 0.0000000000
126666  52.086  -11.465  47.241 0.0000000000
69659  53.648  -12.113  48.881 0.0000000000
69667  52.019  -12.250  48.121 0.0000000000
64253  51.640  -17.366  53.024 0.0000000000
63373  53.281  -18.305  52.776 0.0000000000
60813  44.867  -21.938  48.665 0.0000000000
60812  46.496  -21.361  48.664 0.0000000000
60785  45.667  -21.784  50.056 0.0000000000
54737  38.083  -26.883  57.696 0.0000000000
137994  37.935  -26.019  58.028 0.0000000000
57515  38.632  -25.268  58.563 0.0000000000
55636  39.035  -26.082  59.367 0.0000000000
46275  42.724  -36.670  64.434 0.0000000000
47216  42.503  -35.531  63.409 0.0000000000
47184  43.769  -35.868  65.446 0.0000000000
68789  50.969  -12.371  45.254 0.0000000000
68815  51.376  -12.449  43.400 0.0000000000
69711  51.762  -12.197  44.918 0.0000000000
69699  52.755  -11.417  45.371 0.0000000000
69766  55.755  -11.367  37.762 0.0000000000
69762  55.116  -10.893  38.034 0.0000000000
134995  56.057  -10.598  38.966 0.0000000000
70628  54.494  -10.457  38.300 0.0000000000
43274  32.152  -39.673  68.513 0.0000000000
125879  33.791  -40.166  68.897 0.0000000000
41174  33.380  -41.503  69.992 0.0000000000
117584  21.739  -40.601  79.421 0.0000000000
42076  22.536  -40.577  80.415 0.0000000000
42077  21.639  -40.306  80.362 0.0000000000
41064  20.250  -40.658  83.604 0.0000000000
119210  20.911  -40.782  83.624 0.0000000000
68792  48.031  -12.957  45.533 0.0000000000
67822  48.881  -13.287  47.073 0.0000000000
67814  47.972  -13.658  46.925 0.0000000000
65162  48.150  -15.779  48.050 0.0000000000
65991  48.584  -15.107  48.290 0.0000000000
64297  49.759  -16.848  47.839 0.0000000000
63415  51.492  -17.758  49.241 0.0000000000
115976  50.101  -18.003  48.157 0.0000000000
58673  44.703  -22.939  53.664 0.0000000000
134889  45.523  -22.446  53.528 0.0000000000
59765  45.933  -22.763  54.832 0.0000000000
115815  49.069  -12.782  44.044 0.0000000000
42044  13.916  -40.061  83.736 0.0000000000
43163  12.643  -38.940  84.089 0.0000000000
58725  41.085  -22.934  49.880 0.0000000000
58709  42.159  -23.080  50.901 0.0000000000
58710  41.338  -23.152  50.661 0.0000000000
57606  40.350  -24.370  53.192 0.0000000000
57627  41.039  -23.966  52.740 0.0000000000
57582  41.359  -24.516  54.472 0.0000000000
58645  42.647  -23.905  56.447 0.0000000000
130637  41.826  -24.239  56.368 0.0000000000
129430  33.980  -35.296  60.603 0.0000000000
130632  36.630  -36.406  64.350 0.0000000000
46297  36.768  -36.122  63.620 0.0000000000
46280  37.435  -36.327  64.343 0.0000000000
46278  39.347  -36.274  64.855 0.0000000000
125068  38.978  -36.582  65.466 0.0000000000
43271  35.658  -39.555  68.575 0.0000000000
119857  36.203  -38.669  68.102 0.0000000000
134460  37.402  -39.438  68.906 0.0000000000
117112  39.546  -39.044  69.490 0.0000000000
45231  41.265  -38.080  68.776 0.0000000000
42135  31.337  -40.449  73.364 0.0000000000
135937  31.418  -40.070  75.262 0.0000000000
42136  29.710  -39.849  73.438 0.0000000000
114812  26.957  -40.590  72.965 0.0000000000
42122  27.481  -40.802  74.568 0.0000000000
42123  26.857  -40.774  74.257 0.0000000000
41121  26.832  -41.237  75.877 0.0000000000
41132  25.519  -41.173  74.925 0.0000000000
117135  24.175  -40.006  70.807 0.0000000000
42144  21.996  -40.014  73.773 0.0000000000
42143  22.783  -40.211  73.626 0.0000000000
128780  22.419  -40.281  74.219 0.0000000000
41135  23.069  -40.975  75.080 0.0000000000
41125  22.273  -40.965  75.720 0.0000000000
41116  21.892  -40.932  76.479 0.0000000000
42101  21.354  -40.733  75.986 0.0000000000
42089  17.964  -40.523  78.603 0.0000000000
47241  31.043  -34.877  62.757 0.0000000000
47223  30.500  -34.827  63.315 0.0000000000
45285  28.986  -37.304  66.558 0.0000000000
46242  29.566  -36.720  66.115 0.0000000000
46268  30.076  -36.117  65.666 0.0000000000
133234  30.059  -37.655  67.368 0.0000000000
121154  30.889  -38.521  68.114 0.0000000000
44239  30.184  -38.357  68.286 0.0000000000
42172  30.186  -40.040  71.429 0.0000000000
42195  30.624  -40.125  70.525 0.0000000000
42154  30.934  -40.218  72.281 0.0000000000
117803  32.234  -40.800  73.436 0.0000000000
41108  30.494  -40.614  77.680 0.0000000000
128032  16.009  -39.935  86.171 0.0000000000
42035  16.787  -40.707  85.261 0.0000000000
70511  56.493  -10.626  49.527 0.0000000000
66844  56.944  -13.772  51.481 0.0000000000
67780  58.009  -13.389  52.161 0.0000000000
65111  57.444  -15.678  52.766 0.0000000000
64262  57.788  -16.902  51.946 0.0000000000
65982  52.967  -15.092  48.668 0.0000000000
66852  53.597  -14.287  48.923 0.0000000000
65976  54.190  -15.831  50.254 0.0000000000
64264  54.998  -17.574  53.278 0.0000000000
61694  48.665  -20.827  49.373 0.0000000000
62576  48.518  -20.250  48.323 0.0000000000
61677  49.137  -20.348  50.079 0.0000000000
62551  50.205  -19.124  50.662 0.0000000000
62529  49.525  -19.335  51.802 0.0000000000
59772  47.240  -21.780  54.175 0.0000000000
60753  47.302  -21.193  53.439 0.0000000000
60744  48.633  -21.478  54.680 0.0000000000
57587  36.502  -25.646  54.488 0.0000000000
58597  39.465  -23.813  59.177 0.0000000000
58648  39.700  -24.748  57.026 0.0000000000
59734  40.217  -22.902  58.880 0.0000000000
59732  41.635  -22.690  59.028 0.0000000000
138177  40.877  -22.388  60.170 0.0000000000
130336  36.457  -33.795  59.994 0.0000000000
49181  38.168  -33.600  60.434 0.0000000000
49161  41.319  -32.998  61.837 0.0000000000
50136  39.506  -32.017  60.507 0.0000000000
51027  41.045  -31.574  61.013 0.0000000000
52072  40.498  -29.972  59.853 0.0000000000
52042  41.640  -30.247  61.572 0.0000000000
49100  44.604  -33.843  66.437 0.0000000000
53822  43.508  -27.983  64.388 0.0000000000
54695  42.426  -27.847  62.749 0.0000000000
127402  42.467  -27.081  63.091 0.0000000000
56553  41.536  -25.771  62.678 0.0000000000
56544  42.648  -25.869  64.132 0.0000000000
69740  52.049  -11.187  41.510 0.0000000000
126772  52.873  -9.798  40.370 0.0000000000
115462  54.117  -9.994  40.925 0.0000000000
70598  54.208  -10.251  41.339 0.0000000000
71465  54.420  -9.905  45.848 0.0000000000
71473  54.833  -9.969  44.922 0.0000000000
71455  55.342  -8.905  46.983 0.0000000000
72330  56.345  -8.301  47.433 0.0000000000
68853  57.815  -12.653  38.256 0.0000000000
71501  57.686  -9.036  40.964 0.0000000000
124790  58.670  -8.061  42.288 0.0000000000
72362  57.893  -7.869  43.745 0.0000000000
41159  32.700  -41.216  71.578 0.0000000000
41158  33.351  -41.585  71.191 0.0000000000
121340  34.866  -41.686  73.079 0.0000000000
121387  19.612  -40.300  79.555 0.0000000000
42067  20.560  -39.848  81.814 0.0000000000
42068  19.574  -40.173  81.486 0.0000000000
117280  19.691  -40.524  83.227 0.0000000000
137743  19.001  -41.317  83.614 0.0000000000
66871  46.270  -14.553  47.167 0.0000000000
65169  46.427  -15.944  47.986 0.0000000000
128661  44.965  -23.245  56.024 0.0000000000
130887  45.512  -23.040  56.477 0.0000000000
59743  45.872  -22.777  57.958 0.0000000000
131757  47.454  -22.330  58.867 0.0000000000
44118  11.899  -38.699  84.438 0.0000000000
45073  11.077  -37.912  85.480 0.0000000000
45067  10.946  -38.134  86.508 0.0000000000
58699  40.146  -23.613  50.912 0.0000000000
130523  38.944  -24.551  53.138 0.0000000000
47237  34.064  -35.892  61.988 0.0000000000
46299  34.405  -36.371  63.266 0.0000000000
46282  35.327  -36.550  64.470 0.0000000000
46262  36.267  -36.773  65.369 0.0000000000
114804  29.152  -39.809  71.870 0.0000000000
115332  28.939  -39.847  72.825 0.0000000000
42156  28.209  -39.963  72.112 0.0000000000
115683  27.335  -40.297  72.194 0.0000000000
42158  25.749  -40.668  72.218 0.0000000000
43200  19.969  -40.191  75.291 0.0000000000
119879  19.295  -40.064  74.723 0.0000000000
44271  27.651  -38.060  66.809 0.0000000000
44254  28.938  -38.272  67.780 0.0000000000
43300  29.702  -38.875  68.791 0.0000000000
116946  28.842  -39.039  69.151 0.0000000000
120292  28.668  -39.511  69.847 0.0000000000
118857  28.185  -40.925  77.687 0.0000000000
70537  54.024  -10.139  47.765 0.0000000000
116746  55.572  -11.379  49.432 0.0000000000
69665  54.114  -11.228  48.719 0.0000000000
67794  55.215  -12.665  49.941 0.0000000000
66845  55.912  -14.033  50.936 0.0000000000
65146  52.428  -16.385  51.698 0.0000000000
65130  53.054  -16.178  52.599 0.0000000000
65115  52.519  -16.586  53.167 0.0000000000
63396  53.735  -18.599  51.548 0.0000000000
62592  45.538  -19.480  47.444 0.0000000000
61703  45.979  -21.044  47.894 0.0000000000
60811  47.259  -21.228  49.444 0.0000000000
133709  47.711  -20.616  51.180 0.0000000000
60733  50.040  -21.772  55.058 0.0000000000
57569  36.539  -25.725  55.426 0.0000000000
57568  37.124  -25.288  55.591 0.0000000000
57535  38.386  -25.515  57.286 0.0000000000
57514  38.989  -24.549  59.046 0.0000000000
58587  39.365  -24.001  59.798 0.0000000000
48192  39.415  -34.392  62.456 0.0000000000
49171  39.272  -33.395  61.462 0.0000000000
48191  40.877  -34.555  62.567 0.0000000000
49160  42.498  -33.891  62.559 0.0000000000
120917  42.750  -32.869  62.865 0.0000000000
68838  49.782  -12.150  42.041 0.0000000000
70602  49.417  -11.005  40.958 0.0000000000
69742  50.545  -11.747  41.733 0.0000000000
119758  52.010  -11.784  42.199 0.0000000000
69735  52.853  -11.718  42.792 0.0000000000
69734  53.582  -11.385  42.560 0.0000000000
69723  53.610  -11.489  43.433 0.0000000000
70558  53.446  -10.938  45.220 0.0000000000
115195  56.736  -11.704  36.843 0.0000000000
68854  56.845  -12.398  38.035 0.0000000000
69755  57.854  -11.521  39.646 0.0000000000
134347  58.934  -10.486  40.880 0.0000000000
70622  57.517  -10.671  39.985 0.0000000000
70610  57.218  -9.900  40.297 0.0000000000
71512  56.075  -9.810  41.018 0.0000000000
120952  32.804  -37.981  67.209 0.0000000000
45257  34.058  -37.739  67.384 0.0000000000
44236  33.640  -38.721  67.961 0.0000000000
43272  34.633  -39.783  68.651 0.0000000000
42231  35.643  -41.075  68.646 0.0000000000
41090  23.841  -41.268  79.077 0.0000000000
41079  25.185  -40.829  80.832 0.0000000000
41080  24.214  -40.984  80.251 0.0000000000
42064  23.920  -40.881  81.624 0.0000000000
126801  21.926  -39.875  82.850 0.0000000000
41063  21.854  -40.408  83.216 0.0000000000
68790  49.986  -12.533  45.669 0.0000000000
68771  51.083  -12.286  47.740 0.0000000000
68772  50.390  -12.576  47.609 0.0000000000
67804  50.542  -13.404  48.347 0.0000000000
116476  51.027  -14.456  48.478 0.0000000000
66869  48.029  -14.144  47.694 0.0000000000
65989  50.597  -15.192  48.448 0.0000000000
65160  51.980  -16.565  48.668 0.0000000000
64282  52.145  -17.038  50.711 0.0000000000
64283  51.372  -17.479  51.193 0.0000000000
63354  50.987  -17.873  52.500 0.0000000000
59799  44.605  -22.171  51.458 0.0000000000
60774  45.259  -21.764  51.378 0.0000000000
59788  45.236  -22.223  52.615 0.0000000000
59773  46.418  -22.333  54.223 0.0000000000
59763  47.622  -22.409  55.325 0.0000000000
115429  46.968  -22.692  56.797 0.0000000000
59754  48.660  -22.364  56.709 0.0000000000
59753  49.491  -22.293  56.627 0.0000000000
123145  38.528  -28.027  58.008 0.0000000000
47169  44.259  -35.567  66.675 0.0000000000
69744  48.444  -11.729  41.815 0.0000000000
68831  49.294  -12.554  42.512 0.0000000000
68817  49.784  -12.742  43.814 0.0000000000
73233  54.953  -7.503  36.107 0.0000000000
73234  54.270  -7.495  36.460 0.0000000000
42059  15.148  -40.734  81.491 0.0000000000
116533  16.157  -40.698  82.747 0.0000000000
42050  14.621  -40.382  82.704 0.0000000000
42037  15.212  -39.936  84.942 0.0000000000
43142  14.903  -39.670  86.700 0.0000000000
43153  13.243  -38.764  86.154 0.0000000000
60805  43.877  -22.010  48.699 0.0000000000
59839  42.150  -22.207  48.710 0.0000000000
59828  43.432  -22.206  49.632 0.0000000000
59800  43.810  -22.600  51.565 0.0000000000
58695  43.102  -23.073  52.040 0.0000000000
58674  43.428  -23.439  53.575 0.0000000000
58686  40.929  -23.733  51.919 0.0000000000
58675  42.645  -23.652  53.328 0.0000000000
58656  43.884  -23.512  55.157 0.0000000000
114437  43.233  -23.675  55.813 0.0000000000
58630  43.435  -23.403  57.489 0.0000000000
59730  43.469  -22.840  58.935 0.0000000000
116627  37.055  -34.769  60.986 0.0000000000
47236  34.978  -35.805  62.082 0.0000000000
47235  36.490  -35.810  62.470 0.0000000000
47234  37.672  -35.294  62.526 0.0000000000
119654  38.968  -35.589  63.790 0.0000000000
46277  40.410  -36.175  64.806 0.0000000000
45296  42.662  -37.349  65.669 0.0000000000
115356  34.756  -37.205  66.966 0.0000000000
45255  36.368  -37.468  67.273 0.0000000000
135038  37.586  -37.160  67.128 0.0000000000
116358  38.290  -38.976  69.109 0.0000000000
130732  38.661  -37.699  68.544 0.0000000000
45279  38.337  -37.087  67.035 0.0000000000
45252  40.035  -37.285  67.779 0.0000000000
45251  41.977  -38.054  67.805 0.0000000000
45250  42.919  -37.933  67.216 0.0000000000
42105  33.709  -40.150  74.975 0.0000000000
42097  32.508  -40.249  76.023 0.0000000000
42108  30.856  -40.098  75.973 0.0000000000
42100  29.987  -40.569  76.618 0.0000000000
115479  28.882  -40.082  73.772 0.0000000000
126474  29.076  -40.921  75.671 0.0000000000
131782  28.900  -40.785  76.914 0.0000000000
41111  27.262  -41.356  77.087 0.0000000000
130135  26.357  -41.500  76.666 0.0000000000
135602  25.243  -41.635  77.181 0.0000000000
42219  25.036  -40.071  69.891 0.0000000000
42177  24.632  -40.389  71.313 0.0000000000
42159  24.874  -40.636  72.248 0.0000000000
42179  22.911  -40.127  71.704 0.0000000000
42142  23.406  -40.581  73.081 0.0000000000
41140  25.011  -40.854  73.664 0.0000000000
41133  24.603  -41.215  74.487 0.0000000000
41113  24.007  -41.547  76.104 0.0000000000
41101  23.841  -41.552  77.469 0.0000000000
41102  22.960  -41.280  77.495 0.0000000000
42084  21.966  -40.804  78.370 0.0000000000
125011  20.545  -40.393  78.086 0.0000000000
42103  19.775  -40.229  76.426 0.0000000000
127365  19.804  -40.346  77.961 0.0000000000
42087  19.342  -40.375  78.622 0.0000000000
121063  18.748  -40.569  79.138 0.0000000000
42080  17.909  -40.818  79.518 0.0000000000
42081  16.851  -40.991  79.906 0.0000000000
42072  15.422  -40.709  80.799 0.0000000000
43178  14.605  -39.293  80.956 0.0000000000
47240  31.684  -35.328  62.558 0.0000000000
46285  32.542  -35.693  64.000 0.0000000000
46286  32.082  -35.726  64.962 0.0000000000
47186  30.375  -35.589  65.086 0.0000000000
46267  30.982  -35.926  65.725 0.0000000000
46239  32.299  -36.811  66.378 0.0000000000
45259  32.018  -38.227  67.072 0.0000000000
44238  31.640  -38.810  68.007 0.0000000000
43275  31.358  -40.082  69.205 0.0000000000
43276  30.270  -39.341  69.254 0.0000000000
42194  31.203  -40.300  70.310 0.0000000000
42193  32.086  -40.846  71.011 0.0000000000
42169  32.159  -40.835  71.984 0.0000000000
42133  33.176  -40.567  73.969 0.0000000000
115149  17.013  -40.679  83.456 0.0000000000
41050  17.856  -41.575  84.260 0.0000000000
68744  57.005  -12.188  50.634 0.0000000000
67796  53.221  -12.882  49.004 0.0000000000
66846  55.059  -14.249  50.115 0.0000000000
65963  55.676  -15.547  52.653 0.0000000000
65114  54.369  -16.249  54.050 0.0000000000
65113  55.381  -16.304  53.620 0.0000000000
64249  55.810  -16.469  52.960 0.0000000000
65170  45.687  -15.942  47.735 0.0000000000
64307  47.294  -16.894  47.929 0.0000000000
62590  47.096  -18.846  47.598 0.0000000000
127544  47.790  -18.742  47.531 0.0000000000
63417  49.306  -18.614  47.860 0.0000000000
137269  50.350  -19.053  49.690 0.0000000000
63398  50.299  -18.334  51.395 0.0000000000
62512  50.580  -18.663  52.691 0.0000000000
60763  46.361  -21.244  52.178 0.0000000000
61665  47.704  -20.273  52.013 0.0000000000
115468  48.323  -20.176  52.578 0.0000000000
60743  49.477  -21.311  54.525 0.0000000000
61644  49.343  -20.321  53.366 0.0000000000
62499  49.152  -19.968  52.740 0.0000000000
61653  50.410  -19.350  52.798 0.0000000000
61652  51.182  -19.649  52.867 0.0000000000
130505  38.312  -24.640  53.120 0.0000000000
57584  39.419  -24.776  54.510 0.0000000000
58649  38.758  -24.889  56.495 0.0000000000
57548  39.332  -24.858  56.255 0.0000000000
133134  40.513  -24.697  55.759 0.0000000000
58632  41.610  -23.466  57.684 0.0000000000
59731  42.552  -22.826  58.993 0.0000000000
59692  43.421  -22.379  60.477 0.0000000000
134793  39.029  -32.589  60.523 0.0000000000
52084  39.017  -30.200  58.718 0.0000000000
53866  40.037  -28.767  59.232 0.0000000000
53853  40.320  -28.035  59.686 0.0000000000
48145  44.230  -34.332  65.447 0.0000000000
49128  44.226  -33.226  64.398 0.0000000000
122902  43.616  -31.813  63.746 0.0000000000
50979  44.504  -31.137  64.770 0.0000000000
52015  42.670  -30.368  63.483 0.0000000000
52967  42.142  -29.464  62.599 0.0000000000
53845  41.393  -28.279  60.790 0.0000000000
55625  40.099  -26.586  60.115 0.0000000000
55618  40.195  -25.937  60.758 0.0000000000
56555  40.342  -24.649  61.961 0.0000000000
57487  40.518  -23.862  62.375 0.0000000000
57469  42.441  -24.587  64.979 0.0000000000
58563  41.275  -23.215  63.190 0.0000000000
120882  41.007  -22.570  61.895 0.0000000000
60659  42.215  -22.173  62.337 0.0000000000
121845  53.590  -9.166  37.091 0.0000000000
71531  53.566  -9.813  37.814 0.0000000000
70613  54.481  -10.132  39.862 0.0000000000
71504  55.032  -9.956  41.104 0.0000000000
71493  56.261  -9.724  42.228 0.0000000000
70579  55.006  -10.782  43.345 0.0000000000
70578  55.799  -10.300  43.002 0.0000000000
72364  56.531  -8.929  43.705 0.0000000000
73199  57.385  -7.692  45.275 0.0000000000
41128  34.522  -41.384  74.928 0.0000000000
40278  34.939  -42.144  74.471 0.0000000000
115118  16.064  -41.103  81.633 0.0000000000
135494  44.762  -22.458  59.866 0.0000000000
59711  45.459  -22.475  59.687 0.0000000000
46266  32.681  -36.236  65.586 0.0000000000
46265  33.579  -36.406  65.255 0.0000000000
124825  26.766  -39.472  68.776 0.0000000000
42218  26.795  -40.088  69.967 0.0000000000
43280  26.366  -39.863  69.239 0.0000000000
41099  25.485  -41.478  78.193 0.0000000000
69679  51.831  -12.078  47.769 0.0000000000
63353  51.716  -18.127  52.909 0.0000000000
62528  52.232  -18.807  52.501 0.0000000000
60803  45.713  -21.784  49.148 0.0000000000
54736  38.449  -27.210  58.178 0.0000000000
55656  37.734  -26.295  57.647 0.0000000000
55647  38.243  -26.298  58.280 0.0000000000
55637  38.556  -26.062  58.867 0.0000000000
45310  43.083  -37.102  65.021 0.0000000000
114867  43.326  -36.509  64.681 0.0000000000
46256  43.443  -36.757  65.545 0.0000000000
68800  51.184  -12.418  44.283 0.0000000000
69700  51.550  -11.960  45.837 0.0000000000
128420  52.172  -11.826  45.417 0.0000000000
71536  54.870  -9.924  36.838 0.0000000000
70631  54.583  -10.473  37.675 0.0000000000
70632  54.061  -10.264  37.944 0.0000000000
125481  32.212  -40.429  69.220 0.0000000000
42215  33.015  -40.789  69.250 0.0000000000
120719  20.979  -40.278  79.659 0.0000000000
67823  48.417  -13.007  46.331 0.0000000000
67831  47.552  -13.230  46.194 0.0000000000
135005  50.319  -17.449  48.060 0.0000000000
58663  44.503  -23.251  54.451 0.0000000000
58672  45.143  -22.887  54.132 0.0000000000
58662  45.272  -23.002  54.766 0.0000000000
44121  12.956  -38.780  83.267 0.0000000000
58735  40.084  -23.104  48.756 0.0000000000
58726  40.341  -23.304  49.595 0.0000000000
58711  40.568  -23.353  50.414 0.0000000000
57563  41.462  -24.533  55.480 0.0000000000
114403  36.906  -36.669  65.011 0.0000000000
126876  37.663  -36.636  64.991 0.0000000000
46279  38.376  -36.440  64.756 0.0000000000
46260  38.134  -36.689  65.512 0.0000000000
42212  36.205  -40.087  68.940 0.0000000000
43270  36.725  -39.477  68.784 0.0000000000
127509  37.304  -39.985  69.002 0.0000000000
114954  30.453  -40.008  73.108 0.0000000000
115658  30.501  -40.113  73.894 0.0000000000
42139  26.534  -40.698  73.671 0.0000000000
41131  26.162  -40.887  74.400 0.0000000000
135720  25.409  -40.976  74.225 0.0000000000
42126  21.717  -40.295  74.469 0.0000000000
42111  22.349  -40.613  74.853 0.0000000000
42112  21.579  -40.555  75.228 0.0000000000
45284  29.876  -37.216  66.754 0.0000000000
44253  29.759  -37.908  67.930 0.0000000000
42026  15.855  -40.183  86.469 0.0000000000
42025  16.416  -40.401  86.060 0.0000000000
71436  55.932  -9.413  48.329 0.0000000000
70522  56.108  -9.958  48.844 0.0000000000
66835  57.356  -14.343  52.400 0.0000000000
66820  57.427  -14.951  52.805 0.0000000000
65128  57.029  -16.354  52.616 0.0000000000
65981  53.868  -15.316  49.243 0.0000000000
61678  48.656  -20.211  51.030 0.0000000000
62552  49.572  -19.702  50.999 0.0000000000
59771  47.865  -21.917  54.717 0.0000000000
60752  47.957  -21.133  54.207 0.0000000000
57588  35.913  -25.736  54.545 0.0000000000
123847  39.472  -23.390  59.838 0.0000000000
58617  39.745  -23.622  58.706 0.0000000000
59716  39.740  -23.095  59.408 0.0000000000
59715  40.405  -22.573  59.755 0.0000000000
124042  40.550  -22.493  60.648 0.0000000000
49182  37.234  -33.891  60.330 0.0000000000
50111  41.631  -32.237  62.052 0.0000000000
121784  41.137  -32.228  61.379 0.0000000000
51026  41.478  -31.367  61.643 0.0000000000
52043  41.228  -30.853  60.956 0.0000000000
52024  41.801  -30.759  62.391 0.0000000000
53814  44.184  -28.227  65.248 0.0000000000
132928  42.671  -27.595  63.264 0.0000000000
54687  42.941  -27.267  63.790 0.0000000000
55602  42.584  -26.421  63.538 0.0000000000
55597  42.962  -26.562  64.152 0.0000000000
70599  52.406  -10.378  41.173 0.0000000000
70615  51.694  -9.936  40.544 0.0000000000
70614  52.566  -9.861  40.718 0.0000000000
131831  52.870  -9.955  41.092 0.0000000000
71505  53.294  -9.895  40.954 0.0000000000
71449  54.763  -9.506  47.376 0.0000000000
134456  54.698  -9.442  46.600 0.0000000000
71448  55.695  -9.064  47.746 0.0000000000
68847  59.596  -12.306  39.285 0.0000000000
69752  60.507  -12.119  39.979 0.0000000000
72382  58.018  -8.658  41.618 0.0000000000
134230  57.886  -8.465  42.397 0.0000000000
72374  58.224  -7.934  43.002 0.0000000000
41145  33.089  -41.325  72.763 0.0000000000
41150  33.424  -41.596  72.233 0.0000000000
42079  20.012  -40.117  80.619 0.0000000000
131750  19.119  -40.373  82.268 0.0000000000
42041  18.872  -41.023  83.378 0.0000000000
66872  45.643  -14.790  47.134 0.0000000000
66000  46.112  -15.215  47.613 0.0000000000
58644  44.693  -23.155  56.714 0.0000000000
58628  45.227  -22.948  57.332 0.0000000000
44123  11.470  -38.186  84.492 0.0000000000
45068  10.431  -37.494  86.513 0.0000000000
46310  33.273  -35.962  62.682 0.0000000000
46300  33.627  -36.135  63.257 0.0000000000
46264  34.529  -36.619  65.030 0.0000000000
46283  34.673  -36.444  64.096 0.0000000000
46263  35.502  -36.760  65.402 0.0000000000
45300  36.061  -36.848  65.907 0.0000000000
42173  28.447  -39.951  71.265 0.0000000000
42198  26.379  -40.382  70.665 0.0000000000
42175  26.855  -40.378  71.419 0.0000000000
42157  26.517  -40.543  72.188 0.0000000000
44256  27.227  -38.563  67.366 0.0000000000
44255  28.063  -38.349  67.539 0.0000000000
45262  28.490  -37.831  67.082 0.0000000000
134184  28.394  -38.662  68.050 0.0000000000
44240  28.934  -38.750  68.407 0.0000000000
43301  28.232  -38.989  68.594 0.0000000000
42217  27.761  -39.876  70.053 0.0000000000
43255  28.562  -39.856  70.539 0.0000000000
42196  29.303  -39.930  70.992 0.0000000000
41097  28.348  -40.858  78.740 0.0000000000
41086  27.947  -40.955  79.422 0.0000000000
70538  53.269  -10.832  47.848 0.0000000000
70524  53.783  -10.751  48.325 0.0000000000
68754  54.381  -12.390  49.345 0.0000000000
67795  54.469  -12.952  49.474 0.0000000000
133942  55.375  -13.367  50.192 0.0000000000
65131  52.118  -16.315  52.637 0.0000000000
61718  44.421  -20.505  47.250 0.0000000000
61717  45.343  -20.391  47.538 0.0000000000
60802  46.422  -21.563  49.688 0.0000000000
119600  47.646  -21.083  50.275 0.0000000000
134318  47.278  -21.032  50.743 0.0000000000
57551  36.540  -25.832  55.818 0.0000000000
57537  36.927  -25.659  56.460 0.0000000000
57550  37.159  -25.303  56.218 0.0000000000
57536  37.615  -25.700  56.818 0.0000000000
56583  38.734  -25.330  59.127 0.0000000000
57505  39.319  -24.732  59.712 0.0000000000
57504  39.451  -24.276  60.395 0.0000000000
47233  40.061  -34.748  62.897 0.0000000000
118964  40.232  -34.309  62.292 0.0000000000
47215  43.042  -35.198  63.434 0.0000000000
47232  42.399  -34.877  62.850 0.0000000000
48180  43.038  -34.505  63.010 0.0000000000
49147  43.309  -33.640  63.287 0.0000000000
117843  49.866  -11.534  41.430 0.0000000000
68830  50.641  -12.280  42.382 0.0000000000
68814  52.128  -12.226  43.074 0.0000000000
68829  51.396  -12.295  42.655 0.0000000000
70559  52.994  -10.868  46.145 0.0000000000
70549  53.384  -10.416  46.973 0.0000000000
132355  56.190  -11.803  38.033 0.0000000000
69759  57.284  -12.007  38.766 0.0000000000
69756  56.932  -11.158  39.317 0.0000000000
70623  56.599  -10.451  39.866 0.0000000000
120870  55.836  -10.232  39.888 0.0000000000
70611  56.270  -10.017  40.454 0.0000000000
70612  55.284  -9.965  40.388 0.0000000000
45239  33.323  -38.271  67.651 0.0000000000
43296  33.953  -39.303  68.371 0.0000000000
128463  34.332  -40.531  68.918 0.0000000000
42213  35.156  -40.308  68.740 0.0000000000
41081  23.256  -40.902  79.706 0.0000000000
42065  23.089  -40.419  81.694 0.0000000000
42054  23.202  -40.698  82.192 0.0000000000
135299  21.378  -39.753  82.117 0.0000000000
42056  21.109  -39.687  82.988 0.0000000000
68783  50.072  -12.347  46.748 0.0000000000
68784  49.316  -12.757  46.468 0.0000000000
67813  49.240  -13.459  47.845 0.0000000000
67812  49.996  -13.103  48.149 0.0000000000
115734  50.164  -14.239  48.483 0.0000000000
66879  47.184  -14.238  47.216 0.0000000000
114424  50.118  -15.927  48.247 0.0000000000
65990  49.546  -15.062  48.397 0.0000000000
65153  52.237  -17.179  49.337 0.0000000000
64289  51.840  -17.670  50.022 0.0000000000
64254  51.195  -17.115  52.382 0.0000000000
63397  50.821  -18.087  51.075 0.0000000000
59798  45.032  -22.079  51.966 0.0000000000
138292  47.167  -22.255  54.726 0.0000000000
58643  46.097  -22.763  57.053 0.0000000000
58642  46.372  -22.863  56.177 0.0000000000
115361  47.823  -22.593  56.692 0.0000000000
59738  50.056  -22.373  57.233 0.0000000000
53883  37.848  -28.584  57.044 0.0000000000
54744  38.132  -27.760  57.449 0.0000000000
53877  38.763  -28.685  58.189 0.0000000000
68840  48.238  -12.223  42.266 0.0000000000
68839  48.908  -12.222  42.080 0.0000000000
68832  48.749  -12.503  42.545 0.0000000000
115490  48.592  -12.891  44.735 0.0000000000
68802  49.497  -12.822  44.736 0.0000000000
72399  54.566  -8.308  36.292 0.0000000000
42060  14.631  -40.294  81.857 0.0000000000
42049  15.316  -40.717  82.264 0.0000000000
42038  14.156  -39.792  84.613 0.0000000000
43159  14.834  -39.651  85.588 0.0000000000
43151  14.927  -39.561  86.360 0.0000000000
44119  11.641  -38.545  85.217 0.0000000000
43160  12.383  -38.854  85.067 0.0000000000
43154  12.358  -38.460  86.035 0.0000000000
135479  43.364  -21.823  47.908 0.0000000000
59830  41.636  -22.556  49.311 0.0000000000
59840  41.442  -22.533  48.451 0.0000000000
59838  42.968  -22.110  48.768 0.0000000000
59812  43.546  -22.393  50.644 0.0000000000
59813  42.737  -22.595  50.356 0.0000000000
58696  42.341  -23.290  51.721 0.0000000000
58683  43.274  -23.314  52.803 0.0000000000
57651  40.176  -23.813  51.568 0.0000000000
57604  41.994  -24.004  53.893 0.0000000000
58676  41.849  -23.858  53.051 0.0000000000
58665  42.802  -23.717  54.143 0.0000000000
115865  42.852  -23.720  57.086 0.0000000000
116594  43.371  -23.561  56.638 0.0000000000
58612  43.915  -23.163  58.243 0.0000000000
58613  43.020  -23.195  58.279 0.0000000000
47257  35.466  -34.689  60.559 0.0000000000
48202  36.165  -35.002  61.165 0.0000000000
46308  34.468  -36.194  62.556 0.0000000000
46306  37.192  -35.770  62.933 0.0000000000
118073  37.135  -35.478  62.258 0.0000000000
47220  38.148  -35.467  63.211 0.0000000000
134080  39.130  -34.987  63.105 0.0000000000
46259  39.882  -36.496  65.491 0.0000000000
46258  40.789  -36.622  65.555 0.0000000000
46257  41.467  -36.626  64.920 0.0000000000
45297  41.784  -37.137  65.605 0.0000000000
45238  34.091  -38.354  67.736 0.0000000000
45256  34.904  -37.958  67.570 0.0000000000
44233  36.893  -38.518  68.474 0.0000000000
45236  36.466  -38.049  67.980 0.0000000000
45254  37.103  -37.486  67.611 0.0000000000
45280  36.943  -36.974  66.867 0.0000000000
131395  39.690  -38.647  69.415 0.0000000000
44231  38.965  -38.409  69.196 0.0000000000
45233  39.464  -37.745  68.616 0.0000000000
128736  38.948  -37.191  67.896 0.0000000000
45278  39.261  -36.960  66.955 0.0000000000
42118  33.106  -40.092  74.627 0.0000000000
42106  32.736  -40.038  75.331 0.0000000000
42119  32.179  -39.909  75.018 0.0000000000
115477  30.660  -40.483  74.823 0.0000000000
42099  30.797  -40.426  76.897 0.0000000000
42110  28.222  -40.760  75.036 0.0000000000
137235  28.323  -41.098  75.840 0.0000000000
41110  27.852  -41.215  76.424 0.0000000000
41122  25.872  -41.334  75.754 0.0000000000
41112  25.967  -41.548  77.399 0.0000000000
135361  24.140  -40.544  71.950 0.0000000000
121105  22.296  -39.839  71.236 0.0000000000
135455  22.348  -39.956  71.969 0.0000000000
41141  24.115  -40.910  73.563 0.0000000000
41134  23.645  -41.083  74.382 0.0000000000
118486  23.197  -41.315  75.881 0.0000000000
115794  24.109  -41.594  76.821 0.0000000000
41103  22.039  -40.929  77.324 0.0000000000
120976  21.214  -40.552  77.735 0.0000000000
43201  19.365  -40.187  75.650 0.0000000000
42114  20.077  -40.300  75.837 0.0000000000
42093  19.358  -40.199  77.123 0.0000000000
131629  18.631  -40.447  78.387 0.0000000000
43185  17.290  -39.978  78.118 0.0000000000
43180  17.114  -40.417  78.909 0.0000000000
43181  16.232  -40.071  79.200 0.0000000000
43176  15.926  -40.306  80.055 0.0000000000
43177  15.156  -39.564  80.378 0.0000000000
43169  14.763  -40.129  81.091 0.0000000000
47222  31.289  -35.198  63.385 0.0000000000
47207  29.749  -35.324  64.550 0.0000000000
47224  29.780  -34.895  63.793 0.0000000000
46241  30.471  -36.673  66.227 0.0000000000
46240  31.347  -36.698  66.281 0.0000000000
116323  31.810  -36.080  65.800 0.0000000000
45260  31.256  -38.042  67.133 0.0000000000
43298  31.407  -39.330  68.484 0.0000000000
42171  31.077  -40.302  71.236 0.0000000000
42216  31.773  -40.566  70.182 0.0000000000
126527  31.616  -40.581  71.087 0.0000000000
41078  25.779  -41.057  80.933 0.0000000000
42042  16.281  -40.436  83.657 0.0000000000
41051  17.317  -41.464  85.039 0.0000000000
42034  17.341  -40.884  84.402 0.0000000000
40205  17.578  -42.351  84.589 0.0000000000
68752  56.465  -11.536  50.048 0.0000000000
66834  58.214  -14.188  52.543 0.0000000000
68764  51.545  -12.596  48.223 0.0000000000
67802  52.323  -12.901  48.478 0.0000000000
65975  54.774  -15.327  50.951 0.0000000000
66851  54.122  -13.675  49.239 0.0000000000
65974  55.526  -14.993  51.505 0.0000000000
115568  53.522  -16.464  53.658 0.0000000000
65129  54.064  -15.896  53.376 0.0000000000
64250  55.207  -16.876  53.919 0.0000000000
137039  55.510  -17.091  52.905 0.0000000000
64263  56.655  -16.968  52.208 0.0000000000
126229  45.339  -16.760  47.668 0.0000000000
123791  46.089  -16.636  48.000 0.0000000000
64308  46.631  -17.255  47.992 0.0000000000
62578  46.979  -19.837  47.642 0.0000000000
62591  46.328  -19.125  47.554 0.0000000000
63418  48.558  -19.218  47.751 0.0000000000
63427  48.375  -18.229  47.519 0.0000000000
63409  50.020  -18.960  48.776 0.0000000000
63376  49.939  -18.798  51.571 0.0000000000
63375  50.097  -18.195  51.896 0.0000000000
122724  50.246  -18.197  52.195 0.0000000000
60764  45.604  -21.721  52.058 0.0000000000
60773  45.920  -21.381  51.369 0.0000000000
61646  47.559  -20.626  52.693 0.0000000000
60751  50.612  -20.827  53.712 0.0000000000
61637  49.777  -20.849  53.874 0.0000000000
61643  49.870  -19.736  52.843 0.0000000000
136975  37.077  -25.226  54.362 0.0000000000
57609  37.551  -24.797  53.625 0.0000000000
57608  38.598  -24.659  53.945 0.0000000000
57585  38.605  -24.946  54.923 0.0000000000
58636  38.573  -25.184  56.952 0.0000000000
57567  37.807  -24.822  55.767 0.0000000000
58634  39.994  -24.060  57.682 0.0000000000
58647  40.390  -24.233  57.115 0.0000000000
57547  40.105  -24.743  56.484 0.0000000000
58646  41.236  -23.947  57.069 0.0000000000
59713  42.045  -22.516  59.744 0.0000000000
122760  43.001  -22.682  59.745 0.0000000000
49180  38.845  -33.169  60.789 0.0000000000
50123  39.660  -32.760  61.036 0.0000000000
51039  39.992  -31.455  60.422 0.0000000000
52074  38.879  -30.909  59.099 0.0000000000
52073  39.683  -30.344  59.396 0.0000000000
52977  41.059  -29.614  60.367 0.0000000000
53003  40.136  -29.529  59.412 0.0000000000
53865  40.679  -28.990  59.814 0.0000000000
48129  44.349  -34.692  66.368 0.0000000000
118084  44.628  -32.995  66.046 0.0000000000
49109  44.464  -33.353  65.299 0.0000000000
50071  44.471  -32.724  64.736 0.0000000000
50072  44.147  -32.466  64.068 0.0000000000
116900  44.543  -32.048  64.724 0.0000000000
52950  43.634  -29.641  64.324 0.0000000000
52003  44.596  -30.321  64.974 0.0000000000
52004  44.027  -30.371  64.505 0.0000000000
50980  43.772  -31.074  64.150 0.0000000000
52023  42.092  -30.263  62.954 0.0000000000
52957  42.532  -29.599  63.225 0.0000000000
54702  42.029  -27.707  61.944 0.0000000000
53838  42.139  -28.615  62.258 0.0000000000
54708  41.597  -27.499  61.214 0.0000000000
54709  40.970  -27.404  60.692 0.0000000000
55624  40.572  -26.731  60.560 0.0000000000
55617  41.024  -26.557  61.180 0.0000000000
56554  40.936  -25.264  62.296 0.0000000000
137541  40.735  -24.523  62.560 0.0000000000
56535  43.334  -25.772  65.405 0.0000000000
56531  42.918  -24.983  65.554 0.0000000000
58555  41.650  -23.123  63.940 0.0000000000
59657  41.800  -22.589  63.306 0.0000000000
59665  41.641  -22.409  62.037 0.0000000000
121132  41.973  -22.310  62.761 0.0000000000
73235  53.609  -7.407  36.789 0.0000000000
70617  49.689  -10.356  40.359 0.0000000000
70616  50.687  -10.222  40.410 0.0000000000
71526  53.136  -9.695  38.471 0.0000000000
71521  53.808  -10.036  39.306 0.0000000000
71513  54.507  -10.014  40.564 0.0000000000
71503  55.951  -9.888  41.539 0.0000000000
70580  54.347  -11.087  43.604 0.0000000000
69722  54.424  -11.205  42.776 0.0000000000
71472  55.546  -9.431  44.726 0.0000000000
71484  55.263  -10.098  43.987 0.0000000000
71483  55.901  -9.474  43.784 0.0000000000
71482  56.481  -9.469  43.019 0.0000000000
72352  56.206  -8.842  44.447 0.0000000000
122446  57.130  -8.241  44.261 0.0000000000
125985  56.664  -8.386  45.046 0.0000000000
72329  57.577  -7.621  47.812 0.0000000000
69769  57.341  -11.785  36.430 0.0000000000
69768  58.118  -12.380  36.241 0.0000000000
68872  58.198  -13.011  36.978 0.0000000000
71509  59.047  -9.717  41.054 0.0000000000
41137  34.935  -41.131  74.030 0.0000000000
42070  17.838  -40.862  80.589 0.0000000000
42069  18.664  -40.480  81.273 0.0000000000
114967  17.544  -40.866  82.681 0.0000000000
58611  44.871  -22.860  58.266 0.0000000000
117829  45.661  -22.574  58.835 0.0000000000
121720  33.252  -35.946  63.833 0.0000000000
46237  34.709  -36.806  66.117 0.0000000000
43302  27.447  -39.234  68.683 0.0000000000
41087  27.186  -40.898  79.585 0.0000000000
115335  26.606  -41.014  80.380 0.0000000000
69666  53.363  -11.472  48.484 0.0000000000
69678  52.613  -11.641  47.968 0.0000000000
68762  52.859  -12.158  48.593 0.0000000000
68755  53.023  -12.471  48.775 0.0000000000
131547  52.188  -17.052  53.356 0.0000000000
63352  52.348  -17.801  53.186 0.0000000000
132703  45.641  -21.554  48.421 0.0000000000
60784  46.209  -21.436  50.583 0.0000000000
56596  37.765  -26.051  57.636 0.0000000000
57527  37.909  -25.936  57.265 0.0000000000
56584  38.322  -25.794  58.364 0.0000000000
56573  39.339  -25.390  59.685 0.0000000000
46294  42.107  -36.092  63.835 0.0000000000
47217  41.805  -35.425  63.228 0.0000000000
47200  42.916  -35.975  63.964 0.0000000000
119011  43.564  -35.447  64.344 0.0000000000
68816  50.603  -12.603  43.624 0.0000000000
132170  50.823  -12.568  42.951 0.0000000000
69725  51.953  -12.197  44.001 0.0000000000
69710  52.457  -11.884  44.664 0.0000000000
69690  52.195  -11.389  46.319 0.0000000000
70630  55.299  -10.747  37.342 0.0000000000
69761  55.731  -11.223  38.257 0.0000000000
70627  55.096  -10.643  38.644 0.0000000000
70624  54.495  -10.164  39.036 0.0000000000
43297  32.973  -39.155  68.186 0.0000000000
43273  33.011  -39.887  68.684 0.0000000000
42214  33.780  -41.106  69.243 0.0000000000
121002  22.448  -40.833  79.245 0.0000000000
42066  22.083  -40.014  81.597 0.0000000000
116696  48.572  -13.735  47.576 0.0000000000
65163  47.638  -15.158  48.110 0.0000000000
122993  49.115  -15.740  47.931 0.0000000000
64296  50.786  -17.015  48.005 0.0000000000
115414  51.561  -17.198  48.532 0.0000000000
133806  50.975  -17.765  48.404 0.0000000000
63416  50.820  -18.497  49.195 0.0000000000
59781  44.807  -22.631  53.037 0.0000000000
59774  45.663  -22.692  54.291 0.0000000000
59741  47.444  -22.544  57.327 0.0000000000
42051  13.860  -40.126  83.080 0.0000000000
43166  13.469  -39.402  82.731 0.0000000000
43162  13.405  -39.552  83.730 0.0000000000
125730  13.383  -39.111  84.923 0.0000000000
59831  40.883  -22.888  49.035 0.0000000000
59814  41.881  -22.728  50.123 0.0000000000
58697  41.566  -23.422  51.423 0.0000000000
57605  41.184  -24.298  53.573 0.0000000000
57581  42.200  -24.189  54.766 0.0000000000
130291  42.406  -24.105  55.633 0.0000000000
118285  42.141  -23.858  57.070 0.0000000000
47258  34.719  -35.066  60.694 0.0000000000
118199  35.992  -36.280  64.004 0.0000000000
46307  36.004  -36.237  63.098 0.0000000000
46295  38.205  -35.930  64.028 0.0000000000
47204  38.899  -36.087  64.332 0.0000000000
46234  39.529  -36.743  66.145 0.0000000000
44234  35.535  -38.976  68.178 0.0000000000
45237  35.565  -38.454  67.846 0.0000000000
44222  36.405  -39.050  68.456 0.0000000000
44221  37.364  -39.059  68.797 0.0000000000
44209  40.242  -39.286  69.736 0.0000000000
45232  40.349  -37.948  68.678 0.0000000000
42120  31.416  -40.402  74.404 0.0000000000
42121  29.751  -40.197  74.298 0.0000000000
115116  28.117  -40.504  74.149 0.0000000000
42138  27.301  -40.566  73.791 0.0000000000
41130  26.866  -41.112  74.893 0.0000000000
119683  26.237  -41.147  75.147 0.0000000000
43231  21.409  -39.854  73.042 0.0000000000
42162  22.247  -39.952  73.145 0.0000000000
42125  22.961  -40.598  74.336 0.0000000000
41115  22.611  -41.201  76.583 0.0000000000
43188  18.309  -39.910  77.028 0.0000000000
42088  18.087  -40.178  77.859 0.0000000000
46269  29.334  -36.285  65.597 0.0000000000
46220  30.748  -37.417  66.857 0.0000000000
45242  30.594  -38.043  67.692 0.0000000000
125714  29.962  -40.001  70.628 0.0000000000
43253  30.118  -39.756  69.959 0.0000000000
42153  31.789  -40.585  72.605 0.0000000000
42036  16.191  -40.097  85.433 0.0000000000
115603  16.676  -40.426  84.496 0.0000000000
41038  16.739  -41.291  85.805 0.0000000000
68745  56.233  -13.027  50.691 0.0000000000
116940  57.522  -12.820  51.293 0.0000000000
65962  58.297  -14.980  52.664 0.0000000000
115922  58.385  -15.685  52.428 0.0000000000
65127  58.092  -16.285  52.296 0.0000000000
66854  51.773  -13.353  48.410 0.0000000000
66853  52.641  -13.573  48.601 0.0000000000
63372  54.281  -18.171  52.331 0.0000000000
134538  47.907  -20.934  48.838 0.0000000000
61693  49.344  -20.379  49.063 0.0000000000
62568  49.863  -19.703  49.631 0.0000000000
59779  46.760  -21.764  53.671 0.0000000000
61638  48.801  -20.681  54.064 0.0000000000
61642  50.682  -20.202  53.090 0.0000000000
115084  36.537  -25.371  53.794 0.0000000000
58618  39.378  -24.387  58.341 0.0000000000
126733  39.154  -24.978  57.177 0.0000000000
121330  39.696  -23.970  58.149 0.0000000000
58616  40.213  -23.542  58.249 0.0000000000
58615  40.973  -22.942  58.343 0.0000000000
59733  40.861  -22.596  59.123 0.0000000000
59714  41.214  -22.448  59.720 0.0000000000
59694  41.422  -22.297  60.521 0.0000000000
50122  40.583  -32.866  61.441 0.0000000000
50135  40.389  -32.022  60.903 0.0000000000
51038  40.632  -31.208  60.607 0.0000000000
52061  40.149  -30.788  60.104 0.0000000000
52060  40.845  -30.448  60.425 0.0000000000
52059  41.362  -30.105  60.813 0.0000000000
49087  45.290  -33.872  67.576 0.0000000000
50050  45.049  -33.069  66.798 0.0000000000
120983  44.913  -32.347  66.177 0.0000000000
53829  43.259  -28.903  64.088 0.0000000000
53830  42.823  -29.028  63.548 0.0000000000
126363  42.870  -28.198  63.555 0.0000000000
54696  42.106  -27.030  62.427 0.0000000000
55609  41.724  -26.410  62.333 0.0000000000
55603  42.070  -26.380  62.915 0.0000000000
56545  42.031  -25.591  63.472 0.0000000000
70600  51.429  -10.675  41.045 0.0000000000
71514  53.705  -10.101  40.257 0.0000000000
70557  54.192  -10.529  45.083 0.0000000000
71464  55.199  -9.242  45.842 0.0000000000
72336  56.011  -8.470  46.439 0.0000000000
67894  58.529  -13.045  37.719 0.0000000000
68852  58.952  -12.789  38.455 0.0000000000
68851  60.314  -12.782  38.719 0.0000000000
71510  57.970  -9.377  40.608 0.0000000000
72381  59.218  -8.443  41.777 0.0000000000
73214  59.932  -7.432  43.044 0.0000000000
41149  34.125  -42.105  72.195 0.0000000000
42057  20.179  -40.039  82.656 0.0000000000
42040  19.545  -41.046  83.577 0.0000000000
41060  19.099  -41.748  83.754 0.0000000000
66880  46.452  -14.024  46.672 0.0000000000
130192  46.928  -14.852  47.648 0.0000000000
130492  46.853  -15.420  47.904 0.0000000000
65168  47.267  -16.019  48.024 0.0000000000
65167  47.880  -16.445  47.833 0.0000000000
58654  45.644  -23.033  55.559 0.0000000000
59742  46.735  -22.621  57.628 0.0000000000
59728  46.627  -22.509  58.555 0.0000000000
44122  12.164  -38.321  83.748 0.0000000000
134603  10.892  -37.792  86.178 0.0000000000
44108  10.927  -38.492  86.725 0.0000000000
118094  39.551  -24.389  52.757 0.0000000000
57607  39.567  -24.613  53.605 0.0000000000
46309  33.853  -36.126  62.624 0.0000000000
46298  35.246  -36.399  63.600 0.0000000000
46281  36.094  -36.612  64.759 0.0000000000
45299  36.789  -36.879  65.923 0.0000000000
42174  27.651  -40.155  71.394 0.0000000000
114305  26.180  -40.765  72.923 0.0000000000
43210  20.920  -40.023  73.969 0.0000000000
43211  20.310  -40.178  74.716 0.0000000000
45286  28.097  -37.515  66.289 0.0000000000
121585  29.505  -38.423  68.237 0.0000000000
43254  29.371  -39.724  70.287 0.0000000000
70512  55.195  -10.788  48.875 0.0000000000
70523  54.505  -10.431  48.396 0.0000000000
69658  54.624  -11.771  49.096 0.0000000000
115408  55.292  -12.070  49.685 0.0000000000
66836  56.365  -14.655  51.933 0.0000000000
65152  52.956  -16.746  50.071 0.0000000000
65145  53.421  -16.251  50.986 0.0000000000
64252  53.221  -17.332  53.536 0.0000000000
64265  54.097  -17.749  53.446 0.0000000000
61716  46.162  -20.097  47.616 0.0000000000
61702  46.806  -20.737  47.921 0.0000000000
136709  47.257  -21.024  48.516 0.0000000000
61695  48.017  -21.075  49.676 0.0000000000
121878  48.355  -20.798  50.273 0.0000000000
59761  49.756  -22.034  55.835 0.0000000000
117466  36.518  -25.671  55.003 0.0000000000
58637  37.942  -25.399  56.750 0.0000000000
123377  38.283  -25.594  57.912 0.0000000000
131554  38.975  -25.137  58.077 0.0000000000
124147  39.561  -23.521  60.602 0.0000000000
118963  38.224  -34.255  61.755 0.0000000000
49172  38.519  -33.743  61.240 0.0000000000
120128  38.864  -33.894  62.017 0.0000000000
48201  39.827  -33.891  61.899 0.0000000000
48200  40.823  -33.776  61.967 0.0000000000
48181  41.542  -34.903  62.791 0.0000000000
48190  41.709  -34.327  62.365 0.0000000000
122825  41.690  -33.633  62.183 0.0000000000
117071  42.018  -32.990  62.307 0.0000000000
50110  42.147  -32.106  62.730 0.0000000000
138197  51.188  -11.918  42.091 0.0000000000
69741  51.304  -11.455  41.551 0.0000000000
70591  52.876  -11.100  41.943 0.0000000000
70590  53.848  -10.839  41.997 0.0000000000
70568  53.875  -10.999  44.328 0.0000000000
69709  53.160  -11.449  44.464 0.0000000000
121247  53.701  -10.367  45.974 0.0000000000
70548  54.102  -9.903  46.784 0.0000000000
70634  57.035  -10.899  36.181 0.0000000000
69770  56.093  -11.136  36.913 0.0000000000
69765  56.419  -11.882  37.549 0.0000000000
69758  58.351  -12.214  39.015 0.0000000000
69754  59.009  -11.657  39.875 0.0000000000
70620  59.429  -11.161  40.592 0.0000000000
70621  58.462  -10.931  40.339 0.0000000000
71511  57.024  -9.518  40.779 0.0000000000
71502  56.908  -9.331  41.544 0.0000000000
46217  33.003  -37.223  66.845 0.0000000000
45283  33.871  -36.926  66.840 0.0000000000
45258  33.410  -37.639  67.219 0.0000000000
43295  34.876  -39.246  68.329 0.0000000000
41173  34.108  -41.978  69.692 0.0000000000
41172  34.731  -42.350  69.352 0.0000000000
43304  25.495  -39.344  68.298 0.0000000000
118027  24.476  -41.505  78.415 0.0000000000
118092  24.801  -41.181  79.675 0.0000000000
41073  24.579  -40.818  81.241 0.0000000000
42075  23.631  -40.760  80.894 0.0000000000
42053  24.629  -40.992  81.496 0.0000000000
41067  24.078  -41.133  81.700 0.0000000000
42078  21.013  -39.938  80.856 0.0000000000
42046  21.394  -39.993  83.467 0.0000000000
41068  22.417  -40.362  82.646 0.0000000000
68782  50.766  -12.159  46.259 0.0000000000
130387  50.705  -12.133  47.050 0.0000000000
68765  50.850  -12.832  48.243 0.0000000000
68773  49.643  -12.894  47.356 0.0000000000
66861  51.042  -13.658  48.448 0.0000000000
66860  51.801  -14.168  48.503 0.0000000000
65988  51.801  -15.456  48.546 0.0000000000
66868  48.772  -14.000  48.111 0.0000000000
66863  48.261  -14.581  48.131 0.0000000000
66862  49.134  -14.487  48.324 0.0000000000
65159  52.777  -16.356  48.891 0.0000000000
64266  51.701  -16.612  52.104 0.0000000000
60786  44.905  -21.866  50.621 0.0000000000
59787  45.895  -21.811  52.838 0.0000000000
59780  46.253  -21.994  53.455 0.0000000000
59762  48.447  -22.086  55.288 0.0000000000
114538  47.299  -22.686  56.013 0.0000000000
115620  48.172  -22.470  55.984 0.0000000000
115347  48.978  -22.093  55.957 0.0000000000
59752  50.386  -22.299  56.565 0.0000000000
54745  37.443  -27.098  57.206 0.0000000000
54735  38.955  -27.732  58.621 0.0000000000
46232  43.805  -36.868  67.236 0.0000000000
47170  43.804  -36.390  66.404 0.0000000000
47158  45.038  -35.931  67.850 0.0000000000
69743  49.180  -11.598  41.597 0.0000000000
68818  49.077  -12.737  43.167 0.0000000000
68801  50.362  -12.631  44.562 0.0000000000
71537  54.296  -9.144  36.708 0.0000000000
119797  15.495  -40.449  83.241 0.0000000000
42043  14.650  -40.242  83.765 0.0000000000
43158  15.607  -39.720  85.961 0.0000000000
43152  14.054  -39.228  86.834 0.0000000000
42016  14.477  -39.763  86.976 0.0000000000
60824  43.987  -21.322  47.527 0.0000000000
124882  44.232  -21.737  48.105 0.0000000000
60804  44.281  -22.062  49.329 0.0000000000
59827  44.197  -22.028  50.139 0.0000000000
59811  44.206  -22.197  50.892 0.0000000000
59801  42.944  -22.833  51.221 0.0000000000
59790  43.759  -22.924  52.356 0.0000000000
58682  44.103  -23.063  53.061 0.0000000000
132728  44.081  -23.269  53.812 0.0000000000
58698  40.775  -23.473  51.165 0.0000000000
58685  41.715  -23.644  52.230 0.0000000000
58664  43.613  -23.488  54.346 0.0000000000
124663  44.115  -23.344  56.065 0.0000000000
128225  43.962  -23.206  56.861 0.0000000000
134913  44.231  -22.795  58.836 0.0000000000
59712  44.015  -22.572  59.627 0.0000000000
48221  35.803  -34.116  59.918 0.0000000000
48211  36.375  -34.384  60.501 0.0000000000
47250  33.494  -35.596  61.231 0.0000000000
47249  34.410  -35.592  61.278 0.0000000000
128099  35.710  -36.012  62.477 0.0000000000
123869  35.891  -35.492  61.907 0.0000000000
47247  36.747  -35.299  61.728 0.0000000000
47246  37.548  -34.852  61.834 0.0000000000
48193  38.408  -34.703  62.447 0.0000000000
47219  39.867  -35.239  63.626 0.0000000000
47203  39.665  -35.811  64.281 0.0000000000
47202  40.535  -35.657  64.019 0.0000000000
123941  42.049  -36.645  64.389 0.0000000000
45311  42.430  -37.063  64.900 0.0000000000
45295  43.143  -37.242  65.877 0.0000000000
131577  35.772  -37.922  67.560 0.0000000000
121187  35.594  -37.392  67.066 0.0000000000
45281  36.214  -37.024  66.587 0.0000000000
46236  37.682  -36.873  66.315 0.0000000000
43269  38.128  -39.536  69.039 0.0000000000
44232  37.676  -38.534  68.795 0.0000000000
138547  38.223  -38.552  69.012 0.0000000000
45234  38.098  -38.008  68.781 0.0000000000
45253  37.986  -37.479  67.926 0.0000000000
46235  38.643  -36.796  66.214 0.0000000000
45277  40.202  -36.965  66.746 0.0000000000
116089  40.950  -37.791  68.043 0.0000000000
115993  41.097  -37.542  67.177 0.0000000000
45298  41.061  -37.069  66.289 0.0000000000
45276  42.145  -37.740  66.514 0.0000000000
45275  42.911  -37.617  66.351 0.0000000000
45274  43.337  -37.448  66.772 0.0000000000
41118  33.975  -40.812  75.556 0.0000000000
42107  31.863  -39.944  75.868 0.0000000000
123937  31.372  -40.284  76.615 0.0000000000
116689  28.977  -40.551  74.676 0.0000000000
131349  26.728  -41.307  77.589 0.0000000000
43281  25.469  -39.745  69.058 0.0000000000
123342  25.442  -40.401  70.736 0.0000000000
42199  24.696  -40.163  70.551 0.0000000000
116074  25.357  -40.567  71.582 0.0000000000
42140  25.401  -40.680  72.975 0.0000000000
42161  22.739  -40.178  72.649 0.0000000000
42160  23.477  -40.466  72.221 0.0000000000
123153  24.117  -40.659  72.684 0.0000000000
42141  24.723  -40.638  73.051 0.0000000000
41123  24.851  -41.449  75.624 0.0000000000
41124  23.870  -41.374  75.225 0.0000000000
115125  24.704  -41.598  76.575 0.0000000000
41100  24.623  -41.629  77.405 0.0000000000
122137  23.578  -41.425  78.156 0.0000000000
137376  22.454  -41.034  77.896 0.0000000000
42085  21.096  -40.472  78.670 0.0000000000
42086  20.249  -40.267  78.903 0.0000000000
42113  20.689  -40.395  75.459 0.0000000000
42102  20.576  -40.448  76.292 0.0000000000
42092  20.383  -40.321  77.216 0.0000000000
43170  14.342  -39.529  81.562 0.0000000000
43171  13.905  -39.004  82.032 0.0000000000
47239  32.546  -35.700  62.403 0.0000000000
47221  32.106  -35.580  63.254 0.0000000000
47206  30.635  -35.236  64.213 0.0000000000
47185  31.195  -35.576  64.951 0.0000000000
136942  31.505  -35.790  65.391 0.0000000000
46218  32.394  -37.608  66.780 0.0000000000
45240  32.384  -38.509  67.635 0.0000000000
45241  31.450  -38.453  67.666 0.0000000000
129293  32.159  -39.092  68.054 0.0000000000
125590  30.817  -39.529  68.963 0.0000000000
43252  30.737  -39.878  69.676 0.0000000000
42152  32.628  -41.039  73.153 0.0000000000
42132  33.777  -40.759  73.668 0.0000000000
42117  33.874  -40.275  74.230 0.0000000000
117473  25.791  -40.952  80.278 0.0000000000
42048  16.749  -40.872  82.449 0.0000000000
114644  17.910  -41.156  83.458 0.0000000000
131440  18.520  -41.488  83.795 0.0000000000
40204  18.339  -42.205  84.146 0.0000000000
68763  52.329  -12.587  48.389 0.0000000000
125938  53.628  -12.849  49.091 0.0000000000
132158  53.337  -13.250  48.921 0.0000000000
65965  54.124  -15.925  51.786 0.0000000000
119109  54.849  -16.470  54.123 0.0000000000
65949  54.887  -16.004  53.625 0.0000000000
121863  55.813  -16.035  53.010 0.0000000000
65112  56.228  -16.082  52.932 0.0000000000
66001  45.351  -15.305  47.293 0.0000000000
131943  46.736  -16.560  48.047 0.0000000000
64306  48.115  -17.232  47.597 0.0000000000
63430  45.579  -18.466  47.475 0.0000000000
63429  46.491  -18.143  47.718 0.0000000000
62577  47.761  -19.603  47.672 0.0000000000
63428  47.336  -17.874  47.720 0.0000000000
63426  49.106  -17.548  47.490 0.0000000000
63408  50.723  -18.688  50.344 0.0000000000
63374  50.535  -17.729  51.888 0.0000000000
132187  45.569  -21.592  50.816 0.0000000000
60772  46.790  -21.099  51.192 0.0000000000
60762  46.956  -21.016  52.678 0.0000000000
122734  47.118  -20.708  51.965 0.0000000000
61664  48.304  -20.083  51.754 0.0000000000
60742  50.377  -21.366  54.360 0.0000000000
121941  48.730  -20.309  53.296 0.0000000000
62515  49.025  -19.866  52.098 0.0000000000
62514  49.601  -19.367  52.295 0.0000000000
62513  50.026  -18.846  52.449 0.0000000000
132301  51.798  -19.561  52.444 0.0000000000
57564  40.019  -24.684  55.115 0.0000000000
115336  37.259  -25.397  55.024 0.0000000000
114334  37.974  -25.011  55.187 0.0000000000
57566  38.552  -24.797  55.733 0.0000000000
57565  39.266  -24.854  55.419 0.0000000000
57546  40.891  -24.424  56.426 0.0000000000
58614  42.059  -23.010  58.286 0.0000000000
50146  38.816  -32.124  60.025 0.0000000000
53015  38.436  -29.377  57.866 0.0000000000
53009  39.563  -29.539  58.935 0.0000000000
53876  39.382  -28.678  58.707 0.0000000000
125848  39.772  -27.859  59.078 0.0000000000
54725  39.345  -26.970  59.156 0.0000000000
48146  43.986  -35.080  65.059 0.0000000000
115690  43.908  -34.510  64.549 0.0000000000
49129  43.821  -33.814  64.066 0.0000000000
137714  43.862  -33.154  63.783 0.0000000000
119998  43.450  -32.645  63.466 0.0000000000
50090  42.807  -31.947  63.290 0.0000000000
50969  44.864  -31.712  65.466 0.0000000000
51994  44.992  -30.713  65.672 0.0000000000
130683  44.168  -31.702  64.251 0.0000000000
50992  43.006  -31.130  63.669 0.0000000000
50993  42.154  -31.158  63.149 0.0000000000
128247  41.872  -30.014  62.323 0.0000000000
52976  41.645  -29.291  60.968 0.0000000000
53844  41.893  -28.469  61.456 0.0000000000
53852  40.783  -28.157  60.306 0.0000000000
54714  40.427  -27.342  60.189 0.0000000000
54715  39.984  -27.189  59.608 0.0000000000
55635  39.669  -26.511  59.613 0.0000000000
55626  39.694  -25.892  59.984 0.0000000000
55610  41.224  -26.088  61.983 0.0000000000
56564  40.607  -25.620  61.594 0.0000000000
56565  39.939  -25.110  61.316 0.0000000000
57497  39.689  -24.215  61.252 0.0000000000
57488  40.200  -23.799  61.872 0.0000000000
58581  40.007  -23.319  61.442 0.0000000000
55596  43.116  -26.230  64.754 0.0000000000
56536  42.778  -25.442  64.871 0.0000000000
123778  41.767  -24.728  63.773 0.0000000000
57470  41.879  -24.055  64.409 0.0000000000
57477  41.376  -23.972  63.621 0.0000000000
58564  40.851  -23.312  62.656 0.0000000000
58573  40.585  -23.114  62.054 0.0000000000
59678  40.509  -22.732  61.420 0.0000000000
59677  41.152  -22.369  61.333 0.0000000000
59676  42.002  -22.231  61.447 0.0000000000
60671  42.594  -22.056  61.979 0.0000000000
59675  42.886  -22.085  61.275 0.0000000000
72400  53.878  -8.310  36.672 0.0000000000
70625  53.919  -10.044  38.504 0.0000000000
71492  56.865  -9.254  42.389 0.0000000000
128891  54.597  -10.626  42.068 0.0000000000
70589  55.120  -10.691  42.620 0.0000000000
72363  57.284  -8.686  43.067 0.0000000000
72343  56.686  -8.045  45.881 0.0000000000
73190  57.550  -7.312  46.259 0.0000000000
40218  19.978  -41.264  83.644 0.0000000000
43141  15.527  -39.788  86.474 0.0000000000
44115  12.579  -38.546  86.799 0.0000000000
46276  41.281  -36.122  64.286 0.0000000000
47183  44.028  -35.063  65.819 0.0000000000
47201  41.298  -35.716  63.683 0.0000000000
48166  44.213  -33.855  64.717 0.0000000000
52014  43.330  -30.378  64.025 0.0000000000
52949  44.253  -29.668  64.815 0.0000000000
52968  41.841  -29.348  61.902 0.0000000000
53010  38.939  -29.462  58.414 0.0000000000
53837  42.484  -28.794  62.974 0.0000000000
54686  43.356  -27.017  64.563 0.0000000000
56537  42.252  -25.059  64.263 0.0000000000
57478  40.826  -23.933  63.025 0.0000000000
57549  37.904  -24.822  56.247 0.0000000000
58635  39.520  -24.560  57.698 0.0000000000
59658  41.318  -22.731  62.539 0.0000000000
59679  39.956  -22.863  60.962 0.0000000000
65947  56.443  -15.657  52.831 0.0000000000
65948  55.662  -15.928  53.031 0.0000000000
65980  54.395  -14.868  49.649 0.0000000000
68756  52.726  -12.646  48.635 0.0000000000
68857  57.776  -12.773  37.617 0.0000000000
71500  58.639  -8.930  41.077 0.0000000000
72335  56.918  -7.719  46.894 0.0000000000
72398  55.212  -8.255  35.887 0.0000000000
73184  57.782  -7.165  47.110 0.0000000000
73206  60.066  -7.632  43.506 0.0000000000
73215  59.119  -7.532  42.954 0.0000000000
116600  55.300  -10.069  48.473 0.0000000000
124966  40.792  -24.711  54.977 0.0000000000
136990  36.619  -36.041  62.997 0.0000000000
138297  39.819  -24.819  55.869 0.0000000000
138398  42.270  -23.790  65.101 0.0000000000
