#!ascii label  , from subject sub-v1s9x0051361_ses-1 vox2ras=TkReg
1694
3722  21.717  -87.206  -0.497 0.6999999881
3723  20.505  -87.421  -0.410 0.8000000119
131384  20.444  -87.550  0.427 0.8000000119
133738  20.165  -88.088  0.612 0.6999999881
3748  21.577  -87.644  -2.143 0.6000000238
3735  20.937  -87.456  -1.257 0.6000000238
3248  19.893  -87.836  -0.346 0.6000000238
3280  22.124  -87.727  -2.969 0.6000000238
4216  21.204  -86.532  1.111 0.8000000119
3709  20.671  -87.044  1.024 0.6999999881
3206  20.388  -88.227  2.303 0.6999999881
3207  19.970  -88.567  2.542 0.6999999881
3734  22.269  -87.466  -1.462 0.6000000238
138260  21.874  -86.945  0.063 0.6999999881
3217  20.396  -88.845  1.781 0.6999999881
3291  22.592  -87.773  -3.695 0.6000000238
3290  23.025  -87.701  -4.302 0.6000000238
3298  22.091  -87.832  -4.509 0.6000000238
3318  22.792  -87.732  -6.612 0.6000000238
3307  22.078  -87.844  -5.986 0.6000000238
4205  21.511  -86.296  1.892 0.8000000119
132120  20.692  -86.366  2.966 0.8000000119
3671  20.096  -86.939  3.188 0.6999999881
4185  19.088  -86.325  3.424 0.6999999881
4191  18.224  -86.480  2.652 0.6999999881
4204  22.117  -86.065  1.218 0.8000000119
3679  20.491  -87.253  2.661 0.6999999881
3672  19.428  -87.191  3.271 0.6999999881
132835  21.949  -86.604  0.512 0.6999999881
3694  20.929  -87.205  1.963 0.8000000119
3680  20.019  -87.848  2.969 0.6999999881
4224  22.526  -86.810  -0.110 0.6999999881
3747  22.749  -87.664  -2.349 0.6999999881
3777  24.352  -87.229  -4.096 0.6000000238
3763  23.549  -87.597  -3.691 0.6000000238
121679  22.870  -87.645  -5.699 0.6000000238
133993  22.312  -87.767  -5.263 0.6000000238
123257  22.564  -87.879  -7.687 0.6000000238
126498  22.496  -88.755  -9.734 0.6999999881
3334  22.077  -88.312  -9.348 0.6000000238
115388  23.070  -89.522  -10.240 0.5000000000
2855  21.959  -89.187  -9.803 0.6000000238
2072  23.743  -90.931  -9.531 0.5000000000
4683  20.893  -85.402  3.281 0.8999999762
4183  20.185  -86.060  3.390 0.8000000119
4685  19.470  -85.619  3.542 0.6999999881
4707  22.663  -85.483  1.628 0.6999999881
4693  22.275  -85.236  2.322 0.8999999762
4686  18.715  -85.559  3.317 0.6999999881
4223  23.436  -86.377  -0.391 0.8000000119
4719  22.951  -85.758  0.989 0.8000000119
4736  24.113  -85.971  -1.043 0.8000000119
4239  24.727  -86.532  -2.569 0.6999999881
3721  22.938  -87.121  -0.870 0.6999999881
3745  24.387  -87.118  -2.806 0.8000000119
4247  24.760  -86.739  -3.443 0.8000000119
115664  24.649  -87.230  -5.018 0.6999999881
3306  23.481  -87.563  -5.405 0.6999999881
3305  23.576  -87.587  -6.202 0.6000000238
3333  23.085  -88.447  -9.312 0.6999999881
3341  23.792  -88.951  -9.952 0.6999999881
5242  22.502  -84.488  2.660 0.8999999762
5231  20.596  -84.595  3.576 0.8000000119
5244  18.401  -84.803  2.977 0.6999999881
4706  23.289  -85.106  1.183 0.8000000119
5257  23.024  -84.826  1.997 0.8000000119
4718  23.507  -85.582  0.334 0.6999999881
4744  25.018  -85.764  -2.285 0.6999999881
4735  24.730  -85.515  -1.507 0.6000000238
4231  24.464  -86.288  -1.784 0.8000000119
4754  25.124  -85.962  -3.116 0.8000000119
4254  24.966  -86.614  -4.410 0.8000000119
4268  24.712  -87.075  -5.876 0.6999999881
3798  24.498  -87.484  -6.692 0.8000000119
3797  25.404  -87.213  -7.519 0.8000000119
3331  25.508  -88.366  -9.639 0.6999999881
3325  24.141  -88.438  -8.438 0.6999999881
3317  23.740  -88.072  -7.337 0.6999999881
3340  25.036  -88.834  -9.949 0.6999999881
3332  24.453  -88.580  -9.447 0.6999999881
137081  19.462  -82.560  -8.488 0.6000000238
6466  19.430  -82.158  -8.734 0.6000000238
123057  17.605  -80.284  -7.158 0.6000000238
8388  16.728  -79.497  -7.523 0.6999999881
5230  21.265  -84.581  3.406 0.8999999762
5232  19.694  -84.591  3.567 0.6999999881
5276  24.296  -84.106  -0.078 0.6000000238
4734  25.210  -84.958  -1.981 0.6000000238
5286  24.953  -84.781  -1.187 0.6000000238
4743  25.328  -85.160  -2.857 0.6999999881
5318  25.509  -84.753  -4.559 0.6999999881
4753  25.276  -85.350  -3.748 0.6999999881
6388  20.398  -82.003  0.201 0.6999999881
5835  20.739  -83.413  -0.684 0.6999999881
4764  25.295  -85.761  -4.556 0.8000000119
4765  25.112  -86.085  -3.851 0.8000000119
6941  20.839  -81.471  -0.577 0.6000000238
6407  21.493  -82.858  -1.162 0.6000000238
117085  21.160  -83.761  -1.433 0.6999999881
4267  25.207  -86.343  -5.542 0.6999999881
6417  21.845  -83.141  -1.944 0.5000000000
5846  21.404  -84.005  -2.340 0.6999999881
122254  25.726  -86.254  -7.406 0.8000000119
4280  25.221  -86.791  -6.563 0.8000000119
6957  21.374  -81.885  -1.220 0.5000000000
6416  21.912  -82.296  -2.669 0.5000000000
3810  25.091  -88.125  -8.914 0.6999999881
6969  21.537  -81.327  -3.011 0.5000000000
7680  20.860  -80.624  -3.304 0.6000000238
7679  21.229  -81.138  -4.083 0.5000000000
6431  22.026  -82.857  -4.340 0.6000000238
6442  21.883  -82.911  -5.488 0.6999999881
5895  21.166  -84.322  -7.528 0.6999999881
7001  21.680  -81.999  -4.755 0.5000000000
120552  21.577  -82.023  -5.883 0.6000000238
7015  21.672  -82.863  -6.660 0.6000000238
6464  20.316  -82.788  -8.457 0.6000000238
127713  20.638  -80.384  -4.001 0.6000000238
136101  21.458  -82.090  -6.843 0.6000000238
7043  20.650  -82.383  -8.252 0.6000000238
7696  20.670  -80.428  -4.823 0.5000000000
7002  21.132  -81.230  -5.278 0.5000000000
7057  20.055  -81.998  -8.784 0.6000000238
7044  18.510  -81.136  -8.722 0.6000000238
8393  17.214  -80.017  -8.382 0.6999999881
124008  16.004  -77.957  -7.828 0.6000000238
9816  14.923  -77.487  -7.380 0.6999999881
7016  21.137  -81.362  -6.434 0.6000000238
7741  20.209  -81.303  -8.343 0.6000000238
137005  19.115  -81.010  -8.972 0.6000000238
131087  18.304  -80.036  -8.945 0.6999999881
135377  16.447  -78.293  -8.532 0.5000000000
5783  20.301  -83.827  3.641 0.8999999762
5267  23.785  -84.660  0.579 0.6000000238
5256  23.600  -84.205  1.484 0.6999999881
126692  19.612  -83.788  3.450 0.8000000119
5268  18.200  -84.288  1.219 0.6999999881
5807  19.104  -83.135  2.135 0.6999999881
6362  19.622  -82.593  2.771 0.8000000119
5296  25.444  -84.305  -2.583 0.6999999881
6921  19.861  -81.913  1.275 0.8000000119
6389  19.739  -82.697  0.677 0.6000000238
118040  20.434  -81.217  0.738 0.6999999881
120792  20.544  -81.156  -0.005 0.6000000238
133811  25.528  -86.010  -6.561 0.8000000119
125260  26.045  -84.605  -6.672 0.8000000119
4806  26.078  -85.552  -8.260 0.8000000119
7622  20.513  -80.621  -0.539 0.5000000000
4289  25.975  -86.547  -8.380 0.8000000119
7644  20.904  -80.861  -1.436 0.5000000000
8312  19.844  -79.343  -0.790 0.5000000000
127781  20.355  -80.086  -2.065 0.6000000238
7661  20.980  -80.758  -2.445 0.6000000238
8351  20.336  -79.914  -3.507 0.6000000238
8366  20.290  -79.718  -4.365 0.6000000238
123507  14.657  -76.501  -8.111 0.5000000000
7710  20.647  -80.516  -5.951 0.5000000000
136913  15.544  -77.094  -8.056 0.5000000000
9829  14.293  -77.049  -7.830 0.6000000238
8386  20.119  -79.887  -6.766 0.6000000238
7742  19.658  -80.462  -8.831 0.6999999881
8398  19.256  -79.883  -8.969 0.6999999881
8399  17.152  -79.466  -8.911 0.6999999881
8377  20.218  -79.599  -5.469 0.6000000238
9071  18.411  -79.401  -9.044 0.6000000238
8378  19.857  -79.043  -6.417 0.6999999881
8392  19.465  -79.562  -8.667 0.6000000238
9835  18.601  -78.439  -8.889 0.5000000000
5241  23.220  -84.031  2.336 0.6999999881
5794  22.715  -83.681  2.988 0.6999999881
5782  21.187  -83.803  3.627 0.6999999881
122876  20.739  -83.213  3.659 0.8000000119
6349  20.839  -82.403  3.518 0.6999999881
120959  20.487  -81.237  1.727 0.6999999881
6374  19.973  -81.858  2.321 0.6999999881
11388  15.184  -75.040  -6.510 0.5000000000
9734  19.385  -77.450  -1.580 0.5000000000
117727  19.635  -78.654  -2.375 0.6000000238
10549  14.209  -76.046  -7.753 0.5000000000
9752  19.439  -77.786  -2.507 0.5000000000
115662  19.331  -76.885  -2.234 0.5000000000
9025  19.619  -78.505  -3.177 0.6000000238
9837  17.160  -78.390  -9.181 0.5000000000
10496  19.368  -76.339  -2.928 0.5000000000
9768  19.465  -77.640  -3.495 0.6000000238
9049  19.713  -78.211  -5.074 0.6000000238
9785  19.552  -77.397  -4.529 0.6000000238
5793  23.380  -83.256  2.658 0.6999999881
5780  22.985  -82.903  3.186 0.6999999881
6348  21.778  -82.417  3.513 0.6999999881
9815  19.768  -77.556  -6.760 0.5000000000
11316  19.756  -75.219  -1.899 0.5000000000
132010  19.064  -78.314  -8.504 0.5000000000
10512  19.437  -76.803  -3.695 0.5000000000
10526  19.788  -76.790  -5.266 0.5000000000
117414  19.827  -78.251  -6.068 0.5000000000
9059  19.623  -78.433  -7.246 0.5000000000
10548  20.027  -76.779  -6.858 0.5000000000
11403  20.288  -76.077  -7.120 0.5000000000
12267  20.228  -75.284  -4.541 0.5000000000
11370  20.636  -75.592  -5.608 0.5000000000
118899  19.676  -77.169  -7.585 0.5000000000
12248  19.908  -74.928  -3.507 0.5000000000
11371  19.956  -76.056  -4.951 0.5000000000
10538  20.082  -77.007  -6.069 0.5000000000
11334  19.565  -75.452  -2.799 0.5000000000
131783  19.613  -76.565  -4.447 0.5000000000
116737  20.980  -74.924  -5.256 0.5000000000
11353  13.666  -75.364  -3.873 0.6000000238
124880  12.701  -75.583  -5.484 0.6000000238
12251  14.592  -75.162  -3.986 0.5000000000
11336  14.058  -75.167  -2.102 0.6999999881
11354  12.993  -75.470  -3.192 0.6000000238
11373  12.148  -75.417  -4.619 0.6000000238
12252  11.124  -74.197  -3.686 0.6999999881
12212  14.002  -74.674  -1.318 0.6000000238
137782  12.699  -74.979  -2.460 0.6999999881
11339  11.583  -74.830  -3.442 0.6999999881
11375  10.680  -75.212  -5.455 0.6999999881
13133  10.911  -73.231  -3.796 0.8000000119
12196  14.607  -74.683  -0.844 0.5000000000
11318  14.463  -75.020  -1.334 0.5000000000
12234  11.539  -74.065  -2.932 0.8000000119
137331  13.147  -74.116  -1.981 0.6000000238
14925  11.944  -71.185  -3.418 0.6999999881
13093  15.582  -73.679  -0.075 0.5000000000
11300  15.683  -74.948  -0.902 0.5000000000
14036  12.016  -71.757  -3.268 0.6999999881
14048  10.910  -71.994  -4.062 0.6999999881
13122  12.098  -73.108  -2.623 0.6999999881
13109  14.112  -74.121  -0.924 0.6999999881
15799  10.940  -70.890  -2.512 0.6999999881
14924  12.444  -71.036  -3.030 0.6999999881
14008  15.096  -72.973  -0.343 0.6000000238
116157  13.818  -73.247  -1.482 0.8000000119
15703  15.044  -70.413  4.705 0.6999999881
15704  14.038  -70.372  4.401 0.8000000119
133651  17.412  -72.004  1.483 0.4000000060
134047  11.440  -70.253  -2.170 0.6999999881
14863  16.713  -71.887  1.028 0.5000000000
15798  12.190  -70.524  -2.973 0.6999999881
13992  15.704  -72.874  0.302 0.6000000238
127476  15.404  -72.103  -0.216 0.6000000238
14035  12.702  -72.104  -2.567 0.6999999881
14009  14.661  -72.125  -0.787 0.8000000119
14907  13.877  -71.493  -2.100 0.8000000119
18317  11.213  -67.795  3.437 0.5000000000
130460  11.331  -67.578  4.327 0.5000000000
18285  11.567  -67.951  5.649 0.5000000000
15664  18.192  -70.553  7.780 0.5000000000
16537  17.408  -69.674  5.740 0.6000000238
15680  18.310  -70.297  6.821 0.6000000238
122669  18.216  -70.446  9.513 0.6000000238
16499  14.073  -69.718  9.697 0.6000000238
15694  17.020  -70.363  6.184 0.6999999881
15681  17.594  -70.741  6.865 0.6999999881
15696  15.821  -70.640  5.314 0.6999999881
14786  16.667  -71.489  6.253 0.6999999881
16623  11.831  -68.793  -0.287 0.6999999881
16610  12.443  -68.686  0.247 0.6999999881
16582  13.655  -69.128  2.207 0.8000000119
15756  16.689  -70.950  0.722 0.5000000000
16636  11.902  -69.424  -1.284 0.6999999881
14874  16.266  -71.396  0.465 0.6000000238
16647  12.353  -69.770  -2.422 0.8000000119
14892  15.074  -71.203  -0.765 0.6999999881
15796  13.590  -69.693  -2.484 0.8000000119
15784  13.785  -70.590  -2.430 0.8000000119
19255  11.194  -66.486  2.359 0.5000000000
19218  11.592  -66.721  4.267 0.6000000238
19234  11.955  -66.034  3.902 0.5000000000
19205  11.568  -66.996  5.218 0.6000000238
18284  12.120  -67.238  6.099 0.6000000238
18277  12.002  -67.930  6.436 0.6000000238
18276  12.492  -67.501  6.934 0.6000000238
17388  13.200  -68.200  8.254 0.5000000000
16527  18.875  -69.846  7.687 0.5000000000
15647  18.560  -70.163  8.775 0.5000000000
127221  17.671  -68.965  5.433 0.6000000238
15615  17.236  -69.539  10.295 0.6000000238
137815  17.021  -70.199  10.381 0.6999999881
17384  13.335  -69.010  8.588 0.6000000238
17399  16.905  -69.105  5.219 0.6000000238
16538  16.435  -69.941  5.529 0.6999999881
14785  17.359  -71.494  7.022 0.6999999881
15648  18.083  -71.027  8.734 0.6999999881
117581  17.707  -71.011  9.609 0.8000000119
16489  15.697  -70.008  10.344 0.6999999881
17407  16.614  -68.736  4.480 0.6999999881
16544  15.390  -69.529  4.474 0.6999999881
17426  15.540  -68.479  3.428 0.6999999881
16545  14.566  -69.636  4.234 0.8000000119
17447  14.335  -68.249  2.212 0.8000000119
16581  14.143  -68.719  2.919 0.8000000119
123668  16.545  -70.198  0.277 0.5000000000
16620  15.979  -68.790  -0.807 0.6000000238
17478  12.247  -68.206  -0.051 0.8000000119
17463  14.024  -68.636  1.013 0.8000000119
15771  15.513  -70.403  -0.626 0.6000000238
16609  16.024  -69.780  -0.382 0.6999999881
17509  13.550  -68.082  -1.277 0.8000000119
15772  14.900  -70.195  -1.478 0.6999999881
16622  14.742  -69.344  -2.009 0.6999999881
15783  14.325  -69.926  -2.284 0.8000000119
20252  11.487  -65.601  2.005 0.4000000060
20235  11.960  -66.008  2.843 0.5000000000
19217  11.942  -66.134  4.868 0.4000000060
19194  12.779  -66.786  6.540 0.5000000000
18269  13.679  -67.612  7.992 0.5000000000
16531  18.750  -69.747  6.515 0.5000000000
16496  17.989  -69.262  10.104 0.6000000238
17354  16.611  -69.183  10.103 0.6000000238
18264  13.906  -68.370  8.540 0.6000000238
17398  17.458  -68.392  4.857 0.6000000238
16488  16.451  -69.778  10.332 0.6999999881
16498  14.770  -69.306  9.474 0.6999999881
18296  17.017  -68.224  4.098 0.6000000238
17427  14.688  -68.280  3.111 0.8000000119
17506  15.431  -67.931  -0.983 0.6999999881
17508  14.344  -68.145  -1.469 0.6999999881
18377  13.600  -67.296  -0.085 0.8000000119
17476  13.961  -67.736  0.361 0.8000000119
17490  15.346  -68.394  -1.274 0.6999999881
20270  10.875  -65.029  1.475 0.4000000060
21217  10.276  -64.516  1.546 0.4000000060
20215  12.429  -65.477  4.414 0.5000000000
20234  12.426  -65.414  3.435 0.4000000060
22078  9.771  -64.065  2.070 0.5000000000
18275  13.193  -67.229  7.255 0.5000000000
18262  15.509  -67.669  8.149 0.5000000000
18263  14.618  -67.953  8.342 0.5000000000
124236  16.399  -67.185  8.082 0.5000000000
17370  15.378  -68.876  9.274 0.6999999881
17425  16.355  -68.430  3.707 0.6000000238
18337  14.835  -68.077  1.633 0.8000000119
18391  16.147  -67.296  -0.781 0.6000000238
19292  15.873  -66.947  -0.413 0.6000000238
18374  15.760  -66.962  0.181 0.6999999881
18354  16.121  -67.595  1.156 0.6999999881
18393  14.300  -67.386  -0.381 0.6999999881
22899  9.820  -61.890  3.040 0.3000000119
21182  12.836  -64.757  3.048 0.4000000060
20251  12.217  -65.194  2.487 0.3000000119
21198  11.711  -64.775  1.625 0.4000000060
21216  11.200  -64.237  1.192 0.4000000060
22077  10.451  -63.764  1.527 0.4000000060
22058  9.881  -63.130  2.221 0.5000000000
20200  12.661  -65.701  5.284 0.4000000060
22916  10.048  -62.187  2.490 0.3000000119
19203  13.159  -66.112  6.043 0.4000000060
17381  16.272  -67.913  8.818 0.5000000000
19186  14.407  -66.806  7.120 0.4000000060
18251  17.611  -68.000  9.513 0.6000000238
20187  13.984  -65.788  6.305 0.4000000060
18260  17.841  -67.323  9.081 0.4000000060
120713  15.552  -67.073  7.637 0.5000000000
17446  15.199  -68.138  2.828 0.6999999881
18375  15.057  -67.514  -0.067 0.6999999881
22059  9.465  -63.642  2.743 0.4000000060
22057  10.770  -62.956  1.810 0.4000000060
23803  11.145  -60.916  2.976 0.3000000119
20214  13.108  -65.055  4.831 0.3000000119
19192  14.559  -66.216  6.798 0.4000000060
117399  17.317  -66.866  8.432 0.4000000060
19184  15.979  -66.364  7.445 0.4000000060
22075  12.602  -63.843  1.128 0.3000000119
21229  11.752  -63.767  0.694 0.3000000119
22076  11.162  -63.451  0.844 0.4000000060
22937  11.307  -62.657  0.854 0.3000000119
22915  11.007  -62.149  2.048 0.3000000119
21196  13.241  -64.217  2.777 0.3000000119
20199  13.515  -65.408  5.600 0.3000000119
128137  15.275  -65.897  7.034 0.3000000119
20186  14.728  -65.451  6.569 0.3000000119
19180  16.824  -66.430  7.829 0.3000000119
22958  11.860  -63.183  0.538 0.3000000119
22914  11.766  -61.911  1.255 0.3000000119
22074  13.043  -63.325  0.883 0.3000000119
23836  12.610  -61.901  0.709 0.3000000119
20198  14.241  -65.040  5.950 0.3000000119
20185  15.381  -65.118  6.955 0.3000000119
21128  16.058  -64.864  7.306 0.3000000119
23804  10.515  -61.462  3.252 0.3000000119
22056  13.194  -63.529  2.117 0.3000000119
22935  13.678  -62.791  1.572 0.3000000119
21137  14.886  -64.650  6.387 0.3000000119
5845  21.919  -83.345  -2.908 0.6000000238
5855  22.078  -83.601  -3.881 0.6999999881
5319  21.538  -84.540  -5.628 0.6999999881
5880  21.737  -83.882  -6.440 0.6999999881
18268  14.659  -67.277  7.685 0.4000000060
17369  16.240  -68.626  9.512 0.6000000238
122192  11.381  -61.275  2.299 0.3000000119
3736  19.840  -87.525  -1.212 0.6999999881
3681  19.472  -88.076  2.952 0.6999999881
4240  24.156  -87.024  -2.117 0.8000000119
3327  22.249  -88.046  -8.746 0.6000000238
3326  23.231  -88.301  -8.279 0.6999999881
4727  23.913  -85.643  -0.417 0.6000000238
5795  18.668  -83.971  2.659 0.6999999881
3807  24.794  -87.979  -7.839 0.6999999881
3806  25.628  -87.494  -8.541 0.8000000119
8394  16.562  -78.922  -8.404 0.6999999881
6986  21.845  -82.022  -3.691 0.5000000000
6463  20.917  -83.269  -8.215 0.6000000238
9817  13.780  -77.359  -7.326 0.6000000238
8391  19.922  -80.223  -8.036 0.6999999881
6375  19.539  -82.396  2.007 0.8000000119
8311  20.125  -79.826  -0.269 0.5000000000
117533  20.291  -79.985  -1.140 0.6000000238
9039  19.631  -78.316  -4.120 0.6000000238
16635  12.683  -68.600  -1.309 0.8000000119
1661  27.801  -92.305  -5.062 0.4000000060
2049  28.253  -91.851  -4.866 0.4000000060
2056  25.306  -91.812  -5.987 0.3000000119
1662  26.692  -92.760  -5.245 0.4000000060
1654  27.328  -92.774  -4.869 0.4000000060
1644  27.933  -92.220  -4.648 0.4000000060
3315  26.832  -88.192  -6.661 0.4000000060
3304  26.427  -88.435  -5.884 0.5000000000
117020  26.267  -88.753  -5.165 0.5000000000
3316  26.265  -88.990  -6.889 0.3000000119
2835  25.737  -89.750  -6.435 0.4000000060
2436  27.378  -91.362  -5.175 0.4000000060
2840  25.554  -90.518  -6.490 0.3000000119
135185  26.039  -91.118  -5.616 0.3000000119
116609  25.003  -91.029  -7.272 0.3000000119
3324  27.034  -89.332  -8.165 0.4000000060
117975  27.366  -88.562  -7.588 0.4000000060
2846  25.931  -89.921  -7.652 0.3000000119
118607  25.150  -90.890  -8.647 0.4000000060
2443  26.171  -90.510  -8.569 0.3000000119
2071  24.600  -90.900  -9.337 0.4000000060
135128  24.837  -90.964  -8.781 0.4000000060
3805  28.487  -88.285  -7.876 0.4000000060
3322  28.969  -88.472  -8.563 0.4000000060
3323  28.247  -88.981  -8.451 0.4000000060
129200  28.555  -88.980  -8.968 0.4000000060
3811  29.449  -87.514  -9.039 0.5000000000
2849  27.518  -89.909  -9.081 0.4000000060
3337  27.490  -88.492  -9.773 0.4000000060
135053  25.663  -90.781  -8.945 0.4000000060
2453  25.878  -90.553  -9.524 0.5000000000
2852  26.711  -89.515  -10.102 0.4000000060
2455  24.101  -90.362  -10.219 0.4000000060
3342  21.594  -88.607  -9.463 0.6000000238
2456  22.300  -90.073  -9.964 0.4000000060
4295  29.332  -86.317  -9.451 0.6000000238
138143  28.414  -86.507  -9.569 0.6000000238
3813  27.602  -87.892  -9.729 0.6000000238
4297  27.831  -87.079  -9.689 0.6000000238
3814  26.947  -88.134  -9.902 0.6000000238
4299  26.581  -87.489  -9.690 0.6999999881
3343  25.544  -89.045  -10.287 0.5000000000
3339  25.847  -88.614  -10.064 0.6000000238
4293  26.215  -86.905  -9.204 0.6999999881
5368  28.699  -84.681  -9.593 0.6999999881
5369  27.390  -84.167  -9.595 0.6999999881
4815  28.536  -85.744  -9.580 0.6000000238
137753  27.042  -85.717  -9.653 0.6999999881
4805  26.213  -84.977  -8.949 0.6999999881
5356  26.283  -84.594  -8.056 0.6999999881
127427  25.497  -85.384  -5.278 0.6999999881
4292  26.646  -86.602  -9.560 0.6999999881
4812  26.319  -85.813  -9.160 0.6999999881
6492  26.960  -82.823  -9.306 0.5000000000
6493  26.755  -82.954  -9.141 0.6000000238
4811  26.496  -84.915  -9.384 0.6999999881
5909  26.506  -83.615  -8.444 0.6000000238
5341  26.486  -83.762  -7.175 0.6999999881
127400  26.681  -85.720  -9.541 0.6999999881
5330  25.687  -84.640  -5.618 0.6000000238
6462  26.271  -81.999  -7.646 0.6000000238
5894  25.973  -83.766  -5.998 0.6000000238
6451  26.233  -82.427  -6.716 0.6000000238
5285  25.359  -84.044  -1.621 0.5000000000
3218  19.002  -89.007  1.978 0.6000000238
2776  19.857  -89.176  2.026 0.6000000238
5879  25.804  -84.022  -5.068 0.6000000238
5866  25.585  -83.677  -4.191 0.6000000238
5854  25.620  -83.652  -3.190 0.5000000000
5844  25.607  -83.481  -2.358 0.5000000000
4206  17.635  -86.583  1.877 0.6000000238
3682  18.204  -87.188  2.303 0.6000000238
3697  17.860  -87.427  1.621 0.6000000238
5878  26.090  -82.881  -5.892 0.6000000238
6430  25.779  -82.780  -4.362 0.5000000000
5307  25.430  -84.474  -3.531 0.5000000000
5270  16.414  -84.517  0.727 0.6000000238
5269  17.455  -84.705  1.194 0.6000000238
4710  16.756  -85.345  1.348 0.6000000238
4207  16.880  -86.017  1.434 0.6000000238
4709  17.622  -85.728  2.012 0.6000000238
5258  18.128  -84.593  2.033 0.6000000238
5806  23.676  -83.509  2.055 0.6000000238
6429  25.852  -82.499  -5.131 0.6000000238
5279  17.164  -84.380  0.459 0.6000000238
5277  19.159  -84.702  -0.558 0.6000000238
116658  17.967  -84.417  0.666 0.6000000238
5818  18.792  -84.020  0.433 0.6000000238
5827  19.794  -83.831  -0.279 0.5000000000
5808  18.616  -83.855  1.591 0.6000000238
5817  19.156  -83.275  1.061 0.5000000000
5280  16.143  -83.938  0.042 0.6999999881
5290  16.580  -83.982  -1.029 0.6000000238
5278  18.094  -84.683  -0.144 0.6000000238
5287  19.454  -84.964  -1.515 0.6000000238
5836  20.126  -84.194  -1.079 0.6000000238
4780  17.801  -86.364  -6.403 0.6000000238
5289  17.605  -84.950  -0.962 0.6000000238
5288  18.489  -85.242  -1.116 0.6000000238
5298  19.741  -85.165  -2.471 0.5000000000
4745  18.074  -85.786  -2.768 0.6000000238
4755  19.211  -85.924  -4.218 0.6000000238
4768  18.387  -86.425  -5.169 0.6000000238
4779  18.805  -86.276  -6.385 0.6000000238
5300  17.874  -85.407  -1.849 0.6000000238
5297  20.695  -84.696  -2.891 0.6000000238
5310  18.982  -85.661  -3.116 0.6000000238
5309  19.968  -85.337  -3.487 0.5000000000
5321  20.155  -85.516  -4.531 0.6000000238
4767  19.433  -86.076  -5.368 0.5000000000
4792  19.221  -85.848  -7.095 0.5000000000
5868  21.668  -84.405  -4.420 0.6000000238
5320  20.983  -85.089  -4.993 0.6000000238
4766  20.226  -85.565  -5.472 0.6000000238
5332  20.026  -85.458  -7.015 0.6000000238
5344  19.784  -85.076  -7.417 0.6999999881
120298  19.130  -84.700  -7.398 0.6999999881
6432  19.162  -82.837  -5.717 0.6999999881
7004  18.889  -81.770  -4.412 0.6999999881
5331  20.715  -85.228  -6.251 0.6000000238
5343  20.623  -84.919  -7.265 0.6999999881
6453  19.695  -83.359  -7.990 0.6999999881
5881  19.224  -83.608  -6.836 0.6999999881
6443  19.243  -82.758  -6.584 0.6999999881
7711  18.716  -81.415  -5.392 0.6000000238
5911  20.370  -83.844  -8.217 0.6000000238
6406  25.850  -82.652  -1.190 0.5000000000
5275  24.941  -84.055  -0.799 0.5000000000
6940  25.267  -81.588  -0.432 0.5000000000
6395  25.296  -82.537  -0.506 0.5000000000
6396  24.678  -82.728  0.031 0.6000000238
117652  25.114  -80.035  -0.848 0.6000000238
7621  25.183  -80.679  -0.487 0.6000000238
6386  24.767  -82.013  0.124 0.6000000238
6387  24.427  -82.521  0.719 0.6000000238
5792  23.852  -82.685  2.238 0.6000000238
8310  24.878  -79.851  0.022 0.5000000000
6919  24.700  -80.877  1.208 0.6000000238
120372  23.479  -82.616  2.844 0.6000000238
8282  24.563  -79.574  1.912 0.6000000238
7585  23.701  -80.514  2.698 0.5000000000
6907  23.477  -81.482  2.924 0.6000000238
6347  22.612  -82.397  3.356 0.6000000238
8269  23.484  -79.395  2.558 0.5000000000
7579  22.967  -81.153  3.138 0.6000000238
7600  20.718  -80.534  1.287 0.5000000000
7588  20.988  -79.882  1.932 0.5000000000
6909  20.539  -81.374  2.721 0.6000000238
7580  22.085  -81.033  3.055 0.6000000238
2859  24.981  -89.354  -10.330 0.6000000238
5825  24.812  -83.334  -0.354 0.5000000000
5308  21.006  -85.003  -3.885 0.6000000238
5357  20.525  -84.445  -7.875 0.6999999881
5255  23.968  -83.888  0.713 0.6000000238
6895  21.469  -81.703  3.346 0.6000000238
118776  20.933  -80.683  2.246 0.6000000238
1665  26.946  -91.965  -5.308 0.3000000119
119951  26.001  -90.303  -5.502 0.4000000060
2444  25.427  -90.670  -7.581 0.3000000119
2845  27.058  -90.086  -8.740 0.4000000060
2448  26.231  -90.661  -9.039 0.4000000060
3803  29.618  -87.684  -8.478 0.4000000060
3330  27.812  -89.213  -9.340 0.3000000119
3812  28.550  -87.835  -9.448 0.5000000000
4296  28.928  -87.079  -9.410 0.6000000238
2452  26.665  -90.255  -9.595 0.5000000000
3338  26.440  -88.775  -10.163 0.5000000000
2460  25.631  -90.067  -10.269 0.5000000000
4816  27.662  -86.163  -9.633 0.6000000238
5923  26.649  -83.489  -9.167 0.6999999881
5299  18.740  -85.387  -2.133 0.6000000238
7697  18.378  -80.839  -4.240 0.6000000238
6929  24.839  -81.085  0.269 0.6000000238
131506  24.749  -79.031  1.312 0.5000000000
6930  24.598  -81.692  0.961 0.6000000238
6359  24.123  -81.897  2.207 0.6000000238
8281  24.821  -79.661  1.048 0.5000000000
7599  24.529  -80.567  1.940 0.6000000238
8960  24.495  -78.584  1.727 0.5000000000
7586  22.754  -80.284  2.786 0.5000000000
7587  21.665  -80.213  2.560 0.5000000000
135029  26.260  -92.119  7.436 0.4000000060
1916  26.885  -92.051  7.918 0.4000000060
1547  26.974  -92.632  7.196 0.5000000000
118182  23.967  -91.845  8.298 0.5000000000
135388  22.934  -92.964  8.044 0.5000000000
929  22.364  -94.533  8.273 0.5000000000
1531  24.251  -92.901  8.293 0.5000000000
1931  24.875  -91.977  7.839 0.5000000000
1546  27.768  -92.510  7.777 0.4000000060
1545  28.710  -92.942  7.501 0.4000000060
1558  28.404  -93.331  6.854 0.5000000000
2028  28.426  -91.127  -2.264 0.3000000119
2016  27.891  -91.465  -1.324 0.3000000119
2029  26.613  -91.156  -2.394 0.3000000119
2041  27.478  -91.485  -3.485 0.3000000119
1919  24.436  -91.099  8.313 0.4000000060
1920  23.044  -91.661  8.355 0.5000000000
1533  22.730  -92.369  7.987 0.5000000000
2308  24.936  -90.627  8.748 0.4000000060
1930  25.638  -91.678  7.746 0.4000000060
1530  27.533  -92.338  8.473 0.3000000119
1907  26.641  -91.585  9.480 0.3000000119
1201  30.411  -93.559  6.209 0.4000000060
1529  28.952  -92.855  8.239 0.3000000119
117893  30.029  -93.188  7.785 0.4000000060
1557  29.564  -93.363  7.002 0.5000000000
1528  30.492  -93.303  8.606 0.3000000119
137418  29.429  -91.049  -1.653 0.3000000119
1624  28.310  -91.822  -0.390 0.3000000119
123487  27.681  -91.284  -2.453 0.3000000119
128158  28.152  -91.100  -3.362 0.3000000119
2040  28.150  -91.549  -4.242 0.3000000119
2295  24.297  -90.338  9.521 0.3000000119
2309  23.995  -90.613  8.881 0.4000000060
2294  25.322  -90.559  9.605 0.3000000119
1520  29.595  -93.411  9.074 0.3000000119
1556  31.684  -92.485  6.207 0.4000000060
1199  31.344  -92.573  5.500 0.4000000060
1543  31.795  -92.548  7.256 0.4000000060
1170  30.560  -93.473  9.474 0.3000000119
2414  31.839  -90.307  -2.647 0.4000000060
2012  31.345  -90.864  -2.062 0.4000000060
2013  30.806  -91.324  -1.189 0.4000000060
2003  30.930  -91.786  -0.350 0.4000000060
1607  29.998  -91.940  0.272 0.4000000060
1996  29.945  -92.154  0.757 0.5000000000
2416  30.075  -90.487  -2.719 0.3000000119
2027  29.103  -90.870  -2.116 0.3000000119
2039  28.652  -90.756  -3.012 0.3000000119
2048  28.237  -91.255  -4.059 0.3000000119
2430  28.220  -91.433  -4.818 0.3000000119
2280  24.577  -90.417  10.441 0.3000000119
118866  31.354  -91.033  7.753 0.3000000119
134670  32.048  -91.895  6.457 0.3000000119
1948  30.175  -91.450  5.295 0.4000000060
1957  30.014  -92.165  4.749 0.4000000060
121286  30.471  -93.597  10.175 0.3000000119
1915  32.179  -91.719  8.184 0.3000000119
1169  31.469  -92.809  9.101 0.3000000119
1527  32.104  -92.304  8.288 0.3000000119
1973  26.898  -91.549  2.423 0.5000000000
1966  26.526  -91.518  3.204 0.5000000000
3242  33.035  -88.670  -1.002 0.3000000119
2793  33.172  -89.387  -1.104 0.3000000119
3261  32.667  -89.073  -1.791 0.3000000119
2405  32.780  -90.088  -1.572 0.3000000119
2002  31.548  -91.266  -1.055 0.4000000060
2374  31.104  -91.067  1.272 0.5000000000
1984  29.531  -91.991  1.198 0.5000000000
2805  32.352  -89.373  -2.654 0.3000000119
1994  31.707  -91.624  -0.146 0.4000000060
1995  30.851  -91.960  0.378 0.4000000060
1983  30.574  -91.798  0.913 0.5000000000
2422  29.265  -90.355  -2.953 0.3000000119
2423  28.448  -90.712  -3.351 0.3000000119
2424  27.789  -90.656  -3.986 0.3000000119
2431  27.303  -90.657  -4.754 0.4000000060
2314  30.317  -90.635  6.974 0.3000000119
1159  30.332  -93.501  10.864 0.3000000119
1904  31.245  -91.591  9.637 0.3000000119
2305  31.515  -91.265  8.786 0.3000000119
1958  28.933  -91.452  4.922 0.4000000060
1519  31.300  -92.341  9.770 0.3000000119
1578  27.595  -92.291  4.038 0.4000000060
1965  26.775  -91.958  3.689 0.5000000000
118613  27.266  -90.102  3.129 0.4000000060
3691  32.586  -87.375  1.213 0.3000000119
2361  27.910  -90.768  2.238 0.5000000000
2362  27.005  -90.716  2.860 0.5000000000
3226  33.171  -88.740  0.137 0.3000000119
2360  29.155  -90.414  1.891 0.4000000060
2759  28.324  -89.659  2.389 0.5000000000
3228  32.251  -88.063  -0.549 0.3000000119
2395  33.058  -90.291  -0.703 0.4000000060
2372  32.907  -90.319  0.853 0.4000000060
2774  30.375  -90.284  1.715 0.5000000000
2376  28.915  -91.280  1.633 0.5000000000
3278  31.946  -89.323  -3.071 0.3000000119
2396  32.417  -90.927  -0.865 0.4000000060
2385  32.584  -90.943  0.200 0.5000000000
1982  31.534  -91.507  0.648 0.5000000000
126567  29.496  -89.643  -2.822 0.3000000119
2816  28.306  -89.565  -2.669 0.4000000060
2817  27.461  -89.304  -2.775 0.3000000119
2825  28.061  -90.135  -3.275 0.4000000060
127644  27.293  -89.713  -3.383 0.4000000060
2836  18.689  -88.898  -5.895 0.5000000000
2831  26.300  -89.534  -4.896 0.3000000119
1503  30.322  -92.829  11.854 0.3000000119
1905  30.913  -91.986  10.454 0.3000000119
2333  28.977  -90.702  5.539 0.3000000119
1512  30.823  -92.820  10.508 0.3000000119
2334  27.771  -90.013  4.969 0.3000000119
2351  26.955  -90.509  3.532 0.5000000000
2760  27.528  -89.472  2.870 0.4000000060
2747  27.230  -89.481  3.559 0.3000000119
4200  32.224  -86.684  1.467 0.3000000119
3205  28.040  -88.950  2.712 0.5000000000
3704  32.873  -87.995  0.575 0.3000000119
2758  29.609  -89.552  2.177 0.4000000060
2771  33.193  -89.529  1.018 0.4000000060
2772  32.619  -89.976  1.455 0.4000000060
2756  32.185  -89.436  2.105 0.4000000060
2757  30.915  -89.484  2.118 0.4000000060
3262  32.042  -88.864  -2.346 0.3000000119
3263  30.787  -88.505  -2.068 0.3000000119
2373  32.174  -90.814  1.110 0.4000000060
2773  31.588  -90.201  1.625 0.5000000000
2807  28.764  -88.950  -2.126 0.3000000119
2808  27.796  -88.797  -2.090 0.4000000060
2818  26.944  -89.025  -3.136 0.4000000060
3310  19.091  -88.564  -5.266 0.5000000000
2826  26.852  -89.575  -3.957 0.4000000060
131949  26.733  -88.764  -3.653 0.5000000000
2841  18.844  -89.074  -6.881 0.5000000000
1891  30.087  -91.709  10.998 0.3000000119
4218  16.380  -86.259  0.886 0.5000000000
3192  28.169  -88.225  2.957 0.3000000119
3193  26.915  -88.479  3.628 0.3000000119
3710  17.546  -87.631  0.746 0.5000000000
4219  15.632  -85.817  0.518 0.6000000238
120448  32.395  -85.880  1.789 0.3000000119
4199  32.964  -86.749  1.909 0.3000000119
3692  31.716  -87.170  1.029 0.3000000119
3690  33.027  -87.602  1.526 0.3000000119
3199  33.246  -88.113  2.139 0.3000000119
3203  30.219  -88.829  2.633 0.4000000060
3204  28.919  -88.846  2.539 0.4000000060
3231  20.387  -89.080  1.096 0.5000000000
5830  13.790  -83.871  -0.755 0.5000000000
3216  33.152  -88.745  1.473 0.3000000119
3201  32.565  -88.529  2.668 0.3000000119
3202  31.542  -88.727  2.719 0.3000000119
3190  31.042  -88.272  3.530 0.3000000119
123757  20.091  -88.705  0.270 0.5000000000
126949  30.224  -88.474  -0.726 0.3000000119
3264  29.448  -88.544  -1.460 0.3000000119
3750  19.380  -87.731  -2.055 0.5000000000
3265  28.320  -88.368  -1.122 0.3000000119
3292  19.187  -87.854  -3.970 0.5000000000
3266  27.614  -88.123  -1.618 0.4000000060
3300  19.397  -88.187  -4.696 0.6000000238
3744  27.257  -87.772  -2.169 0.4000000060
3760  26.903  -88.170  -3.097 0.5000000000
117963  20.294  -88.405  -5.343 0.5000000000
3775  27.185  -87.451  -3.973 0.4000000060
3761  26.732  -88.239  -3.956 0.3000000119
3297  26.482  -88.786  -4.376 0.4000000060
3321  20.243  -88.498  -7.185 0.6000000238
4776  30.475  -85.879  -5.371 0.3000000119
117913  28.648  -86.554  -5.651 0.4000000060
4266  27.820  -86.975  -5.499 0.4000000060
3320  21.066  -87.957  -7.410 0.6000000238
2847  19.960  -89.062  -8.004 0.5000000000
4775  31.383  -85.935  -5.746 0.3000000119
4264  30.863  -86.345  -6.090 0.5000000000
4279  29.107  -86.762  -6.623 0.4000000060
3796  27.680  -87.763  -6.991 0.4000000060
4790  31.822  -85.849  -6.320 0.3000000119
125051  31.003  -86.454  -7.028 0.5000000000
4278  30.088  -86.578  -6.863 0.4000000060
3794  29.629  -87.327  -7.563 0.4000000060
4276  31.614  -86.112  -7.093 0.4000000060
4288  30.489  -87.058  -7.830 0.5000000000
3802  30.410  -86.884  -8.643 0.5000000000
4721  15.320  -85.144  0.643 0.6000000238
4722  14.673  -84.881  0.368 0.6000000238
4703  31.692  -84.946  1.674 0.3000000119
4189  33.171  -86.810  2.911 0.3000000119
4198  33.244  -87.333  2.329 0.3000000119
5820  14.975  -83.944  0.309 0.6000000238
5829  14.400  -83.729  -0.234 0.6000000238
4201  31.323  -86.198  1.406 0.3000000119
3665  33.001  -87.378  4.039 0.3000000119
3666  32.732  -87.477  4.425 0.3000000119
5857  14.734  -83.554  -2.449 0.6000000238
4203  29.187  -85.956  1.182 0.3000000119
3200  33.058  -88.377  2.450 0.3000000119
3189  32.200  -88.046  3.714 0.3000000119
138212  14.657  -83.766  -3.471 0.6000000238
3245  29.118  -88.404  -0.285 0.3000000119
128138  15.579  -85.120  -5.407 0.6000000238
5323  15.113  -84.344  -4.381 0.6000000238
5333  15.400  -84.999  -6.380 0.6000000238
5358  15.295  -84.203  -7.110 0.5000000000
4246  27.701  -86.590  -3.645 0.4000000060
4809  31.526  -85.496  -8.314 0.4000000060
4290  31.110  -86.158  -8.489 0.5000000000
5252  31.437  -84.070  1.651 0.3000000119
5251  32.085  -84.036  1.868 0.3000000119
4702  32.364  -84.975  2.030 0.3000000119
5228  32.507  -85.326  2.766 0.3000000119
4180  33.183  -87.040  4.094 0.3000000119
3657  33.043  -87.181  4.795 0.3000000119
3658  32.425  -87.116  4.833 0.3000000119
4711  15.899  -84.868  0.937 0.5000000000
5253  30.394  -84.611  1.562 0.3000000119
4704  30.290  -85.526  1.479 0.3000000119
117504  16.366  -84.036  -1.945 0.5000000000
5838  15.023  -83.537  -0.738 0.6000000238
4705  29.426  -85.142  1.425 0.3000000119
3667  31.876  -87.668  4.352 0.3000000119
5302  15.825  -83.977  -2.548 0.6000000238
5266  28.521  -84.404  0.852 0.3000000119
5312  15.411  -84.148  -3.369 0.6000000238
4237  27.916  -86.002  -2.860 0.3000000119
4238  27.392  -86.818  -1.986 0.3000000119
4796  15.846  -85.251  -6.937 0.6000000238
6454  16.144  -83.400  -6.700 0.6000000238
5311  16.109  -84.600  -3.214 0.6000000238
4758  16.697  -85.255  -3.373 0.5000000000
124967  16.902  -85.744  -4.342 0.6000000238
4770  16.380  -85.808  -5.389 0.6000000238
4795  16.463  -85.718  -7.008 0.6000000238
5912  16.019  -84.621  -7.188 0.6000000238
5899  16.497  -84.279  -7.121 0.6000000238
6436  16.256  -82.343  -4.826 0.5000000000
114329  17.081  -84.681  -1.838 0.5000000000
4757  17.471  -85.780  -3.516 0.5000000000
4781  16.815  -86.196  -6.470 0.5000000000
5898  17.412  -84.615  -7.108 0.6000000238
7684  15.972  -80.592  -2.843 0.5000000000
7662  17.244  -80.124  -3.010 0.6000000238
7683  17.052  -80.769  -2.980 0.6000000238
7663  15.649  -80.049  -2.080 0.5000000000
8344  16.017  -79.408  -2.132 0.6000000238
7645  15.300  -79.737  -1.556 0.6000000238
134556  17.675  -86.152  -4.421 0.5000000000
5883  17.973  -83.845  -6.301 0.5000000000
5871  17.659  -83.097  -5.286 0.5000000000
5884  17.135  -83.737  -6.336 0.6000000238
5870  18.442  -83.136  -5.387 0.6000000238
6434  18.201  -82.561  -4.448 0.5000000000
6989  16.439  -81.320  -3.378 0.5000000000
6424  18.619  -82.149  -3.891 0.6000000238
7017  18.929  -82.007  -6.325 0.6000000238
7682  17.912  -80.980  -3.385 0.6000000238
9027  15.897  -78.641  -2.148 0.5000000000
14011  9.484  -72.333  -0.748 0.5000000000
4756  18.300  -86.070  -3.824 0.5000000000
5346  17.778  -85.490  -7.235 0.5000000000
5882  18.667  -83.821  -6.508 0.6000000238
13055  11.624  -73.842  1.226 0.5000000000
12142  12.375  -74.350  2.480 0.6000000238
13994  10.986  -72.976  0.344 0.6000000238
125474  10.749  -72.108  0.209 0.6000000238
13077  9.784  -73.574  0.406 0.5000000000
118001  9.933  -71.825  -1.140 0.5000000000
14910  8.728  -71.339  -2.171 0.5000000000
9736  13.637  -77.759  -2.286 0.5000000000
9735  14.381  -78.070  -1.601 0.5000000000
15731  13.272  -70.258  2.877 0.6000000238
14828  13.709  -71.014  4.233 0.6999999881
14847  13.125  -71.257  3.005 0.6000000238
13939  13.511  -72.068  3.235 0.6999999881
13016  14.514  -73.227  3.234 0.6000000238
12140  13.717  -73.894  3.002 0.6000000238
120205  12.970  -71.776  2.755 0.6000000238
13953  13.840  -72.876  3.049 0.6000000238
15744  12.856  -69.965  1.840 0.6000000238
15745  12.237  -70.553  1.443 0.6000000238
13976  11.975  -72.309  1.493 0.6000000238
13031  13.353  -73.324  2.653 0.5000000000
129434  13.291  -74.242  3.263 0.6000000238
15758  12.507  -69.694  0.794 0.6000000238
14864  12.110  -71.344  1.801 0.6000000238
13054  12.129  -73.414  1.582 0.5000000000
12155  12.692  -73.755  2.121 0.6000000238
15760  11.179  -70.033  0.153 0.6000000238
13993  11.284  -72.145  0.706 0.6000000238
14893  10.763  -70.769  -0.539 0.6000000238
14877  10.932  -71.213  0.226 0.6000000238
14894  10.373  -71.232  -1.239 0.6000000238
14909  9.502  -71.112  -2.210 0.5000000000
14929  8.262  -71.704  -2.686 0.5000000000
14051  8.671  -72.325  -4.418 0.5000000000
13150  7.708  -73.570  -4.817 0.5000000000
11395  7.845  -74.880  -5.327 0.5000000000
13937  15.083  -73.003  3.536 0.6000000238
13003  15.745  -73.672  3.777 0.6999999881
133743  11.388  -69.293  -0.224 0.5000000000
14908  10.263  -71.003  -1.838 0.6000000238
14927  9.933  -71.493  -2.931 0.6000000238
14928  9.037  -71.121  -2.965 0.5000000000
14050  9.259  -72.087  -4.540 0.6000000238
14065  8.794  -72.489  -5.061 0.5000000000
13147  9.807  -73.389  -5.040 0.6000000238
13163  8.503  -73.727  -5.457 0.6000000238
19253  17.556  -66.520  1.782 0.4000000060
13909  16.466  -72.271  5.830 0.6999999881
128520  17.543  -73.195  7.615 0.5000000000
12083  17.429  -74.569  7.682 0.5000000000
137367  16.398  -66.754  0.624 0.6000000238
18335  16.495  -67.822  2.178 0.5000000000
12980  17.599  -73.924  7.232 0.6000000238
12089  17.546  -74.640  6.824 0.5000000000
19291  16.435  -66.378  -0.166 0.5000000000
14807  16.051  -71.457  5.597 0.6000000238
12988  17.070  -73.152  5.979 0.8000000119
14827  14.436  -71.340  4.520 0.6999999881
12996  16.052  -73.188  4.558 0.8000000119
12101  17.064  -74.676  5.402 0.6999999881
14941  10.577  -71.814  -3.856 0.6000000238
14064  9.509  -72.462  -4.988 0.6000000238
132829  17.137  -73.630  9.013 0.5000000000
18315  17.020  -67.900  3.234 0.5000000000
13897  17.458  -72.398  7.396 0.6999999881
133382  16.738  -74.206  9.090 0.5000000000
134059  17.494  -65.436  -0.290 0.4000000060
19276  17.007  -66.168  0.684 0.4000000060
19304  17.028  -66.481  -0.660 0.4000000060
18390  17.242  -66.857  -0.648 0.5000000000
17488  16.786  -67.494  -0.689 0.4000000060
13876  17.364  -72.844  8.941 0.5000000000
13859  15.861  -72.753  9.819 0.5000000000
19233  17.948  -66.699  2.521 0.3000000119
18314  17.981  -67.148  3.307 0.3000000119
13885  17.535  -72.647  8.270 0.6000000238
19303  17.809  -66.180  -0.617 0.4000000060
18373  17.672  -67.531  -0.218 0.4000000060
16608  16.671  -69.353  0.007 0.4000000060
14764  17.273  -71.625  9.676 0.6000000238
15665  17.650  -71.731  8.072 0.6000000238
17474  17.378  -68.390  0.061 0.4000000060
14765  16.536  -71.927  9.905 0.5000000000
14766  15.570  -71.913  10.293 0.5000000000
119691  18.434  -64.698  2.109 0.3000000119
19232  18.364  -66.318  2.954 0.3000000119
18294  18.347  -67.203  4.333 0.3000000119
17397  18.389  -68.412  5.497 0.4000000060
16606  17.973  -69.039  0.929 0.3000000119
16607  17.329  -69.279  0.541 0.4000000060
15742  17.902  -70.626  1.573 0.4000000060
116877  18.859  -67.425  5.268 0.4000000060
15637  16.992  -70.947  10.202 0.6000000238
14749  14.331  -71.190  10.119 0.4000000060
17392  19.066  -68.969  6.236 0.4000000060
114970  18.506  -63.871  1.626 0.3000000119
20232  18.681  -64.749  3.012 0.3000000119
15618  14.620  -70.678  10.379 0.5000000000
16530  19.487  -69.338  6.993 0.4000000060
16511  19.050  -69.284  8.800 0.4000000060
17368  17.284  -68.732  9.967 0.5000000000
17380  19.581  -68.669  8.281 0.4000000060
17367  18.618  -68.832  9.665 0.4000000060
19176  20.496  -66.625  8.408 0.3000000119
120431  19.177  -66.124  8.601 0.3000000119
127391  19.839  -67.238  8.533 0.3000000119
19179  18.085  -66.650  8.681 0.3000000119
20169  17.598  -65.966  8.095 0.3000000119
20271  10.029  -65.186  1.617 0.4000000060
20166  19.923  -65.935  8.625 0.3000000119
3668  30.351  -87.507  3.808 0.3000000119
121811  27.319  -87.162  -2.901 0.4000000060
17366  19.174  -68.408  9.087 0.3000000119
12253  10.565  -73.769  -4.437 0.6000000238
21199  9.250  -64.526  2.480 0.4000000060
19305  16.541  -66.688  -0.608 0.5000000000
135021  18.470  -67.169  9.021 0.3000000119
3787  28.144  -87.099  -6.349 0.4000000060
4794  17.257  -86.044  -7.076 0.5000000000
1917  26.593  -91.657  8.655 0.4000000060
1548  25.653  -92.493  7.361 0.5000000000
1191  22.143  -92.887  7.636 0.5000000000
1202  29.271  -93.939  6.425 0.5000000000
2014  29.907  -91.326  -1.305 0.4000000060
1908  26.003  -91.087  9.195 0.4000000060
1187  31.245  -92.984  6.487 0.4000000060
1210  30.848  -93.082  5.210 0.4000000060
2026  30.542  -90.888  -2.090 0.4000000060
1623  29.296  -91.679  -0.282 0.4000000060
132958  28.430  -92.009  -0.215 0.4000000060
2296  23.372  -90.498  9.505 0.3000000119
1171  29.708  -93.800  9.882 0.3000000119
1526  32.340  -92.039  7.597 0.3000000119
1938  31.739  -91.984  5.871 0.4000000060
1567  31.126  -92.832  5.264 0.4000000060
2415  31.095  -90.367  -2.893 0.3000000119
2815  31.233  -89.733  -3.157 0.4000000060
2322  31.028  -91.572  5.761 0.4000000060
122305  28.721  -92.228  4.439 0.4000000060
2375  29.970  -91.163  1.405 0.5000000000
3301  18.888  -88.489  -4.415 0.5000000000
2824  29.020  -90.186  -3.111 0.4000000060
2292  30.471  -90.910  9.204 0.3000000119
2340  28.098  -90.787  4.826 0.4000000060
1959  27.632  -91.453  4.330 0.4000000060
128793  26.866  -91.184  3.792 0.5000000000
132358  27.535  -90.098  2.700 0.5000000000
3215  33.099  -88.176  1.261 0.3000000119
128257  31.022  -88.198  -0.416 0.3000000119
3279  31.195  -89.137  -2.811 0.3000000119
2806  30.057  -89.010  -2.452 0.3000000119
3309  19.774  -88.660  -6.138 0.6000000238
2737  27.064  -89.810  4.111 0.3000000119
2341  27.245  -90.588  4.233 0.4000000060
135125  19.718  -87.600  -2.694 0.5000000000
121329  27.283  -88.545  -2.463 0.4000000060
3194  26.860  -87.708  3.597 0.3000000119
131080  29.215  -85.879  -4.906 0.4000000060
4253  27.962  -86.562  -4.664 0.4000000060
131387  27.363  -87.324  -4.952 0.4000000060
5329  31.524  -85.426  -5.672 0.3000000119
4681  32.905  -86.332  3.515 0.3000000119
5322  16.013  -85.031  -4.198 0.6000000238
4245  28.484  -85.890  -3.918 0.3000000119
4172  32.952  -86.617  4.643 0.3000000119
4173  32.459  -86.656  4.859 0.3000000119
6435  17.284  -82.485  -4.317 0.5000000000
6988  17.433  -81.704  -3.437 0.6000000238
126460  15.161  -71.979  4.545 0.6999999881
137345  17.037  -73.895  5.410 0.6999999881
13910  15.851  -72.292  5.011 0.6999999881
125459  17.469  -73.181  6.802 0.6000000238
20249  18.169  -65.436  1.590 0.3000000119
124264  18.442  -65.512  2.572 0.3000000119
116739  21.424  -87.883  -3.662 0.5000000000
3281  20.879  -87.732  -2.833 0.5000000000
121381  28.378  -83.787  -9.564 0.6000000238
5345  18.783  -85.495  -7.237 0.4000000060
9026  16.462  -78.858  -2.511 0.5000000000
7727  18.352  -81.321  -6.980 0.5000000000
7712  18.072  -80.524  -5.653 0.5000000000
8369  17.324  -79.218  -3.937 0.5000000000
9753  15.565  -77.970  -2.605 0.5000000000
135836  16.367  -78.098  -3.421 0.5000000000
135079  18.508  -81.562  -8.311 0.5000000000
9771  13.951  -77.707  -3.349 0.4000000060
8379  17.266  -79.673  -5.990 0.5000000000
124703  17.079  -79.068  -4.996 0.5000000000
9769  15.829  -77.812  -3.570 0.5000000000
9772  12.930  -77.695  -3.363 0.5000000000
9060  16.426  -78.882  -6.159 0.6000000238
125016  16.097  -78.137  -5.262 0.5000000000
127811  14.297  -77.624  -4.275 0.5000000000
11394  8.503  -75.163  -5.599 0.5000000000
9803  15.155  -77.700  -6.028 0.6000000238
9791  10.420  -77.444  -4.867 0.5000000000
10527  9.301  -76.484  -5.203 0.5000000000
9787  14.740  -77.656  -5.095 0.6000000238
9789  12.274  -77.667  -4.438 0.6000000238
9790  11.229  -77.704  -4.456 0.5000000000
125478  16.167  -78.726  -7.413 0.6000000238
9804  14.215  -77.572  -6.228 0.6000000238
9788  13.728  -77.567  -5.354 0.6000000238
132061  10.313  -77.088  -5.692 0.6000000238
9805  13.178  -77.458  -6.561 0.6000000238
10540  9.504  -75.991  -5.755 0.5000000000
12287  9.080  -74.824  -5.718 0.5000000000
124806  12.594  -77.474  -5.636 0.6000000238
116183  11.699  -77.530  -5.394 0.6000000238
12115  14.753  -74.816  4.155 0.5000000000
12102  16.472  -75.049  4.954 0.5000000000
12127  15.172  -74.232  3.402 0.5000000000
12271  10.203  -74.362  -5.147 0.6000000238
9819  12.014  -77.127  -7.196 0.6000000238
12286  9.869  -74.980  -5.714 0.6000000238
9820  11.307  -77.002  -6.736 0.6000000238
10539  10.281  -76.217  -6.167 0.6000000238
10551  11.392  -76.629  -6.754 0.6000000238
17391  19.824  -68.594  6.714 0.3000000119
19256  10.297  -66.400  1.917 0.3000000119
4291  30.607  -86.319  -8.951 0.4000000060
4814  29.644  -85.465  -9.445 0.5000000000
2850  20.680  -88.691  -9.056 0.5000000000
3328  20.785  -88.310  -8.223 0.5000000000
136463  21.598  -87.849  -8.082 0.4000000060
5926  27.698  -83.242  -9.513 0.4000000060
120691  19.920  -87.714  -3.464 0.4000000060
116165  21.460  -88.042  -5.289 0.4000000060
3299  20.562  -88.041  -4.437 0.4000000060
3308  21.017  -88.175  -6.298 0.4000000060
133035  27.410  -80.358  -8.833 0.4000000060
128037  26.959  -81.538  -8.754 0.4000000060
126275  26.677  -82.679  -8.593 0.4000000060
3749  20.188  -87.452  -2.013 0.4000000060
130919  27.412  -81.839  -9.018 0.4000000060
7055  27.076  -82.196  -9.083 0.4000000060
120872  25.581  -81.501  -7.790 0.4000000060
7027  25.451  -81.721  -7.005 0.5000000000
9831  12.489  -76.879  -7.570 0.5000000000
10561  14.009  -76.723  -7.950 0.5000000000
11408  12.237  -76.397  -7.163 0.5000000000
134195  13.489  -75.832  -7.419 0.5000000000
11389  14.528  -75.273  -5.928 0.5000000000
11391  11.634  -75.559  -5.791 0.5000000000
128999  13.814  -75.385  -4.992 0.5000000000
11219  16.939  -75.345  5.582 0.4000000060
12090  17.304  -75.295  7.036 0.4000000060
11390  13.402  -75.593  -6.518 0.5000000000
132631  10.946  -75.687  -6.327 0.5000000000
5927  26.845  -83.427  -9.398 0.5000000000
137124  27.554  -82.701  -9.389 0.4000000060
119820  26.353  -81.762  -8.161 0.4000000060
1180  22.744  -93.680  8.074 0.4000000060
107  23.050  -98.677  9.009 0.4000000060
1179  23.544  -93.356  8.429 0.4000000060
928  23.529  -94.379  8.807 0.4000000060
200  23.728  -98.383  8.734 0.4000000060
700  24.098  -95.364  9.524 0.4000000060
209  24.955  -97.614  6.816 0.4000000060
199  24.527  -98.057  8.605 0.4000000060
196  24.132  -98.025  9.350 0.4000000060
1190  25.163  -93.063  7.635 0.5000000000
942  24.812  -93.906  8.356 0.5000000000
927  24.553  -94.633  9.068 0.4000000060
325  25.009  -97.559  9.345 0.4000000060
136416  26.196  -92.785  7.049 0.5000000000
1188  26.639  -93.376  6.887 0.5000000000
1189  25.926  -93.290  7.077 0.5000000000
926  25.439  -94.907  8.626 0.4000000060
699  25.165  -95.559  9.515 0.4000000060
940  26.531  -94.252  6.961 0.4000000060
711  26.268  -95.202  7.798 0.4000000060
509  27.006  -96.262  6.491 0.4000000060
327  26.434  -96.697  7.035 0.4000000060
502  26.225  -96.729  7.955 0.4000000060
324  25.755  -97.144  8.756 0.4000000060
691  24.569  -96.298  9.922 0.4000000060
332  25.764  -97.135  6.702 0.4000000060
328  25.218  -97.676  8.491 0.4000000060
709  27.370  -95.183  6.721 0.5000000000
710  26.869  -95.781  7.356 0.4000000060
128100  26.011  -95.835  8.945 0.4000000060
508  27.610  -95.793  5.995 0.5000000000
720  27.267  -95.860  6.668 0.4000000060
489  26.437  -96.100  8.157 0.4000000060
490  26.082  -96.493  8.782 0.4000000060
524  27.639  -95.770  4.719 0.3000000119
535  27.165  -95.767  4.024 0.3000000119
737  28.448  -95.047  4.155 0.4000000060
523  28.255  -95.438  4.792 0.3000000119
969  29.076  -94.766  4.312 0.4000000060
731  28.703  -95.121  4.547 0.4000000060
137145  26.155  -94.738  2.013 0.3000000119
746  26.270  -95.092  2.892 0.4000000060
122327  27.392  -95.061  3.690 0.4000000060
978  28.267  -94.710  3.808 0.4000000060
986  26.282  -94.737  2.654 0.4000000060
979  26.960  -94.734  3.340 0.4000000060
1228  26.939  -94.016  3.411 0.4000000060
1577  28.477  -93.043  3.994 0.3000000119
517  27.168  -96.132  5.485 0.3000000119
133252  29.299  -93.692  4.089 0.3000000119
119013  26.207  -94.259  1.983 0.4000000060
1219  28.326  -93.905  3.761 0.3000000119
1229  26.254  -93.284  3.216 0.4000000060
1586  26.324  -92.535  3.216 0.4000000060
1585  26.946  -92.995  3.639 0.4000000060
133608  28.139  -95.475  5.659 0.4000000060
726  29.267  -94.792  4.793 0.4000000060
994  26.460  -94.385  1.155 0.4000000060
1576  29.625  -92.998  4.370 0.3000000119
1244  27.678  -93.232  0.823 0.4000000060
1245  26.815  -93.853  1.229 0.4000000060
1597  28.010  -92.843  1.204 0.4000000060
1986  26.932  -92.446  1.932 0.4000000060
1246  26.277  -93.605  2.144 0.4000000060
719  27.884  -95.502  6.117 0.4000000060
718  28.551  -95.199  5.718 0.4000000060
968  29.817  -94.170  4.730 0.3000000119
962  29.890  -94.268  5.063 0.4000000060
1575  30.578  -92.994  4.840 0.3000000119
1609  28.541  -92.897  1.202 0.4000000060
1255  28.320  -92.746  0.687 0.4000000060
1596  29.011  -92.482  1.015 0.4000000060
1985  28.094  -91.927  1.588 0.4000000060
1599  26.364  -92.929  2.307 0.4000000060
1559  27.469  -93.341  6.806 0.4000000060
951  30.504  -93.660  5.316 0.3000000119
131597  27.819  -92.836  7.167 0.4000000060
955  27.374  -94.112  6.639 0.4000000060
1203  28.253  -94.013  6.462 0.4000000060
954  28.217  -94.952  6.316 0.4000000060
953  29.040  -94.729  6.025 0.4000000060
6441  25.743  -82.191  -5.977 0.4000000060
1598  26.901  -93.175  1.508 0.4000000060
111  23.026  -98.651  8.079 0.4000000060
203  25.593  -97.377  7.718 0.4000000060
204  24.750  -97.900  7.690 0.4000000060
491  25.524  -96.604  9.535 0.4000000060
501  26.718  -96.228  7.323 0.4000000060
516  27.967  -95.631  5.328 0.3000000119
546  27.128  -95.417  3.718 0.3000000119
727  28.649  -95.261  5.161 0.4000000060
732  27.943  -95.390  4.258 0.4000000060
941  25.636  -94.058  7.562 0.5000000000
943  21.847  -93.873  7.589 0.5000000000
952  29.835  -94.262  5.629 0.3000000119
961  30.423  -93.744  5.060 0.4000000060
963  29.219  -94.813  5.325 0.4000000060
977  29.288  -94.292  4.160 0.3000000119
1178  24.139  -93.822  8.706 0.5000000000
1200  31.126  -93.012  5.690 0.4000000060
1217  30.605  -93.484  5.021 0.4000000060
1218  29.990  -93.714  4.520 0.3000000119
1235  26.163  -94.030  2.897 0.4000000060
1236  26.078  -93.092  2.868 0.4000000060
1502  30.535  -92.988  11.184 0.3000000119
1532  23.432  -92.506  8.226 0.5000000000
1542  32.138  -92.092  6.795 0.4000000060
1544  30.796  -93.213  7.187 0.4000000060
1555  31.779  -92.214  6.027 0.4000000060
1608  29.184  -92.324  0.776 0.4000000060
1622  30.297  -91.679  -0.537 0.4000000060
1880  30.459  -92.388  11.252 0.3000000119
1918  25.706  -91.158  8.448 0.4000000060
1929  32.136  -91.699  7.236 0.3000000119
1946  31.486  -92.457  5.624 0.4000000060
1947  31.054  -92.300  5.356 0.4000000060
1974  26.345  -92.347  2.743 0.4000000060
2015  28.912  -91.317  -1.293 0.4000000060
2038  29.366  -90.593  -2.609 0.3000000119
2053  28.122  -91.950  -5.125 0.4000000060
2063  25.265  -90.844  -9.091 0.4000000060
2064  24.214  -91.158  -8.723 0.4000000060
2268  24.796  -90.680  11.237 0.3000000119
2313  31.390  -91.356  6.570 0.3000000119
2406  32.072  -90.564  -1.820 0.4000000060
2413  32.366  -89.875  -2.479 0.3000000119
2421  30.162  -90.091  -3.079 0.3000000119
2437  25.313  -91.150  -6.167 0.3000000119
2446  27.254  -89.758  -9.552 0.5000000000
2447  27.003  -90.415  -9.097 0.4000000060
2454  25.095  -90.571  -9.898 0.5000000000
2459  26.258  -90.042  -10.137 0.5000000000
2461  24.904  -89.919  -10.383 0.4000000060
2755  32.953  -89.195  1.889 0.3000000119
2761  20.245  -88.915  2.089 0.6999999881
2775  20.205  -89.352  1.471 0.6000000238
2782  33.244  -89.880  0.055 0.4000000060
2804  32.639  -89.517  -1.996 0.3000000119
2814  31.963  -89.801  -3.065 0.3000000119
2842  18.000  -89.349  -6.032 0.5000000000
2844  27.835  -89.466  -8.861 0.4000000060
2853  24.735  -89.120  -10.175 0.6999999881
2854  24.222  -89.481  -10.317 0.6000000238
2856  21.191  -89.003  -9.516 0.6000000238
2857  26.049  -89.469  -10.336 0.5000000000
2858  25.444  -89.517  -10.363 0.5000000000
3188  32.851  -87.826  3.506 0.3000000119
3227  32.892  -88.206  -0.433 0.3000000119
3243  32.607  -88.545  -1.295 0.3000000119
3244  31.582  -88.420  -1.271 0.3000000119
3267  19.683  -88.384  -0.607 0.5000000000
3282  19.167  -87.806  -3.062 0.5000000000
3293  18.838  -88.314  -3.505 0.5000000000
3319  21.832  -87.744  -7.008 0.6000000238
3329  29.015  -88.359  -9.025 0.4000000060
3335  21.393  -88.100  -9.006 0.6000000238
3336  28.247  -88.553  -9.420 0.4000000060
3670  27.651  -87.507  3.371 0.3000000119
3673  18.797  -86.737  3.172 0.6999999881
3677  33.275  -87.671  2.560 0.3000000119
3678  33.161  -87.768  3.057 0.3000000119
3689  33.251  -87.782  1.952 0.3000000119
3695  20.502  -88.028  1.444 0.6999999881
3696  18.711  -88.023  2.242 0.6999999881
3733  23.337  -87.353  -1.774 0.8000000119
3746  23.680  -87.479  -2.719 0.8000000119
3762  24.204  -87.319  -3.334 0.8000000119
3764  23.015  -87.761  -3.066 0.6000000238
3776  26.715  -88.045  -4.872 0.3000000119
3778  23.794  -87.555  -4.710 0.6000000238
3788  27.190  -87.608  -5.887 0.3000000119
3789  24.103  -87.365  -5.628 0.6999999881
3795  28.701  -87.475  -7.268 0.4000000060
3804  29.189  -87.956  -7.984 0.4000000060
3808  29.944  -86.759  -9.193 0.5000000000
3809  25.894  -87.728  -9.394 0.6999999881
3815  26.303  -88.192  -9.867 0.6000000238
4184  19.652  -86.472  3.418 0.6999999881
4188  33.248  -87.360  3.224 0.3000000119
4190  21.054  -86.611  2.448 0.6999999881
4215  22.825  -86.266  0.450 0.6999999881
4217  17.183  -86.802  1.167 0.5000000000
4225  21.079  -87.006  0.358 0.8000000119
4232  23.791  -86.753  -1.301 0.6999999881
4265  29.768  -86.365  -5.861 0.4000000060
4277  31.508  -86.189  -6.342 0.5000000000
4286  31.568  -85.990  -7.859 0.4000000060
4287  31.153  -86.500  -7.886 0.5000000000
4298  27.085  -87.304  -9.798 0.6999999881
4684  20.173  -85.276  3.542 0.8000000119
4692  32.727  -86.017  2.414 0.3000000119
4694  21.494  -85.828  2.594 0.8999999762
4695  18.229  -85.613  2.777 0.6999999881
4708  22.029  -85.762  1.918 0.6999999881
4716  28.761  -85.192  1.149 0.3000000119
4717  24.061  -84.984  -0.178 0.6000000238
4720  16.077  -85.552  1.011 0.6000000238
4726  24.404  -85.261  -0.818 0.6000000238
4728  14.885  -85.430  0.177 0.6000000238
4746  17.296  -85.336  -2.626 0.6000000238
4769  17.300  -86.279  -5.376 0.5000000000
4777  25.562  -85.364  -6.158 0.6999999881
4778  19.731  -85.814  -6.345 0.5000000000
4782  16.037  -85.644  -6.366 0.6000000238
4791  25.983  -85.395  -7.174 0.8000000119
4793  18.259  -86.050  -7.031 0.5000000000
4807  16.174  -85.178  -7.150 0.6000000238
4817  27.073  -86.458  -9.698 0.6000000238
5229  21.927  -84.126  3.273 0.6999999881
5233  18.956  -84.915  3.455 0.6999999881
5243  21.734  -84.950  2.977 0.8999999762
5245  17.938  -85.164  2.366 0.6000000238
5254  29.275  -84.334  1.419 0.3000000119
5259  17.451  -85.089  1.718 0.6000000238
5260  16.727  -84.898  1.230 0.6000000238
5271  15.085  -84.555  0.536 0.6000000238
5272  14.401  -84.368  0.230 0.6000000238
5301  16.564  -84.667  -2.594 0.6000000238
5334  14.932  -84.491  -6.553 0.6000000238
5342  21.247  -84.615  -6.685 0.6999999881
5347  16.771  -85.262  -7.242 0.6000000238
5348  15.346  -84.698  -6.939 0.5000000000
5365  26.395  -84.266  -9.084 0.6999999881
5370  26.654  -84.156  -9.420 0.6999999881
5781  22.095  -83.203  3.464 0.6999999881
5784  19.254  -83.406  3.054 0.8000000119
5785  18.990  -84.195  3.297 0.6999999881
5805  23.977  -83.184  1.295 0.6000000238
5816  24.340  -83.290  0.367 0.6000000238
5819  15.604  -84.221  0.507 0.5000000000
5824  25.508  -83.357  -0.945 0.5000000000
5826  20.300  -83.048  -0.002 0.6000000238
5828  15.255  -83.702  -0.117 0.6000000238
5834  25.659  -83.248  -1.628 0.5000000000
5837  15.713  -83.664  -0.672 0.6999999881
5839  14.314  -83.542  -1.272 0.6000000238
5847  20.504  -84.549  -1.895 0.6000000238
5848  15.526  -83.606  -1.535 0.6000000238
5856  21.569  -84.206  -3.356 0.6999999881
5865  25.924  -83.275  -5.087 0.6000000238
5867  21.971  -83.737  -5.005 0.6999999881
5869  18.964  -83.187  -5.689 0.6999999881
5893  26.406  -83.149  -6.590 0.6000000238
5896  19.894  -84.365  -7.806 0.6999999881
5897  18.282  -84.770  -7.158 0.6000000238
5910  20.936  -83.972  -8.218 0.6999999881
6346  23.249  -82.203  3.123 0.6000000238
6350  20.034  -83.003  3.375 0.8000000119
6360  23.739  -82.005  2.685 0.6000000238
6361  20.189  -82.062  3.148 0.6999999881
6373  24.261  -82.233  1.564 0.6000000238
6397  20.935  -82.467  -0.542 0.6000000238
6422  25.742  -82.952  -3.595 0.5000000000
6423  22.035  -82.802  -3.478 0.5000000000
6425  18.025  -82.184  -3.780 0.5000000000
6433  18.890  -82.559  -4.817 0.6999999881
6444  16.732  -82.987  -5.542 0.5000000000
6452  21.397  -83.609  -7.609 0.6000000238
6465  19.981  -82.938  -8.442 0.6000000238
6481  27.921  -82.310  -9.297 0.4000000060
6482  26.779  -82.353  -8.811 0.4000000060
6483  19.848  -82.309  -8.716 0.6000000238
6893  22.982  -81.796  3.272 0.6000000238
6894  22.345  -81.759  3.332 0.6000000238
6896  20.774  -81.670  3.256 0.6000000238
6906  24.125  -81.164  2.457 0.6000000238
6908  21.182  -81.060  2.974 0.6000000238
6920  24.451  -81.405  1.792 0.6000000238
6970  21.543  -81.519  -2.066 0.5000000000
6987  18.191  -81.735  -3.584 0.6000000238
7003  19.076  -82.191  -5.414 0.6999999881
7029  21.280  -82.694  -7.603 0.6000000238
7030  20.985  -81.768  -7.501 0.6000000238
7031  18.992  -82.338  -7.785 0.6000000238
7056  26.621  -81.452  -8.463 0.4000000060
7058  19.502  -81.591  -8.917 0.6000000238
7059  19.021  -81.484  -8.894 0.6000000238
7608  24.844  -80.345  0.676 0.5000000000
7609  20.456  -80.423  0.343 0.6000000238
7681  18.524  -81.531  -3.744 0.6000000238
7726  20.567  -80.788  -7.192 0.6000000238
7749  27.377  -81.212  -8.679 0.4000000060
7753  19.740  -81.239  -8.906 0.6000000238
7754  18.641  -80.709  -8.854 0.6999999881
7755  17.896  -80.217  -8.776 0.6999999881
7758  17.765  -79.633  -9.032 0.6999999881
8334  15.414  -79.087  -1.516 0.6000000238
8335  14.770  -79.498  -1.097 0.6000000238
8341  20.476  -80.174  -2.824 0.6000000238
8342  19.960  -79.409  -2.781 0.6000000238
8343  16.766  -79.429  -2.716 0.6000000238
8352  19.881  -79.158  -3.775 0.6000000238
8353  17.715  -80.068  -3.591 0.6000000238
8354  17.223  -79.502  -3.216 0.6000000238
8367  19.887  -78.968  -4.702 0.6000000238
8368  17.702  -79.863  -4.633 0.5000000000
8387  19.703  -79.287  -7.668 0.6999999881
8400  16.837  -78.756  -9.024 0.5000000000
8402  18.896  -80.303  -8.992 0.6999999881
8945  24.200  -78.914  2.280 0.5000000000
8972  24.749  -79.160  0.667 0.5000000000
9010  15.222  -78.348  -1.773 0.5000000000
9040  16.810  -78.658  -3.301 0.5000000000
9050  16.745  -78.547  -4.418 0.5000000000
9051  16.312  -78.041  -4.082 0.5000000000
9061  15.698  -78.143  -6.736 0.6000000238
9067  19.316  -78.716  -8.363 0.5000000000
9070  19.073  -79.075  -8.755 0.5000000000
9072  17.451  -79.077  -9.152 0.6000000238
9073  16.162  -77.617  -8.123 0.5000000000
9754  14.673  -77.802  -2.419 0.5000000000
9755  12.554  -77.780  -2.368 0.5000000000
9770  14.942  -77.663  -3.371 0.5000000000
9786  15.621  -77.807  -4.658 0.6000000238
9792  9.834  -77.055  -5.072 0.5000000000
9802  19.794  -77.533  -5.610 0.5000000000
9806  11.732  -77.314  -6.392 0.6000000238
9807  10.893  -77.417  -5.864 0.6000000238
9808  10.579  -76.882  -6.264 0.6000000238
9809  10.004  -76.566  -5.756 0.6000000238
9818  12.740  -77.237  -7.348 0.5000000000
9821  10.912  -76.618  -6.563 0.6000000238
9826  19.460  -77.857  -7.978 0.5000000000
9828  15.280  -77.193  -7.908 0.6000000238
9830  13.318  -76.960  -7.658 0.5000000000
9839  14.785  -76.904  -8.107 0.5000000000
10481  19.455  -76.047  -2.047 0.5000000000
10541  8.800  -75.816  -5.400 0.5000000000
10550  11.961  -76.777  -7.198 0.5000000000
10552  10.895  -76.147  -6.544 0.6000000238
10562  13.172  -76.456  -7.678 0.5000000000
10563  12.470  -76.589  -7.473 0.5000000000
11197  17.363  -75.094  6.104 0.4000000060
11198  16.916  -75.746  6.280 0.4000000060
11301  15.036  -74.969  -0.920 0.5000000000
11317  15.124  -75.066  -1.326 0.5000000000
11319  13.846  -75.005  -1.785 0.6000000238
11335  14.698  -75.088  -1.888 0.5000000000
11337  13.281  -75.124  -2.462 0.6999999881
11338  12.062  -75.025  -2.723 0.6999999881
11352  19.620  -75.872  -3.839 0.5000000000
11355  12.208  -75.351  -3.447 0.6000000238
11372  12.925  -75.461  -4.228 0.6000000238
11374  11.525  -75.134  -4.453 0.6000000238
11387  20.320  -76.299  -6.038 0.5000000000
11392  10.344  -75.662  -6.100 0.6000000238
11393  9.697  -75.561  -5.765 0.5000000000
11406  14.293  -75.475  -7.019 0.5000000000
11407  12.767  -76.060  -7.356 0.5000000000
12068  17.143  -74.424  8.553 0.5000000000
12113  16.463  -74.105  4.710 0.6999999881
12114  15.817  -74.589  4.146 0.5000000000
12128  14.081  -74.379  3.501 0.5000000000
12139  14.509  -73.828  3.086 0.6000000238
12141  13.045  -74.018  2.771 0.6000000238
12143  11.656  -74.544  2.329 0.6000000238
12156  12.021  -74.177  1.766 0.6000000238
12157  11.158  -74.354  1.418 0.6000000238
12177  16.136  -74.093  0.156 0.5000000000
12178  11.096  -73.760  0.693 0.5000000000
12195  15.475  -74.511  -0.514 0.5000000000
12227  19.911  -74.699  -2.594 0.5000000000
12232  13.350  -74.630  -2.022 0.6000000238
12233  12.529  -74.270  -2.350 0.6000000238
12266  20.626  -74.501  -4.143 0.5000000000
12270  10.983  -74.640  -4.387 0.6999999881
12272  9.445  -74.125  -5.490 0.5000000000
12288  8.363  -74.413  -5.552 0.6000000238
12945  16.487  -73.564  9.429 0.5000000000
12965  17.453  -73.651  8.238 0.5000000000
12987  17.447  -74.112  6.172 0.6000000238
12995  16.481  -73.144  5.263 0.8000000119
13030  13.980  -73.412  3.075 0.5000000000
13075  11.543  -73.126  0.971 0.5000000000
13076  10.474  -73.403  0.342 0.5000000000
13094  14.847  -73.935  -0.511 0.6000000238
13095  9.884  -72.873  -0.020 0.5000000000
13110  13.575  -74.103  -1.565 0.6000000238
13121  13.083  -73.340  -2.092 0.8000000119
13123  11.413  -72.680  -3.313 0.8000000119
13134  10.253  -72.660  -4.561 0.6000000238
13148  9.011  -73.224  -5.409 0.6000000238
13149  8.327  -73.193  -5.209 0.5000000000
13162  8.857  -74.042  -5.587 0.6000000238
13164  7.974  -73.909  -5.331 0.6000000238
13857  17.232  -72.254  9.423 0.5000000000
13858  16.917  -72.869  9.491 0.5000000000
13898  17.126  -72.300  6.531 0.6999999881
13923  15.516  -72.710  4.152 0.8000000119
13924  14.683  -72.259  4.087 0.6999999881
13938  14.265  -72.546  3.503 0.6000000238
13954  13.194  -72.527  2.648 0.6000000238
13955  12.475  -71.944  2.290 0.6000000238
13975  12.699  -72.932  2.083 0.6000000238
13991  16.371  -72.727  0.749 0.5000000000
13995  10.370  -72.605  0.046 0.6000000238
14010  10.009  -72.335  -0.474 0.6000000238
14023  14.126  -72.236  -1.505 0.8000000119
14024  13.488  -72.281  -2.035 0.8000000119
14025  9.165  -71.520  -1.544 0.5000000000
14037  11.570  -71.682  -3.518 0.6999999881
14049  10.042  -72.005  -4.458 0.6000000238
14052  7.978  -72.414  -3.657 0.5000000000
14066  8.188  -72.802  -4.647 0.5000000000
14747  15.963  -71.232  10.445 0.5000000000
14748  15.021  -71.331  10.455 0.4000000060
14773  17.604  -71.886  9.005 0.6000000238
14826  15.405  -71.357  4.913 0.6999999881
14834  13.828  -71.799  4.042 0.6999999881
14835  13.386  -71.151  3.566 0.6999999881
14848  12.546  -70.947  2.430 0.6000000238
14875  15.767  -71.320  -0.122 0.6000000238
14876  11.624  -71.082  0.956 0.6000000238
14878  10.438  -71.740  -0.418 0.6000000238
14906  14.462  -71.115  -1.729 0.6999999881
14923  13.197  -71.244  -2.484 0.8000000119
14926  10.793  -71.482  -2.990 0.6999999881
14940  11.408  -71.653  -3.538 0.6999999881
14942  9.609  -71.721  -3.787 0.6000000238
14943  8.812  -71.883  -3.663 0.5000000000
15616  16.285  -70.462  10.467 0.6999999881
15617  15.374  -70.592  10.492 0.5000000000
15635  18.461  -69.708  9.667 0.5000000000
15636  17.748  -70.162  10.141 0.6000000238
15682  16.910  -70.937  6.499 0.6999999881
15695  16.409  -70.788  5.939 0.6999999881
15715  13.892  -69.693  4.028 0.8000000119
15716  13.541  -70.295  3.881 0.6000000238
15743  17.318  -71.254  1.350 0.4000000060
15755  17.167  -70.219  0.864 0.4000000060
15757  16.153  -70.680  0.053 0.5000000000
15759  11.855  -70.093  0.697 0.6000000238
15773  11.146  -69.975  -0.822 0.6999999881
15774  10.804  -70.634  -1.432 0.6000000238
15785  10.698  -70.670  -2.004 0.6000000238
15797  12.921  -70.237  -2.670 0.8000000119
15800  10.282  -71.089  -2.310 0.6000000238
16490  14.780  -69.984  10.158 0.6999999881
16497  15.704  -69.396  9.897 0.6999999881
16512  14.061  -69.092  9.051 0.6000000238
16526  19.426  -69.213  7.809 0.4000000060
16532  18.015  -70.188  6.163 0.6000000238
16536  18.262  -69.392  5.861 0.6000000238
16539  15.720  -69.937  5.038 0.6999999881
16543  16.144  -69.357  4.821 0.6999999881
16562  15.039  -68.934  3.852 0.8000000119
16563  14.312  -69.038  3.623 0.8000000119
16564  13.782  -69.486  3.245 0.8000000119
16595  17.766  -69.804  1.171 0.4000000060
16596  13.271  -69.186  0.901 0.6999999881
16611  11.738  -69.102  0.126 0.6999999881
16621  15.298  -69.304  -1.252 0.6999999881
16633  14.788  -68.668  -1.740 0.6999999881
16634  13.939  -68.865  -2.193 0.6999999881
16646  13.014  -69.332  -2.372 0.8000000119
17382  15.461  -68.307  8.780 0.6000000238
17383  14.700  -68.671  8.862 0.6000000238
17387  19.873  -68.746  7.449 0.4000000060
17393  12.217  -68.453  7.106 0.6000000238
17396  19.366  -68.120  5.988 0.4000000060
17408  15.866  -68.948  4.101 0.6999999881
17445  16.112  -68.326  2.825 0.6000000238
17462  14.503  -68.241  1.115 0.8000000119
17475  16.637  -68.402  -0.506 0.4000000060
17477  13.133  -67.968  0.190 0.8000000119
17489  16.012  -67.932  -0.917 0.6000000238
17491  13.023  -67.633  -0.334 0.8000000119
17507  14.952  -68.196  -1.386 0.6999999881
18250  18.541  -67.900  9.424 0.6000000238
18252  16.890  -68.128  9.413 0.5000000000
18259  19.126  -67.358  8.920 0.3000000119
18261  17.059  -67.553  8.938 0.5000000000
18270  12.819  -67.833  7.718 0.5000000000
18283  18.139  -67.819  4.834 0.3000000119
18295  17.690  -67.780  4.102 0.3000000119
18316  14.826  -68.028  2.475 0.8000000119
18334  17.315  -67.203  2.436 0.5000000000
18336  15.684  -68.181  1.909 0.6999999881
18338  11.260  -67.263  2.912 0.5000000000
18355  15.374  -67.804  0.836 0.6999999881
18356  14.665  -67.889  0.593 0.8000000119
18372  18.082  -66.920  -0.264 0.4000000060
18376  14.137  -67.399  0.026 0.6999999881
18392  15.297  -67.634  -0.585 0.6000000238
18407  14.671  -67.763  -0.943 0.6999999881
18408  13.815  -67.453  -0.666 0.8000000119
19177  19.575  -66.676  8.630 0.3000000119
19178  18.817  -66.656  8.761 0.3000000119
19185  15.087  -66.620  7.250 0.4000000060
19187  13.926  -67.132  7.339 0.4000000060
19193  13.721  -66.601  6.752 0.4000000060
19204  12.325  -66.454  5.707 0.4000000060
19235  11.690  -66.696  3.278 0.6000000238
19252  18.183  -66.148  2.096 0.3000000119
19254  16.758  -66.948  1.517 0.4000000060
19290  16.950  -65.766  -0.212 0.4000000060
20176  16.672  -65.583  7.503 0.3000000119
20177  15.858  -65.553  7.274 0.3000000119
20233  12.862  -64.814  3.987 0.4000000060
20253  10.627  -65.790  1.724 0.4000000060
20286  16.811  -66.222  -0.535 0.5000000000
20301  17.435  -65.878  -0.566 0.4000000060
21195  18.599  -63.913  2.558 0.3000000119
21197  12.506  -64.311  2.063 0.3000000119
21215  12.048  -64.214  0.932 0.3000000119
22094  12.358  -63.616  0.683 0.3000000119
22917  9.582  -62.669  2.905 0.3000000119
22936  12.156  -62.518  0.548 0.3000000119
23821  12.423  -61.330  1.701 0.3000000119
23822  10.461  -61.458  2.783 0.3000000119
114663  19.345  -77.080  -2.970 0.5000000000
115471  11.609  -76.177  -6.700 0.6000000238
115484  31.313  -93.007  8.099 0.4000000060
115572  12.362  -77.369  -6.791 0.6000000238
115591  31.836  -91.986  9.002 0.3000000119
115647  22.959  -87.699  -4.958 0.6000000238
116140  11.444  -67.224  3.632 0.6000000238
116269  27.468  -88.786  3.150 0.3000000119
117593  27.600  -85.230  -9.643 0.6999999881
117672  19.587  -83.415  0.349 0.5000000000
118069  16.877  -77.565  -8.943 0.5000000000
118358  16.267  -78.244  -2.835 0.5000000000
119238  25.464  -90.779  -8.427 0.3000000119
119530  18.493  -65.994  8.468 0.3000000119
119709  17.913  -80.810  -8.252 0.6000000238
119710  12.708  -74.415  3.139 0.6000000238
120005  26.808  -84.948  -9.641 0.6999999881
120185  27.122  -88.906  -9.946 0.4000000060
120264  25.933  -89.239  -5.786 0.5000000000
120348  23.177  -90.442  -10.088 0.5000000000
120949  13.292  -77.626  -4.394 0.5000000000
121376  17.820  -78.664  -9.207 0.6000000238
121693  16.718  -66.916  -0.727 0.5000000000
123530  12.367  -75.885  -6.619 0.5000000000
124618  16.480  -80.000  -2.636 0.6000000238
124726  14.368  -73.154  -0.831 0.8000000119
124898  13.879  -75.094  -3.079 0.6999999881
125342  26.681  -82.913  -7.513 0.6000000238
125517  13.741  -69.570  9.062 0.6000000238
126190  18.772  -87.381  2.956 0.6999999881
126862  25.114  -91.182  8.095 0.5000000000
127257  16.005  -72.078  0.456 0.6000000238
128104  21.796  -82.311  -1.754 0.5000000000
128164  19.425  -82.656  1.421 0.8000000119
128894  21.326  -83.018  3.660 0.6999999881
129036  20.547  -83.446  -8.316 0.6000000238
129189  17.150  -84.305  -0.275 0.6000000238
129310  9.097  -75.457  -5.699 0.5000000000
129329  11.632  -70.954  -3.148 0.6999999881
129378  15.121  -77.678  -4.176 0.5000000000
130323  9.864  -71.270  -1.705 0.5000000000
131093  12.577  -75.278  -2.785 0.6999999881
131391  16.615  -78.065  -8.789 0.5000000000
131686  29.758  -90.795  -2.063 0.3000000119
131927  24.725  -80.188  1.404 0.5000000000
132768  19.878  -78.811  -5.513 0.6000000238
132980  24.528  -84.638  -0.621 0.6000000238
133056  18.585  -86.142  3.118 0.6999999881
133506  18.944  -81.961  -8.720 0.6000000238
133732  27.274  -88.127  3.283 0.3000000119
133882  7.441  -74.412  -4.943 0.5000000000
134521  17.007  -68.848  0.030 0.4000000060
134754  15.109  -73.618  3.292 0.6000000238
135036  18.046  -68.543  9.823 0.5000000000
135141  18.834  -62.959  1.024 0.3000000119
135145  15.748  -84.823  -7.100 0.6000000238
135207  16.833  -79.532  -8.475 0.6999999881
135386  24.893  -80.480  0.094 0.6000000238
135457  23.725  -91.117  8.545 0.5000000000
135750  19.129  -67.859  9.119 0.3000000119
135872  24.129  -79.714  2.395 0.5000000000
135880  14.516  -77.551  -6.834 0.6000000238
136067  11.317  -67.649  5.078 0.5000000000
136226  12.530  -69.253  -2.023 0.8000000119
136408  24.259  -80.296  2.319 0.5000000000
136614  19.497  -88.656  2.449 0.6000000238
136637  19.382  -80.750  -8.973 0.6000000238
136668  26.795  -95.142  7.183 0.4000000060
136976  26.248  -91.628  7.993 0.4000000060
136994  16.583  -78.624  -5.160 0.6000000238
137142  7.876  -74.396  -5.352 0.5000000000
137292  25.495  -90.766  8.953 0.4000000060
137321  30.506  -89.575  -2.981 0.4000000060
137639  31.006  -93.030  9.839 0.3000000119
137747  17.766  -71.094  7.705 0.6999999881
138131  26.073  -97.035  7.386 0.4000000060
138142  15.461  -83.883  0.211 0.6999999881
