#!ascii label  , from subject sub-v1s9x0051351_ses-1 vox2ras=TkReg
1816
42158  -28.660  -21.768  95.851 0.4444440007
42157  -27.625  -21.260  95.176 0.5555559993
41055  -29.049  -22.577  95.312 0.4444440007
40071  -29.514  -23.283  94.752 0.4444440007
41054  -28.158  -22.066  94.669 0.5555559993
131956  -30.169  -23.624  95.546 0.4444440007
133484  -28.592  -22.738  94.208 0.4444440007
39107  -30.741  -24.695  95.031 0.4444440007
116924  -30.626  -25.383  95.414 0.3333329856
38242  -31.041  -25.361  94.515 0.4444440007
39106  -30.262  -24.041  94.645 0.4444440007
38230  -30.820  -25.978  95.271 0.3333329856
38231  -31.384  -25.975  94.525 0.4444440007
37291  -31.258  -26.621  94.991 0.3333329856
36316  -31.252  -27.449  95.184 0.3333329856
43338  -27.126  -20.278  95.723 0.5555559993
42156  -26.826  -20.661  94.431 0.4444440007
41063  -27.727  -22.286  93.596 0.5555559993
41069  -27.505  -22.368  92.641 0.4444440007
40081  -29.406  -23.703  93.754 0.4444440007
135175  -28.849  -23.241  93.788 0.5555559993
41070  -28.172  -22.894  93.251 0.4444440007
38241  -30.616  -24.881  93.985 0.4444440007
40080  -28.646  -23.450  93.006 0.5555559993
133516  -31.003  -25.433  93.955 0.5555559993
39119  -29.760  -24.354  93.439 0.5555559993
40089  -29.118  -23.941  92.910 0.5555559993
39130  -29.222  -24.471  92.304 0.6666669846
38248  -29.937  -25.071  92.875 0.5555559993
36319  -31.987  -27.117  94.377 0.3333329856
37299  -31.881  -26.446  94.172 0.3333329856
37298  -31.444  -25.927  93.910 0.4444440007
38249  -30.697  -25.729  93.262 0.5555559993
36323  -32.483  -27.015  93.766 0.3333329856
36337  -30.863  -27.221  91.606 0.3333329856
42174  -27.277  -21.542  93.987 0.4444440007
42173  -26.672  -20.880  93.309 0.3333329856
42185  -26.747  -20.920  92.330 0.3333329856
42186  -27.048  -21.702  92.961 0.4444440007
40100  -27.857  -23.031  91.325 0.4444440007
39129  -28.474  -23.749  92.020 0.5555559993
135974  -29.136  -24.709  91.601 0.6666669846
39135  -28.717  -24.315  91.314 0.6666669846
42259  -36.750  -21.961  85.784 0.7777780294
42260  -37.293  -21.763  85.366 0.7777780294
126165  -30.045  -25.762  92.186 0.4444440007
114810  -29.481  -25.122  91.854 0.4444440007
37317  -30.677  -26.452  92.390 0.4444440007
37316  -30.211  -26.377  91.421 0.3333329856
116494  -27.104  -21.704  92.174 0.4444440007
41078  -27.464  -22.184  91.644 0.4444440007
136462  -28.004  -22.866  90.428 0.6666669846
41121  -36.771  -22.792  88.062 0.6666669846
40101  -28.283  -23.591  90.834 0.6666669846
41122  -37.415  -23.126  88.051 0.7777780294
41133  -37.391  -22.907  87.474 0.7777780294
41148  -37.371  -22.641  87.038 0.7777780294
39136  -29.098  -24.922  90.869 0.6666669846
43454  -37.391  -20.404  84.085 0.8888890147
43455  -38.396  -20.082  84.450 0.8888890147
38255  -29.647  -25.684  91.157 0.3333329856
37324  -29.924  -26.263  90.431 0.4444440007
42261  -39.304  -21.794  85.709 0.7777780294
42195  -27.243  -20.945  91.599 0.3333329856
42204  -27.677  -21.400  91.021 0.4444440007
41084  -27.757  -22.166  90.710 0.5555559993
40103  -28.412  -23.190  89.752 0.6666669846
41112  -36.920  -23.300  88.271 0.7777780294
39140  -29.021  -24.716  89.725 0.6666669846
39139  -28.585  -24.166  90.255 0.6666669846
115918  -37.355  -23.568  87.960 0.3333329856
42258  -36.195  -22.004  86.077 0.7777780294
38269  -29.548  -25.215  89.217 0.3333329856
39193  -36.851  -24.125  86.331 0.3333329856
42275  -35.491  -21.564  84.587 0.6666669846
42276  -36.104  -21.328  84.431 0.6666669846
42277  -36.718  -20.947  84.118 0.8888890147
44510  -37.166  -19.526  83.765 0.8888890147
37339  -30.573  -26.760  89.785 0.2222220004
37338  -29.908  -25.990  89.498 0.3333329856
41163  -34.626  -21.753  84.460 0.6666669846
115252  -34.568  -21.325  83.690 0.6666669846
121658  -35.240  -21.178  83.784 0.6666669846
43444  -38.442  -20.818  84.821 0.7777780294
36363  -31.677  -27.446  89.640 0.2222220004
132623  -30.402  -26.274  89.066 0.2222220004
42262  -40.360  -22.067  85.813 0.5555559993
119164  -39.701  -20.970  85.333 0.6666669846
136281  -40.110  -19.857  85.275 0.6666669846
37340  -31.093  -26.772  88.965 0.1111110002
42205  -28.265  -21.148  90.521 0.5555559993
42216  -28.744  -21.549  89.960 0.6666669846
41093  -28.840  -22.372  89.542 0.6666669846
41111  -36.738  -22.834  88.824 0.6666669846
41120  -35.623  -22.410  88.004 0.6666669846
41085  -28.244  -22.178  89.930 0.6666669846
39143  -28.802  -23.941  89.468 0.5555559993
40104  -29.036  -23.327  89.156 0.4444440007
40128  -36.783  -23.917  87.939 0.3333329856
41132  -36.379  -22.305  87.179 0.7777780294
40137  -36.586  -24.061  86.985 0.3333329856
41147  -34.720  -22.002  85.361 0.6666669846
45533  -36.940  -18.612  83.985 0.8888890147
45523  -37.719  -18.252  84.498 0.8888890147
38280  -29.829  -25.016  88.731 0.3333329856
39178  -35.091  -24.197  86.798 0.3333329856
132540  -35.747  -24.225  85.593 0.3333329856
43452  -34.678  -20.618  83.369 0.6666669846
43453  -35.607  -20.682  83.644 0.7777780294
44509  -36.197  -19.995  83.489 0.8888890147
44511  -38.153  -19.117  84.319 0.8888890147
116308  -39.044  -18.506  84.984 0.8888890147
38270  -30.080  -25.680  88.857 0.2222220004
39192  -34.655  -24.351  85.562 0.3333329856
46467  -39.624  -18.007  86.143 0.7777780294
37355  -30.706  -26.115  88.665 0.2222220004
134378  -40.714  -19.484  85.530 0.6666669846
36378  -32.434  -27.301  88.733 0.2222220004
42206  -29.212  -20.444  90.695 0.6666669846
42218  -30.714  -20.525  90.649 0.6666669846
43388  -28.800  -19.821  91.137 0.4444440007
41095  -30.598  -21.832  89.646 0.6666669846
41106  -36.599  -22.585  89.753 0.6666669846
41094  -29.571  -22.620  89.233 0.5555559993
40122  -36.687  -23.168  89.254 0.6666669846
135369  -35.857  -22.373  88.771 0.5555559993
39150  -30.024  -24.447  88.597 0.4444440007
40121  -36.642  -23.570  88.649 0.4444440007
116109  -35.190  -22.194  87.091 0.5555559993
39166  -35.440  -23.992  87.776 0.3333329856
116240  -34.577  -22.124  86.033 0.6666669846
46466  -38.154  -17.407  85.218 0.8888890147
38281  -30.513  -25.343  88.530 0.2222220004
39177  -33.860  -24.355  86.888 0.3333329856
41162  -33.596  -22.093  84.145 0.4444440007
115276  -36.121  -18.982  83.602 0.7777780294
37356  -31.618  -26.459  88.477 0.2222220004
127187  -33.635  -24.497  85.922 0.3333329856
39191  -33.378  -24.554  85.100 0.3333329856
42273  -32.909  -21.737  83.407 0.5555559993
43450  -33.086  -20.823  83.007 0.5555559993
39205  -33.757  -24.489  84.432 0.3333329856
121236  -33.574  -28.309  88.414 0.1111110002
36379  -33.309  -27.649  87.963 0.1111110002
39204  -32.565  -24.696  84.439 0.3333329856
36391  -33.897  -28.512  87.531 0.1111110002
124136  -30.301  -19.699  91.125 0.6666669846
42230  -35.877  -21.779  90.511 0.6666669846
41099  -36.337  -22.573  90.501 0.6666669846
41103  -31.132  -22.807  89.117 0.5555559993
40107  -36.463  -23.096  90.372 0.5555559993
40108  -36.686  -23.051  90.048 0.5555559993
41102  -30.203  -22.931  88.951 0.4444440007
39155  -35.543  -23.673  88.628 0.4444440007
40116  -36.538  -23.363  89.536 0.4444440007
40111  -29.698  -23.575  88.821 0.4444440007
40113  -31.571  -23.616  88.699 0.4444440007
39151  -30.952  -24.503  88.466 0.2222220004
113240  -36.774  -17.714  84.587 0.8888890147
117238  -32.703  -24.769  86.197 0.3333329856
45522  -35.894  -18.113  84.142 0.8888890147
115566  -31.173  -25.909  88.368 0.2222220004
131551  -35.355  -19.251  83.447 0.7777780294
118895  -38.943  -17.081  86.332 0.8888890147
119358  -37.898  -16.485  86.147 0.8888890147
37371  -31.857  -26.116  88.043 0.2222220004
126857  -32.590  -24.763  85.339 0.3333329856
37357  -32.621  -26.824  87.993 0.2222220004
39203  -31.918  -25.291  84.811 0.3333329856
46458  -39.877  -17.433  86.391 0.6666669846
36390  -33.353  -27.631  87.162 0.2222220004
131326  -40.561  -17.716  86.180 0.5555559993
42219  -31.678  -20.624  90.657 0.6666669846
42220  -32.877  -20.845  90.757 0.4444440007
41086  -34.177  -21.200  91.192 0.6666669846
41104  -32.384  -22.765  89.320 0.4444440007
41097  -33.340  -21.901  90.181 0.4444440007
120803  -34.865  -22.185  90.824 0.4444440007
41098  -35.938  -22.410  90.880 0.5555559993
40114  -32.792  -23.516  88.834 0.4444440007
40105  -33.861  -22.776  89.655 0.4444440007
40106  -35.442  -23.000  90.307 0.4444440007
39152  -31.986  -24.334  88.418 0.4444440007
39154  -34.225  -23.773  88.529 0.4444440007
39176  -32.797  -24.738  87.135 0.3333329856
39165  -34.102  -24.157  87.805 0.3333329856
117087  -35.818  -17.322  84.664 1.0000000000
38282  -31.505  -25.281  88.214 0.2222220004
45532  -35.221  -18.486  83.701 0.8888890147
46465  -36.836  -16.818  85.241 1.0000000000
37372  -32.397  -26.363  87.389 0.2222220004
38315  -32.095  -25.422  85.600 0.3333329856
47483  -38.563  -16.199  86.788 0.8888890147
46451  -39.140  -16.462  86.633 0.8888890147
46459  -40.710  -17.408  85.792 0.2222220004
47484  -40.274  -16.823  86.121 0.6666669846
123068  -32.569  -19.811  91.286 0.6666669846
42207  -33.585  -20.191  91.279 0.6666669846
39153  -33.021  -24.128  88.479 0.4444440007
40115  -34.192  -23.478  89.191 0.4444440007
39163  -32.239  -24.779  88.116 0.3333329856
39164  -32.838  -24.618  87.898 0.3333329856
38294  -32.038  -25.538  87.780 0.2222220004
38295  -32.303  -25.556  87.314 0.3333329856
47490  -35.857  -16.378  85.106 0.8888890147
37380  -32.276  -25.511  86.445 0.3333329856
48559  -37.784  -15.692  87.012 0.8888890147
132399  -32.242  -26.140  86.644 0.2222220004
48549  -39.023  -15.792  86.823 0.7777780294
116394  -32.763  -27.111  86.342 0.2222220004
48561  -39.452  -15.867  86.303 0.5555559993
49775  -36.238  -15.442  85.766 1.0000000000
48558  -36.880  -15.443  86.621 0.8888890147
48548  -38.406  -14.687  87.392 0.7777780294
48560  -38.935  -14.861  86.867 0.7777780294
49796  -39.312  -14.972  84.704 0.5555559993
48583  -39.161  -15.094  83.389 0.3333329856
47497  -35.364  -16.063  84.128 0.7777780294
125791  -36.564  -14.746  86.535 0.8888890147
49776  -36.597  -13.789  86.319 1.0000000000
48537  -37.681  -14.267  87.664 0.8888890147
50932  -37.368  -12.861  87.015 0.8888890147
50933  -38.210  -12.607  87.462 0.8888890147
52143  -38.095  -11.798  87.233 0.8888890147
49795  -38.854  -13.860  85.230 0.7777780294
49823  -38.852  -14.912  82.329 0.2222220004
124420  -38.673  -14.289  82.974 0.5555559993
49832  -38.670  -14.822  81.400 0.2222220004
124154  -38.518  -13.904  82.209 0.4444440007
115544  -38.521  -14.038  81.069 0.1111110002
115021  -38.484  -14.077  80.094 0.1111110002
48570  -35.699  -15.389  84.838 0.8888890147
49793  -36.089  -14.584  85.535 1.0000000000
49809  -35.794  -14.471  84.551 1.0000000000
52154  -37.708  -11.968  86.533 0.8888890147
50948  -38.469  -12.486  86.868 0.7777780294
52156  -38.339  -11.852  86.226 0.8888890147
50967  -38.578  -12.623  85.799 0.7777780294
50982  -38.440  -12.728  84.554 0.7777780294
121920  -38.444  -13.334  83.359 0.6666669846
125076  -38.437  -13.198  81.715 0.5555559993
51017  -38.491  -13.335  80.685 0.5555559993
51026  -38.458  -13.259  79.711 0.2222220004
49794  -36.333  -13.692  85.261 1.0000000000
50966  -36.955  -12.892  84.925 1.0000000000
52161  -37.684  -12.044  85.716 1.0000000000
50981  -36.937  -12.872  83.927 1.0000000000
52162  -38.344  -11.995  85.412 0.8888890147
52167  -37.672  -12.260  84.686 1.0000000000
52169  -38.286  -12.357  83.990 0.8888890147
52168  -38.280  -12.056  84.477 0.8888890147
121931  -38.315  -12.705  82.959 0.8888890147
126614  -38.200  -12.167  83.735 0.8888890147
124359  -38.386  -12.490  82.314 0.6666669846
115454  -38.459  -12.629  81.313 0.5555559993
114391  -38.505  -12.728  80.401 0.5555559993
49810  -36.215  -13.662  84.229 1.0000000000
52175  -37.776  -12.153  83.729 1.0000000000
52177  -38.215  -11.929  83.316 1.0000000000
52188  -38.408  -11.985  82.260 0.7777780294
52203  -38.524  -12.006  80.842 0.5555559993
135637  -37.024  -12.918  83.131 1.0000000000
52187  -37.480  -12.124  82.482 1.0000000000
52176  -38.169  -12.101  83.353 1.0000000000
53348  -38.631  -11.438  82.098 0.6666669846
53355  -38.669  -11.698  79.852 0.6666669846
53325  -37.621  -11.306  83.034 1.0000000000
53347  -37.248  -11.046  81.460 1.0000000000
53334  -38.406  -11.343  83.617 1.0000000000
53326  -37.884  -11.103  84.008 1.0000000000
54556  -38.951  -11.182  79.820 0.6666669846
54544  -38.819  -11.349  80.778 0.6666669846
54516  -37.950  -10.643  84.033 1.0000000000
54517  -38.301  -10.489  84.203 0.8888890147
131162  -38.366  -10.155  84.352 1.0000000000
54527  -38.867  -10.685  83.353 0.7777780294
54511  -38.708  -9.823  84.527 0.8888890147
128142  -38.990  -10.963  81.811 0.7777780294
54528  -39.368  -10.354  82.429 0.7777780294
54518  -39.012  -10.023  84.307 0.8888890147
124313  -39.349  -10.779  80.843 0.6666669846
54567  -38.999  -11.114  79.055 0.5555559993
54557  -39.504  -10.834  79.756 0.5555559993
53357  -42.644  -11.199  79.495 0.2222220004
53358  -43.410  -11.383  79.976 0.3333329856
53372  -43.246  -11.625  78.930 0.3333329856
54526  -37.586  -10.362  82.491 1.0000000000
55756  -38.041  -9.971  83.767 1.0000000000
127760  -38.524  -9.562  84.498 1.0000000000
55745  -38.748  -9.355  84.469 1.0000000000
55768  -39.627  -9.689  83.050 0.7777780294
55782  -39.915  -10.034  81.637 0.6666669846
55760  -42.706  -8.737  83.701 0.8888890147
54545  -39.883  -10.477  80.432 0.6666669846
54548  -42.695  -10.368  81.644 0.5555559993
54531  -42.847  -9.587  83.255 0.6666669846
54519  -43.490  -9.488  83.470 0.7777780294
54568  -39.862  -10.946  78.983 0.1111110002
54558  -40.303  -10.680  79.746 0.4444440007
54569  -40.791  -11.012  79.051 0.2222220004
54559  -42.139  -10.768  80.238 0.3333329856
54560  -42.958  -10.877  80.435 0.3333329856
54532  -43.763  -10.543  82.928 0.6666669846
53356  -41.705  -11.148  79.247 0.2222220004
131686  -43.598  -11.171  81.397 0.3333329856
53359  -44.000  -11.712  80.538 0.3333329856
52214  -43.996  -11.937  79.583 0.2222220004
55767  -38.342  -8.933  82.892 1.0000000000
56994  -38.938  -9.160  84.499 1.0000000000
55771  -42.179  -9.050  83.589 0.7777780294
55746  -42.409  -8.306  83.709 0.8888890147
54529  -40.885  -9.789  81.989 0.6666669846
54530  -41.915  -9.674  82.492 0.5555559993
54546  -40.583  -10.352  80.711 0.5555559993
116473  -41.189  -10.689  79.938 0.3333329856
54547  -41.562  -10.293  81.080 0.4444440007
113922  -43.955  -9.462  83.475 0.8888890147
54520  -44.309  -10.466  83.166 0.8888890147
55762  -44.435  -10.137  83.189 0.8888890147
53335  -44.323  -11.479  82.575 0.5555559993
53327  -44.514  -11.283  82.964 0.6666669846
53349  -44.401  -12.063  81.699 0.3333329856
52215  -44.515  -12.539  80.610 0.3333329856
119664  -44.494  -12.912  79.546 0.2222220004
55766  -37.925  -9.548  82.316 1.0000000000
57004  -39.525  -8.466  83.898 1.0000000000
55757  -39.502  -9.098  84.054 0.8888890147
55770  -41.311  -9.045  83.336 0.8888890147
55769  -40.312  -9.238  83.060 0.7777780294
55759  -41.865  -8.342  83.762 0.8888890147
57013  -42.380  -7.857  83.105 1.0000000000
57007  -42.603  -8.266  83.629 0.8888890147
55761  -43.156  -8.761  83.604 0.8888890147
55772  -43.873  -8.838  83.246 0.8888890147
53328  -44.821  -11.523  83.042 0.7777780294
55773  -44.494  -9.459  82.875 0.8888890147
54522  -45.217  -11.192  82.900 0.7777780294
54533  -45.511  -10.661  82.203 0.8888890147
53336  -44.856  -12.199  82.689 0.4444440007
53337  -45.380  -12.000  82.675 0.6666669846
127965  -45.602  -11.466  82.331 0.7777780294
53338  -46.032  -11.981  82.012 0.7777780294
52204  -44.867  -13.011  81.792 0.2222220004
52189  -45.519  -12.702  82.095 0.3333329856
53350  -46.314  -11.980  81.155 0.7777780294
51018  -45.808  -13.477  81.116 0.2222220004
136569  -44.890  -13.401  80.486 0.2222220004
57021  -38.139  -8.916  81.486 1.0000000000
58110  -38.844  -8.194  82.731 1.0000000000
133331  -39.091  -7.818  82.131 1.0000000000
58098  -39.317  -7.955  83.151 1.0000000000
58111  -39.632  -7.578  82.325 1.0000000000
58099  -40.039  -7.742  83.465 1.0000000000
58112  -40.471  -7.533  82.648 1.0000000000
57005  -40.319  -8.117  83.829 0.8888890147
58100  -40.932  -7.795  83.581 1.0000000000
57012  -41.447  -7.635  82.916 1.0000000000
55758  -40.585  -8.381  83.716 0.8888890147
118585  -41.196  -8.031  83.768 0.8888890147
57006  -41.892  -7.991  83.694 0.8888890147
57014  -43.137  -8.330  83.188 1.0000000000
57026  -42.814  -8.165  82.115 1.0000000000
135401  -44.228  -8.938  82.611 0.8888890147
55786  -44.523  -9.243  81.691 1.0000000000
55763  -44.960  -10.309  82.838 0.8888890147
55787  -45.212  -9.820  82.038 1.0000000000
55798  -45.220  -9.868  80.861 1.0000000000
54549  -45.701  -10.447  81.209 1.0000000000
55808  -45.161  -9.991  79.641 1.0000000000
51007  -45.840  -13.128  81.618 0.3333329856
51008  -45.882  -13.140  81.733 0.5555559993
52191  -46.057  -12.843  81.462 0.6666669846
54550  -46.257  -11.086  80.683 0.8888890147
54561  -45.840  -10.469  80.188 1.0000000000
51019  -45.899  -13.355  81.209 0.4444440007
136012  -46.459  -12.508  80.762 0.6666669846
54570  -45.883  -10.503  79.128 1.0000000000
136838  -45.684  -13.827  80.388 0.2222220004
53373  -46.931  -11.447  79.455 0.8888890147
51027  -45.930  -13.740  80.623 0.2222220004
117698  -46.285  -13.534  80.814 0.2222220004
49851  -46.035  -13.943  79.928 0.2222220004
57022  -38.619  -8.221  81.464 1.0000000000
57023  -39.157  -7.735  81.193 1.0000000000
57024  -39.892  -7.644  81.330 1.0000000000
57025  -41.909  -7.868  81.888 1.0000000000
57034  -41.331  -8.358  80.565 1.0000000000
55785  -43.703  -8.637  82.161 1.0000000000
55784  -43.100  -8.650  81.123 1.0000000000
127545  -43.711  -9.150  80.758 1.0000000000
55797  -44.462  -9.568  80.255 1.0000000000
51009  -46.144  -13.334  81.087 0.3333329856
136067  -46.325  -13.041  80.674 0.6666669846
54562  -46.498  -10.980  79.783 1.0000000000
53361  -46.763  -12.324  80.049 0.5555559993
54571  -46.752  -10.729  78.902 1.0000000000
123934  -46.297  -13.403  80.058 0.2222220004
52216  -46.689  -12.833  79.746 0.4444440007
53374  -47.227  -11.982  79.220 0.5555559993
54572  -47.339  -10.976  78.526 0.6666669846
51028  -46.567  -13.297  79.342 0.4444440007
52227  -47.055  -12.811  78.672 0.4444440007
53385  -47.528  -11.716  78.207 0.5555559993
52237  -47.617  -12.538  77.705 0.2222220004
51049  -47.418  -13.503  77.974 0.2222220004
57031  -38.635  -8.086  80.221 1.0000000000
57032  -39.265  -7.916  80.268 1.0000000000
114387  -40.870  -7.702  81.604 1.0000000000
57033  -40.163  -8.180  80.244 1.0000000000
55783  -42.331  -8.487  80.842 1.0000000000
55795  -42.899  -9.138  79.951 1.0000000000
117376  -43.225  -9.536  79.013 1.0000000000
55796  -43.747  -9.494  79.600 1.0000000000
133711  -43.922  -9.661  78.640 1.0000000000
113526  -45.044  -9.717  78.337 1.0000000000
55822  -45.734  -9.790  77.365 1.0000000000
55823  -46.669  -9.977  77.535 1.0000000000
124204  -47.798  -10.804  77.723 0.6666669846
54580  -47.652  -10.392  77.728 0.6666669846
54579  -47.079  -10.318  78.144 1.0000000000
53386  -48.174  -11.389  77.452 0.3333329856
55824  -47.985  -9.950  77.340 1.0000000000
127052  -47.982  -13.282  77.402 0.2222220004
52238  -48.475  -12.459  77.161 0.2222220004
136844  -48.382  -10.592  77.495 0.5555559993
127929  -48.479  -10.121  77.477 0.5555559993
55842  -48.218  -9.601  76.888 0.7777780294
53387  -49.348  -11.421  77.267 0.3333329856
54581  -49.194  -10.373  77.443 0.5555559993
52248  -49.602  -12.491  76.831 0.2222220004
124675  -39.357  -8.246  79.554 1.0000000000
55794  -41.883  -9.008  79.694 1.0000000000
55807  -42.480  -9.433  78.844 0.8888890147
113849  -43.154  -9.683  78.168 0.8888890147
55841  -46.271  -9.813  76.708 1.0000000000
55860  -46.730  -9.812  76.048 1.0000000000
120625  -47.267  -9.800  76.943 1.0000000000
55825  -48.709  -9.684  77.235 0.6666669846
53388  -50.010  -10.543  77.309 0.5555559993
54587  -50.038  -9.718  77.280 0.6666669846
55843  -49.169  -9.305  76.826 0.7777780294
55845  -50.578  -9.329  76.713 0.5555559993
55821  -43.940  -9.635  77.632 1.0000000000
55839  -44.729  -9.595  76.904 0.8888890147
55840  -45.492  -9.710  76.539 0.8888890147
55859  -45.813  -9.864  75.806 0.8888890147
54599  -47.134  -10.001  75.376 0.8888890147
55862  -49.071  -9.385  75.922 0.8888890147
55864  -50.629  -8.827  76.299 0.6666669846
54589  -51.037  -9.841  76.444 0.5555559993
54600  -48.105  -9.811  75.407 1.0000000000
55863  -49.977  -8.905  76.312 0.8888890147
55879  -51.155  -8.523  75.593 0.7777780294
55877  -49.709  -9.023  75.497 0.8888890147
54614  -48.319  -10.091  74.535 1.0000000000
54613  -47.438  -10.278  74.641 1.0000000000
129934  -49.248  -9.647  74.576 0.8888890147
55878  -51.046  -8.081  75.050 0.7777780294
54615  -50.198  -8.707  74.886 1.0000000000
57075  -51.557  -8.092  74.747 0.7777780294
54635  -49.611  -9.669  73.711 0.7777780294
55889  -50.558  -8.540  74.111 0.8888890147
57080  -51.394  -7.963  74.288 0.8888890147
54653  -48.901  -10.650  72.927 0.7777780294
55905  -50.125  -9.539  72.334 0.6666669846
55896  -50.780  -8.441  73.232 0.7777780294
57097  -51.330  -7.993  72.789 0.6666669846
58179  -52.502  -7.067  72.396 0.4444440007
58189  -52.713  -6.947  71.707 0.2222220004
57109  -52.617  -7.260  70.840 0.2222220004
58190  -53.398  -6.615  71.337 0.3333329856
58202  -53.931  -6.394  70.457 0.3333329856
58213  -54.032  -6.486  69.442 0.3333329856
59292  -54.565  -6.435  69.859 0.3333329856
117523  -49.632  -10.271  71.874 0.6666669846
54654  -49.553  -10.103  72.643 0.7777780294
55906  -50.667  -8.970  72.013 0.5555559993
55915  -50.715  -9.393  70.950 0.5555559993
57107  -51.295  -8.415  71.695 0.5555559993
55916  -51.357  -8.811  70.609 0.5555559993
57108  -51.987  -7.650  71.437 0.4444440007
57120  -52.039  -8.297  70.238 0.3333329856
57121  -52.640  -7.699  69.862 0.3333329856
58201  -53.199  -6.879  70.470 0.2222220004
57133  -53.448  -7.248  68.871 0.3333329856
58214  -54.924  -5.890  69.062 0.3333329856
53466  -49.360  -10.766  71.226 0.6666669846
54668  -50.062  -10.023  71.300 0.6666669846
119482  -49.676  -10.617  70.578 0.6666669846
55928  -51.450  -9.172  69.606 0.5555559993
57131  -52.064  -8.590  69.223 0.4444440007
57132  -52.749  -7.953  68.941 0.4444440007
54679  -50.246  -10.233  70.329 0.6666669846
54694  -50.325  -10.370  69.463 0.5555559993
55927  -50.834  -9.692  69.988 0.5555559993
55942  -50.882  -9.898  69.078 0.5555559993
55943  -51.483  -9.372  68.651 0.4444440007
55944  -52.170  -8.789  68.264 0.5555559993
57144  -53.046  -8.052  67.993 0.4444440007
57145  -54.072  -6.729  68.358 0.3333329856
58224  -54.849  -6.012  68.056 0.4444440007
58237  -54.995  -5.937  67.122 0.4444440007
59312  -55.473  -5.880  67.946 0.4444440007
55961  -52.298  -8.922  67.281 0.4444440007
122311  -52.976  -8.410  66.940 0.4444440007
59328  -55.481  -5.553  66.399 0.3333329856
59347  -57.221  -5.170  64.051 0.2222220004
59362  -59.160  -5.710  61.666 0.2222220004
58301  -59.693  -6.562  59.452 0.2222220004
57168  -53.568  -7.848  65.555 0.3333329856
58248  -54.238  -7.098  66.293 0.3333329856
114839  -54.222  -7.095  65.222 0.3333329856
58249  -54.777  -6.417  66.096 0.3333329856
120951  -54.890  -6.305  65.548 0.3333329856
59339  -56.322  -5.264  65.270 0.2222220004
59338  -55.475  -5.759  65.448 0.2222220004
117988  -56.926  -5.060  64.765 0.2222220004
59346  -56.339  -5.573  64.335 0.2222220004
59355  -57.544  -5.500  63.252 0.2222220004
58279  -58.726  -5.615  61.889 0.2222220004
58293  -58.733  -6.109  60.550 0.2222220004
59368  -59.058  -5.798  61.098 0.2222220004
58294  -59.313  -6.175  60.299 0.2222220004
57157  -52.991  -8.518  66.007 0.3333329856
58261  -54.674  -6.587  64.753 0.2222220004
59354  -56.498  -5.855  63.517 0.2222220004
58278  -57.647  -5.923  62.251 0.2222220004
58284  -58.247  -6.019  61.335 0.2222220004
58300  -59.424  -6.312  59.621 0.2222220004
57226  -59.700  -6.516  58.751 0.2222220004
118170  -60.030  -6.583  58.562 0.2222220004
57167  -52.830  -8.319  64.968 0.3333329856
58260  -53.330  -7.527  64.435 0.1111110002
132640  -53.880  -7.085  64.234 0.2222220004
126521  -54.265  -6.922  63.831 0.2222220004
58267  -55.433  -6.131  64.565 0.2222220004
58268  -55.413  -6.480  63.720 0.2222220004
117031  -56.725  -6.187  62.812 0.2222220004
115169  -56.380  -6.988  62.155 0.2222220004
57203  -57.102  -7.035  61.554 0.2222220004
58299  -58.999  -6.153  59.940 0.2222220004
58276  -54.357  -7.098  63.114 0.2222220004
58277  -55.593  -6.866  62.826 0.3333329856
133909  -55.479  -7.676  62.119 0.2222220004
58292  -57.672  -7.012  60.868 0.3333329856
57217  -58.184  -6.936  60.145 0.2222220004
116495  -58.734  -6.808  59.351 0.2222220004
58308  -60.062  -6.542  58.102 0.2222220004
116190  -60.117  -6.866  57.763 0.2222220004
57289  -60.429  -8.011  54.315 0.2222220004
58359  -60.125  -7.693  54.093 0.2222220004
57192  -53.380  -7.649  62.698 0.2222220004
127675  -53.977  -8.557  62.015 0.2222220004
57193  -54.597  -7.746  62.438 0.3333329856
57202  -54.991  -8.470  61.806 0.2222220004
57194  -56.043  -8.071  61.547 0.3333329856
56042  -55.413  -9.086  61.221 0.2222220004
57215  -56.279  -8.690  60.870 0.3333329856
130563  -56.806  -7.868  61.087 0.3333329856
56061  -56.645  -8.994  60.158 0.3333329856
57225  -57.540  -8.091  59.784 0.3333329856
57235  -59.623  -6.731  57.908 0.2222220004
57234  -58.741  -7.279  58.445 0.2222220004
57244  -58.547  -7.991  57.688 0.3333329856
58319  -59.966  -7.512  57.111 0.2222220004
58334  -59.733  -7.578  56.820 0.2222220004
57245  -59.318  -7.518  57.219 0.3333329856
58335  -59.997  -7.661  56.310 0.2222220004
58348  -60.077  -7.813  55.310 0.2222220004
58358  -59.591  -7.590  53.812 0.2222220004
58379  -60.334  -7.318  52.299 0.2222220004
58366  -59.582  -7.482  52.983 0.2222220004
58378  -59.534  -7.316  52.186 0.2222220004
58393  -58.212  -7.504  50.953 0.2222220004
56060  -55.733  -9.521  60.479 0.3333329856
56075  -57.740  -8.334  59.048 0.3333329856
57261  -58.991  -7.891  56.367 0.3333329856
58347  -59.482  -7.696  54.772 0.3333329856
116141  -59.625  -7.743  55.859 0.3333329856
57276  -58.723  -8.111  55.472 0.3333329856
57288  -58.844  -7.840  54.132 0.3333329856
57314  -58.639  -7.796  52.659 0.2222220004
58377  -58.459  -7.677  51.847 0.2222220004
58405  -56.324  -7.676  50.115 0.2222220004
131382  -57.003  -9.103  59.516 0.3333329856
56084  -57.699  -8.701  58.245 0.3333329856
125528  -58.360  -8.320  54.656 0.3333329856
57299  -57.901  -8.518  53.829 0.2222220004
57330  -56.660  -8.367  51.533 0.2222220004
57313  -57.516  -8.313  52.266 0.2222220004
58392  -57.026  -7.993  50.813 0.2222220004
57341  -55.980  -8.202  50.817 0.2222220004
56074  -56.794  -9.495  58.765 0.3333329856
56095  -57.568  -8.998  57.443 0.3333329856
123641  -58.041  -8.688  56.057 0.3333329856
54912  -54.762  -10.168  56.029 0.2222220004
56134  -54.761  -9.946  55.195 0.2222220004
56135  -55.586  -9.741  55.143 0.2222220004
57275  -57.758  -8.783  55.223 0.3333329856
56148  -55.276  -9.635  54.498 0.2222220004
56161  -55.792  -9.422  53.991 0.2222220004
57312  -56.299  -8.682  52.322 0.2222220004
115028  -57.035  -8.737  53.092 0.2222220004
127220  -55.862  -9.204  53.134 0.2222220004
57311  -55.235  -8.804  52.315 0.2222220004
54861  -56.121  -10.048  58.084 0.2222220004
56083  -56.855  -9.518  57.879 0.3333329856
56094  -56.709  -9.551  57.101 0.3333329856
56137  -57.147  -9.269  55.753 0.3333329856
56111  -57.364  -9.173  56.611 0.3333329856
56150  -56.936  -9.281  54.914 0.2222220004
56149  -56.093  -9.510  54.653 0.3333329856
57287  -56.750  -9.165  53.992 0.2222220004
136638  -57.518  -8.848  54.518 0.2222220004
56136  -56.295  -9.592  55.446 0.3333329856
58215  -55.236  -5.978  68.908 0.3333329856
59294  -54.996  -6.009  69.399 0.3333329856
58236  -54.228  -6.866  67.317 0.4444440007
57158  -53.586  -7.844  66.567 0.4444440007
128076  -53.552  -7.649  67.413 0.5555559993
41056  -29.850  -23.035  95.902 0.4444440007
119747  -31.934  -27.791  94.649 0.3333329856
40096  -27.907  -23.049  92.330 0.4444440007
37308  -31.961  -26.615  93.687 0.3333329856
37307  -31.361  -26.518  93.217 0.5555559993
35406  -32.895  -27.674  93.893 0.3333329856
43350  -26.558  -19.882  93.803 0.3333329856
43443  -37.934  -21.340  84.942 0.8888890147
37325  -30.474  -26.843  90.746 0.3333329856
38262  -29.434  -25.517  90.118 0.4444440007
39144  -29.365  -24.315  88.990 0.4444440007
42274  -33.744  -21.528  83.585 0.6666669846
43451  -33.822  -20.646  83.179 0.6666669846
44504  -40.926  -20.125  85.270 0.5555559993
43387  -27.910  -20.458  91.149 0.4444440007
45524  -40.165  -19.198  85.658 0.7777780294
42217  -29.589  -21.329  89.992 0.6666669846
40112  -30.504  -23.681  88.674 0.4444440007
41146  -33.305  -22.316  84.865 0.4444440007
44508  -35.039  -19.909  83.268 0.7777780294
41096  -31.938  -21.805  89.852 0.6666669846
125063  -35.669  -23.425  89.606 0.4444440007
47482  -36.925  -16.028  85.949 0.8888890147
47476  -39.769  -16.788  86.395 0.7777780294
47475  -38.506  -15.618  87.095 0.8888890147
48571  -39.745  -15.933  85.554 0.5555559993
48547  -37.993  -14.951  87.563 0.8888890147
36423  -32.871  -28.062  85.343 0.2222220004
119923  -37.300  -14.957  87.353 0.8888890147
49748  -38.134  -13.536  87.673 0.8888890147
49777  -38.854  -13.725  86.477 0.7777780294
49762  -38.508  -13.611  87.293 0.7777780294
49778  -39.278  -14.944  85.993 0.5555559993
49811  -38.722  -14.083  83.947 0.6666669846
49761  -37.007  -14.057  87.288 0.8888890147
50920  -37.954  -12.634  87.617 0.8888890147
50947  -37.083  -12.824  85.959 1.0000000000
52144  -38.126  -11.732  87.107 0.8888890147
52155  -38.200  -11.747  86.498 1.0000000000
136344  -38.369  -11.906  85.328 0.7777780294
52163  -38.391  -11.805  84.760 0.7777780294
120691  -37.346  -12.516  82.744 1.0000000000
53333  -37.190  -11.892  81.628 1.0000000000
57003  -38.891  -8.611  83.859 1.0000000000
54521  -44.771  -10.937  83.124 0.7777780294
56995  -39.376  -8.740  84.054 1.0000000000
54534  -45.931  -11.279  81.560 1.0000000000
52178  -45.202  -12.204  82.735 0.5555559993
52190  -45.584  -12.622  82.117 0.6666669846
135698  -44.444  -9.715  79.259 1.0000000000
53360  -46.596  -11.745  80.293 1.0000000000
54578  -46.162  -10.249  78.224 1.0000000000
51036  -46.363  -13.776  79.323 0.2222220004
128157  -47.366  -10.072  77.582 1.0000000000
55826  -49.340  -9.599  77.328 0.6666669846
55806  -41.535  -9.367  78.621 0.8888890147
54598  -46.414  -10.007  75.356 0.8888890147
55861  -47.627  -9.726  76.166 1.0000000000
113394  -48.437  -9.546  76.275 0.8888890147
53401  -50.396  -11.372  76.822 0.3333329856
55844  -50.034  -9.152  76.894 0.6666669846
55858  -44.950  -9.780  75.969 0.8888890147
55865  -50.994  -9.001  76.305 0.6666669846
54601  -51.294  -9.461  75.970 0.5555559993
134498  -48.889  -9.629  75.157 0.8888890147
115050  -50.606  -8.584  75.691 0.8888890147
120564  -48.656  -10.375  73.773 0.8888890147
55895  -50.135  -9.292  73.174 0.7777780294
57086  -51.586  -7.762  73.678 0.8888890147
57098  -51.854  -7.428  72.520 0.4444440007
58212  -53.355  -7.087  69.669 0.3333329856
54728  -51.487  -9.571  67.596 0.4444440007
59321  -55.744  -5.386  67.213 0.3333329856
59329  -55.999  -5.086  66.097 0.3333329856
59322  -56.068  -5.143  66.817 0.3333329856
59356  -58.355  -5.529  62.739 0.2222220004
57216  -57.163  -8.028  60.509 0.3333329856
58318  -59.941  -6.895  57.632 0.2222220004
58367  -60.175  -7.526  53.192 0.2222220004
56041  -54.478  -9.324  61.461 0.1111110002
120498  -58.295  -8.464  56.914 0.3333329856
57300  -58.759  -7.838  53.446 0.2222220004
58406  -57.406  -7.459  50.149 0.2222220004
57331  -57.556  -8.042  51.469 0.2222220004
120717  -57.973  -8.342  53.043 0.2222220004
57329  -55.603  -8.506  51.579 0.2222220004
43446  -41.031  -21.091  85.221 0.1111110002
45525  -40.864  -18.997  85.603 0.3333329856
43456  -40.936  -20.813  84.546 0.1111110002
129796  -41.095  -19.550  85.081 0.1111110002
45517  -40.510  -18.290  86.141 0.5555559993
43467  -40.334  -20.366  83.446 0.1111110002
44512  -40.920  -20.093  84.273 0.1111110002
45526  -41.025  -18.759  85.593 0.2222220004
43445  -40.784  -21.165  85.493 0.4444440007
42263  -40.615  -21.883  85.542 0.4444440007
42279  -40.757  -21.646  84.858 0.2222220004
42295  -39.588  -21.674  83.622 0.1111110002
43465  -38.614  -21.233  82.614 0.1111110002
43466  -39.364  -20.662  82.770 0.1111110002
44519  -40.256  -19.605  83.174 0.1111110002
44518  -39.527  -19.816  82.537 0.1111110002
42329  -36.270  -21.175  80.987 0.1111110002
43476  -37.086  -20.821  81.423 0.1111110002
43477  -38.114  -20.480  81.936 0.1111110002
41165  -40.445  -22.368  85.451 0.2222220004
41179  -39.229  -22.629  84.152 0.2222220004
42278  -40.160  -22.335  84.771 0.2222220004
41178  -38.089  -22.846  83.555 0.2222220004
42294  -38.393  -21.990  83.019 0.1111110002
42293  -37.351  -22.186  82.560 0.1111110002
41202  -35.184  -22.208  81.056 0.1111110002
42313  -36.753  -21.615  81.757 0.1111110002
42312  -35.941  -21.911  81.372 0.1111110002
40036  -28.883  -22.584  97.398 0.3333329856
41150  -38.644  -22.484  86.060 0.7777780294
42250  -39.731  -22.833  86.191 0.6666669846
40166  -39.567  -23.491  85.885 0.2222220004
118376  -38.936  -23.422  84.853 0.2222220004
45531  -34.639  -18.212  83.504 0.5555559993
46474  -34.796  -17.464  83.581 0.5555559993
47489  -35.278  -16.992  84.251 0.7777780294
41177  -37.047  -22.995  83.083 0.1111110002
41164  -37.796  -23.569  84.300 0.2222220004
45539  -33.558  -18.431  82.657 0.3333329856
46473  -34.205  -17.949  83.071 0.5555559993
47496  -34.935  -16.595  83.480 0.5555559993
41190  -35.632  -22.662  81.789 0.1111110002
123848  -26.609  -21.659  98.097 0.2222220004
42118  -24.931  -21.316  98.310 0.1111110002
129563  -24.603  -21.005  97.653 0.1111110002
41134  -38.992  -23.192  86.430 0.3333329856
40140  -39.021  -23.465  86.221 0.2222220004
40165  -38.565  -23.757  85.547 0.2222220004
117571  -35.657  -14.399  83.601 0.6666669846
40180  -36.762  -23.634  83.744 0.2222220004
44517  -33.301  -19.128  82.882 0.4444440007
128083  -34.600  -18.996  83.397 0.4444440007
48581  -35.045  -15.671  83.275 0.5555559993
48582  -35.401  -15.154  83.896 0.5555559993
45530  -33.960  -18.724  83.159 0.4444440007
46479  -33.923  -17.585  82.306 0.3333329856
47515  -34.224  -15.633  82.133 0.5555559993
48598  -33.892  -14.889  81.867 0.5555559993
40194  -35.288  -23.293  82.277 0.1111110002
41176  -36.146  -23.198  82.632 0.1111110002
44516  -32.745  -19.484  82.586 0.2222220004
45538  -32.903  -18.817  82.362 0.2222220004
45547  -33.259  -18.079  81.857 0.2222220004
46487  -33.560  -16.949  81.418 0.3333329856
47514  -33.737  -15.643  81.612 0.3333329856
40193  -34.510  -23.351  81.917 0.1111110002
44523  -32.371  -19.231  82.056 0.2222220004
45546  -32.546  -18.566  81.588 0.2222220004
45553  -32.822  -17.699  81.067 0.1111110002
47521  -33.220  -15.705  81.055 0.1111110002
41029  -29.317  -22.338  97.048 0.3333329856
41030  -29.675  -23.055  96.718 0.3333329856
42121  -28.127  -21.293  97.543 0.2222220004
41018  -28.827  -21.781  97.294 0.3333329856
40061  -30.056  -23.703  96.323 0.3333329856
42120  -27.234  -20.995  97.777 0.2222220004
116962  -26.462  -20.920  97.991 0.2222220004
134385  -25.473  -20.912  98.048 0.2222220004
42132  -24.801  -20.331  96.918 0.1111110002
41149  -37.900  -22.891  86.782 0.5555559993
40153  -38.307  -23.902  86.083 0.2222220004
50980  -36.249  -13.679  83.151 0.8888890147
40163  -36.500  -23.965  84.407 0.1111110002
40164  -37.606  -24.004  85.110 0.2222220004
44507  -34.005  -19.674  83.133 0.4444440007
40162  -35.561  -23.999  83.718 0.1111110002
43464  -33.199  -19.911  82.904 0.3333329856
48591  -35.127  -14.933  83.054 0.5555559993
49829  -34.170  -14.752  81.770 0.5555559993
40179  -35.829  -23.742  83.191 0.2222220004
44515  -32.273  -19.836  82.287 0.1111110002
49821  -34.652  -14.854  82.303 0.5555559993
40178  -34.864  -23.817  82.843 0.1111110002
44522  -31.933  -19.674  81.786 0.1111110002
48605  -32.864  -14.778  80.811 0.1111110002
48597  -33.381  -14.860  81.267 0.2222220004
49837  -33.185  -14.643  80.929 0.1111110002
40177  -34.015  -23.700  82.294 0.1111110002
46500  -32.332  -17.094  80.303 0.1111110002
47520  -32.696  -15.765  80.500 0.1111110002
45545  -31.944  -19.069  81.307 0.1111110002
45552  -32.079  -18.278  80.759 0.1111110002
47527  -32.198  -15.759  79.917 0.1111110002
48604  -32.329  -14.653  80.308 0.1111110002
45559  -31.521  -17.936  79.936 0.1111110002
131795  -30.628  -24.684  80.734 0.1111110002
42133  -28.386  -20.885  97.106 0.2222220004
42143  -28.984  -21.593  96.843 0.3333329856
41042  -29.391  -22.359  96.378 0.3333329856
43311  -26.779  -20.189  97.572 0.2222220004
43310  -25.982  -20.497  97.854 0.2222220004
43319  -26.146  -19.471  97.206 0.1111110002
43318  -25.451  -19.404  96.826 0.1111110002
43309  -25.312  -20.401  97.565 0.1111110002
42141  -24.415  -20.532  96.131 0.1111110002
120441  -31.619  -27.625  92.160 0.3333329856
125721  -37.751  -23.159  87.329 0.4444440007
36338  -31.689  -28.013  91.340 0.2222220004
40138  -37.603  -23.464  87.404 0.1111110002
40139  -38.217  -23.367  86.678 0.3333329856
36348  -31.151  -27.505  90.570 0.2222220004
40152  -37.521  -24.048  86.064 0.1111110002
39207  -35.942  -24.139  84.843 0.1111110002
50992  -35.986  -14.056  82.255 0.7777780294
50993  -36.641  -13.293  82.365 0.8888890147
125512  -33.604  -28.651  89.864 0.1111110002
39219  -34.860  -24.198  83.693 0.1111110002
49822  -35.470  -14.459  82.758 0.6666669846
43463  -32.598  -20.215  82.661 0.2222220004
39229  -34.074  -24.103  83.004 0.1111110002
49828  -33.581  -14.837  81.373 0.1111110002
36404  -33.526  -28.452  86.294 0.1111110002
113658  -33.125  -24.298  83.046 0.1111110002
121620  -33.477  -23.937  82.521 0.1111110002
40176  -33.311  -23.655  81.895 0.1111110002
49836  -32.596  -14.413  80.385 0.1111110002
35516  -32.525  -28.638  84.744 0.1111110002
36439  -32.588  -28.096  84.496 0.1111110002
39227  -31.423  -24.683  82.312 0.1111110002
44531  -31.454  -19.678  81.087 0.1111110002
44540  -31.312  -18.988  80.377 0.1111110002
46499  -31.714  -16.812  79.568 0.1111110002
48611  -31.772  -14.541  80.032 0.1111110002
49845  -31.736  -13.910  80.101 0.1111110002
35524  -32.150  -28.673  83.964 0.1111110002
39234  -31.833  -24.168  81.942 0.1111110002
47526  -31.603  -15.519  79.481 0.1111110002
39233  -31.139  -24.641  81.628 0.1111110002
135687  -31.326  -16.401  79.025 0.1111110002
35534  -32.161  -28.454  83.135 0.1111110002
37407  -31.017  -26.569  80.614 0.1111110002
38327  -30.922  -25.442  81.261 0.1111110002
35544  -31.795  -28.428  82.434 0.1111110002
35543  -31.358  -28.453  81.618 0.1111110002
135648  -30.775  -25.682  80.636 0.1111110002
130583  -31.235  -28.473  82.177 0.1111110002
37419  -31.166  -27.778  80.094 0.1111110002
36465  -30.805  -28.428  81.652 0.1111110002
36474  -30.585  -28.241  80.233 0.1111110002
36485  -30.552  -27.858  79.655 0.1111110002
43320  -26.955  -19.489  97.098 0.1111110002
44408  -26.319  -18.810  96.558 0.2222220004
129594  -25.525  -18.840  96.393 0.2222220004
44407  -25.914  -18.539  96.468 0.2222220004
45437  -25.983  -17.797  95.880 0.1111110002
116056  -25.019  -19.356  96.189 0.1111110002
44412  -25.608  -18.354  95.993 0.1111110002
36330  -31.289  -27.033  92.553 0.3333329856
39206  -34.814  -24.332  84.515 0.2222220004
51006  -36.310  -13.671  81.524 0.8888890147
39218  -33.992  -24.386  83.675 0.1111110002
49831  -35.734  -14.251  81.628 0.4444440007
120319  -36.870  -12.784  81.692 0.8888890147
129620  -33.136  -24.494  83.794 0.1111110002
42292  -32.400  -21.090  82.813 0.2222220004
49839  -35.034  -14.603  81.363 0.4444440007
37381  -32.186  -26.462  85.737 0.1111110002
135617  -31.937  -20.051  82.048 0.1111110002
49838  -34.013  -14.699  81.031 0.1111110002
115633  -35.255  -14.594  80.383 0.1111110002
37384  -32.229  -27.195  84.836 0.1111110002
39217  -32.222  -24.619  83.533 0.1111110002
43462  -31.960  -20.521  82.313 0.1111110002
113130  -33.243  -14.545  80.479 0.1111110002
49847  -34.518  -14.872  79.945 0.1111110002
132045  -32.319  -27.607  84.065 0.1111110002
49846  -32.454  -14.221  80.061 0.1111110002
35525  -32.404  -28.363  83.896 0.1111110002
36452  -32.339  -27.899  83.249 0.1111110002
116359  -31.353  -25.045  83.043 0.1111110002
118904  -32.052  -24.412  82.706 0.1111110002
48610  -31.165  -14.116  79.717 0.1111110002
36466  -32.107  -28.084  82.311 0.1111110002
37392  -31.769  -27.116  82.851 0.1111110002
37400  -31.776  -27.363  81.866 0.1111110002
38328  -31.151  -26.288  81.622 0.1111110002
38325  -31.080  -25.291  82.132 0.1111110002
46498  -31.027  -17.500  79.005 0.1111110002
35552  -31.685  -28.235  81.759 0.1111110002
36476  -31.762  -28.047  81.402 0.1111110002
37408  -31.498  -27.481  80.980 0.1111110002
45558  -30.807  -18.592  79.417 0.1111110002
35551  -31.391  -28.325  81.057 0.1111110002
36486  -31.079  -28.325  80.357 0.1111110002
36475  -30.993  -28.518  80.868 0.1111110002
42142  -28.243  -20.867  96.481 0.2222220004
43312  -27.657  -20.324  97.308 0.2222220004
43329  -27.434  -19.977  96.884 0.2222220004
119790  -26.599  -19.162  96.624 0.2222220004
43328  -26.617  -19.184  96.067 0.3333329856
45431  -26.104  -18.112  96.148 0.2222220004
44413  -26.316  -18.391  96.102 0.2222220004
122713  -26.145  -17.717  95.673 0.1111110002
122654  -26.029  -17.453  95.405 0.1111110002
44417  -25.095  -18.694  95.239 0.1111110002
49840  -35.899  -14.138  80.873 0.7777780294
51016  -36.399  -13.338  80.692 0.7777780294
41161  -32.636  -22.348  83.882 0.1111110002
42272  -32.085  -21.866  83.232 0.1111110002
51015  -35.974  -13.872  79.869 0.3333329856
52211  -36.091  -13.215  79.167 0.4444440007
130983  -31.768  -26.069  84.995 0.1111110002
39216  -31.730  -25.183  83.967 0.2222220004
49848  -35.374  -14.505  79.378 0.1111110002
134187  -31.788  -26.636  84.437 0.1111110002
38319  -31.574  -25.884  84.301 0.1111110002
42291  -31.667  -21.360  82.609 0.1111110002
42311  -31.312  -21.044  81.945 0.1111110002
43475  -31.518  -20.283  81.632 0.1111110002
48612  -33.732  -14.933  79.534 0.1111110002
49858  -34.760  -14.957  78.774 0.1111110002
51025  -35.782  -13.814  79.023 0.2222220004
37387  -31.721  -26.813  83.782 0.1111110002
38322  -31.369  -25.912  83.490 0.1111110002
43489  -31.075  -20.232  80.961 0.1111110002
43474  -30.895  -20.783  81.268 0.1111110002
44530  -30.863  -19.858  80.404 0.1111110002
122303  -31.194  -26.076  82.580 0.1111110002
43337  -26.606  -19.521  94.931 0.2222220004
44418  -26.443  -18.140  95.266 0.1111110002
134857  -28.428  -19.380  91.341 0.1111110002
52202  -36.733  -12.447  80.664 0.7777780294
41145  -32.150  -22.550  84.447 0.1111110002
53346  -36.914  -11.572  80.571 0.7777780294
55781  -37.710  -9.474  81.064 0.8888890147
52212  -36.401  -12.905  79.822 0.6666669846
116836  -36.615  -12.022  79.781 0.7777780294
41160  -31.718  -22.418  83.729 0.1111110002
52223  -36.276  -12.332  78.950 0.4444440007
53366  -36.313  -11.522  78.547 0.4444440007
43363  -26.540  -19.986  92.805 0.1111110002
44422  -26.496  -18.796  94.299 0.1111110002
43373  -26.769  -19.909  91.962 0.1111110002
41087  -35.153  -21.504  91.201 0.5555559993
41119  -33.906  -22.207  87.112 0.4444440007
41131  -33.539  -22.269  86.035 0.4444440007
41110  -32.753  -22.144  87.373 0.3333329856
41130  -32.391  -22.502  85.341 0.2222220004
54542  -37.050  -10.895  80.367 0.7777780294
54543  -37.349  -10.262  80.714 0.7777780294
124461  -31.787  -22.415  86.685 0.2222220004
41129  -31.507  -22.587  85.810 0.1111110002
53354  -36.743  -11.195  79.702 0.7777780294
43389  -29.834  -19.207  91.312 0.5555559993
120042  -31.552  -19.371  91.287 0.5555559993
43390  -30.687  -18.854  91.317 0.5555559993
42229  -34.560  -20.767  90.144 0.5555559993
42236  -33.705  -21.476  88.544 0.3333329856
41105  -35.291  -21.824  89.281 0.4444440007
42235  -32.240  -21.391  88.087 0.3333329856
113810  -34.433  -22.138  88.100 0.4444440007
57030  -38.046  -8.614  80.225 0.8888890147
132350  -31.491  -22.131  87.292 0.2222220004
54555  -37.416  -9.421  79.674 0.7777780294
41118  -31.002  -22.467  86.602 0.1111110002
44453  -31.679  -18.816  91.166 0.6666669846
43391  -32.796  -19.079  91.324 0.5555559993
43392  -33.418  -19.343  91.245 0.6666669846
42221  -35.235  -20.906  90.978 0.5555559993
116578  -38.142  -8.353  79.276 0.8888890147
129131  -37.708  -8.716  79.145 0.7777780294
55792  -36.876  -9.835  78.800 0.6666669846
57041  -38.331  -8.443  78.596 0.7777780294
55803  -37.285  -9.108  78.572 0.6666669846
57039  -37.133  -8.880  77.774 0.5555559993
57040  -37.691  -8.573  78.362 0.6666669846
55813  -36.661  -9.192  77.215 0.5555559993
57043  -39.908  -8.717  79.101 0.7777780294
57050  -37.482  -8.659  77.616 0.6666669846
57061  -37.621  -8.736  77.115 0.6666669846
55814  -37.049  -8.739  77.078 0.5555559993
53402  -50.972  -10.749  76.507 0.4444440007
57051  -37.985  -8.529  77.789 0.6666669846
57042  -39.073  -8.501  78.790 0.6666669846
55793  -40.878  -8.840  79.420 0.8888890147
57052  -38.722  -8.745  77.989 0.6666669846
53416  -51.492  -10.490  75.335 0.4444440007
53411  -51.334  -10.655  76.072 0.4444440007
55804  -39.609  -9.039  78.193 0.6666669846
55815  -38.357  -8.901  77.210 0.6666669846
55832  -37.203  -8.919  76.371 0.4444440007
55851  -36.651  -9.194  75.515 0.3333329856
55850  -35.866  -9.395  74.985 0.3333329856
54606  -35.311  -9.846  74.515 0.1111110002
54588  -50.578  -10.207  76.916 0.4444440007
54637  -51.600  -9.671  74.540 0.4444440007
55805  -40.552  -9.258  78.418 0.6666669846
55816  -39.292  -9.271  77.314 0.6666669846
131453  -37.732  -9.337  75.519 0.4444440007
116855  -34.843  -10.144  74.078 0.1111110002
54655  -51.560  -10.105  73.369 0.4444440007
123363  -51.823  -9.749  72.731 0.3333329856
57082  -52.428  -7.402  73.369 0.5555559993
57087  -51.968  -7.342  73.374 0.6666669846
54669  -51.900  -10.029  71.853 0.4444440007
55907  -53.183  -8.128  72.523 0.4444440007
54681  -52.716  -9.270  71.675 0.4444440007
55834  -38.932  -9.387  76.468 0.6666669846
55872  -37.209  -9.406  74.835 0.3333329856
55871  -36.501  -9.448  74.582 0.3333329856
55870  -35.840  -9.624  74.183 0.1111110002
54623  -35.242  -9.880  73.782 0.1111110002
118112  -51.576  -8.464  75.034 0.6666669846
136383  -51.837  -9.151  74.081 0.6666669846
55897  -52.217  -8.732  73.632 0.4444440007
55891  -52.313  -7.852  73.837 0.6666669846
57081  -51.989  -7.634  74.087 0.6666669846
55898  -52.739  -7.963  73.310 0.4444440007
54670  -52.521  -8.962  72.690 0.4444440007
54680  -52.195  -10.366  70.805 0.4444440007
55818  -41.231  -9.605  77.635 0.6666669846
55819  -42.253  -9.689  77.751 0.6666669846
55835  -40.008  -9.602  76.422 0.6666669846
55852  -38.559  -9.431  75.798 0.4444440007
55885  -36.486  -9.705  73.881 0.1111110002
55890  -51.955  -8.269  74.436 0.6666669846
53442  -49.096  -10.844  72.046 0.5555559993
53488  -48.187  -11.595  70.396 0.4444440007
113680  -46.752  -11.716  69.717 0.3333329856
53487  -47.266  -11.732  70.371 0.3333329856
114608  -45.335  -11.576  69.245 0.3333329856
113681  -45.948  -11.742  69.866 0.3333329856
114607  -46.172  -11.625  69.082 0.3333329856
53512  -48.652  -11.432  69.545 0.4444440007
134572  -49.224  -11.208  69.705 0.5555559993
53535  -45.576  -11.574  68.394 0.3333329856
114606  -47.054  -11.622  68.959 0.3333329856
53511  -47.666  -11.635  69.642 0.3333329856
54678  -49.679  -10.819  69.781 0.5555559993
53536  -46.453  -11.619  68.293 0.3333329856
115939  -47.990  -11.505  68.849 0.3333329856
127225  -46.706  -11.673  67.681 0.3333329856
53537  -47.355  -11.585  68.116 0.3333329856
53564  -46.617  -11.796  67.147 0.2222220004
53565  -47.236  -11.672  67.323 0.3333329856
55836  -40.959  -9.748  76.711 0.6666669846
114800  -41.811  -9.847  76.881 0.6666669846
55853  -39.464  -9.643  75.519 0.6666669846
114284  -38.667  -9.602  75.027 0.2222220004
55820  -43.085  -9.749  77.239 0.7777780294
55873  -37.983  -9.617  74.577 0.2222220004
55886  -37.314  -9.687  74.029 0.2222220004
136130  -47.886  -11.608  71.834 0.5555559993
53441  -48.374  -11.276  72.311 0.6666669846
53486  -46.777  -11.745  71.012 0.4444440007
53464  -47.652  -11.688  71.125 0.4444440007
53465  -48.555  -11.379  71.329 0.5555559993
113683  -45.826  -11.731  70.761 0.3333329856
133755  -46.506  -11.756  70.337 0.3333329856
54709  -50.340  -10.427  68.660 0.3333329856
53539  -49.402  -11.076  68.470 0.4444440007
54693  -49.833  -10.801  68.968 0.4444440007
53538  -48.295  -11.447  68.103 0.3333329856
53513  -49.309  -11.166  69.182 0.4444440007
131411  -47.883  -11.524  67.555 0.3333329856
132273  -42.478  -9.831  76.922 0.6666669846
55854  -40.302  -9.808  75.572 0.6666669846
55855  -41.624  -9.967  75.968 0.6666669846
55837  -42.278  -9.914  76.373 0.6666669846
55838  -43.706  -9.731  76.646 0.7777780294
116211  -40.781  -9.846  75.955 0.6666669846
119870  -42.916  -9.827  76.433 0.6666669846
54634  -47.740  -10.640  73.886 0.7777780294
53426  -48.106  -11.089  73.152 0.7777780294
53440  -47.571  -11.510  72.531 0.6666669846
53461  -44.434  -11.579  71.682 0.3333329856
53462  -45.346  -11.678  71.594 0.3333329856
53463  -46.243  -11.720  71.676 0.4444440007
113682  -45.142  -11.654  70.049 0.3333329856
54708  -49.852  -10.745  68.324 0.4444440007
53567  -49.517  -10.927  67.608 0.4444440007
53566  -48.597  -11.340  67.340 0.3333329856
130912  -48.960  -11.276  68.045 0.4444440007
126829  -47.833  -11.576  66.889 0.2222220004
55876  -41.006  -10.023  75.158 0.6666669846
55857  -43.350  -9.916  75.814 0.6666669846
119869  -44.168  -9.812  75.986 0.7777780294
55875  -40.205  -9.912  74.867 0.5555559993
136456  -44.478  -9.978  75.436 0.7777780294
54597  -45.098  -10.032  75.214 0.7777780294
55874  -39.456  -9.837  74.590 0.3333329856
54611  -45.848  -10.145  74.924 0.7777780294
54631  -44.409  -10.584  73.900 0.5555559993
54612  -46.619  -10.298  74.742 0.7777780294
53423  -44.719  -11.155  73.147 0.5555559993
128037  -45.364  -10.844  73.674 0.5555559993
54633  -46.888  -10.764  74.060 0.6666669846
126340  -45.607  -11.387  72.951 0.5555559993
53425  -47.218  -11.262  73.338 0.6666669846
53437  -44.039  -11.310  72.561 0.3333329856
53438  -44.982  -11.502  72.370 0.4444440007
116107  -45.750  -11.618  72.244 0.5555559993
53439  -46.556  -11.571  72.607 0.5555559993
54727  -50.739  -10.223  67.439 0.3333329856
53593  -49.127  -11.120  66.682 0.4444440007
54749  -49.823  -10.744  66.678 0.3333329856
55856  -42.520  -9.997  75.744 0.6666669846
54594  -41.951  -10.127  75.059 0.6666669846
54595  -42.922  -10.178  74.944 0.6666669846
54596  -43.826  -10.067  75.232 0.7777780294
54608  -41.386  -10.269  74.372 0.6666669846
54610  -44.429  -10.214  74.774 0.6666669846
127841  -45.181  -10.385  74.441 0.6666669846
54632  -46.029  -10.547  74.189 0.7777780294
53424  -46.284  -11.141  73.500 0.6666669846
54751  -51.127  -10.013  66.824 0.3333329856
43374  -27.539  -19.681  91.496 0.1111110002
43375  -29.258  -18.903  91.384 0.2222220004
41088  -35.710  -21.708  90.982 0.6666669846
42209  -34.875  -20.761  91.143 0.5555559993
43393  -34.011  -19.930  91.199 0.6666669846
132876  -40.159  -22.832  85.902 0.3333329856
42208  -34.441  -20.676  91.267 0.6666669846
46464  -35.229  -17.762  84.021 0.7777780294
55960  -50.865  -10.039  68.228 0.3333329856
115002  -38.742  -8.243  79.437 0.7777780294
43447  -41.137  -20.425  84.918 0.1111110002
42296  -40.324  -21.058  83.795 0.1111110002
46475  -40.895  -18.631  84.862 0.2222220004
42314  -37.659  -21.348  82.196 0.1111110002
129593  -38.773  -19.936  82.085 0.1111110002
43492  -37.388  -20.028  81.079 0.1111110002
41151  -40.004  -23.087  85.498 0.2222220004
41191  -36.446  -22.426  82.153 0.1111110002
40141  -39.711  -23.282  86.097 0.2222220004
134776  -39.987  -23.334  86.013 0.2222220004
46480  -34.507  -17.086  82.837 0.4444440007
47506  -34.624  -16.139  82.690 0.4444440007
47505  -34.199  -16.574  82.073 0.3333329856
48590  -34.583  -15.213  82.515 0.5555559993
46493  -32.975  -16.722  80.796 0.1111110002
49830  -35.122  -14.568  82.098 0.5555559993
38332  -30.690  -26.157  79.963 0.1111110002
36349  -32.374  -28.228  90.398 0.1111110002
35503  -33.119  -28.874  85.819 0.1111110002
47533  -30.955  -15.194  79.061 0.1111110002
118392  -31.923  -28.681  83.242 0.1111110002
136503  -30.970  -26.976  80.024 0.1111110002
36487  -31.451  -28.139  80.714 0.1111110002
48621  -34.012  -15.246  78.627 0.1111110002
128630  -35.963  -11.977  78.051 0.3333329856
136476  -36.497  -11.572  79.144 0.7777780294
129508  -32.545  -22.401  86.346 0.2222220004
54554  -37.004  -10.394  79.637 0.7777780294
54566  -36.561  -10.788  78.833 0.7777780294
44452  -29.959  -18.634  91.135 0.4444440007
119588  -30.581  -18.604  91.097 0.5555559993
42228  -33.109  -20.414  89.223 0.3333329856
44454  -32.667  -18.795  91.173 0.5555559993
43407  -34.207  -19.945  91.042 0.5555559993
55831  -36.603  -9.080  76.432 0.4444440007
55833  -38.021  -9.117  76.439 0.6666669846
54616  -51.471  -9.126  75.417 0.6666669846
57088  -53.025  -7.321  72.879 0.3333329856
55817  -40.273  -9.454  77.453 0.6666669846
53489  -49.103  -11.213  70.359 0.4444440007
118450  -48.809  -11.353  68.696 0.4444440007
53563  -45.971  -11.752  67.513 0.2222220004
117377  -47.139  -11.728  71.812 0.4444440007
126158  -50.241  -10.506  67.929 0.3333329856
123594  -50.166  -10.580  67.280 0.3333329856
54609  -43.671  -10.342  74.435 0.6666669846
46468  -40.471  -17.542  84.588 0.3333329856
47498  -39.821  -16.598  83.798 0.3333329856
48593  -39.486  -15.898  83.258 0.3333329856
47516  -39.218  -16.709  81.621 0.2222220004
48599  -39.066  -15.744  81.727 0.2222220004
48592  -39.256  -15.599  82.599 0.2222220004
51033  -35.766  -13.071  78.375 0.2222220004
49875  -35.021  -14.422  77.945 0.2222220004
53379  -36.184  -10.921  77.888 0.4444440007
127000  -36.524  -10.170  78.191 0.5555559993
55802  -36.750  -9.441  77.998 0.4444440007
54577  -36.334  -9.943  77.483 0.4444440007
54586  -36.169  -9.656  76.665 0.3333329856
123352  -40.711  -10.167  74.427 0.5555559993
54628  -40.795  -10.401  73.685 0.3333329856
54629  -41.635  -10.504  73.668 0.4444440007
119879  -42.198  -10.359  74.277 0.5555559993
119133  -42.944  -10.475  74.068 0.3333329856
124228  -42.371  -10.641  73.563 0.3333329856
53421  -43.404  -11.036  73.093 0.3333329856
53422  -44.008  -10.937  73.292 0.4444440007
54766  -49.460  -10.916  65.876 0.3333329856
126879  -49.767  -10.607  64.935 0.2222220004
54776  -49.172  -10.544  64.130 0.1111110002
56022  -48.852  -9.288  62.226 0.1111110002
114754  -49.833  -9.130  63.178 0.2222220004
56012  -49.172  -9.643  63.139 0.2222220004
56023  -49.676  -8.849  62.313 0.2222220004
128126  -49.907  -8.889  61.887 0.2222220004
56036  -49.253  -9.218  61.865 0.1111110002
54808  -49.852  -9.834  61.507 0.2222220004
56037  -50.586  -9.175  61.738 0.2222220004
136418  -50.536  -10.094  61.448 0.2222220004
54809  -51.182  -10.268  61.405 0.2222220004
54830  -50.513  -10.803  61.055 0.1111110002
129935  -50.444  -8.454  62.223 0.1111110002
56024  -51.140  -8.505  62.097 0.1111110002
53664  -51.977  -11.259  60.083 0.1111110002
54831  -51.510  -10.985  60.903 0.2222220004
56038  -51.636  -9.460  61.725 0.1111110002
54810  -52.189  -10.471  61.278 0.2222220004
54811  -53.176  -10.325  61.275 0.1111110002
133548  -53.614  -10.596  60.707 0.1111110002
54832  -52.827  -10.915  60.531 0.2222220004
54834  -54.286  -10.434  60.390 0.2222220004
54833  -53.614  -10.835  59.915 0.2222220004
54846  -53.688  -11.001  59.037 0.2222220004
54835  -55.110  -10.210  60.001 0.2222220004
54848  -55.233  -10.482  59.125 0.2222220004
54847  -54.393  -10.667  59.511 0.1111110002
54859  -54.425  -10.730  58.655 0.1111110002
129733  -54.374  -10.631  57.917 0.1111110002
54877  -55.577  -10.224  57.425 0.1111110002
53680  -53.082  -11.109  58.627 0.1111110002
54875  -53.948  -10.681  57.287 0.1111110002
54890  -54.341  -10.435  56.597 0.1111110002
54889  -53.454  -10.615  56.516 0.1111110002
56093  -55.940  -9.938  56.819 0.2222220004
54891  -55.178  -10.260  56.683 0.1111110002
56109  -55.577  -9.948  55.937 0.2222220004
54911  -53.881  -10.238  55.724 0.1111110002
47491  -40.226  -16.696  85.141 0.3333329856
48584  -39.635  -15.859  84.271 0.4444440007
54878  -56.219  -9.877  57.464 0.2222220004
56110  -56.484  -9.618  56.287 0.3333329856
54630  -43.560  -10.659  73.707 0.4444440007
47507  -39.476  -16.429  82.604 0.2222220004
54576  -35.842  -10.518  76.990 0.3333329856
131359  -42.979  -10.777  73.478 0.3333329856
54858  -53.615  -10.843  58.112 0.3333329856
54860  -55.215  -10.457  58.193 0.1111110002
54849  -55.928  -10.200  58.766 0.2222220004
54876  -54.771  -10.486  57.343 0.1111110002
45518  -40.919  -18.411  85.986 0.1111110002
36331  -32.286  -27.291  93.090 0.2222220004
117841  -33.415  -19.073  91.040 0.3333329856
43421  -33.532  -19.584  90.558 0.3333329856
49866  -47.387  -14.270  78.060 0.1111110002
48693  -48.860  -15.700  74.864 0.1111110002
48673  -50.026  -15.828  75.438 0.1111110002
48674  -50.784  -15.454  75.147 0.1111110002
49920  -51.553  -14.849  74.726 0.1111110002
48694  -49.702  -15.992  74.887 0.1111110002
118860  -50.631  -15.974  74.646 0.1111110002
53427  -51.283  -11.989  73.614 0.1111110002
54636  -51.344  -10.878  73.669 0.1111110002
53443  -51.097  -11.313  72.821 0.1111110002
49881  -48.064  -14.801  77.593 0.1111110002
48654  -48.001  -15.304  76.914 0.1111110002
48641  -48.530  -15.139  77.101 0.1111110002
49882  -48.794  -14.682  77.206 0.1111110002
51051  -48.924  -13.608  77.051 0.1111110002
48655  -48.890  -15.465  76.436 0.1111110002
125273  -49.446  -14.315  76.700 0.1111110002
115786  -48.418  -15.518  76.146 0.1111110002
48656  -49.522  -15.574  75.968 0.1111110002
49908  -51.017  -14.469  75.439 0.1111110002
121544  -51.493  -11.639  75.653 0.1111110002
114252  -49.175  -15.710  75.665 0.1111110002
51076  -51.552  -13.410  75.367 0.1111110002
52270  -51.720  -12.511  75.257 0.1111110002
122138  -51.653  -11.657  75.055 0.1111110002
51077  -51.905  -14.031  74.925 0.1111110002
122482  -52.007  -13.212  74.867 0.1111110002
52279  -51.717  -12.297  74.580 0.1111110002
53428  -51.467  -11.170  74.410 0.1111110002
51087  -52.137  -13.719  74.450 0.1111110002
51099  -52.121  -13.844  73.860 0.1111110002
122767  -51.859  -13.061  74.168 0.1111110002
51063  -49.916  -13.476  76.473 0.1111110002
49893  -49.332  -15.127  76.505 0.1111110002
49894  -50.111  -14.405  76.121 0.1111110002
52249  -50.616  -12.530  76.383 0.1111110002
52250  -51.143  -11.632  76.267 0.1111110002
49907  -50.138  -15.322  75.800 0.1111110002
51064  -50.805  -13.499  75.935 0.1111110002
113685  -43.879  -11.579  70.935 0.1111110002
113684  -44.816  -11.674  70.845 0.2222220004
54652  -42.658  -11.060  72.874 0.2222220004
114811  -42.788  -11.395  72.028 0.1111110002
129458  -43.275  -11.288  72.484 0.1111110002
53460  -43.012  -11.523  71.150 0.1111110002
116108  -43.558  -11.485  71.810 0.1111110002
55977  -52.447  -8.921  66.456 0.2222220004
53611  -48.869  -11.260  65.957 0.2222220004
55994  -52.306  -9.005  65.611 0.2222220004
54765  -48.908  -11.100  65.070 0.2222220004
55992  -50.705  -10.058  64.806 0.2222220004
56004  -51.255  -9.138  64.248 0.2222220004
56003  -50.470  -9.234  63.746 0.1111110002
54768  -51.057  -10.136  65.947 0.2222220004
55976  -51.756  -9.485  66.427 0.2222220004
54767  -50.258  -10.546  65.810 0.2222220004
55993  -51.569  -9.537  65.240 0.2222220004
136484  -52.141  -10.988  60.764 0.1111110002
53679  -52.842  -11.191  59.420 0.1111110002
125249  -41.137  -17.844  85.767 0.2222220004
51037  -46.825  -13.677  78.645 0.1111110002
51050  -48.151  -14.171  77.615 0.1111110002
44456  -33.567  -19.349  91.144 0.5555559993
54750  -50.536  -10.400  66.668 0.2222220004
113404  -39.859  -17.247  83.299 0.2222220004
56002  -49.872  -9.941  63.991 0.1111110002
52287  -51.420  -13.048  73.313 0.1111110002
52260  -51.325  -12.573  75.843 0.1111110002
52213  -38.519  -12.398  79.660 0.1111110002
116971  -38.591  -11.894  79.127 0.1111110002
126155  -35.649  -10.187  76.137 0.2222220004
53395  -35.414  -11.121  76.420 0.1111110002
53394  -34.946  -11.634  75.900 0.1111110002
53406  -34.749  -11.270  75.280 0.1111110002
53407  -35.191  -10.781  75.627 0.1111110002
55830  -36.016  -9.431  75.820 0.2222220004
54593  -35.490  -9.946  75.284 0.2222220004
54607  -40.102  -10.154  74.116 0.2222220004
53444  -51.350  -10.725  72.274 0.1111110002
55917  -53.071  -9.540  70.729 0.3333329856
55908  -53.540  -8.434  71.550 0.3333329856
58172  -52.837  -6.965  72.883 0.2222220004
58180  -53.114  -6.814  72.205 0.2222220004
58173  -53.240  -6.969  72.423 0.2222220004
57089  -53.591  -7.265  72.076 0.2222220004
57099  -54.125  -6.718  71.457 0.2222220004
58192  -54.319  -6.501  70.922 0.2222220004
59293  -54.786  -6.331  69.707 0.2222220004
124727  -55.966  -5.383  67.392 0.2222220004
57110  -54.186  -7.622  71.292 0.2222220004
57111  -54.546  -6.997  70.855 0.2222220004
57123  -54.893  -7.354  69.903 0.2222220004
58225  -55.893  -6.004  67.917 0.2222220004
57122  -54.541  -8.132  70.426 0.2222220004
57134  -55.249  -8.030  69.298 0.2222220004
58171  -52.357  -7.131  73.031 0.3333329856
58191  -54.069  -6.345  71.195 0.2222220004
60324  -56.331  -5.157  66.360 0.2222220004
58204  -55.027  -6.337  69.563 0.2222220004
118612  -38.768  -11.481  79.210 0.1111110002
58181  -53.638  -6.709  71.849 0.2222220004
53468  -51.346  -11.005  71.314 0.2222220004
55918  -53.867  -8.827  70.626 0.2222220004
59284  -54.375  -6.457  70.445 0.2222220004
58203  -54.511  -6.583  70.215 0.2222220004
57124  -55.412  -6.928  69.264 0.2222220004
44455  -33.168  -18.990  91.175 0.4444440007
53371  -42.210  -11.552  78.488 0.1111110002
52225  -43.848  -12.384  78.546 0.1111110002
51047  -43.947  -13.286  77.316 0.1111110002
52226  -44.423  -13.241  78.712 0.1111110002
51048  -44.549  -13.959  78.196 0.1111110002
52236  -44.090  -13.029  78.003 0.1111110002
51062  -44.309  -14.193  77.155 0.1111110002
49879  -46.445  -14.830  78.369 0.1111110002
49892  -44.620  -15.053  76.895 0.1111110002
51035  -45.060  -13.925  79.490 0.1111110002
49877  -44.928  -14.885  77.842 0.1111110002
49862  -45.410  -14.552  78.801 0.1111110002
49878  -45.705  -15.079  78.259 0.1111110002
49864  -46.202  -14.273  79.107 0.1111110002
49850  -45.820  -14.156  79.785 0.1111110002
49863  -45.985  -14.572  79.115 0.1111110002
43406  -33.018  -18.861  90.919 0.2222220004
43420  -32.596  -19.437  89.948 0.2222220004
42227  -31.912  -20.290  88.918 0.2222220004
43405  -32.074  -18.899  90.608 0.1111110002
43404  -30.993  -18.757  90.639 0.1111110002
46481  -39.550  -17.401  82.382 0.1111110002
134045  -38.874  -16.245  81.070 0.1111110002
122986  -39.874  -10.397  73.297 0.1111110002
120572  -41.220  -10.677  73.121 0.1111110002
53592  -48.434  -11.450  66.444 0.1111110002
56005  -52.015  -8.715  64.583 0.1111110002
120918  -47.061  -11.899  66.544 0.1111110002
53591  -47.773  -11.805  66.108 0.1111110002
53510  -44.260  -11.540  70.102 0.1111110002
53534  -44.585  -11.417  68.600 0.1111110002
53610  -48.309  -11.543  65.606 0.1111110002
57179  -52.382  -7.688  63.805 0.1111110002
58395  -60.378  -6.890  51.671 0.1111110002
58408  -60.381  -6.528  51.014 0.1111110002
59468  -60.275  -5.793  49.251 0.1111110002
124889  -53.075  -7.287  63.494 0.1111110002
59467  -58.784  -6.300  48.859 0.1111110002
59481  -59.754  -5.532  48.041 0.1111110002
59480  -58.379  -5.871  47.834 0.1111110002
57185  -51.746  -7.372  63.113 0.1111110002
57178  -51.606  -8.203  63.672 0.1111110002
58275  -52.477  -7.188  63.006 0.1111110002
58266  -52.152  -7.174  63.148 0.1111110002
127084  -53.393  -7.250  63.222 0.1111110002
58394  -59.441  -7.056  51.451 0.1111110002
58265  -51.878  -7.254  62.944 0.1111110002
58421  -57.945  -6.951  49.499 0.1111110002
58422  -59.181  -6.513  49.823 0.1111110002
58432  -56.635  -6.782  48.410 0.1111110002
57191  -52.309  -7.726  62.657 0.1111110002
58420  -56.705  -7.274  49.163 0.1111110002
58431  -55.938  -6.921  48.529 0.1111110002
59478  -55.726  -6.092  48.095 0.1111110002
60478  -56.219  -5.105  47.503 0.1111110002
61503  -55.402  -5.255  48.166 0.1111110002
58419  -55.648  -7.343  49.368 0.1111110002
60467  -54.722  -5.666  48.879 0.1111110002
59477  -55.030  -6.067  48.638 0.1111110002
61496  -55.358  -3.879  49.166 0.1111110002
65865  -56.123  -0.192  53.920 0.1111110002
59465  -54.498  -6.357  49.293 0.1111110002
62597  -55.207  -3.725  50.210 0.1111110002
63710  -56.684  -2.062  50.902 0.1111110002
65912  -57.506  -0.744  51.690 0.1111110002
65901  -57.709  -0.602  52.162 0.1111110002
65887  -57.846  -0.077  52.681 0.1111110002
65849  -55.517  -0.162  54.958 0.1111110002
66938  -56.932  0.236  54.444 0.1111110002
65886  -56.653  -0.304  52.998 0.1111110002
66922  -55.448  0.205  55.756 0.1111110002
66923  -56.402  0.416  55.374 0.1111110002
58418  -54.764  -7.160  49.605 0.1111110002
59458  -54.072  -6.849  49.953 0.1111110002
59464  -53.957  -6.235  49.803 0.1111110002
60460  -54.224  -5.540  49.539 0.1111110002
62581  -55.056  -3.629  51.180 0.1111110002
62582  -55.737  -2.876  51.530 0.1111110002
62598  -55.905  -2.843  50.568 0.1111110002
63695  -56.557  -2.163  51.842 0.1111110002
63711  -57.296  -1.304  51.301 0.1111110002
63696  -57.292  -1.470  52.185 0.1111110002
64820  -57.950  -1.076  52.047 0.1111110002
118502  -58.017  -0.957  52.600 0.1111110002
64821  -57.760  -0.590  52.235 0.1111110002
64793  -58.317  -0.339  53.788 0.1111110002
64808  -58.121  -0.381  52.886 0.1111110002
66939  -57.941  0.443  54.053 0.1111110002
66916  -56.047  0.709  56.306 0.1111110002
56073  -56.099  -9.843  59.573 0.2222220004
57340  -54.961  -8.159  50.890 0.1111110002
60451  -53.924  -5.125  50.330 0.1111110002
61476  -54.238  -4.174  51.658 0.1111110002
62564  -54.830  -3.534  52.111 0.1111110002
62565  -55.485  -2.885  52.529 0.1111110002
63668  -56.876  -1.603  54.181 0.1111110002
63683  -57.202  -1.563  53.127 0.1111110002
64807  -57.962  -0.869  53.385 0.1111110002
66926  -58.273  0.511  55.326 0.1111110002
68035  -57.664  1.004  55.763 0.1111110002
66917  -57.022  0.948  55.749 0.1111110002
66905  -55.316  0.826  57.063 0.1111110002
58402  -53.611  -7.153  50.607 0.1111110002
59457  -53.582  -6.447  50.308 0.1111110002
61475  -53.703  -4.876  51.175 0.1111110002
62553  -55.131  -2.837  53.648 0.1111110002
64781  -57.506  -1.073  55.247 0.1111110002
64782  -58.289  -0.484  54.769 0.1111110002
65840  -58.351  0.137  56.041 0.1111110002
68030  -58.052  0.949  56.579 0.1111110002
118793  -57.699  1.236  56.549 0.1111110002
68029  -57.036  1.397  56.545 0.1111110002
68022  -57.096  2.210  58.032 0.1111110002
68020  -54.708  1.063  57.767 0.1111110002
68028  -56.177  1.301  56.988 0.1111110002
68012  -55.186  1.801  58.379 0.1111110002
68021  -55.720  1.521  57.640 0.1111110002
56160  -55.048  -9.453  53.716 0.1111110002
133953  -56.002  -2.136  54.499 0.1111110002
63655  -56.002  -2.059  55.142 0.1111110002
63656  -56.931  -1.495  54.942 0.1111110002
64780  -56.436  -1.547  55.677 0.1111110002
64758  -56.465  -0.843  56.943 0.1111110002
64772  -57.893  -0.571  55.701 0.1111110002
66906  -57.920  0.432  57.251 0.1111110002
66897  -57.970  0.983  57.287 0.1111110002
132177  -57.339  1.658  57.357 0.1111110002
69022  -52.732  2.692  59.461 0.1111110002
69024  -55.542  3.410  59.405 0.1111110002
69041  -55.752  2.760  58.877 0.1111110002
69039  -53.258  1.866  59.056 0.1111110002
127790  -54.820  2.955  59.316 0.1111110002
64771  -56.906  -0.998  56.098 0.1111110002
65822  -57.082  -0.361  57.475 0.1111110002
65838  -57.407  -0.513  56.607 0.1111110002
66896  -57.716  0.798  57.964 0.1111110002
130394  -57.458  1.893  57.994 0.1111110002
68014  -57.674  1.440  57.959 0.1111110002
69043  -57.242  2.381  58.590 0.1111110002
69042  -56.810  2.720  58.685 0.1111110002
69025  -56.462  3.318  59.418 0.1111110002
70069  -53.282  3.502  59.643 0.1111110002
70070  -54.583  3.701  59.618 0.1111110002
67998  -57.053  1.533  59.872 0.1111110002
71073  -54.959  4.470  60.104 0.1111110002
58407  -59.327  -6.757  50.685 0.1111110002
57328  -54.583  -8.440  51.616 0.1111110002
58391  -53.961  -7.892  51.042 0.1111110002
56059  -54.868  -9.872  60.856 0.1111110002
120171  -58.405  -7.118  50.231 0.1111110002
58404  -55.309  -7.694  50.204 0.1111110002
136080  -31.886  -19.535  89.637 0.2222220004
58433  -57.496  -6.631  48.623 0.1111110002
57201  -52.987  -8.639  62.182 0.1111110002
59466  -55.208  -6.697  48.883 0.1111110002
61495  -54.842  -4.874  48.889 0.1111110002
61504  -55.732  -4.054  48.153 0.1111110002
117660  -56.000  -2.821  49.558 0.1111110002
121555  -54.593  -4.591  49.820 0.1111110002
115884  -57.944  -0.322  52.636 0.1111110002
65888  -58.291  0.069  53.417 0.1111110002
65866  -57.549  0.123  53.505 0.1111110002
66940  -58.236  0.373  54.421 0.1111110002
65864  -54.811  -0.511  54.272 0.1111110002
66924  -57.595  0.631  54.964 0.1111110002
60459  -53.732  -5.831  50.103 0.1111110002
61485  -54.437  -4.363  50.758 0.1111110002
63682  -56.315  -2.263  52.871 0.1111110002
65867  -58.540  0.057  54.473 0.1111110002
66925  -58.111  0.667  55.108 0.1111110002
58403  -54.380  -7.510  50.352 0.1111110002
116445  -56.068  -2.169  53.852 0.1111110002
64792  -57.868  -0.970  54.350 0.1111110002
65850  -58.436  -0.132  55.379 0.1111110002
68013  -56.305  2.204  58.158 0.1111110002
69040  -54.479  2.197  59.015 0.1111110002
65823  -57.799  -0.062  57.068 0.1111110002
66885  -57.512  1.231  58.664 0.1111110002
69023  -53.819  2.755  59.455 0.1111110002
41006  -25.059  -22.046  98.941 0.1111110002
40060  -28.770  -23.787  97.015 0.2222220004
42107  -24.414  -21.930  98.982 0.1111110002
41016  -27.462  -21.810  97.849 0.2222220004
40048  -29.174  -23.150  97.185 0.2222220004
40049  -29.374  -23.836  96.784 0.2222220004
39097  -29.553  -24.680  96.371 0.2222220004
38220  -29.803  -25.993  95.823 0.2222220004
35399  -33.427  -28.608  93.611 0.2222220004
35407  -33.824  -27.994  93.183 0.2222220004
34538  -34.184  -28.687  92.996 0.2222220004
34553  -34.383  -29.307  92.456 0.2222220004
132426  -33.406  -30.683  92.303 0.2222220004
132110  -34.247  -30.021  91.783 0.2222220004
33712  -33.144  -30.686  91.621 0.2222220004
42119  -25.772  -21.380  98.331 0.1111110002
39098  -30.132  -25.109  95.907 0.2222220004
37283  -30.264  -26.654  95.608 0.2222220004
33727  -33.802  -30.242  90.826 0.2222220004
33726  -32.412  -30.461  90.855 0.1111110002
34577  -33.434  -30.137  89.979 0.1111110002
119612  -31.321  -30.370  90.558 0.1111110002
131184  -33.120  -27.561  93.362 0.2222220004
35418  -33.546  -27.857  92.765 0.2222220004
35419  -34.247  -28.551  92.377 0.2222220004
35433  -33.796  -28.369  91.890 0.2222220004
34565  -34.621  -29.139  91.602 0.2222220004
33728  -34.446  -29.542  90.829 0.2222220004
133400  -30.881  -21.198  87.961 0.1111110002
53491  -51.472  -11.210  70.400 0.1111110002
53514  -50.918  -11.836  70.079 0.1111110002
52314  -50.945  -12.004  69.405 0.1111110002
52330  -51.290  -11.896  68.617 0.1111110002
52350  -51.451  -12.913  66.673 0.1111110002
54695  -52.033  -10.811  69.957 0.1111110002
53516  -52.332  -10.802  69.270 0.1111110002
115480  -51.360  -12.166  67.801 0.1111110002
52343  -51.831  -12.265  67.141 0.1111110002
125831  -51.867  -13.174  66.186 0.1111110002
51176  -51.984  -13.783  65.752 0.1111110002
50016  -51.166  -14.106  65.823 0.1111110002
54696  -52.672  -10.263  69.946 0.1111110002
53540  -52.004  -11.309  68.724 0.1111110002
132970  -52.488  -11.811  67.256 0.1111110002
52344  -52.524  -12.204  66.798 0.1111110002
132317  -52.172  -12.664  66.481 0.1111110002
53541  -52.776  -10.846  68.443 0.1111110002
53568  -52.051  -11.593  67.892 0.1111110002
51168  -52.575  -13.125  66.004 0.1111110002
40062  -30.387  -24.225  95.742 0.2222220004
36315  -30.559  -27.178  95.499 0.2222220004
33710  -31.183  -30.846  91.155 0.1111110002
53490  -50.793  -11.754  70.893 0.1111110002
53515  -51.575  -11.414  69.487 0.1111110002
51167  -51.245  -13.547  66.233 0.1111110002
52342  -51.028  -12.703  67.344 0.1111110002
54710  -53.087  -10.267  69.200 0.1111110002
53569  -52.960  -11.306  67.658 0.1111110002
34551  -29.129  -29.239  93.235 0.1111110002
34536  -29.333  -29.359  94.232 0.1111110002
35417  -29.297  -28.560  93.542 0.1111110002
39087  -25.156  -23.508  97.459 0.1111110002
40045  -25.647  -23.146  96.809 0.1111110002
40058  -26.537  -23.246  96.048 0.1111110002
33690  -29.324  -30.192  94.655 0.1111110002
40057  -25.781  -23.216  95.896 0.1111110002
36328  -29.050  -27.743  92.783 0.1111110002
35405  -29.458  -28.560  94.782 0.1111110002
34520  -29.557  -29.436  95.446 0.1111110002
35416  -28.909  -28.712  92.590 0.1111110002
40035  -25.689  -22.673  98.094 0.1111110002
41041  -26.189  -22.700  96.968 0.1111110002
40069  -26.508  -23.566  94.906 0.1111110002
35392  -29.720  -28.533  95.641 0.1111110002
37305  -28.662  -26.699  92.680 0.1111110002
40046  -27.503  -23.092  97.656 0.1111110002
36329  -29.444  -27.759  94.009 0.1111110002
114715  -27.211  -23.648  95.674 0.1111110002
39095  -28.153  -24.078  96.029 0.1111110002
39104  -28.014  -24.441  94.863 0.1111110002
37306  -29.232  -27.091  93.458 0.1111110002
37297  -29.463  -26.988  94.525 0.1111110002
36322  -29.635  -27.727  95.328 0.1111110002
38240  -28.630  -25.605  94.195 0.1111110002
37296  -29.063  -26.390  93.762 0.1111110002
131559  -29.819  -27.883  95.680 0.1111110002
125514  -30.298  -27.912  95.707 0.1111110002
34537  -33.800  -29.510  93.226 0.1111110002
34552  -33.765  -30.225  92.671 0.1111110002
40059  -27.820  -23.501  96.753 0.1111110002
38218  -29.051  -25.417  96.264 0.1111110002
39118  -28.497  -25.020  94.881 0.1111110002
38229  -28.889  -25.685  95.750 0.1111110002
37290  -29.657  -26.855  95.537 0.1111110002
132557  -29.818  -27.315  95.612 0.1111110002
36314  -29.892  -27.302  95.707 0.1111110002
35393  -31.189  -28.265  95.336 0.1111110002
130691  -34.427  -28.813  91.535 0.1111110002
34578  -34.137  -29.804  90.132 0.1111110002
41015  -25.768  -22.106  98.451 0.1111110002
41028  -26.870  -22.316  97.945 0.1111110002
40047  -28.493  -23.172  97.476 0.1111110002
39096  -28.944  -24.564  96.592 0.1111110002
38219  -29.291  -26.042  95.906 0.1111110002
37282  -29.654  -26.710  95.616 0.1111110002
35398  -32.194  -28.647  94.517 0.1111110002
35434  -34.538  -29.111  90.818 0.1111110002
34579  -34.304  -29.336  90.035 0.1111110002
41017  -28.124  -22.424  97.717 0.1111110002
114711  -29.351  -25.543  96.198 0.1111110002
35432  -32.492  -28.077  92.096 0.1111110002
35448  -33.916  -28.725  90.837 0.1111110002
35449  -34.330  -29.092  89.977 0.1111110002
35447  -32.733  -28.350  91.282 0.1111110002
34594  -34.200  -29.198  89.109 0.1111110002
51044  -35.303  -13.580  77.675 0.1111110002
52232  -35.495  -12.554  77.442 0.1111110002
53378  -35.652  -11.513  77.247 0.1111110002
52243  -35.241  -12.094  76.618 0.1111110002
55888  -38.791  -9.822  74.205 0.1111110002
57246  -60.149  -7.621  57.402 0.1111110002
57236  -60.263  -7.066  58.113 0.1111110002
57247  -60.255  -7.867  56.799 0.1111110002
56064  -59.812  -7.379  59.802 0.1111110002
57227  -60.133  -7.166  58.974 0.1111110002
56085  -59.774  -8.536  58.546 0.1111110002
56077  -59.559  -8.636  59.322 0.1111110002
56044  -58.909  -8.596  61.041 0.1111110002
57195  -58.348  -8.269  62.886 0.1111110002
115205  -57.961  -8.214  63.682 0.1111110002
55979  -56.722  -9.448  66.050 0.1111110002
55945  -54.432  -9.727  69.027 0.1111110002
54712  -55.075  -9.948  68.440 0.1111110002
54731  -55.653  -10.113  67.737 0.1111110002
57218  -59.514  -7.593  60.529 0.1111110002
57205  -59.608  -6.586  60.384 0.1111110002
56026  -58.636  -8.363  61.962 0.1111110002
57204  -59.399  -7.066  61.362 0.1111110002
58280  -59.325  -6.043  61.938 0.1111110002
57196  -58.970  -7.125  62.396 0.1111110002
58270  -58.904  -6.083  62.717 0.1111110002
55929  -53.435  -9.698  69.899 0.1111110002
55930  -54.167  -9.214  69.816 0.1111110002
55946  -55.112  -9.000  68.883 0.1111110002
57180  -58.041  -7.020  64.203 0.1111110002
55931  -54.791  -8.657  69.590 0.1111110002
55962  -56.001  -8.951  67.573 0.1111110002
129971  -56.930  -8.564  65.550 0.1111110002
54697  -53.751  -9.872  69.305 0.1111110002
55947  -55.539  -9.181  68.258 0.1111110002
56113  -60.252  -8.587  56.864 0.1111110002
58269  -58.450  -5.968  63.504 0.1111110002
59349  -58.524  -5.626  62.911 0.1111110002
56112  -59.835  -9.680  57.189 0.1111110002
58251  -57.478  -6.244  65.033 0.1111110002
54892  -59.660  -10.357  56.720 0.1111110002
57135  -55.591  -8.053  68.649 0.1111110002
135140  -55.778  -8.522  68.106 0.1111110002
57147  -56.375  -7.971  67.120 0.1111110002
57169  -56.954  -7.410  65.709 0.1111110002
133899  -58.854  -11.287  56.171 0.1111110002
121632  -58.466  -11.495  55.514 0.1111110002
52445  -57.788  -12.037  55.576 0.1111110002
52465  -57.194  -12.162  54.784 0.1111110002
52480  -56.620  -12.290  54.088 0.1111110002
53761  -55.843  -12.083  53.020 0.1111110002
53795  -55.660  -11.150  51.929 0.1111110002
54980  -55.063  -10.803  51.564 0.1111110002
57262  -60.340  -8.148  56.350 0.1111110002
58262  -57.994  -5.714  64.201 0.1111110002
54893  -60.171  -9.497  56.440 0.1111110002
57146  -55.972  -7.580  67.920 0.1111110002
58226  -56.360  -6.707  67.377 0.1111110002
54914  -60.095  -10.018  55.915 0.1111110002
53726  -59.180  -10.950  55.573 0.1111110002
53763  -58.219  -11.354  54.073 0.1111110002
53781  -57.184  -11.309  52.934 0.1111110002
54945  -58.028  -11.075  53.351 0.1111110002
53780  -56.293  -11.447  52.489 0.1111110002
54964  -57.808  -10.732  52.543 0.1111110002
53796  -56.313  -10.919  51.840 0.1111110002
54981  -55.904  -10.577  51.201 0.1111110002
54982  -56.789  -10.557  51.437 0.1111110002
59331  -57.096  -5.307  65.387 0.1111110002
59341  -57.344  -5.209  64.579 0.1111110002
119843  -60.334  -8.693  56.195 0.1111110002
58336  -60.164  -7.817  56.279 0.1111110002
121749  -55.685  -6.761  68.616 0.1111110002
58250  -56.928  -6.069  65.926 0.1111110002
56138  -60.344  -9.142  55.709 0.1111110002
54930  -59.801  -10.230  55.204 0.1111110002
54931  -60.221  -9.550  55.250 0.1111110002
54929  -59.245  -10.653  54.712 0.1111110002
54947  -59.658  -10.037  54.213 0.1111110002
56151  -60.208  -9.405  54.520 0.1111110002
54946  -58.864  -10.704  53.881 0.1111110002
54965  -58.662  -10.442  52.932 0.1111110002
54966  -59.500  -9.896  53.339 0.1111110002
126208  -60.092  -9.186  52.972 0.1111110002
54984  -58.425  -10.278  52.209 0.1111110002
56189  -58.610  -9.795  51.630 0.1111110002
56175  -59.338  -9.667  52.429 0.1111110002
54983  -57.680  -10.380  51.699 0.1111110002
54996  -57.254  -10.226  51.060 0.1111110002
59313  -56.380  -5.610  66.871 0.1111110002
59330  -56.660  -5.244  65.956 0.1111110002
57277  -60.342  -8.211  55.582 0.1111110002
119794  -60.435  -8.767  54.881 0.1111110002
56163  -60.480  -8.533  53.950 0.1111110002
57301  -60.628  -8.029  53.437 0.1111110002
56176  -60.553  -8.399  53.048 0.1111110002
57315  -60.292  -8.708  52.365 0.1111110002
59340  -56.863  -5.057  65.328 0.1111110002
58368  -60.455  -7.791  53.338 0.1111110002
58285  -59.345  -6.047  61.092 0.1111110002
60331  -56.493  -5.086  65.849 0.1111110002
59357  -58.944  -5.602  62.282 0.1111110002
59348  -58.036  -5.251  63.632 0.1111110002
49859  -35.413  -14.141  78.492 0.1111110002
40070  -27.292  -23.945  94.847 0.1111110002
39105  -28.642  -24.961  95.959 0.1111110002
37289  -29.290  -26.228  95.058 0.1111110002
34522  -32.792  -29.631  93.984 0.1111110002
56063  -59.161  -8.913  60.107 0.1111110002
124144  -57.587  -8.364  64.319 0.1111110002
56006  -57.571  -9.045  64.039 0.1111110002
55963  -56.385  -8.972  66.804 0.1111110002
57186  -58.541  -7.101  63.283 0.1111110002
57159  -56.642  -8.308  66.294 0.1111110002
57170  -57.346  -7.890  64.940 0.1111110002
54879  -59.317  -10.367  57.605 0.1111110002
53703  -59.074  -10.800  57.185 0.1111110002
54913  -59.669  -10.590  56.043 0.1111110002
58238  -56.655  -6.988  66.600 0.1111110002
53709  -59.241  -10.889  56.472 0.1111110002
53744  -57.956  -11.685  54.742 0.1111110002
52481  -57.421  -11.736  53.866 0.1111110002
53762  -56.578  -11.889  53.314 0.1111110002
53779  -55.454  -11.672  52.492 0.1111110002
53794  -54.970  -11.353  52.112 0.1111110002
54962  -54.514  -10.988  51.951 0.1111110002
53745  -58.646  -11.153  54.738 0.1111110002
54963  -56.986  -10.864  52.167 0.1111110002
56162  -60.197  -9.241  53.663 0.1111110002
56206  -57.287  -9.824  50.536 0.1111110002
48538  -38.040  -14.222  87.717 0.8888890147
49747  -37.962  -13.487  87.753 0.8888890147
50921  -38.067  -12.813  87.656 0.8888890147
52132  -38.042  -12.214  87.434 0.8888890147
53329  -45.064  -11.639  83.065 0.5555559993
55747  -42.693  -8.462  83.683 0.8888890147
65824  -58.132  0.168  56.656 0.1111110002
65839  -58.145  -0.162  56.261 0.1111110002
65851  -58.449  0.210  55.263 0.1111110002
65868  -58.370  0.350  54.850 0.1111110002
66907  -58.145  0.535  56.610 0.1111110002
66918  -58.262  0.518  55.904 0.1111110002
68023  -57.710  1.360  57.319 0.1111110002
68036  -58.054  0.837  55.831 0.1111110002
69026  -57.124  2.902  59.110 0.1111110002
119584  -56.689  1.767  57.465 0.1111110002
122464  -60.962  -5.887  49.799 0.1111110002
122966  -56.342  -6.384  48.020 0.1111110002
124319  -57.510  1.954  58.545 0.1111110002
135838  -37.575  -13.485  87.567 0.8888890147
