#!ascii label  , from subject sub-v1s9x0051351_ses-1 vox2ras=TkReg
1485
59104  -29.799  -6.120  92.794 0.0000000000
120010  -46.678  -1.679  73.667 0.0000000000
62246  -35.472  -3.442  82.474 0.0000000000
132497  -17.005  -28.190  94.201 0.0000000000
52043  -22.572  -12.829  93.816 0.0000000000
43378  -12.428  -20.662  90.773 0.0000000000
40027  -7.930  -23.081  97.036 0.0000000000
64543  -40.372  -1.834  77.861 0.0000000000
45514  -16.356  -18.576  85.470 0.0000000000
37247  -13.946  -27.146  101.457 0.0000000000
58074  -26.477  -7.350  85.315 0.0000000000
52101  -30.847  -12.638  89.234 0.0000000000
53225  -28.917  -11.303  93.810 0.0000000000
64646  -49.137  -1.219  71.561 0.0000000000
64508  -37.139  -0.807  79.432 0.0000000000
49724  -19.522  -14.787  91.742 0.0000000000
49754  -10.487  -14.196  86.417 0.0000000000
40072  -16.848  -23.663  93.797 0.0000000000
39137  -17.733  -24.781  90.382 0.0000000000
122296  -14.207  -28.259  91.533 0.0000000000
45418  -12.120  -18.648  99.135 0.0000000000
42075  -11.776  -21.823  102.538 0.0000000000
61160  -33.796  -4.566  86.436 0.0000000000
52010  -25.790  -12.381  96.816 0.0000000000
53258  -24.346  -11.842  90.686 0.0000000000
42165  -10.510  -22.254  93.277 0.0000000000
123469  -14.647  -22.594  96.694 0.0000000000
63473  -42.735  -1.944  75.774 0.0000000000
116323  -13.386  -16.236  96.227 0.0000000000
127940  -17.601  -16.481  93.936 0.0000000000
45494  -14.181  -18.964  88.266 0.0000000000
116067  -17.946  -24.712  86.641 0.0000000000
43284  -6.538  -20.153  101.540 0.0000000000
40013  -12.500  -23.317  100.247 0.0000000000
124040  -15.500  -27.903  98.359 0.0000000000
61114  -28.730  -4.674  92.257 0.0000000000
58052  -29.341  -8.181  90.336 0.0000000000
58050  -27.571  -7.435  89.426 0.0000000000
56933  -30.757  -8.691  91.845 0.0000000000
54479  -30.438  -11.266  88.078 0.0000000000
55638  -30.338  -9.081  93.484 0.0000000000
63494  -47.702  -2.462  71.992 0.0000000000
64633  -42.795  -0.700  71.532 0.0000000000
63517  -44.188  -2.636  69.467 0.0000000000
129973  -46.475  -3.974  68.970 0.0000000000
64491  -36.644  -1.539  81.539 0.0000000000
114785  -33.424  -5.706  81.439 0.0000000000
62284  -34.419  -3.622  79.485 0.0000000000
63415  -35.074  -2.490  78.478 0.0000000000
121071  -17.103  -26.777  93.911 0.0000000000
37300  -16.851  -26.779  92.099 0.0000000000
34546  -14.949  -28.991  92.640 0.0000000000
34526  -11.368  -29.923  93.265 0.0000000000
33667  -13.455  -30.920  93.882 0.0000000000
44395  -13.961  -19.981  97.858 0.0000000000
43298  -14.184  -20.985  100.209 0.0000000000
62212  -32.017  -3.301  86.936 0.0000000000
61147  -28.271  -3.752  87.081 0.0000000000
59176  -27.113  -6.175  84.477 0.0000000000
61168  -29.827  -4.161  85.563 0.0000000000
60192  -31.869  -5.578  84.625 0.0000000000
55610  -25.453  -9.697  97.445 0.0000000000
53261  -27.655  -11.640  90.190 0.0000000000
113858  -26.117  -11.326  91.978 0.0000000000
65711  -45.459  -0.677  69.351 0.0000000000
136123  -44.345  1.687  68.300 0.0000000000
136563  -9.122  -22.836  95.013 0.0000000000
43324  -12.219  -20.470  95.500 0.0000000000
43315  -11.595  -20.673  96.992 0.0000000000
63452  -41.722  -2.646  76.841 0.0000000000
130065  -37.777  -2.141  75.787 0.0000000000
62348  -39.807  -3.426  75.059 0.0000000000
63483  -40.785  -3.080  74.410 0.0000000000
48447  -12.610  -15.598  98.633 0.0000000000
48449  -14.469  -15.387  98.138 0.0000000000
45470  -10.434  -18.607  89.946 0.0000000000
45490  -10.899  -17.652  88.738 0.0000000000
44459  -13.051  -19.763  89.368 0.0000000000
37331  -15.285  -26.536  89.372 0.0000000000
39148  -18.085  -24.559  88.505 0.0000000000
37365  -15.018  -26.169  87.769 0.0000000000
133335  -7.174  -18.420  102.377 0.0000000000
39055  -13.438  -23.894  102.277 0.0000000000
40976  -11.300  -22.716  102.118 0.0000000000
38186  -12.674  -25.813  100.982 0.0000000000
38190  -13.688  -25.962  99.677 0.0000000000
36285  -13.552  -28.108  100.688 0.0000000000
60148  -26.740  -5.048  88.812 0.0000000000
55620  -27.573  -9.831  95.789 0.0000000000
55636  -29.234  -9.099  94.454 0.0000000000
53249  -30.354  -11.778  91.786 0.0000000000
114319  -48.489  0.543  70.838 0.0000000000
63531  -47.243  -3.410  68.552 0.0000000000
65614  -39.323  -0.644  79.022 0.0000000000
64566  -36.560  -1.558  76.601 0.0000000000
52067  -22.097  -12.900  91.095 0.0000000000
126022  -20.778  -13.753  92.596 0.0000000000
48543  -13.166  -16.249  86.050 0.0000000000
42180  -14.564  -20.681  92.404 0.0000000000
42196  -16.037  -21.166  90.951 0.0000000000
116917  -17.628  -24.295  91.840 0.0000000000
37320  -16.087  -26.346  90.712 0.0000000000
115138  -12.739  -27.922  90.050 0.0000000000
120428  -10.274  -17.111  101.699 0.0000000000
44377  -10.202  -19.445  102.118 0.0000000000
44383  -11.949  -19.949  101.443 0.0000000000
42081  -14.156  -22.016  101.617 0.0000000000
61178  -34.538  -5.012  84.415 0.0000000000
59205  -32.633  -6.985  82.772 0.0000000000
52020  -23.983  -12.686  95.755 0.0000000000
53193  -27.356  -11.668  95.736 0.0000000000
53210  -25.180  -11.774  93.980 0.0000000000
52069  -23.380  -12.174  91.946 0.0000000000
44435  -9.504  -19.574  91.229 0.0000000000
44427  -7.860  -19.664  92.250 0.0000000000
42177  -11.586  -21.586  92.232 0.0000000000
43347  -13.837  -20.568  93.506 0.0000000000
40063  -15.846  -23.224  95.053 0.0000000000
38206  -16.334  -25.856  96.068 0.0000000000
64598  -44.783  -1.314  75.152 0.0000000000
64620  -41.503  -1.107  72.706 0.0000000000
47368  -11.151  -16.312  99.767 0.0000000000
45417  -11.879  -17.675  97.984 0.0000000000
44410  -13.881  -18.906  95.601 0.0000000000
48498  -19.899  -15.468  94.282 0.0000000000
47412  -19.047  -16.590  96.000 0.0000000000
47388  -16.948  -16.272  97.066 0.0000000000
48495  -15.013  -15.806  94.933 0.0000000000
45445  -14.589  -17.913  93.885 0.0000000000
48531  -8.968  -15.468  87.485 0.0000000000
46435  -12.129  -16.945  87.376 0.0000000000
45508  -14.614  -18.305  86.708 0.0000000000
42210  -16.655  -21.311  89.711 0.0000000000
42231  -17.840  -21.394  87.696 0.0000000000
43435  -18.382  -20.938  86.139 0.0000000000
42091  -7.159  -22.202  99.357 0.0000000000
43287  -9.328  -20.318  101.901 0.0000000000
118548  -9.562  -21.432  100.549 0.0000000000
126773  -10.444  -21.239  99.357 0.0000000000
41000  -13.744  -22.985  98.688 0.0000000000
38201  -15.504  -25.873  97.504 0.0000000000
35384  -16.834  -28.528  96.415 0.0000000000
33630  -15.104  -30.354  101.349 0.0000000000
33636  -15.967  -30.745  99.486 0.0000000000
32806  -15.854  -31.365  94.677 0.0000000000
60128  -29.317  -5.593  92.445 0.0000000000
61098  -29.417  -4.610  93.353 0.0000000000
59121  -29.311  -7.157  91.491 0.0000000000
59111  -28.974  -6.290  91.755 0.0000000000
59113  -30.040  -7.297  92.264 0.0000000000
56942  -29.996  -8.521  90.730 0.0000000000
127626  -29.812  -5.827  93.258 0.0000000000
58028  -30.226  -7.569  92.747 0.0000000000
64625  -47.130  -2.152  72.840 0.0000000000
64622  -44.268  -1.065  72.270 0.0000000000
64642  -43.315  -1.222  70.635 0.0000000000
64636  -45.520  -1.829  72.070 0.0000000000
124481  -46.426  -2.814  71.277 0.0000000000
63384  -35.973  -2.653  82.179 0.0000000000
113756  -36.569  -1.613  83.030 0.0000000000
63372  -36.329  -2.099  83.809 0.0000000000
61226  -33.738  -4.744  80.226 0.0000000000
62269  -35.198  -3.286  80.813 0.0000000000
63401  -35.617  -2.621  80.278 0.0000000000
36317  -17.017  -27.360  94.420 0.0000000000
120810  -16.957  -27.617  93.349 0.0000000000
35400  -15.811  -28.736  92.951 0.0000000000
34529  -14.449  -29.622  93.029 0.0000000000
33685  -15.791  -30.080  93.641 0.0000000000
115659  -15.242  -20.797  96.903 0.0000000000
43308  -15.190  -21.070  97.821 0.0000000000
62200  -29.130  -2.702  88.028 0.0000000000
61155  -28.699  -4.039  86.261 0.0000000000
62210  -29.794  -2.975  87.238 0.0000000000
128034  -30.954  -3.710  86.225 0.0000000000
124433  -45.993  0.902  69.798 0.0000000000
65710  -44.786  -0.194  68.851 0.0000000000
68927  -45.199  2.765  68.634 0.0000000000
119137  -8.569  -22.891  96.272 0.0000000000
42125  -10.964  -21.236  95.986 0.0000000000
42110  -9.242  -22.019  97.248 0.0000000000
63417  -41.242  -2.217  78.123 0.0000000000
64525  -42.222  -1.898  79.088 0.0000000000
64569  -39.190  -1.730  77.050 0.0000000000
119329  -38.982  -2.701  75.764 0.0000000000
63451  -40.275  -2.733  76.505 0.0000000000
63471  -40.643  -3.109  75.879 0.0000000000
48435  -14.392  -15.306  99.295 0.0000000000
48450  -15.341  -15.517  98.804 0.0000000000
52019  -23.071  -12.806  95.433 0.0000000000
50873  -21.587  -13.605  94.730 0.0000000000
47479  -15.044  -16.982  85.082 0.0000000000
44446  -11.282  -19.936  90.443 0.0000000000
44458  -11.807  -19.534  89.781 0.0000000000
43394  -12.706  -20.346  90.047 0.0000000000
37329  -13.683  -27.130  89.026 0.0000000000
37349  -14.738  -26.486  88.524 0.0000000000
37363  -13.552  -26.551  87.838 0.0000000000
46360  -6.941  -17.255  101.633 0.0000000000
46357  -7.831  -16.841  102.686 0.0000000000
38184  -13.615  -25.713  101.647 0.0000000000
39057  -12.563  -24.570  101.628 0.0000000000
124789  -13.011  -26.300  101.177 0.0000000000
37249  -12.962  -26.614  100.913 0.0000000000
35358  -13.434  -28.066  101.030 0.0000000000
60134  -27.697  -5.381  91.030 0.0000000000
127817  -26.780  -5.909  89.090 0.0000000000
62193  -27.454  -3.526  90.005 0.0000000000
62198  -27.496  -3.503  88.927 0.0000000000
128176  -31.087  -11.266  92.181 0.0000000000
54435  -30.980  -11.003  93.069 0.0000000000
53262  -30.744  -12.199  90.925 0.0000000000
52099  -29.456  -12.541  89.397 0.0000000000
125729  -48.668  -0.566  71.206 0.0000000000
62383  -47.449  -3.317  69.690 0.0000000000
62403  -47.133  -4.095  68.366 0.0000000000
64657  -47.719  -2.757  69.863 0.0000000000
64644  -47.546  -1.865  70.192 0.0000000000
65612  -37.877  -0.535  78.915 0.0000000000
128198  -39.239  -0.075  81.061 0.0000000000
65582  -38.129  -0.135  80.981 0.0000000000
64520  -36.399  -1.432  79.128 0.0000000000
64519  -35.571  -1.828  77.978 0.0000000000
64521  -36.985  -0.880  78.235 0.0000000000
136454  -37.510  -0.835  77.580 0.0000000000
50924  -10.789  -13.785  85.901 0.0000000000
49769  -12.466  -14.455  85.472 0.0000000000
49756  -12.052  -14.903  86.136 0.0000000000
122360  -16.332  -22.425  93.063 0.0000000000
41065  -16.563  -22.407  92.424 0.0000000000
40082  -16.904  -23.066  93.006 0.0000000000
35426  -14.953  -27.896  91.599 0.0000000000
37310  -16.443  -26.525  91.395 0.0000000000
133583  -14.823  -27.405  91.086 0.0000000000
36343  -14.485  -27.353  90.575 0.0000000000
35441  -12.880  -28.294  90.758 0.0000000000
113287  -12.114  -28.742  91.203 0.0000000000
45411  -11.296  -18.485  100.516 0.0000000000
45407  -11.133  -18.804  101.312 0.0000000000
44386  -12.375  -19.588  100.558 0.0000000000
42098  -15.230  -21.966  99.904 0.0000000000
42088  -14.616  -21.768  100.637 0.0000000000
40984  -15.302  -22.924  100.889 0.0000000000
40006  -14.672  -23.586  101.836 0.0000000000
119737  -34.322  -5.060  85.252 0.0000000000
60179  -32.473  -5.565  84.993 0.0000000000
59189  -32.350  -6.615  83.346 0.0000000000
60194  -33.294  -5.867  84.616 0.0000000000
60217  -33.503  -6.186  83.370 0.0000000000
51996  -24.895  -12.226  97.826 0.0000000000
52009  -25.090  -12.697  96.997 0.0000000000
52022  -25.776  -12.403  96.325 0.0000000000
54411  -28.537  -10.722  95.117 0.0000000000
54404  -27.414  -10.985  96.033 0.0000000000
53213  -28.075  -11.511  94.399 0.0000000000
53245  -25.482  -11.538  91.504 0.0000000000
129543  -26.113  -11.280  92.891 0.0000000000
53235  -24.613  -11.721  92.428 0.0000000000
53222  -24.492  -11.866  93.246 0.0000000000
53257  -23.874  -11.941  91.309 0.0000000000
114059  -23.284  -12.295  91.168 0.0000000000
42163  -8.262  -22.080  93.889 0.0000000000
42175  -9.004  -21.293  92.787 0.0000000000
43356  -10.308  -21.398  92.200 0.0000000000
117209  -11.046  -21.978  92.692 0.0000000000
43345  -12.257  -20.950  92.984 0.0000000000
42150  -11.650  -21.392  93.500 0.0000000000
41023  -14.260  -21.863  96.317 0.0000000000
42138  -14.435  -21.738  95.448 0.0000000000
117900  -14.840  -22.407  95.935 0.0000000000
39088  -16.215  -24.501  95.704 0.0000000000
39082  -15.724  -24.461  96.495 0.0000000000
64597  -43.700  -1.366  75.154 0.0000000000
116106  -45.679  -1.424  76.683 0.0000000000
64571  -44.959  -1.428  77.238 0.0000000000
63485  -41.907  -2.193  75.075 0.0000000000
64606  -40.904  -1.944  73.222 0.0000000000
64596  -42.591  -1.561  74.715 0.0000000000
64609  -43.315  -1.085  74.052 0.0000000000
48418  -11.297  -14.766  101.519 0.0000000000
48461  -12.984  -15.870  97.654 0.0000000000
47376  -12.206  -16.139  98.202 0.0000000000
113956  -12.582  -16.859  96.809 0.0000000000
45429  -12.527  -17.846  96.851 0.0000000000
134410  -12.809  -17.344  96.069 0.0000000000
49725  -20.156  -14.248  92.145 0.0000000000
49709  -20.275  -14.616  93.926 0.0000000000
48506  -19.792  -15.285  93.479 0.0000000000
47432  -18.469  -16.540  93.623 0.0000000000
47433  -19.117  -16.516  94.146 0.0000000000
47423  -18.559  -16.666  94.539 0.0000000000
47399  -17.770  -16.653  96.695 0.0000000000
47409  -16.882  -16.217  95.338 0.0000000000
48486  -16.209  -16.048  95.759 0.0000000000
47421  -16.561  -16.228  94.340 0.0000000000
45446  -15.218  -17.851  93.235 0.0000000000
47464  -8.613  -16.133  88.005 0.0000000000
45492  -12.769  -18.325  88.141 0.0000000000
46427  -11.637  -17.402  88.128 0.0000000000
46437  -13.314  -18.024  87.393 0.0000000000
45507  -13.957  -18.047  86.872 0.0000000000
45499  -14.202  -18.548  87.500 0.0000000000
41079  -17.315  -22.378  90.630 0.0000000000
43382  -15.919  -20.802  90.265 0.0000000000
41089  -17.736  -22.498  89.674 0.0000000000
39161  -17.904  -24.861  87.587 0.0000000000
40110  -18.446  -23.235  88.337 0.0000000000
41107  -18.502  -22.799  87.664 0.0000000000
42237  -18.179  -21.187  86.915 0.0000000000
41116  -18.611  -22.733  86.740 0.0000000000
41127  -18.643  -22.776  85.908 0.0000000000
118915  -7.028  -21.554  100.268 0.0000000000
44378  -10.823  -20.260  102.351 0.0000000000
44376  -9.654  -19.616  102.256 0.0000000000
115468  -11.199  -21.421  102.459 0.0000000000
40981  -11.464  -22.870  101.116 0.0000000000
40975  -10.866  -22.163  101.794 0.0000000000
40980  -10.811  -22.136  100.931 0.0000000000
42095  -10.106  -21.457  100.189 0.0000000000
40988  -10.984  -21.425  99.934 0.0000000000
42104  -11.979  -21.206  98.777 0.0000000000
40990  -13.042  -22.903  99.398 0.0000000000
37258  -14.773  -26.583  98.789 0.0000000000
39073  -14.816  -25.269  98.549 0.0000000000
37259  -15.451  -26.617  97.924 0.0000000000
37266  -16.302  -27.280  96.734 0.0000000000
35376  -16.049  -27.815  97.530 0.0000000000
31805  -15.960  -31.930  101.017 0.0000000000
34485  -14.661  -30.176  100.743 0.0000000000
62183  -28.423  -3.801  91.917 0.0000000000
56960  -28.662  -8.960  88.835 0.0000000000
56959  -27.916  -8.604  88.264 0.0000000000
58051  -28.493  -7.864  89.924 0.0000000000
60135  -28.200  -6.075  91.321 0.0000000000
54452  -31.388  -10.923  90.859 0.0000000000
54451  -31.000  -10.377  90.229 0.0000000000
119965  -29.853  -9.913  89.064 0.0000000000
55655  -31.051  -9.397  92.443 0.0000000000
63503  -48.097  -2.704  71.110 0.0000000000
64654  -43.232  -1.984  68.986 0.0000000000
63529  -43.854  -2.774  68.767 0.0000000000
134353  -44.853  -3.735  67.911 0.0000000000
62390  -45.327  -3.607  69.152 0.0000000000
113925  -46.914  -3.288  70.603 0.0000000000
64498  -36.782  -1.232  80.858 0.0000000000
65572  -37.988  -0.032  81.903 0.0000000000
64486  -37.395  -0.510  82.248 0.0000000000
65557  -36.925  -0.375  83.428 0.0000000000
59235  -32.609  -6.537  80.292 0.0000000000
60251  -32.737  -5.863  79.761 0.0000000000
130587  -33.251  -4.653  78.603 0.0000000000
62302  -33.502  -3.976  77.786 0.0000000000
62323  -34.048  -3.240  77.541 0.0000000000
62304  -34.765  -3.047  79.040 0.0000000000
63408  -35.999  -2.028  79.745 0.0000000000
38222  -17.062  -25.279  94.214 0.0000000000
38232  -17.319  -25.509  93.318 0.0000000000
37292  -17.110  -26.791  92.981 0.0000000000
36324  -16.597  -27.374  92.386 0.0000000000
35410  -14.532  -28.567  92.085 0.0000000000
35408  -12.577  -29.065  91.884 0.0000000000
34545  -14.031  -29.204  92.499 0.0000000000
33682  -12.922  -30.337  93.512 0.0000000000
44393  -12.747  -19.101  98.740 0.0000000000
43297  -13.744  -20.334  99.731 0.0000000000
43303  -13.865  -20.167  98.802 0.0000000000
61159  -32.997  -4.683  86.236 0.0000000000
60166  -27.024  -5.416  86.712 0.0000000000
123235  -26.685  -6.686  84.859 0.0000000000
60176  -27.350  -5.315  85.839 0.0000000000
60177  -28.158  -4.965  85.256 0.0000000000
60190  -29.195  -5.168  84.242 0.0000000000
61169  -30.785  -4.421  85.322 0.0000000000
61158  -32.207  -4.586  86.007 0.0000000000
54395  -25.915  -10.715  97.157 0.0000000000
53247  -27.932  -11.217  92.117 0.0000000000
53237  -28.051  -11.309  93.295 0.0000000000
53260  -26.735  -11.510  90.719 0.0000000000
118022  -26.003  -11.580  90.428 0.0000000000
129381  -45.719  -2.024  67.159 0.0000000000
64694  -44.838  -1.396  66.810 0.0000000000
66812  -44.088  0.135  66.769 0.0000000000
66811  -43.788  0.764  66.281 0.0000000000
41058  -9.862  -22.540  93.924 0.0000000000
43332  -11.633  -21.091  94.333 0.0000000000
42136  -10.941  -21.754  94.717 0.0000000000
130827  -11.750  -20.615  96.023 0.0000000000
42127  -13.380  -21.266  96.658 0.0000000000
63453  -42.212  -2.452  76.480 0.0000000000
63437  -43.400  -1.843  78.182 0.0000000000
120863  -38.530  -3.814  73.613 0.0000000000
129580  -39.201  -3.782  73.611 0.0000000000
62374  -39.543  -3.698  72.836 0.0000000000
62358  -40.245  -3.414  74.657 0.0000000000
63472  -41.343  -2.874  76.002 0.0000000000
49652  -12.492  -14.613  100.701 0.0000000000
49662  -12.992  -14.852  100.052 0.0000000000
48448  -13.500  -15.404  98.366 0.0000000000
48462  -13.681  -15.816  96.766 0.0000000000
47438  -18.417  -16.431  92.211 0.0000000000
47429  -16.013  -16.577  93.185 0.0000000000
47454  -8.958  -16.662  89.187 0.0000000000
47459  -9.152  -16.475  88.458 0.0000000000
45480  -10.984  -18.323  89.326 0.0000000000
117558  -12.262  -18.559  88.750 0.0000000000
44471  -13.670  -19.349  88.734 0.0000000000
116398  -16.702  -25.951  89.464 0.0000000000
39141  -17.843  -24.800  89.354 0.0000000000
38275  -16.842  -25.841  88.560 0.0000000000
38274  -16.053  -25.979  87.769 0.0000000000
117844  -16.605  -25.644  87.038 0.0000000000
47367  -6.782  -16.858  100.420 0.0000000000
45405  -6.182  -18.059  101.507 0.0000000000
44380  -6.325  -19.349  101.935 0.0000000000
40974  -12.784  -22.690  102.467 0.0000000000
40972  -11.590  -22.424  102.418 0.0000000000
40005  -12.236  -23.992  102.045 0.0000000000
39056  -11.982  -23.987  101.701 0.0000000000
40010  -12.592  -24.179  100.575 0.0000000000
39065  -13.166  -24.566  100.058 0.0000000000
113773  -12.933  -25.407  100.488 0.0000000000
121842  -13.650  -27.371  100.153 0.0000000000
36286  -14.767  -28.082  99.271 0.0000000000
56978  -26.617  -8.111  85.713 0.0000000000
58056  -27.267  -7.686  88.434 0.0000000000
59144  -26.759  -6.784  87.916 0.0000000000
59143  -26.733  -6.065  87.265 0.0000000000
61139  -27.108  -4.182  88.389 0.0000000000
62199  -28.258  -3.020  88.429 0.0000000000
54420  -29.095  -10.783  94.539 0.0000000000
55637  -29.858  -9.339  93.958 0.0000000000
54421  -29.827  -10.474  94.030 0.0000000000
53238  -28.987  -11.191  92.871 0.0000000000
113650  -28.530  -11.493  90.923 0.0000000000
62415  -46.285  -4.064  67.006 0.0000000000
64668  -46.789  -2.692  68.299 0.0000000000
66766  -46.704  0.469  70.313 0.0000000000
64523  -39.872  -1.232  78.471 0.0000000000
64510  -41.308  -1.293  79.754 0.0000000000
65596  -39.584  -0.473  80.130 0.0000000000
63431  -34.566  -2.669  77.125 0.0000000000
121996  -37.008  -1.907  75.779 0.0000000000
64541  -38.689  -1.202  77.433 0.0000000000
50882  -21.954  -12.821  92.700 0.0000000000
50881  -21.409  -13.440  93.911 0.0000000000
50889  -21.436  -13.267  92.215 0.0000000000
50896  -20.855  -13.616  91.594 0.0000000000
48551  -13.532  -15.696  85.424 0.0000000000
46453  -14.635  -17.305  85.699 0.0000000000
43369  -13.971  -20.543  91.696 0.0000000000
43380  -14.361  -20.628  90.986 0.0000000000
43370  -14.975  -20.697  91.670 0.0000000000
122072  -16.753  -22.387  91.822 0.0000000000
116883  -18.013  -23.887  91.010 0.0000000000
39131  -17.479  -25.276  91.946 0.0000000000
130495  -17.258  -25.568  91.390 0.0000000000
38257  -17.208  -25.521  90.717 0.0000000000
37319  -15.493  -26.670  90.341 0.0000000000
46358  -9.139  -17.181  102.833 0.0000000000
45406  -10.436  -18.674  101.736 0.0000000000
44382  -11.149  -19.533  101.859 0.0000000000
43289  -12.182  -20.693  101.822 0.0000000000
43295  -13.497  -20.593  100.656 0.0000000000
43290  -13.077  -20.919  101.533 0.0000000000
40977  -13.546  -22.341  102.212 0.0000000000
40003  -14.109  -23.503  102.236 0.0000000000
118526  -14.216  -24.921  101.973 0.0000000000
127136  -14.339  -26.283  101.615 0.0000000000
61191  -35.090  -4.158  83.051 0.0000000000
63361  -36.368  -2.509  84.600 0.0000000000
62228  -36.017  -3.468  85.489 0.0000000000
58090  -26.422  -7.482  83.496 0.0000000000
59222  -32.383  -7.337  81.487 0.0000000000
60218  -34.004  -5.458  83.000 0.0000000000
52007  -23.439  -13.018  96.389 0.0000000000
52033  -23.651  -12.538  94.768 0.0000000000
55618  -25.998  -9.262  96.777 0.0000000000
54403  -26.578  -10.903  96.599 0.0000000000
53192  -26.817  -11.771  96.300 0.0000000000
53224  -27.047  -11.304  93.647 0.0000000000
135588  -26.901  -11.948  95.410 0.0000000000
53200  -26.398  -12.209  95.786 0.0000000000
128591  -25.102  -12.096  94.710 0.0000000000
52045  -24.284  -12.172  94.115 0.0000000000
127536  -22.568  -12.578  93.154 0.0000000000
52068  -22.719  -12.563  91.486 0.0000000000
67941  -43.529  1.968  65.866 0.0000000000
68961  -43.387  2.234  65.056 0.0000000000
70015  -43.405  3.269  63.968 0.0000000000
44445  -9.984  -19.066  90.570 0.0000000000
43376  -11.167  -20.558  91.126 0.0000000000
43364  -8.946  -20.082  91.861 0.0000000000
43366  -10.764  -20.933  91.627 0.0000000000
43368  -12.104  -21.024  91.452 0.0000000000
114371  -13.625  -20.502  92.202 0.0000000000
42168  -14.535  -20.840  93.258 0.0000000000
42169  -15.157  -21.555  93.768 0.0000000000
42151  -13.483  -20.633  94.225 0.0000000000
41037  -14.941  -21.817  94.647 0.0000000000
40064  -16.328  -23.441  94.457 0.0000000000
38221  -16.538  -24.792  94.955 0.0000000000
129296  -16.679  -25.452  94.856 0.0000000000
114298  -45.286  -1.260  74.441 0.0000000000
63491  -39.717  -2.960  72.506 0.0000000000
64618  -39.931  -1.981  72.148 0.0000000000
64632  -41.162  -0.807  71.875 0.0000000000
65681  -42.456  -0.676  72.494 0.0000000000
65676  -44.033  -0.906  73.189 0.0000000000
133273  -10.457  -16.705  100.934 0.0000000000
114520  -11.006  -17.162  99.410 0.0000000000
48432  -11.638  -15.813  99.441 0.0000000000
47375  -11.591  -16.455  98.859 0.0000000000
136784  -11.695  -18.061  98.623 0.0000000000
44401  -14.098  -19.696  96.922 0.0000000000
49710  -20.834  -13.998  94.366 0.0000000000
49702  -20.421  -14.778  94.754 0.0000000000
48476  -20.054  -15.492  96.075 0.0000000000
122257  -19.498  -16.051  93.795 0.0000000000
48497  -19.538  -16.169  94.634 0.0000000000
48475  -19.560  -16.080  96.592 0.0000000000
47401  -19.007  -16.540  97.153 0.0000000000
47389  -17.753  -16.593  97.526 0.0000000000
47369  -17.008  -16.205  99.003 0.0000000000
48465  -16.140  -15.860  97.460 0.0000000000
48473  -15.018  -15.441  96.338 0.0000000000
48483  -13.903  -15.879  95.861 0.0000000000
47428  -15.295  -16.550  93.836 0.0000000000
47419  -14.527  -16.667  94.349 0.0000000000
47418  -13.787  -16.895  94.839 0.0000000000
45435  -13.970  -18.501  94.959 0.0000000000
48539  -9.653  -14.923  87.158 0.0000000000
47465  -9.469  -16.234  87.910 0.0000000000
48532  -10.045  -15.627  87.510 0.0000000000
48541  -11.549  -15.354  86.740 0.0000000000
47472  -12.584  -16.584  86.699 0.0000000000
46446  -14.268  -17.667  86.333 0.0000000000
45510  -16.071  -18.861  86.150 0.0000000000
118233  -15.090  -20.463  90.442 0.0000000000
43397  -15.337  -20.355  89.683 0.0000000000
43409  -15.682  -20.181  88.856 0.0000000000
41090  -18.316  -22.905  89.017 0.0000000000
42222  -16.923  -21.053  88.922 0.0000000000
43422  -16.002  -19.918  88.060 0.0000000000
44482  -16.246  -19.704  87.260 0.0000000000
44491  -16.488  -19.465  86.504 0.0000000000
44496  -16.740  -19.193  85.774 0.0000000000
42245  -18.600  -21.470  85.701 0.0000000000
45402  -8.687  -18.270  102.742 0.0000000000
44381  -8.123  -19.481  102.328 0.0000000000
43286  -8.338  -20.269  101.857 0.0000000000
40971  -11.087  -21.973  102.326 0.0000000000
116291  -8.996  -20.698  101.410 0.0000000000
42084  -8.456  -21.288  100.874 0.0000000000
42093  -8.795  -21.573  100.310 0.0000000000
40998  -8.897  -22.215  98.914 0.0000000000
42102  -9.455  -21.740  98.256 0.0000000000
43306  -10.955  -20.859  97.891 0.0000000000
115576  -12.589  -21.337  98.254 0.0000000000
41013  -14.469  -22.824  97.483 0.0000000000
39071  -13.898  -24.494  99.263 0.0000000000
119334  -14.705  -24.467  98.408 0.0000000000
40029  -15.276  -24.174  97.337 0.0000000000
38205  -15.727  -25.374  96.806 0.0000000000
134894  -16.511  -27.227  96.121 0.0000000000
35394  -17.214  -28.694  94.978 0.0000000000
36279  -14.476  -27.905  101.477 0.0000000000
35361  -15.424  -29.248  101.557 0.0000000000
35359  -13.795  -28.577  101.185 0.0000000000
34482  -14.122  -29.498  100.868 0.0000000000
129758  -14.617  -29.519  100.174 0.0000000000
34491  -15.425  -29.357  99.263 0.0000000000
33643  -16.418  -30.879  98.779 0.0000000000
117445  -16.486  -29.627  97.886 0.0000000000
34505  -17.153  -29.896  96.405 0.0000000000
34509  -17.199  -29.952  95.535 0.0000000000
117490  -16.533  -30.003  94.071 0.0000000000
33669  -15.383  -30.826  93.932 0.0000000000
32803  -13.007  -31.515  94.428 0.0000000000
60119  -29.673  -5.316  93.039 0.0000000000
59112  -29.635  -6.706  92.211 0.0000000000
58035  -29.918  -7.527  91.758 0.0000000000
59105  -29.913  -6.870  92.639 0.0000000000
60112  -29.598  -5.207  93.586 0.0000000000
64624  -46.138  -1.861  72.680 0.0000000000
134781  -47.426  -1.811  73.659 0.0000000000
64623  -45.059  -1.312  72.721 0.0000000000
64635  -44.840  -1.535  71.798 0.0000000000
63501  -46.039  -2.326  71.888 0.0000000000
63385  -36.266  -2.364  83.037 0.0000000000
62247  -35.943  -2.970  83.025 0.0000000000
61202  -34.903  -4.031  82.296 0.0000000000
62256  -35.022  -3.676  81.651 0.0000000000
136517  -35.509  -3.132  81.644 0.0000000000
35401  -16.663  -28.537  93.410 0.0000000000
34530  -15.348  -29.447  93.180 0.0000000000
34531  -16.256  -29.334  93.513 0.0000000000
41022  -9.251  -22.379  96.116 0.0000000000
113057  -8.523  -22.790  97.084 0.0000000000
123725  -41.699  -1.864  79.014 0.0000000000
64524  -40.812  -1.596  78.758 0.0000000000
63433  -39.902  -2.158  77.136 0.0000000000
63434  -40.765  -2.491  77.284 0.0000000000
48425  -15.753  -15.390  100.853 0.0000000000
48436  -15.469  -15.497  99.871 0.0000000000
48437  -16.216  -15.804  99.426 0.0000000000
52032  -22.810  -12.786  94.511 0.0000000000
50865  -22.321  -13.205  95.079 0.0000000000
50874  -22.150  -13.192  94.230 0.0000000000
46460  -15.670  -17.341  84.732 0.0000000000
44447  -12.054  -20.240  90.230 0.0000000000
130163  -13.001  -20.605  90.564 0.0000000000
37347  -13.229  -26.888  88.274 0.0000000000
133927  -8.407  -16.715  102.954 0.0000000000
127361  -13.531  -26.568  101.415 0.0000000000
37246  -13.299  -27.203  101.092 0.0000000000
36278  -13.622  -27.867  101.229 0.0000000000
62182  -27.741  -3.605  91.059 0.0000000000
61121  -27.365  -4.427  90.553 0.0000000000
53263  -31.134  -12.093  90.732 0.0000000000
53250  -31.007  -11.802  91.596 0.0000000000
52084  -30.879  -12.490  90.083 0.0000000000
64645  -48.364  -1.954  70.746 0.0000000000
63511  -47.834  -2.790  70.335 0.0000000000
117061  -47.505  -3.169  69.524 0.0000000000
65594  -37.928  -0.369  79.894 0.0000000000
65583  -38.685  -0.255  80.301 0.0000000000
50935  -9.322  -14.108  85.362 0.0000000000
50923  -9.954  -13.801  86.000 0.0000000000
49755  -11.226  -14.488  86.379 0.0000000000
41050  -16.273  -22.802  93.788 0.0000000000
40073  -17.296  -23.989  93.174 0.0000000000
36333  -15.398  -27.272  91.327 0.0000000000
36332  -14.273  -27.753  91.094 0.0000000000
35425  -13.604  -28.235  91.176 0.0000000000
120740  -12.967  -28.614  91.368 0.0000000000
45415  -11.926  -18.907  100.066 0.0000000000
42089  -15.141  -22.352  100.552 0.0000000000
61172  -34.064  -4.904  85.908 0.0000000000
61161  -34.656  -4.211  86.583 0.0000000000
56986  -26.438  -8.104  84.847 0.0000000000
60193  -32.850  -5.962  84.556 0.0000000000
60195  -33.851  -5.618  84.631 0.0000000000
53180  -25.645  -12.045  97.260 0.0000000000
122906  -25.221  -12.461  97.296 0.0000000000
54419  -28.438  -11.399  94.917 0.0000000000
53259  -25.251  -11.669  90.717 0.0000000000
53236  -25.364  -11.502  92.222 0.0000000000
117123  -24.698  -11.709  91.536 0.0000000000
52082  -23.606  -12.125  90.578 0.0000000000
52083  -24.026  -12.005  90.053 0.0000000000
42164  -9.892  -22.236  93.284 0.0000000000
116869  -9.098  -21.928  93.286 0.0000000000
115166  -10.497  -21.968  92.703 0.0000000000
42167  -11.539  -21.629  92.739 0.0000000000
42166  -11.065  -22.166  93.365 0.0000000000
41024  -15.231  -23.061  96.305 0.0000000000
40040  -15.421  -23.725  96.610 0.0000000000
64583  -43.848  -1.647  76.248 0.0000000000
125416  -44.771  -1.515  76.565 0.0000000000
64570  -44.147  -1.774  77.110 0.0000000000
64595  -41.770  -1.839  74.327 0.0000000000
47397  -13.001  -16.368  96.843 0.0000000000
47387  -12.435  -16.546  97.425 0.0000000000
46379  -12.618  -17.333  96.537 0.0000000000
47396  -12.908  -16.814  96.170 0.0000000000
49718  -19.623  -14.975  92.634 0.0000000000
47422  -17.742  -16.540  94.906 0.0000000000
48526  -8.023  -15.940  88.078 0.0000000000
45493  -13.534  -18.647  88.157 0.0000000000
44480  -14.818  -19.085  87.998 0.0000000000
40097  -17.965  -23.104  90.373 0.0000000000
39162  -18.283  -24.072  87.263 0.0000000000
40120  -18.501  -23.431  87.045 0.0000000000
134721  -18.250  -24.041  86.613 0.0000000000
40127  -18.410  -23.585  86.211 0.0000000000
39174  -17.367  -25.098  86.059 0.0000000000
130381  -5.762  -19.627  101.419 0.0000000000
43293  -6.753  -20.887  100.981 0.0000000000
43282  -11.116  -20.857  102.500 0.0000000000
43281  -10.730  -20.780  102.391 0.0000000000
40982  -11.937  -22.930  100.538 0.0000000000
131181  -11.543  -22.210  100.327 0.0000000000
40989  -12.280  -22.471  99.873 0.0000000000
36293  -15.115  -27.284  98.612 0.0000000000
36297  -15.591  -27.335  97.938 0.0000000000
130556  -15.922  -28.419  98.068 0.0000000000
31809  -16.947  -33.200  100.777 0.0000000000
31806  -16.530  -32.165  101.068 0.0000000000
31808  -16.319  -33.079  100.563 0.0000000000
56951  -28.956  -8.560  89.590 0.0000000000
60127  -28.488  -5.432  91.746 0.0000000000
60126  -28.022  -4.546  91.480 0.0000000000
55664  -31.083  -9.680  91.583 0.0000000000
55665  -31.165  -10.251  90.977 0.0000000000
55676  -30.835  -9.667  90.857 0.0000000000
56952  -29.755  -8.863  89.993 0.0000000000
55688  -29.436  -9.260  89.293 0.0000000000
55700  -29.278  -9.625  88.565 0.0000000000
56923  -30.649  -8.497  92.552 0.0000000000
63495  -48.596  -1.994  72.063 0.0000000000
65698  -42.446  -0.817  70.677 0.0000000000
65709  -42.237  -0.926  70.078 0.0000000000
64643  -44.271  -1.974  70.440 0.0000000000
113084  -43.429  -1.674  69.842 0.0000000000
63528  -43.347  -2.558  68.271 0.0000000000
63530  -44.467  -3.280  68.830 0.0000000000
117617  -45.107  -2.948  70.037 0.0000000000
63509  -45.921  -3.105  70.588 0.0000000000
63502  -47.348  -2.937  71.204 0.0000000000
64492  -37.253  -0.687  81.474 0.0000000000
132272  -36.460  -1.272  83.815 0.0000000000
65563  -36.975  -0.790  82.898 0.0000000000
59236  -32.879  -6.510  81.145 0.0000000000
60240  -33.129  -5.633  80.459 0.0000000000
61227  -34.192  -4.123  79.934 0.0000000000
60252  -33.230  -5.117  79.560 0.0000000000
61242  -33.822  -4.271  79.382 0.0000000000
62303  -34.115  -3.543  78.544 0.0000000000
63402  -36.280  -2.001  80.742 0.0000000000
129180  -17.222  -26.127  93.656 0.0000000000
35412  -16.322  -28.087  92.620 0.0000000000
35411  -15.433  -28.337  92.264 0.0000000000
33683  -13.944  -30.263  93.442 0.0000000000
34528  -13.482  -29.738  93.025 0.0000000000
33666  -12.405  -30.926  94.088 0.0000000000
44394  -13.361  -19.528  98.316 0.0000000000
120953  -14.504  -20.585  98.343 0.0000000000
62221  -32.575  -4.008  86.551 0.0000000000
114476  -27.207  -4.832  87.083 0.0000000000
133952  -27.453  -4.864  86.443 0.0000000000
61154  -27.827  -4.357  86.701 0.0000000000
136821  -29.259  -4.098  85.862 0.0000000000
61167  -28.933  -4.419  85.498 0.0000000000
131140  -28.878  -4.827  84.846 0.0000000000
61177  -29.841  -4.635  84.843 0.0000000000
62220  -31.716  -3.860  86.345 0.0000000000
61157  -31.388  -4.264  85.824 0.0000000000
54394  -25.278  -10.590  97.712 0.0000000000
113686  -27.589  -11.402  91.170 0.0000000000
64679  -46.545  -2.643  67.548 0.0000000000
133425  -46.477  -2.855  66.884 0.0000000000
123892  -45.855  -1.855  68.042 0.0000000000
67902  -44.646  1.079  68.800 0.0000000000
65722  -44.550  -0.466  68.056 0.0000000000
66788  -44.440  0.358  68.390 0.0000000000
65732  -44.402  -0.613  67.201 0.0000000000
66795  -43.834  0.913  67.139 0.0000000000
41047  -9.457  -22.663  94.669 0.0000000000
41048  -10.192  -22.390  94.444 0.0000000000
41036  -9.575  -22.461  95.127 0.0000000000
42126  -12.387  -20.581  96.392 0.0000000000
42113  -12.532  -20.842  97.377 0.0000000000
63436  -42.539  -2.301  77.575 0.0000000000
63469  -37.533  -2.410  75.194 0.0000000000
62347  -39.045  -3.232  75.098 0.0000000000
62356  -38.740  -3.520  74.263 0.0000000000
62357  -39.529  -3.536  74.385 0.0000000000
116441  -41.075  -2.806  76.641 0.0000000000
49663  -13.861  -14.969  100.138 0.0000000000
117879  -13.785  -15.550  97.572 0.0000000000
48463  -14.546  -15.433  97.112 0.0000000000
47437  -17.516  -16.611  92.152 0.0000000000
47444  -17.114  -16.799  91.513 0.0000000000
46420  -9.281  -17.410  89.712 0.0000000000
45479  -10.175  -17.773  89.362 0.0000000000
122894  -12.390  -19.878  89.707 0.0000000000
45481  -11.717  -18.749  89.337 0.0000000000
44470  -12.925  -19.008  88.702 0.0000000000
44460  -13.947  -19.952  89.322 0.0000000000
37350  -16.052  -26.174  88.926 0.0000000000
132813  -15.424  -26.266  88.480 0.0000000000
115190  -15.257  -25.830  87.008 0.0000000000
38291  -14.389  -26.018  87.036 0.0000000000
45400  -6.868  -17.877  102.102 0.0000000000
130957  -6.378  -18.554  102.065 0.0000000000
128847  -7.140  -19.085  102.357 0.0000000000
40001  -12.615  -23.513  102.355 0.0000000000
39054  -12.779  -24.191  102.104 0.0000000000
38182  -12.608  -25.109  101.190 0.0000000000
39061  -12.346  -24.497  101.192 0.0000000000
39062  -12.633  -25.025  100.806 0.0000000000
36284  -13.292  -27.381  100.825 0.0000000000
37252  -13.358  -26.680  100.314 0.0000000000
36292  -14.373  -27.305  99.382 0.0000000000
131228  -13.986  -27.950  99.997 0.0000000000
56970  -26.731  -8.177  86.462 0.0000000000
59136  -26.905  -6.732  88.801 0.0000000000
120305  -26.705  -5.810  88.153 0.0000000000
58062  -26.589  -6.937  87.135 0.0000000000
60157  -26.847  -5.384  87.393 0.0000000000
62194  -27.908  -2.839  89.399 0.0000000000
53308  -30.704  -12.407  87.563 0.0000000000
56900  -28.637  -8.990  94.907 0.0000000000
55628  -28.905  -9.894  94.784 0.0000000000
56907  -29.968  -8.376  93.677 0.0000000000
54434  -30.400  -11.352  93.095 0.0000000000
54428  -30.269  -11.028  93.580 0.0000000000
53226  -29.750  -11.300  93.410 0.0000000000
53239  -29.987  -11.505  92.670 0.0000000000
53248  -29.116  -11.400  91.831 0.0000000000
116069  -29.773  -11.906  90.978 0.0000000000
119313  -28.659  -12.668  88.608 0.0000000000
67877  -47.655  1.191  70.402 0.0000000000
62401  -45.107  -3.757  68.346 0.0000000000
129291  -44.555  -3.671  67.461 0.0000000000
62402  -46.200  -4.211  68.332 0.0000000000
62404  -47.288  -3.879  68.165 0.0000000000
114526  -46.787  -4.249  67.670 0.0000000000
118090  -47.251  -4.088  67.774 0.0000000000
62416  -46.892  -4.011  67.270 0.0000000000
63545  -47.075  -3.553  67.638 0.0000000000
66767  -47.573  0.015  70.814 0.0000000000
65699  -46.854  -0.632  70.486 0.0000000000
64509  -40.279  -0.967  79.428 0.0000000000
65574  -39.901  0.114  81.820 0.0000000000
63414  -34.579  -2.851  77.966 0.0000000000
62334  -34.087  -3.058  76.676 0.0000000000
64538  -35.664  -1.799  77.032 0.0000000000
63448  -35.974  -2.094  76.008 0.0000000000
65631  -38.069  -0.650  77.950 0.0000000000
64540  -37.913  -1.032  77.148 0.0000000000
64522  -39.004  -0.869  78.168 0.0000000000
50897  -21.586  -13.196  91.525 0.0000000000
50938  -11.900  -13.535  84.902 0.0000000000
48550  -12.820  -15.348  85.793 0.0000000000
47478  -14.389  -16.655  85.370 0.0000000000
47477  -13.803  -16.342  85.561 0.0000000000
42181  -15.520  -21.279  92.191 0.0000000000
41066  -17.121  -22.881  92.153 0.0000000000
40090  -17.536  -23.375  91.665 0.0000000000
37301  -17.191  -26.367  92.511 0.0000000000
38243  -17.367  -25.766  92.576 0.0000000000
37309  -15.704  -26.759  91.058 0.0000000000
38256  -16.695  -25.997  91.055 0.0000000000
38263  -16.653  -26.011  90.311 0.0000000000
36342  -13.640  -27.739  90.464 0.0000000000
36358  -14.072  -27.242  89.858 0.0000000000
34543  -12.015  -29.493  92.549 0.0000000000
46361  -10.049  -17.740  102.177 0.0000000000
44385  -11.744  -19.158  101.044 0.0000000000
43288  -11.439  -20.419  102.194 0.0000000000
44387  -13.092  -19.932  100.160 0.0000000000
42087  -13.833  -21.318  101.113 0.0000000000
42080  -13.345  -21.636  101.916 0.0000000000
40978  -14.325  -22.836  101.965 0.0000000000
39060  -15.021  -24.422  101.678 0.0000000000
38185  -14.733  -25.402  101.729 0.0000000000
61185  -35.233  -4.328  83.982 0.0000000000
62234  -35.864  -3.661  84.444 0.0000000000
61179  -35.221  -4.355  85.087 0.0000000000
59175  -26.705  -6.745  84.000 0.0000000000
59190  -32.906  -6.656  83.444 0.0000000000
59204  -31.944  -7.015  82.637 0.0000000000
58097  -32.262  -7.312  82.088 0.0000000000
125362  -32.740  -7.127  82.174 0.0000000000
60207  -33.992  -5.623  83.870 0.0000000000
61184  -34.568  -4.879  83.490 0.0000000000
61190  -34.513  -4.664  82.597 0.0000000000
52008  -24.319  -12.921  96.699 0.0000000000
53201  -26.990  -12.063  95.814 0.0000000000
113859  -26.983  -11.148  92.582 0.0000000000
115367  -25.279  -11.557  93.094 0.0000000000
53223  -26.083  -11.479  93.867 0.0000000000
53211  -26.039  -11.899  94.876 0.0000000000
52035  -25.502  -12.289  95.507 0.0000000000
53234  -23.918  -11.973  92.610 0.0000000000
53221  -23.835  -12.155  93.312 0.0000000000
52044  -23.272  -12.468  93.776 0.0000000000
52057  -23.257  -12.297  92.842 0.0000000000
52056  -22.645  -12.529  92.327 0.0000000000
52096  -23.320  -12.225  89.695 0.0000000000
52081  -22.773  -12.497  90.568 0.0000000000
68950  -43.731  2.413  66.704 0.0000000000
129476  -43.616  1.260  65.837 0.0000000000
68968  -43.334  2.397  64.198 0.0000000000
71013  -43.781  3.967  64.683 0.0000000000
45460  -8.512  -18.199  90.957 0.0000000000
45461  -9.215  -18.653  90.820 0.0000000000
44436  -10.438  -20.034  90.958 0.0000000000
124844  -7.513  -20.297  92.731 0.0000000000
42187  -11.108  -21.656  92.117 0.0000000000
43365  -9.901  -20.533  91.676 0.0000000000
43367  -11.496  -21.115  91.576 0.0000000000
42188  -11.713  -21.409  91.894 0.0000000000
42189  -12.194  -21.222  91.832 0.0000000000
42178  -12.184  -21.252  92.256 0.0000000000
43346  -13.107  -20.479  93.315 0.0000000000
43358  -13.778  -20.468  92.860 0.0000000000
119214  -12.085  -20.576  94.774 0.0000000000
43333  -12.367  -20.640  93.959 0.0000000000
115832  -12.774  -20.451  94.878 0.0000000000
135035  -15.018  -22.288  95.294 0.0000000000
123468  -15.449  -22.562  94.870 0.0000000000
131486  -15.906  -22.854  94.476 0.0000000000
39099  -16.746  -24.276  94.402 0.0000000000
40053  -16.286  -23.966  95.101 0.0000000000
38212  -16.426  -25.247  95.488 0.0000000000
124697  -16.607  -25.930  95.196 0.0000000000
37276  -16.847  -26.609  94.778 0.0000000000
129235  -16.564  -26.442  95.538 0.0000000000
114891  -45.598  -1.372  75.234 0.0000000000
135142  -36.393  -2.106  85.183 0.0000000000
62375  -39.998  -3.189  73.112 0.0000000000
63487  -40.517  -2.832  73.558 0.0000000000
64607  -41.601  -1.549  73.560 0.0000000000
64619  -40.658  -1.544  72.438 0.0000000000
64631  -40.356  -1.119  71.631 0.0000000000
64621  -42.140  -0.985  73.174 0.0000000000
115482  -44.321  -1.117  74.256 0.0000000000
65675  -42.945  -0.807  73.180 0.0000000000
64610  -44.877  -1.137  73.626 0.0000000000
47366  -10.731  -16.131  100.640 0.0000000000
46366  -10.646  -16.907  100.207 0.0000000000
48433  -12.174  -15.252  99.672 0.0000000000
48446  -11.986  -15.772  98.892 0.0000000000
46373  -11.884  -16.893  98.002 0.0000000000
46370  -11.472  -17.379  98.651 0.0000000000
125947  -12.239  -18.416  98.274 0.0000000000
45422  -12.340  -18.115  97.473 0.0000000000
44404  -13.495  -18.900  96.347 0.0000000000
45430  -12.880  -18.500  96.987 0.0000000000
44405  -14.267  -19.479  96.042 0.0000000000
131482  -21.324  -13.265  93.078 0.0000000000
50880  -20.746  -13.853  93.507 0.0000000000
49695  -20.550  -14.826  95.627 0.0000000000
48488  -19.986  -15.528  95.130 0.0000000000
48505  -19.349  -15.813  92.992 0.0000000000
116626  -18.965  -16.345  93.177 0.0000000000
47424  -19.111  -16.625  95.042 0.0000000000
48487  -19.521  -16.168  95.543 0.0000000000
47377  -16.979  -16.218  97.978 0.0000000000
48451  -16.167  -15.844  98.402 0.0000000000
48485  -15.402  -15.695  95.654 0.0000000000
48484  -14.602  -15.645  95.636 0.0000000000
48472  -14.316  -15.587  96.303 0.0000000000
47435  -16.142  -16.972  92.475 0.0000000000
46393  -15.584  -17.074  93.177 0.0000000000
46392  -14.857  -17.173  93.756 0.0000000000
46389  -14.255  -17.361  94.341 0.0000000000
45439  -13.683  -17.705  94.844 0.0000000000
45440  -14.140  -18.046  94.414 0.0000000000
48530  -8.240  -15.655  87.646 0.0000000000
49742  -8.076  -14.985  87.006 0.0000000000
49752  -7.978  -14.721  86.111 0.0000000000
46426  -10.277  -17.244  88.711 0.0000000000
47460  -9.942  -16.730  88.335 0.0000000000
47461  -10.786  -16.958  88.276 0.0000000000
47467  -11.341  -16.585  87.686 0.0000000000
48533  -11.021  -15.786  87.378 0.0000000000
47471  -11.844  -16.178  87.042 0.0000000000
46445  -13.548  -17.510  86.642 0.0000000000
46447  -15.007  -17.921  86.093 0.0000000000
45509  -15.363  -18.570  86.454 0.0000000000
43381  -15.366  -20.744  91.007 0.0000000000
43398  -16.194  -20.622  89.344 0.0000000000
43408  -14.815  -20.032  89.176 0.0000000000
40102  -18.198  -23.216  89.646 0.0000000000
39142  -18.349  -23.781  89.025 0.0000000000
42224  -18.151  -22.089  88.056 0.0000000000
41100  -17.934  -22.237  88.825 0.0000000000
42223  -17.547  -21.555  88.484 0.0000000000
43410  -16.466  -20.468  88.498 0.0000000000
43411  -17.180  -20.867  88.120 0.0000000000
43423  -16.714  -20.278  87.688 0.0000000000
43433  -16.985  -20.040  86.922 0.0000000000
43434  -17.760  -20.442  86.568 0.0000000000
44492  -17.246  -19.789  86.146 0.0000000000
43438  -18.001  -20.189  85.790 0.0000000000
40985  -7.203  -22.694  98.516 0.0000000000
45403  -9.321  -18.106  102.633 0.0000000000
134274  -8.963  -17.790  102.821 0.0000000000
132548  -9.485  -18.896  102.416 0.0000000000
43280  -10.036  -20.284  102.118 0.0000000000
43279  -9.073  -19.823  102.238 0.0000000000
42086  -10.218  -21.665  101.161 0.0000000000
42078  -10.501  -21.560  101.866 0.0000000000
42085  -9.551  -21.200  101.129 0.0000000000
42094  -9.182  -21.699  99.797 0.0000000000
113942  -9.695  -21.491  99.181 0.0000000000
42111  -10.086  -21.371  97.572 0.0000000000
42103  -10.272  -21.169  98.537 0.0000000000
133363  -13.246  -22.190  98.523 0.0000000000
42114  -13.353  -21.625  97.676 0.0000000000
118669  -13.942  -22.405  97.990 0.0000000000
39066  -13.454  -25.292  99.834 0.0000000000
40019  -13.546  -23.725  99.341 0.0000000000
38194  -15.137  -25.846  98.298 0.0000000000
39078  -15.314  -25.080  97.741 0.0000000000
40028  -14.689  -23.583  97.845 0.0000000000
134030  -15.483  -24.780  97.045 0.0000000000
36309  -16.703  -27.766  96.072 0.0000000000
130523  -17.045  -28.374  95.688 0.0000000000
132064  -15.424  -28.335  101.465 0.0000000000
34481  -15.451  -29.927  101.568 0.0000000000
34480  -14.767  -29.721  101.389 0.0000000000
35360  -14.555  -28.933  101.440 0.0000000000
34479  -14.099  -29.354  101.120 0.0000000000
33629  -14.461  -30.047  101.107 0.0000000000
33635  -15.437  -31.076  100.450 0.0000000000
34486  -15.254  -30.174  99.900 0.0000000000
33647  -16.628  -30.600  97.860 0.0000000000
34499  -16.948  -29.796  97.180 0.0000000000
33648  -17.121  -30.679  96.967 0.0000000000
33655  -16.866  -30.631  95.374 0.0000000000
34516  -17.078  -30.001  94.737 0.0000000000
33670  -16.521  -30.661  94.690 0.0000000000
132771  -16.052  -30.597  94.150 0.0000000000
61106  -29.336  -4.672  92.869 0.0000000000
58043  -28.919  -7.542  90.735 0.0000000000
58036  -30.380  -7.906  92.063 0.0000000000
56943  -30.565  -8.947  91.121 0.0000000000
58045  -30.241  -8.196  91.422 0.0000000000
58044  -29.656  -7.859  91.087 0.0000000000
59087  -29.751  -6.911  93.716 0.0000000000
124490  -29.918  -6.678  93.192 0.0000000000
63493  -46.807  -2.533  71.995 0.0000000000
64626  -47.960  -2.015  72.994 0.0000000000
64634  -43.971  -1.214  71.415 0.0000000000
129737  -44.734  -1.871  71.120 0.0000000000
63508  -45.073  -2.470  70.716 0.0000000000
63500  -45.485  -2.317  71.353 0.0000000000
129729  -36.274  -2.171  81.595 0.0000000000
63395  -36.462  -1.929  82.273 0.0000000000
135039  -33.578  -5.195  80.785 0.0000000000
60241  -34.010  -4.760  81.089 0.0000000000
61213  -34.256  -4.268  80.463 0.0000000000
62268  -34.605  -3.715  80.245 0.0000000000
62285  -35.011  -3.144  79.857 0.0000000000
63394  -35.800  -2.636  81.198 0.0000000000
33684  -14.908  -30.197  93.451 0.0000000000
43307  -14.620  -20.400  97.396 0.0000000000
42115  -15.643  -21.296  97.159 0.0000000000
62209  -28.739  -3.213  87.562 0.0000000000
62218  -29.191  -3.471  86.739 0.0000000000
62219  -30.154  -3.468  86.474 0.0000000000
61156  -30.476  -3.916  85.870 0.0000000000
62211  -30.959  -3.171  86.799 0.0000000000
122705  -25.301  -8.772  97.343 0.0000000000
118237  -27.314  -11.770  89.412 0.0000000000
64667  -45.139  -1.062  68.542 0.0000000000
66779  -45.178  0.411  69.384 0.0000000000
67890  -45.376  1.449  69.338 0.0000000000
69951  -46.031  3.121  69.003 0.0000000000
41035  -9.092  -22.805  95.382 0.0000000000
42135  -10.082  -21.922  95.428 0.0000000000
42124  -10.012  -21.639  96.531 0.0000000000
42112  -10.757  -21.189  96.995 0.0000000000
63435  -41.558  -2.530  77.483 0.0000000000
63418  -41.993  -2.311  78.382 0.0000000000
63449  -38.418  -2.190  76.104 0.0000000000
115025  -38.320  -2.604  75.445 0.0000000000
63450  -39.298  -2.346  76.434 0.0000000000
63470  -39.787  -3.088  75.737 0.0000000000
62349  -40.294  -3.336  75.307 0.0000000000
48424  -14.831  -15.235  100.494 0.0000000000
50855  -22.601  -13.328  96.030 0.0000000000
47485  -14.780  -16.361  84.751 0.0000000000
48563  -14.562  -15.664  84.468 0.0000000000
47486  -15.377  -16.721  84.423 0.0000000000
44457  -11.139  -19.058  89.866 0.0000000000
43395  -13.437  -20.350  89.997 0.0000000000
37330  -14.450  -26.850  89.237 0.0000000000
37348  -13.995  -26.704  88.457 0.0000000000
37364  -14.207  -26.379  87.783 0.0000000000
46356  -7.372  -17.171  102.222 0.0000000000
45401  -7.735  -17.842  102.586 0.0000000000
39058  -13.325  -24.732  101.923 0.0000000000
38183  -12.860  -25.416  101.366 0.0000000000
59128  -27.211  -6.531  89.729 0.0000000000
60141  -27.005  -5.411  89.955 0.0000000000
61130  -27.019  -4.279  89.457 0.0000000000
54467  -29.984  -10.469  88.446 0.0000000000
124554  -31.099  -10.084  93.006 0.0000000000
54429  -30.550  -10.093  93.519 0.0000000000
53240  -30.675  -11.520  92.450 0.0000000000
53274  -30.231  -12.410  90.156 0.0000000000
62391  -47.047  -3.687  69.325 0.0000000000
62392  -47.210  -3.528  68.886 0.0000000000
63519  -47.385  -3.207  69.177 0.0000000000
64656  -47.122  -2.563  69.285 0.0000000000
65700  -47.808  -1.063  70.794 0.0000000000
65595  -38.638  -0.432  79.461 0.0000000000
65573  -38.915  0.203  81.718 0.0000000000
63432  -35.039  -2.264  77.544 0.0000000000
131988  -36.156  -1.512  78.371 0.0000000000
64539  -36.285  -1.413  77.557 0.0000000000
125379  -37.095  -1.107  77.180 0.0000000000
52080  -21.878  -12.790  90.274 0.0000000000
50937  -11.109  -13.571  85.252 0.0000000000
49768  -11.626  -14.075  85.725 0.0000000000
115852  -15.316  -21.378  92.956 0.0000000000
41064  -16.007  -21.880  92.665 0.0000000000
40083  -17.383  -23.691  92.439 0.0000000000
36334  -16.142  -27.073  91.663 0.0000000000
36344  -15.119  -27.061  90.768 0.0000000000
46363  -10.478  -17.430  100.861 0.0000000000
45410  -10.746  -18.171  101.028 0.0000000000
42097  -14.753  -21.393  99.668 0.0000000000
40983  -14.779  -22.480  101.237 0.0000000000
40979  -14.927  -23.063  101.504 0.0000000000
40007  -15.283  -23.621  101.254 0.0000000000
127131  -34.714  -4.528  85.826 0.0000000000
60200  -27.727  -5.759  84.075 0.0000000000
124264  -32.426  -5.920  84.449 0.0000000000
60205  -32.662  -6.311  83.987 0.0000000000
59177  -33.077  -6.315  84.057 0.0000000000
59191  -33.183  -6.492  83.589 0.0000000000
60206  -33.454  -6.113  84.059 0.0000000000
51995  -24.689  -12.739  97.717 0.0000000000
52021  -24.898  -12.554  96.098 0.0000000000
127104  -27.996  -10.593  95.505 0.0000000000
54410  -27.911  -11.281  95.398 0.0000000000
53202  -27.548  -11.687  95.232 0.0000000000
53244  -24.070  -11.847  91.958 0.0000000000
64706  -46.267  -1.823  65.282 0.0000000000
43354  -8.503  -20.536  92.530 0.0000000000
43355  -9.435  -20.945  92.293 0.0000000000
42176  -9.765  -21.717  92.739 0.0000000000
43325  -13.032  -20.694  95.755 0.0000000000
42137  -13.655  -21.076  95.162 0.0000000000
117339  -13.779  -21.361  95.874 0.0000000000
41038  -15.386  -22.851  95.562 0.0000000000
40052  -15.765  -23.664  95.851 0.0000000000
39083  -16.152  -25.057  96.138 0.0000000000
64584  -45.291  -1.408  75.929 0.0000000000
130840  -44.485  -1.437  75.829 0.0000000000
136455  -41.384  -2.524  74.596 0.0000000000
63488  -41.178  -2.374  73.948 0.0000000000
64608  -42.364  -1.268  73.838 0.0000000000
48423  -11.343  -15.496  100.360 0.0000000000
46374  -12.282  -17.315  97.268 0.0000000000
46380  -12.850  -17.964  96.189 0.0000000000
45434  -13.420  -18.242  95.523 0.0000000000
132460  -20.271  -14.502  93.041 0.0000000000
47411  -18.569  -16.746  95.471 0.0000000000
47400  -18.496  -16.752  96.377 0.0000000000
47410  -17.829  -16.645  95.851 0.0000000000
47398  -16.964  -16.281  96.211 0.0000000000
48474  -16.005  -15.885  96.504 0.0000000000
48496  -15.878  -15.992  95.026 0.0000000000
129771  -14.953  -18.539  93.690 0.0000000000
46428  -12.156  -18.002  88.297 0.0000000000
46436  -12.478  -17.662  87.716 0.0000000000
46444  -12.856  -17.298  87.009 0.0000000000
45500  -15.034  -18.872  87.153 0.0000000000
41071  -16.733  -22.069  91.263 0.0000000000
42197  -16.594  -21.591  90.574 0.0000000000
42198  -17.095  -21.916  89.958 0.0000000000
39149  -18.338  -23.981  88.083 0.0000000000
126874  -18.459  -23.470  87.701 0.0000000000
42232  -18.432  -21.992  87.249 0.0000000000
42238  -18.597  -21.844  86.349 0.0000000000
118367  -10.313  -20.141  102.215 0.0000000000
134924  -10.484  -20.829  102.261 0.0000000000
40008  -11.554  -23.303  101.704 0.0000000000
124985  -11.233  -22.659  101.631 0.0000000000
43301  -11.157  -20.909  98.926 0.0000000000
42096  -11.769  -21.628  99.503 0.0000000000
40999  -12.541  -21.963  99.056 0.0000000000
38193  -14.459  -25.892  99.018 0.0000000000
39072  -14.191  -25.215  99.156 0.0000000000
122531  -15.842  -27.091  97.384 0.0000000000
36302  -16.481  -28.031  96.831 0.0000000000
32766  -16.162  -31.352  101.409 0.0000000000
32765  -15.518  -31.060  101.276 0.0000000000
33632  -14.941  -30.741  101.013 0.0000000000
32768  -15.608  -31.568  100.810 0.0000000000
32772  -15.873  -32.502  100.261 0.0000000000
32784  -16.803  -31.492  96.714 0.0000000000
55699  -28.532  -9.327  88.048 0.0000000000
58057  -28.070  -8.253  89.132 0.0000000000
59129  -27.988  -7.168  90.323 0.0000000000
59120  -28.469  -6.803  91.118 0.0000000000
59119  -27.683  -6.279  90.632 0.0000000000
53251  -31.315  -11.561  91.178 0.0000000000
53264  -31.330  -11.516  90.445 0.0000000000
120288  -31.138  -11.456  89.600 0.0000000000
55701  -30.559  -10.537  89.279 0.0000000000
56953  -30.386  -9.294  90.425 0.0000000000
55689  -30.197  -9.671  89.697 0.0000000000
55713  -29.187  -9.990  87.829 0.0000000000
58021  -29.985  -7.571  93.395 0.0000000000
56914  -30.375  -8.374  93.157 0.0000000000
121369  -30.777  -9.262  93.059 0.0000000000
54442  -31.232  -10.413  92.373 0.0000000000
54443  -31.301  -10.827  91.560 0.0000000000
63512  -48.566  -2.023  71.268 0.0000000000
65689  -50.020  -0.770  71.799 0.0000000000
64637  -49.527  -1.347  71.952 0.0000000000
117799  -42.837  -1.174  70.136 0.0000000000
64653  -42.632  -1.303  69.550 0.0000000000
116652  -42.019  -1.610  68.084 0.0000000000
63542  -42.645  -2.317  67.782 0.0000000000
62413  -44.187  -3.291  68.194 0.0000000000
63518  -46.087  -3.606  69.730 0.0000000000
62382  -46.687  -3.524  70.059 0.0000000000
132836  -47.232  -3.466  70.018 0.0000000000
63510  -47.606  -3.180  70.426 0.0000000000
64499  -37.278  -0.700  80.443 0.0000000000
64485  -36.851  -1.147  82.248 0.0000000000
122973  -32.662  -5.658  79.042 0.0000000000
61252  -32.899  -4.711  77.716 0.0000000000
61253  -33.171  -4.229  77.213 0.0000000000
133692  -34.645  -2.982  78.504 0.0000000000
63407  -35.373  -2.570  79.377 0.0000000000
64507  -36.611  -1.363  80.052 0.0000000000
119262  -8.503  -14.466  85.682 0.0000000000
39108  -17.239  -24.614  93.651 0.0000000000
37293  -17.275  -26.152  93.021 0.0000000000
35427  -15.858  -27.712  91.887 0.0000000000
35409  -13.585  -28.776  91.866 0.0000000000
34544  -13.048  -29.382  92.468 0.0000000000
34527  -12.446  -29.848  93.097 0.0000000000
33681  -11.828  -30.396  93.733 0.0000000000
44389  -12.602  -19.328  99.648 0.0000000000
44390  -13.283  -19.713  99.252 0.0000000000
43304  -14.345  -20.750  99.269 0.0000000000
42105  -14.915  -21.212  98.797 0.0000000000
125960  -15.228  -21.683  99.204 0.0000000000
61171  -33.358  -5.128  85.795 0.0000000000
62222  -33.425  -4.100  86.831 0.0000000000
59150  -26.741  -6.196  86.328 0.0000000000
59161  -26.625  -6.679  85.631 0.0000000000
59162  -26.990  -6.083  85.357 0.0000000000
60188  -27.593  -5.584  84.920 0.0000000000
61166  -28.012  -4.596  85.974 0.0000000000
60189  -28.332  -5.285  84.501 0.0000000000
60201  -28.544  -5.567  83.736 0.0000000000
60214  -28.779  -5.867  82.931 0.0000000000
60202  -29.463  -5.544  83.498 0.0000000000
113905  -30.195  -5.252  84.091 0.0000000000
60191  -31.021  -4.997  84.676 0.0000000000
60178  -31.830  -4.981  85.338 0.0000000000
61170  -32.652  -5.174  85.637 0.0000000000
127498  -25.659  -11.326  97.383 0.0000000000
53181  -26.187  -11.576  96.893 0.0000000000
53246  -26.858  -11.304  91.611 0.0000000000
53272  -26.523  -11.707  89.796 0.0000000000
114896  -26.053  -11.477  91.145 0.0000000000
53270  -24.707  -11.826  89.952 0.0000000000
64696  -46.200  -2.690  66.038 0.0000000000
64666  -44.914  -1.295  67.622 0.0000000000
64695  -45.789  -2.030  66.419 0.0000000000
64705  -45.885  -1.868  65.881 0.0000000000
65751  -44.492  -0.629  66.442 0.0000000000
129556  -44.749  -0.576  65.795 0.0000000000
68934  -43.904  1.842  67.534 0.0000000000
68926  -44.447  2.405  68.200 0.0000000000
41057  -9.172  -22.517  93.872 0.0000000000
41059  -10.518  -22.418  93.750 0.0000000000
42149  -11.246  -21.919  93.945 0.0000000000
41049  -10.847  -22.320  94.003 0.0000000000
43323  -11.587  -20.807  95.218 0.0000000000
41012  -14.062  -22.069  97.146 0.0000000000
63474  -43.194  -2.044  76.814 0.0000000000
63454  -43.526  -1.952  77.545 0.0000000000
63419  -42.691  -1.924  78.581 0.0000000000
63482  -38.149  -3.001  74.750 0.0000000000
125485  -37.924  -3.478  74.066 0.0000000000
62366  -39.355  -3.982  73.076 0.0000000000
62367  -39.932  -3.521  73.680 0.0000000000
62350  -40.818  -3.236  75.229 0.0000000000
63484  -41.327  -2.826  75.184 0.0000000000
121903  -41.857  -2.479  75.730 0.0000000000
48434  -13.194  -15.191  99.284 0.0000000000
48516  -19.142  -15.453  91.329 0.0000000000
48512  -19.170  -15.512  92.155 0.0000000000
47439  -18.858  -16.094  92.328 0.0000000000
122028  -18.304  -16.463  92.834 0.0000000000
47431  -17.505  -16.383  93.026 0.0000000000
47430  -16.629  -16.318  93.398 0.0000000000
123241  -16.662  -16.546  92.621 0.0000000000
47458  -8.478  -16.211  88.558 0.0000000000
117454  -9.641  -17.020  88.958 0.0000000000
45491  -11.589  -18.138  88.727 0.0000000000
44472  -14.455  -19.548  88.662 0.0000000000
38264  -17.284  -25.507  89.907 0.0000000000
39138  -18.175  -23.932  90.007 0.0000000000
136754  -17.292  -25.531  89.146 0.0000000000
38276  -17.570  -25.266  88.451 0.0000000000
38292  -17.134  -25.631  87.650 0.0000000000
38307  -17.309  -25.351  86.802 0.0000000000
38306  -16.484  -25.442  86.265 0.0000000000
46362  -6.405  -17.437  100.998 0.0000000000
45409  -5.667  -18.229  100.815 0.0000000000
44379  -5.547  -18.793  101.400 0.0000000000
40973  -12.119  -22.377  102.549 0.0000000000
136167  -11.384  -21.891  102.474 0.0000000000
40000  -12.092  -22.915  102.485 0.0000000000
40004  -11.808  -23.336  102.200 0.0000000000
40009  -11.950  -23.698  101.071 0.0000000000
38189  -13.077  -26.009  100.429 0.0000000000
37253  -14.011  -26.626  99.538 0.0000000000
58069  -26.518  -7.319  86.281 0.0000000000
55711  -27.836  -9.002  87.463 0.0000000000
58063  -27.232  -8.236  87.673 0.0000000000
134886  -26.846  -7.506  87.687 0.0000000000
58070  -26.675  -7.852  87.100 0.0000000000
61146  -27.463  -4.217  87.482 0.0000000000
62208  -27.833  -3.586  87.952 0.0000000000
56899  -27.911  -8.911  95.445 0.0000000000
53214  -28.850  -11.340  94.379 0.0000000000
134266  -29.420  -9.937  94.377 0.0000000000
54427  -29.499  -11.146  94.022 0.0000000000
134415  -28.227  -11.351  91.502 0.0000000000
53273  -28.998  -11.857  90.093 0.0000000000
62414  -45.672  -4.112  67.585 0.0000000000
62426  -45.254  -3.908  66.740 0.0000000000
136289  -45.266  -3.861  66.239 0.0000000000
64655  -46.034  -1.694  68.975 0.0000000000
65712  -46.421  -1.259  69.789 0.0000000000
66780  -45.965  -0.128  69.983 0.0000000000
124494  -46.731  1.315  70.014 0.0000000000
65597  -40.757  -0.696  80.439 0.0000000000
64567  -37.606  -1.597  76.423 0.0000000000
64568  -38.518  -1.640  76.735 0.0000000000
64542  -39.509  -1.493  77.668 0.0000000000
130101  -21.983  -12.985  93.483 0.0000000000
123216  -20.091  -14.170  91.194 0.0000000000
49729  -19.523  -14.810  90.816 0.0000000000
48552  -14.181  -15.998  85.085 0.0000000000
46454  -15.355  -17.606  85.431 0.0000000000
43379  -12.808  -20.794  91.254 0.0000000000
128977  -13.488  -20.701  91.288 0.0000000000
42190  -15.764  -21.231  91.509 0.0000000000
42191  -16.267  -21.813  91.888 0.0000000000
119362  -16.307  -21.564  91.251 0.0000000000
41072  -17.234  -22.651  91.451 0.0000000000
122096  -17.729  -23.005  91.077 0.0000000000
39120  -17.441  -24.772  92.731 0.0000000000
131534  -17.173  -26.125  91.851 0.0000000000
117887  -17.597  -24.887  91.218 0.0000000000
37332  -16.024  -26.299  89.871 0.0000000000
37318  -14.851  -27.000  90.053 0.0000000000
46359  -9.671  -17.412  102.512 0.0000000000
45404  -9.819  -18.403  102.272 0.0000000000
43283  -11.596  -21.147  102.403 0.0000000000
43294  -12.699  -20.280  101.012 0.0000000000
42079  -12.445  -21.361  102.170 0.0000000000
42076  -12.697  -22.000  102.403 0.0000000000
40002  -13.545  -23.105  102.398 0.0000000000
39059  -14.198  -24.184  102.146 0.0000000000
62239  -35.685  -3.591  83.476 0.0000000000
62240  -36.177  -2.915  83.887 0.0000000000
62235  -36.323  -3.112  84.765 0.0000000000
58082  -26.472  -7.359  84.428 0.0000000000
59186  -26.731  -6.798  83.167 0.0000000000
127531  -32.487  -7.157  80.884 0.0000000000
60228  -33.511  -6.059  82.490 0.0000000000
60229  -34.012  -5.188  82.057 0.0000000000
50847  -24.353  -13.061  97.505 0.0000000000
50856  -23.817  -13.201  97.176 0.0000000000
55611  -26.144  -10.109  96.846 0.0000000000
55619  -26.828  -9.969  96.436 0.0000000000
53191  -26.202  -12.083  96.673 0.0000000000
53212  -27.008  -11.641  94.684 0.0000000000
52011  -26.395  -12.213  96.296 0.0000000000
52034  -24.569  -12.389  95.142 0.0000000000
52055  -22.084  -12.899  91.874 0.0000000000
136168  -44.445  0.073  65.450 0.0000000000
66822  -43.863  0.684  65.386 0.0000000000
67948  -43.837  1.112  64.419 0.0000000000
68976  -43.358  2.586  63.229 0.0000000000
45468  -9.012  -17.870  90.402 0.0000000000
45469  -9.682  -18.233  90.130 0.0000000000
130398  -10.648  -19.326  90.354 0.0000000000
43377  -11.778  -20.628  90.952 0.0000000000
133563  -8.532  -19.031  91.524 0.0000000000
42179  -12.970  -20.770  91.810 0.0000000000
43357  -12.957  -20.624  92.519 0.0000000000
41060  -15.789  -22.075  93.399 0.0000000000
117059  -14.202  -21.309  94.735 0.0000000000
42152  -14.382  -21.039  94.030 0.0000000000
117899  -15.595  -22.290  94.163 0.0000000000
37284  -16.946  -26.037  94.422 0.0000000000
64611  -45.732  -1.385  73.626 0.0000000000
64612  -47.249  -1.675  74.518 0.0000000000
64599  -46.290  -1.471  74.704 0.0000000000
132034  -36.313  -1.906  84.455 0.0000000000
62379  -39.302  -3.606  72.110 0.0000000000
63499  -39.429  -2.653  71.759 0.0000000000
63492  -40.290  -2.452  72.849 0.0000000000
64630  -39.636  -1.606  71.335 0.0000000000
64641  -40.073  -0.781  70.796 0.0000000000
65687  -40.898  -0.560  71.071 0.0000000000
65688  -41.788  -0.612  71.280 0.0000000000
65682  -43.416  -0.778  72.335 0.0000000000
46367  -10.752  -17.763  100.151 0.0000000000
45414  -11.336  -18.113  99.430 0.0000000000
135881  -11.792  -14.889  100.684 0.0000000000
45423  -12.817  -18.849  97.838 0.0000000000
44400  -13.425  -19.266  97.368 0.0000000000
43316  -14.725  -20.182  96.480 0.0000000000
49703  -21.072  -14.193  95.193 0.0000000000
132383  -18.354  -16.730  97.114 0.0000000000
47378  -17.795  -16.507  98.464 0.0000000000
48464  -15.343  -15.500  97.807 0.0000000000
129925  -15.404  -15.513  97.027 0.0000000000
122095  -15.939  -16.280  93.748 0.0000000000
47420  -15.527  -16.138  94.337 0.0000000000
131995  -14.885  -16.186  94.461 0.0000000000
47407  -13.514  -16.486  95.563 0.0000000000
46385  -13.182  -17.341  95.529 0.0000000000
44415  -14.589  -18.757  94.382 0.0000000000
44411  -14.459  -19.219  95.247 0.0000000000
49743  -8.829  -14.586  86.679 0.0000000000
49753  -9.782  -14.331  86.579 0.0000000000
47466  -10.444  -16.350  87.844 0.0000000000
48540  -10.586  -14.910  86.970 0.0000000000
48542  -12.363  -15.772  86.428 0.0000000000
114069  -13.185  -16.940  86.452 0.0000000000
46452  -13.819  -16.989  85.969 0.0000000000
45513  -15.690  -18.252  85.786 0.0000000000
123658  -13.567  -20.616  90.717 0.0000000000
43396  -14.355  -20.310  90.075 0.0000000000
44473  -15.239  -19.673  88.417 0.0000000000
42211  -17.321  -21.746  89.269 0.0000000000
44481  -15.521  -19.403  87.607 0.0000000000
44490  -15.754  -19.193  86.818 0.0000000000
43424  -17.463  -20.680  87.334 0.0000000000
44497  -17.542  -19.478  85.280 0.0000000000
43439  -18.534  -20.818  85.259 0.0000000000
132949  -18.696  -22.117  85.627 0.0000000000
42255  -18.711  -21.823  85.045 0.0000000000
41010  -7.901  -23.064  97.706 0.0000000000
119630  -8.466  -17.471  102.846 0.0000000000
44374  -7.957  -18.725  102.581 0.0000000000
44375  -8.900  -19.076  102.540 0.0000000000
120934  -7.310  -19.856  101.988 0.0000000000
43285  -7.436  -20.645  101.508 0.0000000000
42074  -10.733  -21.282  102.325 0.0000000000
42073  -10.043  -20.843  101.873 0.0000000000
42077  -8.119  -20.933  101.383 0.0000000000
42083  -7.605  -21.305  100.914 0.0000000000
42092  -7.858  -21.974  100.081 0.0000000000
40987  -8.420  -22.240  99.450 0.0000000000
40986  -7.730  -22.597  98.966 0.0000000000
40997  -8.192  -22.765  98.525 0.0000000000
41011  -8.659  -22.641  97.991 0.0000000000
43302  -11.786  -20.750  98.069 0.0000000000
40014  -13.018  -23.732  99.942 0.0000000000
40020  -14.208  -23.690  98.654 0.0000000000
40039  -14.994  -23.319  97.052 0.0000000000
37265  -15.935  -26.401  96.934 0.0000000000
37271  -16.407  -26.716  96.161 0.0000000000
125023  -16.713  -27.132  95.467 0.0000000000
127869  -17.045  -27.897  95.100 0.0000000000
34515  -16.980  -29.162  94.200 0.0000000000
37248  -14.940  -26.858  101.526 0.0000000000
34483  -16.185  -29.669  101.522 0.0000000000
131160  -16.226  -28.715  101.286 0.0000000000
35362  -13.676  -28.804  100.962 0.0000000000
35365  -14.103  -28.732  100.311 0.0000000000
35366  -14.841  -28.860  99.534 0.0000000000
129483  -15.442  -28.593  98.795 0.0000000000
32773  -16.180  -31.612  99.447 0.0000000000
34492  -16.163  -30.013  98.806 0.0000000000
35371  -16.046  -29.092  98.362 0.0000000000
35377  -16.532  -28.789  97.377 0.0000000000
34504  -16.981  -29.209  96.642 0.0000000000
33651  -17.012  -30.615  96.185 0.0000000000
35385  -17.195  -29.157  95.770 0.0000000000
136402  -17.266  -29.394  95.015 0.0000000000
126956  -12.096  -31.460  94.626 0.0000000000
41001  -14.284  -23.061  98.160 0.0000000000
41101  -18.345  -22.660  88.395 0.0000000000
45482  -12.366  -19.210  89.292 0.0000000000
47361  -7.909  -15.939  102.959 0.0000000000
53299  -30.951  -12.202  88.164 0.0000000000
60180  -33.042  -5.588  85.171 0.0000000000
62255  -34.598  -3.994  80.988 0.0000000000
64704  -45.057  -1.358  66.153 0.0000000000
65613  -38.563  -0.576  78.681 0.0000000000
65680  -41.926  -0.600  71.988 0.0000000000
67929  -43.668  1.528  66.572 0.0000000000
67947  -43.539  1.453  65.136 0.0000000000
116344  -26.834  -4.859  87.858 0.0000000000
120240  -10.371  -17.890  101.543 0.0000000000
126692  -43.457  1.744  64.469 0.0000000000
132375  -29.590  -3.823  86.108 0.0000000000
134281  -42.731  -1.933  68.366 0.0000000000
134720  -44.707  0.426  68.900 0.0000000000
134908  -9.259  -14.098  86.115 0.0000000000
135179  -9.134  -18.614  102.632 0.0000000000
135949  -31.187  -11.446  91.654 0.0000000000
