#!ascii label  , from subject sub-v1s9x0051351_ses-1 vox2ras=TkReg
1355
4216  -38.291  -72.931  30.353 0.5000000000
3775  -37.780  -73.744  30.847 0.6000000238
5876  -43.684  -68.649  30.720 0.3000000119
3372  -38.085  -74.380  29.775 0.5000000000
5873  -40.753  -68.466  31.494 0.4000000060
6311  -41.320  -67.769  31.793 0.4000000060
6291  -41.900  -67.192  32.155 0.4000000060
6313  -43.264  -67.946  31.329 0.3000000119
6290  -40.996  -67.235  32.389 0.4000000060
4624  -37.112  -71.494  33.788 0.5000000000
4172  -37.320  -72.113  32.992 0.5000000000
4662  -38.138  -71.963  31.741 0.5000000000
4171  -36.694  -72.480  33.502 0.6000000238
4199  -37.930  -72.820  31.346 0.6000000238
6314  -44.946  -68.381  31.312 0.3000000119
3760  -37.238  -73.472  31.926 0.5000000000
5872  -39.830  -68.494  31.729 0.5000000000
5484  -40.204  -69.164  31.104 0.5000000000
136869  -44.155  -68.264  31.114 0.3000000119
130875  -36.612  -73.632  32.511 0.6000000238
5860  -39.496  -67.911  32.311 0.5000000000
6310  -40.396  -67.858  32.076 0.4000000060
6806  -41.559  -66.640  32.700 0.4000000060
6292  -42.881  -67.272  31.959 0.3000000119
6293  -44.089  -67.545  31.737 0.3000000119
6276  -39.174  -67.354  32.881 0.4000000060
115729  -40.105  -67.335  32.669 0.4000000060
6805  -40.716  -66.713  32.912 0.4000000060
6804  -39.873  -66.798  33.245 0.4000000060
5006  -35.851  -69.778  36.420 0.6999999881
5021  -36.353  -70.095  35.649 0.6999999881
5035  -36.722  -70.393  34.916 0.6999999881
4663  -38.481  -71.248  31.174 0.5000000000
5397  -34.495  -69.802  37.083 0.6999999881
123274  -35.096  -70.206  36.795 0.6999999881
4607  -36.176  -70.930  35.414 0.8000000119
4623  -36.603  -71.215  34.641 0.5000000000
4157  -36.360  -72.063  34.294 0.6999999881
114372  -38.768  -70.523  30.665 0.5000000000
4606  -35.454  -71.376  35.882 0.6999999881
5086  -38.697  -69.859  31.488 0.4000000060
5482  -38.844  -69.167  31.681 0.5000000000
6315  -45.696  -68.585  31.770 0.3000000119
4156  -35.641  -72.500  34.733 0.6000000238
5859  -38.584  -68.645  32.321 0.5000000000
6289  -38.733  -67.957  32.536 0.5000000000
6294  -45.293  -67.757  31.967 0.3000000119
4170  -36.030  -72.902  33.945 0.5000000000
6275  -38.392  -67.459  33.141 0.5000000000
6774  -38.238  -66.361  34.142 0.4000000060
6784  -38.861  -66.752  33.569 0.4000000060
6786  -40.516  -66.317  33.407 0.4000000060
6788  -42.080  -66.124  33.110 0.4000000060
6807  -42.457  -66.663  32.564 0.4000000060
7309  -38.627  -65.829  34.655 0.3000000119
6775  -39.018  -66.195  34.188 0.4000000060
118924  -33.105  -67.236  35.084 0.5000000000
6234  -33.048  -67.937  35.671 0.6000000238
116556  -33.074  -67.231  36.145 0.6000000238
5789  -34.348  -68.376  37.402 0.6000000238
5790  -34.929  -68.715  37.326 0.6000000238
6288  -33.646  -67.344  31.953 0.5000000000
5841  -33.519  -68.023  33.414 0.5000000000
124156  -33.182  -68.129  34.548 0.6000000238
5800  -33.432  -68.592  36.731 0.6000000238
120475  -33.830  -68.824  37.181 0.6999999881
5053  -37.626  -70.521  33.514 0.6000000238
5829  -44.582  -68.673  34.165 0.3000000119
6309  -34.119  -68.631  30.703 0.6999999881
113325  -33.602  -68.808  32.911 0.6000000238
132462  -33.358  -68.690  33.757 0.6000000238
5414  -32.951  -68.690  35.491 0.6000000238
5799  -33.078  -69.062  36.233 0.6999999881
135311  -34.038  -69.995  37.018 0.6999999881
5430  -37.531  -69.743  33.890 0.6000000238
5443  -37.940  -69.652  33.186 0.6000000238
119487  -38.535  -70.538  31.526 0.5000000000
6340  -34.274  -69.156  29.430 0.6999999881
5463  -33.826  -69.041  31.929 0.6000000238
5442  -33.306  -69.379  33.459 0.6000000238
5428  -32.987  -69.149  34.544 0.6000000238
5395  -33.008  -69.851  36.350 0.6999999881
4591  -34.050  -71.262  36.714 0.6999999881
5465  -38.500  -69.363  32.158 0.5000000000
5878  -45.810  -69.107  31.764 0.3000000119
5510  -34.334  -69.892  29.174 0.6999999881
5102  -34.389  -70.039  29.992 0.6000000238
5480  -34.042  -69.971  31.484 0.6999999881
5033  -32.683  -70.003  34.950 0.6000000238
5020  -32.590  -70.337  35.889 0.6000000238
4140  -35.185  -72.130  35.570 0.6999999881
114031  -37.770  -68.762  33.500 0.5000000000
6274  -37.845  -67.747  33.530 0.5000000000
5462  -33.610  -69.659  32.465 0.6000000238
131438  -32.329  -70.815  35.186 0.6000000238
4121  -32.957  -72.245  36.610 0.6000000238
4155  -34.919  -72.906  35.223 0.6000000238
3733  -35.343  -73.299  34.383 0.6000000238
6236  -37.560  -67.350  34.238 0.5000000000
6809  -44.577  -66.981  32.473 0.3000000119
5085  -34.243  -70.201  30.663 0.6999999881
5067  -33.522  -70.491  31.920 0.6000000238
5051  -32.657  -70.489  34.163 0.6000000238
4604  -32.274  -71.223  36.013 0.6000000238
4588  -31.894  -72.058  36.152 0.5000000000
3701  -32.696  -73.008  36.520 0.5000000000
3732  -34.588  -73.651  34.817 0.5000000000
6773  -37.665  -66.620  34.444 0.5000000000
7857  -38.604  -64.845  35.773 0.3000000119
7292  -39.088  -65.238  35.164 0.3000000119
114669  -39.495  -65.621  34.528 0.3000000119
114077  -40.404  -65.415  34.366 0.4000000060
7327  -40.841  -65.783  33.759 0.4000000060
113762  -35.015  -74.086  34.044 0.5000000000
7856  -37.718  -65.101  35.848 0.3000000119
7291  -38.234  -65.486  35.267 0.3000000119
6785  -39.861  -66.140  33.877 0.4000000060
118608  -33.329  -66.580  31.980 0.5000000000
6273  -33.558  -67.266  32.970 0.5000000000
6783  -33.304  -66.510  33.537 0.5000000000
6772  -33.177  -66.439  34.544 0.5000000000
136825  -33.159  -67.046  29.542 0.5000000000
6328  -33.654  -67.596  30.466 0.5000000000
6255  -33.350  -67.250  33.973 0.5000000000
6754  -33.054  -66.454  35.680 0.5000000000
6206  -33.794  -67.216  37.403 0.6000000238
6207  -34.339  -67.522  37.505 0.6000000238
6339  -33.631  -67.795  29.553 0.5000000000
5801  -35.547  -68.558  36.984 0.6000000238
5415  -36.512  -69.123  35.806 0.8000000119
6260  -44.106  -68.135  34.755 0.3000000119
5901  -33.220  -69.119  27.371 0.6000000238
6344  -33.649  -68.623  28.425 0.6000000238
6308  -33.817  -67.866  30.999 0.6000000238
6222  -35.842  -67.644  36.772 0.4000000060
6261  -45.164  -68.375  34.603 0.3000000119
5521  -33.092  -69.640  27.448 0.6999999881
5812  -36.802  -68.140  35.492 0.5000000000
5429  -36.882  -69.563  35.036 0.6000000238
5449  -46.113  -69.025  32.906 0.3000000119
5861  -46.196  -68.751  32.404 0.3000000119
5507  -32.738  -69.781  28.060 0.6999999881
6737  -36.520  -66.902  36.166 0.4000000060
6295  -46.147  -68.072  32.390 0.3000000119
5509  -34.043  -70.169  28.826 0.6000000238
5110  -34.162  -70.368  29.401 0.6999999881
6235  -37.083  -67.109  35.189 0.4000000060
6808  -43.459  -66.787  32.467 0.3000000119
121862  -32.988  -69.850  29.109 0.6000000238
5100  -33.861  -70.518  29.784 0.6999999881
134903  -32.722  -70.909  33.387 0.6000000238
4621  -31.803  -71.711  35.286 0.5000000000
4119  -31.772  -72.700  36.269 0.5000000000
3717  -34.125  -73.255  35.711 0.6000000238
136099  -36.925  -66.405  35.624 0.4000000060
6755  -37.334  -66.280  35.111 0.4000000060
7821  -37.372  -63.878  37.120 0.3000000119
7837  -38.036  -64.420  36.412 0.3000000119
8422  -38.408  -63.703  36.959 0.3000000119
7838  -38.981  -64.189  36.305 0.3000000119
7879  -39.975  -64.950  34.999 0.4000000060
6789  -42.970  -66.197  33.075 0.3000000119
127410  -32.650  -71.805  31.833 0.6000000238
4154  -31.379  -72.349  34.836 0.5000000000
4137  -31.433  -72.621  35.673 0.5000000000
3700  -32.011  -73.175  36.451 0.5000000000
3297  -32.986  -74.328  35.694 0.5000000000
3312  -33.467  -74.747  34.900 0.6000000238
3313  -34.254  -74.425  34.466 0.5000000000
130227  -37.512  -65.719  35.390 0.3000000119
132617  -37.110  -64.697  36.433 0.3000000119
4635  -32.452  -71.574  33.053 0.5000000000
3714  -31.058  -73.535  35.615 0.5000000000
3311  -32.676  -75.000  35.266 0.5000000000
2917  -31.643  -75.072  35.425 0.5000000000
6843  -32.763  -66.686  29.173 0.5000000000
6833  -33.290  -66.990  30.253 0.5000000000
7326  -33.086  -65.851  33.233 0.5000000000
7896  -32.956  -65.019  33.696 0.5000000000
7308  -33.135  -65.715  34.088 0.5000000000
7290  -33.115  -65.545  35.181 0.5000000000
6343  -33.031  -68.163  27.700 0.5000000000
6819  -33.462  -66.937  31.168 0.5000000000
7271  -33.248  -65.108  36.932 0.4000000060
118742  -33.358  -65.917  37.098 0.4000000060
6241  -43.461  -67.593  35.349 0.3000000119
6242  -44.447  -67.622  35.340 0.3000000119
5904  -31.991  -69.099  26.608 0.6000000238
6721  -34.112  -66.713  37.594 0.4000000060
6722  -34.868  -66.541  37.437 0.4000000060
5513  -31.406  -69.323  26.979 0.6000000238
5520  -32.681  -69.613  27.094 0.6000000238
5830  -45.894  -68.693  34.008 0.3000000119
5831  -46.618  -68.468  33.848 0.3000000119
5900  -31.650  -69.391  27.818 0.6000000238
6736  -35.702  -66.669  36.888 0.4000000060
116974  -30.920  -68.678  28.733 0.6000000238
7254  -35.635  -64.730  37.233 0.4000000060
118176  -36.467  -65.989  36.275 0.4000000060
6810  -45.795  -67.209  32.735 0.3000000119
5896  -32.124  -69.347  29.054 0.6999999881
7272  -37.006  -65.414  35.974 0.3000000119
125308  -36.438  -64.316  37.041 0.3000000119
7350  -32.887  -66.099  31.562 0.5000000000
7341  -32.902  -65.851  32.435 0.5000000000
134748  -32.861  -65.272  33.028 0.5000000000
7877  -32.960  -64.373  34.199 0.4000000060
6849  -32.542  -67.186  28.289 0.5000000000
133649  -33.116  -64.834  35.182 0.4000000060
113784  -33.104  -64.787  35.968 0.4000000060
6848  -31.603  -66.799  27.878 0.6000000238
7836  -33.247  -64.268  36.746 0.4000000060
123412  -34.117  -65.026  37.647 0.4000000060
6262  -46.209  -68.256  34.498 0.3000000119
6243  -45.599  -67.759  35.179 0.3000000119
5899  -30.599  -68.907  27.441 0.6000000238
7252  -34.364  -65.796  37.566 0.4000000060
7253  -35.469  -65.690  37.150 0.4000000060
136071  -35.072  -64.358  37.567 0.4000000060
114125  -35.671  -63.947  37.479 0.4000000060
8401  -36.435  -63.510  37.540 0.3000000119
5886  -31.684  -68.671  30.105 0.6000000238
124776  -32.518  -65.781  30.278 0.5000000000
7349  -32.579  -65.307  31.850 0.5000000000
7908  -32.586  -64.774  32.514 0.4000000060
134982  -32.735  -64.664  33.187 0.4000000060
6842  -31.967  -66.297  28.878 0.5000000000
7372  -32.312  -65.923  29.643 0.5000000000
8456  -32.864  -63.608  34.163 0.4000000060
6347  -31.626  -68.450  26.755 0.6000000238
6853  -31.075  -67.506  26.971 0.6000000238
118079  -31.177  -65.802  28.369 0.6000000238
7855  -33.011  -64.097  35.063 0.4000000060
5907  -30.765  -68.708  26.760 0.6000000238
6346  -30.623  -68.145  26.736 0.6000000238
8421  -33.306  -63.477  36.517 0.4000000060
126032  -33.530  -63.759  37.124 0.4000000060
5898  -29.917  -68.464  27.112 0.6000000238
7819  -34.399  -64.370  37.617 0.4000000060
132608  -34.179  -62.618  37.466 0.4000000060
117342  -34.850  -63.724  37.652 0.4000000060
8989  -34.926  -62.419  37.755 0.4000000060
5849  -46.631  -68.483  33.196 0.3000000119
5832  -47.131  -68.098  33.736 0.3000000119
130031  -30.143  -68.018  28.906 0.6000000238
121116  -35.504  -63.079  37.768 0.4000000060
6791  -45.681  -66.451  33.492 0.3000000119
6277  -46.707  -67.714  33.006 0.3000000119
6326  -30.820  -67.944  29.864 0.6000000238
6327  -31.279  -68.004  30.922 0.6000000238
6832  -30.259  -66.651  30.654 0.6999999881
115092  -29.665  -65.914  30.323 0.6999999881
128652  -30.623  -67.413  30.524 0.6000000238
6818  -30.449  -66.494  31.852 0.6999999881
7348  -30.147  -65.718  31.823 0.6999999881
7361  -29.507  -65.189  30.596 0.6999999881
7917  -29.100  -63.931  31.209 0.6000000238
7340  -30.260  -65.858  32.557 0.6999999881
7907  -29.757  -64.448  32.531 0.6999999881
7362  -32.446  -65.316  31.008 0.5000000000
7919  -32.313  -64.331  31.638 0.5000000000
7371  -31.602  -65.318  29.212 0.5000000000
7940  -31.441  -64.332  29.244 0.5000000000
7941  -31.974  -64.969  30.086 0.5000000000
9076  -32.448  -63.270  31.872 0.5000000000
9064  -32.517  -63.182  32.671 0.4000000060
6852  -30.056  -66.889  26.744 0.6000000238
7376  -30.585  -65.423  27.799 0.6000000238
123515  -30.913  -64.864  28.547 0.6000000238
9031  -32.992  -63.067  34.760 0.4000000060
6345  -29.624  -67.950  26.956 0.6000000238
7383  -29.936  -65.611  26.954 0.6000000238
7375  -30.418  -64.762  27.623 0.6000000238
8443  -33.115  -63.266  35.649 0.4000000060
6341  -29.457  -67.847  27.450 0.6000000238
6851  -29.196  -67.149  27.067 0.6000000238
6850  -28.793  -66.243  26.945 0.6000000238
7393  -28.878  -64.993  26.601 0.6000000238
7968  -29.391  -64.533  26.594 0.6000000238
8988  -33.794  -62.125  36.886 0.4000000060
10216  -34.934  -60.772  36.279 0.4000000060
7374  -28.899  -66.377  28.291 0.6000000238
127629  -28.516  -65.896  27.941 0.6000000238
125408  -28.276  -65.024  27.382 0.6000000238
8548  -28.646  -63.612  26.854 0.6000000238
9142  -28.741  -63.018  26.774 0.6000000238
9583  -34.517  -61.735  37.325 0.4000000060
10203  -35.445  -60.639  36.835 0.4000000060
6841  -29.391  -66.880  28.886 0.6000000238
7373  -28.810  -65.572  28.690 0.5000000000
118442  -28.278  -65.061  28.051 0.6000000238
7956  -28.003  -64.291  27.690 0.6000000238
124549  -28.301  -63.100  27.181 0.6000000238
9711  -29.222  -61.839  27.344 0.6999999881
6336  -30.023  -67.313  29.601 0.6999999881
7370  -29.313  -66.095  29.278 0.6000000238
7939  -28.644  -64.678  29.073 0.6000000238
7943  -28.070  -64.022  28.450 0.6000000238
9710  -28.412  -61.914  27.891 0.6000000238
9702  -29.687  -61.357  27.893 0.6000000238
10311  -31.672  -60.672  28.040 0.6000000238
8506  -27.815  -63.123  28.824 0.6000000238
9700  -28.149  -61.731  28.574 0.6000000238
9691  -29.571  -61.264  28.751 0.6000000238
119424  -31.240  -60.719  29.006 0.6000000238
7930  -29.018  -64.423  30.214 0.6000000238
8507  -28.367  -63.762  29.453 0.6000000238
9689  -27.814  -61.582  29.725 0.5000000000
9690  -28.503  -61.319  29.174 0.6000000238
10297  -30.329  -61.004  29.284 0.6000000238
8498  -28.056  -62.880  29.735 0.5000000000
7324  -30.128  -65.138  33.002 0.6999999881
8488  -29.366  -63.953  32.024 0.6999999881
118884  -28.893  -63.304  31.874 0.5000000000
9075  -28.151  -62.514  31.566 0.6000000238
9088  -27.741  -61.748  30.728 0.5000000000
9678  -27.938  -61.071  29.840 0.5000000000
9061  -27.712  -61.711  31.604 0.6000000238
9047  -22.414  -62.244  33.358 0.6000000238
9048  -22.887  -62.545  33.691 0.6000000238
8463  -23.273  -63.094  33.633 0.6000000238
7933  -32.115  -64.367  30.773 0.5000000000
7932  -31.902  -63.752  30.010 0.5000000000
127092  -32.737  -62.702  31.367 0.5000000000
9051  -32.858  -62.546  33.153 0.5000000000
9040  -32.832  -62.756  33.976 0.4000000060
7957  -29.927  -64.539  26.702 0.5000000000
7944  -30.911  -64.125  28.345 0.5000000000
8519  -31.241  -63.627  27.886 0.5000000000
9629  -33.571  -61.796  34.678 0.4000000060
9630  -34.331  -61.391  34.215 0.4000000060
8518  -30.595  -64.159  27.189 0.5000000000
8537  -31.152  -63.692  26.489 0.5000000000
124718  -33.685  -61.733  35.914 0.4000000060
118963  -34.208  -61.232  35.161 0.4000000060
9618  -34.905  -60.808  35.484 0.4000000060
121007  -29.972  -63.138  26.003 0.5000000000
9144  -30.816  -62.776  25.773 0.5000000000
8550  -30.589  -63.467  25.863 0.5000000000
9617  -34.318  -61.086  36.111 0.4000000060
9722  -29.869  -61.997  26.661 0.6000000238
9724  -31.332  -62.012  25.815 0.6000000238
9712  -30.286  -61.419  27.114 0.6000000238
9713  -31.182  -61.388  26.542 0.5000000000
120531  -31.971  -60.440  28.883 0.4000000060
10312  -32.612  -60.374  28.370 0.4000000060
10328  -33.043  -60.455  27.467 0.4000000060
117481  -30.919  -60.724  29.913 0.6000000238
10298  -31.769  -60.384  29.659 0.6000000238
10299  -32.514  -60.219  29.341 0.5000000000
10300  -33.209  -60.125  29.070 0.4000000060
10313  -33.488  -60.290  28.264 0.4000000060
10301  -33.950  -60.078  28.975 0.4000000060
124945  -30.269  -65.873  34.131 0.6999999881
132645  -30.060  -60.904  30.046 0.6000000238
10283  -32.357  -60.098  30.196 0.5000000000
131085  -33.662  -59.931  29.589 0.4000000060
8475  -29.409  -63.510  32.746 0.6000000238
10278  -27.816  -60.679  31.089 0.5000000000
10280  -29.156  -60.731  30.513 0.5000000000
10266  -32.246  -60.084  31.062 0.5000000000
10933  -32.976  -59.829  30.714 0.5000000000
10934  -33.824  -59.748  30.384 0.4000000060
10935  -34.757  -59.627  30.412 0.4000000060
9063  -28.664  -62.719  32.498 0.6000000238
10264  -29.669  -60.434  31.347 0.5000000000
131340  -20.685  -61.704  32.289 0.6999999881
9639  -21.638  -61.857  33.015 0.6000000238
134963  -20.831  -61.191  33.061 0.6999999881
9640  -22.178  -61.506  33.903 0.6000000238
10224  -21.240  -60.038  34.156 0.6000000238
9037  -23.312  -62.524  34.406 0.6000000238
9624  -22.029  -60.640  34.600 0.6000000238
10859  -21.891  -59.621  34.823 0.6000000238
123864  -21.825  -58.245  33.949 0.6000000238
120087  -22.294  -57.500  33.884 0.6000000238
9038  -23.969  -62.928  34.967 0.5000000000
9613  -23.422  -61.290  35.680 0.6000000238
10225  -22.773  -60.899  35.185 0.6000000238
10843  -22.537  -59.104  35.426 0.6000000238
11507  -22.062  -58.682  34.741 0.6000000238
9065  -33.347  -62.153  32.568 0.5000000000
8441  -24.830  -63.176  36.000 0.5000000000
9028  -23.636  -62.165  35.361 0.5000000000
10844  -23.112  -59.482  36.090 0.5000000000
11480  -23.218  -58.536  36.021 0.5000000000
8508  -31.571  -63.535  28.952 0.4000000060
9105  -32.114  -62.964  29.479 0.5000000000
9654  -33.978  -61.762  32.916 0.5000000000
9644  -33.750  -61.722  33.725 0.4000000060
9012  -24.637  -62.181  36.580 0.5000000000
9614  -24.021  -61.741  36.211 0.5000000000
119700  -23.679  -58.938  36.784 0.5000000000
11455  -23.895  -58.029  36.569 0.5000000000
122935  -32.693  -62.629  29.001 0.5000000000
9645  -34.597  -61.501  33.396 0.4000000060
121410  -35.070  -61.265  33.839 0.4000000060
9632  -35.855  -61.056  33.950 0.4000000060
9013  -25.216  -62.742  36.662 0.5000000000
9602  -24.532  -61.259  37.069 0.5000000000
10200  -24.258  -60.280  37.214 0.6000000238
11435  -24.974  -59.068  37.373 0.6000000238
9631  -34.984  -60.995  34.550 0.4000000060
9580  -26.883  -61.578  37.696 0.6000000238
124073  -26.307  -60.936  37.646 0.6000000238
10183  -25.520  -60.276  37.541 0.6999999881
8551  -31.479  -63.184  25.756 0.4000000060
9145  -31.617  -62.622  25.588 0.5000000000
7798  -29.340  -64.761  38.128 0.6000000238
9725  -32.024  -61.357  26.085 0.5000000000
9726  -32.965  -61.093  25.997 0.4000000060
7817  -30.125  -65.171  37.039 0.6000000238
10340  -32.613  -60.758  26.697 0.4000000060
7835  -30.178  -64.932  36.194 0.6000000238
7876  -30.119  -64.561  34.416 0.6000000238
125689  -34.221  -60.446  27.106 0.4000000060
8455  -29.773  -63.155  34.637 0.6000000238
7893  -29.950  -64.279  33.486 0.6999999881
9062  -27.878  -61.994  32.334 0.6000000238
9643  -27.689  -61.317  32.953 0.6000000238
9653  -27.596  -61.229  32.079 0.5000000000
10263  -28.492  -60.294  31.265 0.5000000000
10251  -20.310  -60.872  32.484 0.6999999881
10238  -20.354  -59.929  32.585 0.6999999881
10892  -20.790  -59.091  32.465 0.6000000238
11525  -21.276  -58.624  33.218 0.6000000238
11541  -21.482  -58.358  32.099 0.6000000238
11526  -21.871  -57.899  33.036 0.6000000238
12831  -22.975  -56.654  32.972 0.6999999881
131647  -23.365  -56.471  34.442 0.6000000238
12159  -22.847  -57.150  34.877 0.6000000238
113327  -32.718  -62.575  29.988 0.5000000000
9091  -33.337  -62.355  30.730 0.5000000000
9077  -33.398  -62.292  31.718 0.5000000000
9066  -34.140  -61.917  32.104 0.5000000000
12793  -23.657  -56.847  35.518 0.6000000238
12815  -23.912  -56.363  34.984 0.5000000000
9078  -34.325  -62.106  31.224 0.5000000000
9655  -34.971  -61.654  32.511 0.5000000000
9656  -35.979  -61.668  32.503 0.4000000060
11457  -25.150  -58.427  36.948 0.6000000238
11456  -24.409  -58.565  37.043 0.6000000238
12794  -24.485  -56.596  35.636 0.5000000000
9123  -32.497  -62.793  27.895 0.5000000000
8380  -28.890  -63.954  38.328 0.6000000238
8379  -28.063  -63.630  38.278 0.4000000060
8985  -27.320  -62.333  37.797 0.6000000238
10184  -26.365  -60.087  37.468 0.6000000238
10807  -25.637  -59.541  37.410 0.6000000238
12139  -24.991  -56.998  36.206 0.6000000238
8552  -32.214  -63.101  25.894 0.4000000060
9137  -33.275  -63.008  27.069 0.4000000060
8398  -29.319  -63.212  37.640 0.5000000000
8987  -28.990  -62.345  37.545 0.5000000000
9581  -27.882  -61.444  37.637 0.6000000238
10185  -27.299  -60.594  37.465 0.6999999881
10201  -27.669  -60.076  37.056 0.6000000238
10808  -26.341  -59.224  37.147 0.6000000238
11458  -25.799  -58.510  36.730 0.6000000238
8564  -32.462  -62.793  25.716 0.5000000000
123126  -29.609  -64.073  37.748 0.6000000238
132545  -29.077  -61.839  37.118 0.6000000238
10186  -28.186  -60.837  37.253 0.6000000238
10846  -26.753  -59.183  35.900 0.6000000238
10845  -26.590  -58.766  35.393 0.6000000238
11481  -26.147  -58.136  36.036 0.6000000238
9741  -33.301  -61.566  25.672 0.4000000060
8420  -29.766  -63.559  36.860 0.5000000000
9014  -29.441  -62.551  36.838 0.6000000238
9615  -28.754  -61.124  36.059 0.6000000238
132621  -27.095  -60.083  34.947 0.6000000238
10860  -26.625  -59.047  34.582 0.6000000238
7853  -30.036  -64.102  36.018 0.6000000238
7875  -30.007  -63.917  35.056 0.6000000238
8442  -29.762  -63.138  35.776 0.6000000238
9627  -28.492  -61.224  34.858 0.6000000238
10215  -28.011  -60.521  35.579 0.6000000238
116256  -28.590  -61.728  34.008 0.6000000238
9050  -29.138  -62.803  33.231 0.6000000238
10252  -27.685  -60.111  32.421 0.5000000000
10253  -28.997  -60.066  31.840 0.5000000000
10260  -20.194  -60.837  30.690 0.6999999881
10250  -20.250  -60.324  31.508 0.6999999881
9674  -18.771  -61.226  30.019 0.6999999881
10277  -20.144  -60.102  30.273 0.6999999881
127218  -20.306  -60.084  30.579 0.6999999881
10911  -20.545  -59.464  30.998 0.6999999881
11556  -21.374  -58.305  31.168 0.6000000238
12184  -22.383  -57.473  31.138 0.6000000238
12185  -22.942  -57.015  30.771 0.5000000000
12175  -22.807  -56.933  31.959 0.6999999881
12847  -23.567  -56.251  32.512 0.5000000000
13481  -23.924  -55.778  33.332 0.5000000000
13482  -24.520  -55.327  33.568 0.5000000000
9092  -34.260  -62.209  30.403 0.4000000060
9079  -35.304  -61.988  31.164 0.5000000000
9080  -36.160  -61.995  31.115 0.5000000000
9668  -36.468  -61.815  31.802 0.5000000000
9669  -37.231  -61.815  31.854 0.4000000060
9124  -33.454  -62.494  28.314 0.4000000060
127105  -34.935  -62.128  30.616 0.4000000060
12795  -25.416  -56.346  35.458 0.6000000238
12125  -25.455  -57.687  36.357 0.6000000238
12796  -26.279  -56.505  35.492 0.6000000238
11509  -27.067  -58.371  34.631 0.6000000238
113722  -26.903  -56.801  35.440 0.6000000238
10241  -26.967  -59.812  33.565 0.6000000238
10876  -26.952  -59.368  33.656 0.6000000238
12141  -27.130  -57.513  35.293 0.6000000238
114939  -27.862  -61.134  33.802 0.6000000238
11510  -27.943  -58.417  34.460 0.5000000000
119251  -27.271  -60.077  33.050 0.6000000238
10893  -27.287  -59.717  33.200 0.5000000000
10894  -28.990  -59.718  32.612 0.5000000000
10275  -17.671  -60.434  29.977 0.6999999881
10930  -18.555  -59.573  30.242 0.6999999881
10931  -19.711  -59.469  30.261 0.6999999881
10932  -20.356  -59.308  30.536 0.6999999881
11565  -20.597  -58.428  30.564 0.6000000238
11555  -20.800  -58.741  30.895 0.6999999881
12196  -21.848  -57.700  30.664 0.4000000060
10274  -16.379  -60.174  30.114 0.6999999881
10929  -17.376  -59.658  30.326 0.6999999881
11563  -18.980  -58.665  30.476 0.6000000238
12193  -19.495  -57.894  30.457 0.6000000238
12197  -22.513  -57.198  30.266 0.5000000000
10249  -15.616  -60.755  32.195 0.6999999881
10259  -15.875  -60.067  30.884 0.6999999881
136093  -23.480  -56.756  30.401 0.5000000000
10236  -15.704  -59.914  32.669 0.6999999881
12859  -23.948  -56.492  30.703 0.5000000000
126129  -16.043  -59.859  33.771 0.6000000238
10857  -15.625  -59.228  34.327 0.6000000238
10841  -14.870  -58.653  34.967 0.6000000238
11450  -14.673  -58.421  36.558 0.5000000000
113252  -14.623  -57.547  35.679 0.5000000000
9094  -36.672  -62.370  30.339 0.4000000060
9081  -36.971  -62.093  31.157 0.4000000060
11483  -28.604  -58.021  35.196 0.6000000238
12194  -20.655  -57.022  29.940 0.5000000000
12195  -21.378  -57.484  30.137 0.5000000000
120904  -16.669  -59.292  31.029 0.6000000238
11553  -17.449  -58.535  31.145 0.6000000238
12182  -18.391  -57.532  31.273 0.6000000238
12183  -19.131  -57.171  30.860 0.6000000238
12206  -21.432  -56.797  29.605 0.5000000000
12207  -22.078  -57.166  29.925 0.5000000000
12877  -22.853  -56.776  29.487 0.5000000000
10890  -15.716  -59.078  32.356 0.6999999881
122332  -15.964  -58.629  32.027 0.6000000238
11540  -16.945  -58.379  31.858 0.6000000238
12174  -17.879  -57.090  32.102 0.6000000238
12845  -18.360  -56.286  32.245 0.6000000238
114323  -23.820  -56.770  29.081 0.5000000000
11524  -15.226  -58.270  33.103 0.6999999881
11539  -15.495  -58.233  32.665 0.6000000238
113877  -15.381  -56.775  32.525 0.6000000238
127653  -16.272  -56.333  32.373 0.6000000238
12844  -17.268  -55.965  32.397 0.6000000238
11504  -14.938  -58.419  33.936 0.6000000238
12166  -14.709  -57.606  33.001 0.6000000238
12171  -14.383  -56.920  32.883 0.6000000238
12843  -15.511  -55.613  32.489 0.6000000238
11503  -14.321  -57.831  34.327 0.6000000238
12154  -13.872  -57.006  33.728 0.6000000238
12830  -13.231  -55.867  33.636 0.6000000238
13494  -13.974  -54.925  33.531 0.6000000238
12132  -14.077  -57.232  34.550 0.5000000000
12789  -13.843  -56.587  34.888 0.5000000000
13456  -13.186  -55.134  34.092 0.6000000238
14136  -13.864  -54.158  33.924 0.6000000238
9095  -37.533  -62.459  30.546 0.4000000060
128032  -15.284  -57.473  37.484 0.5000000000
12790  -14.656  -56.742  35.465 0.5000000000
12810  -13.803  -55.797  34.852 0.6000000238
13458  -14.859  -54.646  34.452 0.6000000238
116761  -15.748  -57.022  37.328 0.5000000000
129910  -16.133  -56.950  35.864 0.5000000000
123124  -15.487  -57.065  35.900 0.4000000060
12811  -14.884  -55.769  35.192 0.5000000000
114498  -16.017  -55.654  34.706 0.6000000238
12866  -20.335  -56.519  30.113 0.6000000238
13530  -21.516  -55.875  29.278 0.5000000000
12876  -22.133  -56.578  29.348 0.5000000000
13506  -19.777  -55.959  31.602 0.6000000238
13515  -21.063  -55.636  29.864 0.5000000000
12888  -23.369  -56.484  28.846 0.5000000000
13498  -17.861  -55.354  32.364 0.6999999881
14160  -19.500  -55.101  32.272 0.6999999881
113630  -16.166  -55.019  32.350 0.6000000238
13497  -16.776  -54.395  32.335 0.6999999881
13496  -15.444  -54.390  32.604 0.6000000238
14147  -16.217  -53.353  32.689 0.6999999881
14137  -14.791  -53.737  33.623 0.6000000238
14786  -16.238  -53.015  33.077 0.6999999881
14121  -15.034  -53.715  33.897 0.6000000238
14122  -16.024  -53.535  33.501 0.6999999881
12767  -17.850  -56.751  37.643 0.5000000000
12120  -16.969  -57.283  36.099 0.5000000000
12134  -16.936  -57.348  35.238 0.4000000060
12155  -16.452  -56.582  34.962 0.6000000238
13459  -16.284  -54.830  34.187 0.6000000238
113769  -17.748  -57.225  36.944 0.5000000000
11451  -17.619  -58.153  35.308 0.4000000060
11505  -18.189  -58.342  34.795 0.5000000000
13531  -22.179  -55.707  29.049 0.5000000000
14185  -21.707  -55.370  29.659 0.5000000000
14161  -20.286  -55.312  31.703 0.6000000238
130148  -20.621  -54.744  31.873 0.5000000000
14162  -21.569  -53.725  32.028 0.5000000000
129576  -17.769  -53.499  32.280 0.6999999881
120013  -16.790  -53.320  32.403 0.6999999881
14794  -16.501  -52.644  32.734 0.6000000238
113511  -17.094  -54.180  33.929 0.6999999881
14787  -16.486  -52.415  33.024 0.6000000238
12812  -17.063  -56.327  34.555 0.6000000238
13460  -17.757  -55.649  34.472 0.6000000238
12106  -18.526  -57.767  37.026 0.5000000000
131420  -18.103  -58.518  34.998 0.4000000060
12813  -18.022  -57.031  34.567 0.6000000238
11423  -20.277  -58.516  37.631 0.4000000060
11432  -18.931  -58.509  36.427 0.4000000060
11478  -19.553  -58.625  35.464 0.5000000000
11506  -18.824  -58.383  34.736 0.5000000000
119115  -19.434  -54.001  32.342 0.6000000238
14798  -20.912  -53.307  32.266 0.5000000000
14796  -17.638  -52.529  32.046 0.6000000238
15452  -19.038  -52.409  31.589 0.5000000000
14795  -16.757  -52.448  32.246 0.6000000238
15445  -16.573  -51.951  32.634 0.6000000238
15451  -16.708  -51.509  31.898 0.5000000000
15431  -16.756  -51.925  33.082 0.6000000238
132636  -17.703  -52.522  33.739 0.5000000000
12814  -18.649  -56.536  34.649 0.6000000238
12791  -19.616  -56.731  34.918 0.5000000000
11434  -20.602  -58.562  37.209 0.4000000060
120651  -20.285  -57.423  35.406 0.5000000000
16773  -17.509  -50.474  42.097 0.4000000060
17579  -17.992  -49.930  41.291 0.3000000119
16774  -18.276  -50.686  41.714 0.4000000060
15461  -19.339  -51.671  31.172 0.5000000000
15377  -18.570  -52.437  42.459 0.3000000119
16775  -19.034  -50.966  41.345 0.4000000060
15446  -16.630  -51.261  32.699 0.5000000000
15460  -17.942  -51.248  30.780 0.5000000000
14720  -19.413  -53.900  42.373 0.3000000119
16038  -19.235  -51.857  41.786 0.4000000060
15432  -17.265  -51.566  33.338 0.5000000000
14053  -19.260  -54.903  42.173 0.3000000119
14124  -18.599  -53.596  34.464 0.6000000238
13461  -18.949  -55.577  34.766 0.6999999881
125353  -19.346  -54.603  34.819 0.6000000238
12122  -20.856  -58.255  36.662 0.5000000000
12792  -20.527  -56.434  35.449 0.5000000000
12779  -21.007  -57.337  36.017 0.4000000060
13434  -21.234  -56.136  35.891 0.4000000060
18436  -17.324  -48.622  40.134 0.3000000119
17593  -17.694  -49.267  40.805 0.3000000119
17594  -18.299  -49.663  40.581 0.3000000119
16788  -18.707  -50.201  40.904 0.3000000119
16789  -19.428  -50.562  40.461 0.4000000060
130296  -17.078  -50.170  31.522 0.5000000000
15378  -19.311  -52.890  42.286 0.4000000060
16048  -19.782  -51.327  40.950 0.4000000060
16098  -17.244  -50.857  33.004 0.5000000000
14721  -20.266  -54.292  42.085 0.4000000060
15379  -20.202  -53.222  41.860 0.4000000060
14777  -18.957  -52.886  34.403 0.5000000000
16099  -18.207  -51.458  33.641 0.5000000000
14125  -19.713  -53.821  34.742 0.5000000000
13444  -19.958  -55.548  35.116 0.5000000000
14109  -20.436  -54.710  35.206 0.5000000000
11424  -21.326  -58.334  38.656 0.3000000119
12109  -22.262  -57.520  38.124 0.4000000060
12780  -21.661  -56.660  36.592 0.4000000060
13446  -21.247  -55.181  35.788 0.4000000060
18435  -16.609  -48.319  40.583 0.3000000119
17605  -18.089  -49.265  39.956 0.3000000119
16796  -18.920  -49.815  39.946 0.4000000060
16893  -19.741  -50.088  30.261 0.4000000060
16057  -20.170  -50.998  40.062 0.4000000060
16892  -18.480  -49.484  30.317 0.4000000060
15389  -20.013  -52.228  41.428 0.4000000060
16049  -20.519  -51.733  40.556 0.4000000060
16875  -17.884  -49.569  31.514 0.4000000060
15390  -20.848  -52.577  41.046 0.4000000060
15434  -19.263  -52.247  34.197 0.5000000000
14727  -21.093  -53.585  41.406 0.4000000060
13390  -21.763  -56.073  41.073 0.3000000119
14778  -20.062  -53.118  34.616 0.5000000000
12756  -22.747  -57.036  38.730 0.3000000119
18451  -17.804  -48.822  39.185 0.3000000119
118749  -18.544  -49.305  39.108 0.3000000119
17606  -19.304  -49.803  38.896 0.4000000060
16806  -20.071  -50.246  38.621 0.3000000119
16797  -19.717  -50.394  39.487 0.4000000060
16151  -21.360  -50.388  30.102 0.4000000060
16906  -22.460  -50.414  29.406 0.4000000060
16798  -20.440  -50.890  39.116 0.4000000060
17694  -18.628  -48.839  31.021 0.4000000060
16857  -18.566  -49.936  32.692 0.4000000060
16100  -19.458  -51.543  33.836 0.4000000060
14722  -21.186  -54.644  41.601 0.3000000119
14728  -22.035  -54.107  40.794 0.3000000119
13391  -22.537  -55.796  40.553 0.3000000119
13435  -21.787  -55.650  36.429 0.4000000060
18478  -16.957  -47.813  37.825 0.3000000119
17618  -18.992  -49.193  38.313 0.4000000060
17637  -19.409  -49.076  37.713 0.4000000060
131028  -19.711  -49.624  38.144 0.4000000060
16915  -23.009  -50.134  28.673 0.4000000060
16914  -21.541  -49.444  29.111 0.4000000060
17732  -19.495  -48.744  30.387 0.4000000060
16058  -20.815  -51.478  39.662 0.4000000060
16876  -18.996  -49.185  32.159 0.4000000060
115792  -19.768  -48.879  31.623 0.4000000060
15396  -21.205  -52.152  40.136 0.3000000119
16858  -19.855  -49.907  32.839 0.4000000060
14729  -22.797  -54.267  40.116 0.3000000119
15435  -20.599  -52.470  34.373 0.5000000000
14062  -22.013  -55.184  41.188 0.3000000119
136013  -23.329  -54.803  39.941 0.3000000119
127822  -20.972  -53.329  34.722 0.5000000000
13424  -22.919  -55.721  37.705 0.3000000119
14110  -21.346  -54.482  35.495 0.4000000060
12768  -22.015  -57.184  37.375 0.4000000060
18495  -17.784  -47.982  37.370 0.3000000119
126751  -20.038  -49.361  37.695 0.3000000119
17619  -20.434  -49.887  38.015 0.3000000119
16926  -22.349  -49.301  28.352 0.4000000060
16065  -21.025  -51.305  38.953 0.3000000119
18571  -21.136  -48.572  29.672 0.4000000060
18583  -21.669  -48.421  28.801 0.3000000119
16059  -21.488  -51.836  39.382 0.3000000119
16877  -20.140  -49.368  32.396 0.4000000060
18555  -20.230  -48.539  30.298 0.4000000060
14735  -22.460  -53.390  39.848 0.3000000119
14736  -23.409  -54.159  39.646 0.3000000119
15436  -21.802  -52.333  34.289 0.4000000060
13403  -23.278  -55.543  39.880 0.3000000119
13425  -23.587  -55.252  38.276 0.3000000119
14093  -23.258  -54.917  37.398 0.3000000119
14111  -22.161  -54.232  35.801 0.3000000119
16807  -20.877  -50.676  38.446 0.3000000119
16822  -21.150  -49.997  38.011 0.3000000119
16066  -21.705  -51.323  38.809 0.3000000119
18572  -21.804  -48.233  29.306 0.3000000119
17717  -20.483  -48.519  31.073 0.4000000060
18557  -22.165  -48.476  30.549 0.4000000060
15399  -23.554  -53.309  39.436 0.3000000119
16859  -21.077  -49.881  32.846 0.4000000060
17695  -21.111  -49.145  32.166 0.4000000060
14075  -23.677  -54.835  39.369 0.3000000119
13404  -23.564  -55.478  39.061 0.3000000119
14103  -22.729  -54.587  36.547 0.3000000119
15404  -23.653  -52.404  39.304 0.3000000119
17676  -22.119  -49.567  33.072 0.3000000119
17696  -22.361  -49.115  32.492 0.3000000119
14737  -24.102  -54.080  39.058 0.3000000119
16102  -22.045  -51.471  33.782 0.3000000119
14769  -22.423  -53.596  35.346 0.3000000119
16068  -23.883  -51.607  39.115 0.3000000119
16809  -23.833  -50.256  38.812 0.3000000119
15405  -24.449  -53.162  38.844 0.3000000119
16846  -22.849  -51.007  33.803 0.3000000119
124336  -24.415  -52.281  38.970 0.3000000119
126570  -24.899  -51.046  38.657 0.3000000119
13423  -22.276  -56.178  37.127 0.4000000060
116995  -23.125  -56.312  39.362 0.3000000119
13414  -23.179  -56.101  38.528 0.3000000119
5036  -37.168  -70.570  34.250 0.6000000238
121625  -37.708  -71.252  32.990 0.5000000000
4648  -37.781  -71.802  32.450 0.5000000000
4187  -37.551  -72.538  32.226 0.5000000000
4649  -38.260  -71.078  32.183 0.5000000000
5483  -39.378  -69.159  31.355 0.5000000000
5005  -35.695  -70.599  36.162 0.6999999881
5802  -36.278  -68.381  36.335 0.6999999881
4592  -34.880  -70.971  36.528 0.6999999881
4622  -35.924  -71.708  35.080 0.6999999881
5498  -39.022  -69.781  30.906 0.4000000060
4605  -34.631  -71.725  36.300 0.6999999881
5842  -38.206  -68.186  32.904 0.5000000000
130471  -44.881  -66.558  33.115 0.3000000119
6256  -38.000  -66.960  33.732 0.5000000000
6756  -37.876  -66.013  34.747 0.3000000119
6735  -33.203  -66.539  36.652 0.6000000238
5788  -33.721  -67.958  37.214 0.6000000238
121222  -33.112  -65.725  36.328 0.5000000000
5870  -33.891  -68.364  31.474 0.6000000238
5396  -33.470  -69.331  36.751 0.6999999881
5847  -44.982  -69.118  33.532 0.3000000119
5034  -32.892  -69.811  34.023 0.6000000238
5413  -32.791  -69.494  35.644 0.6000000238
115347  -33.590  -70.830  36.739 0.6999999881
5813  -37.225  -67.885  34.795 0.5000000000
5858  -38.206  -68.988  32.756 0.6000000238
5068  -38.073  -70.384  32.801 0.5000000000
4589  -32.541  -71.713  36.410 0.6000000238
4139  -34.392  -72.490  36.066 0.6999999881
124388  -32.302  -71.238  34.200 0.5000000000
3716  -33.270  -73.557  36.105 0.5000000000
6790  -43.946  -66.346  33.096 0.3000000119
4680  -33.486  -70.723  30.466 0.6000000238
3715  -32.429  -73.769  36.276 0.5000000000
7858  -39.505  -64.566  35.656 0.3000000119
6223  -36.575  -67.636  36.018 0.5000000000
7330  -43.458  -65.738  33.637 0.3000000119
3296  -32.114  -74.565  35.843 0.5000000000
127447  -33.093  -63.976  36.027 0.4000000060
6263  -47.046  -68.043  34.259 0.3000000119
6859  -29.303  -66.616  26.805 0.6000000238
117806  -29.712  -66.579  29.776 0.6999999881
7360  -29.227  -65.294  29.689 0.6000000238
8499  -28.495  -63.499  30.424 0.6000000238
6858  -28.959  -65.808  26.669 0.6000000238
9032  -33.260  -62.423  35.291 0.4000000060
7967  -29.054  -64.138  26.564 0.6000000238
118574  -29.825  -63.809  26.296 0.5000000000
7942  -27.696  -63.417  28.044 0.6000000238
10327  -31.819  -60.894  26.996 0.4000000060
7307  -30.238  -65.371  34.660 0.6000000238
131366  -29.956  -63.829  34.245 0.6999999881
9625  -23.063  -61.708  34.862 0.6000000238
9090  -32.620  -62.712  30.666 0.4000000060
9136  -32.480  -63.315  26.950 0.4000000060
117933  -33.535  -60.608  26.601 0.4000000060
10281  -30.374  -60.688  30.700 0.4000000060
7289  -30.300  -65.536  35.525 0.6000000238
10240  -21.377  -60.978  33.811 0.6000000238
10199  -23.818  -60.804  36.528 0.6000000238
9666  -34.894  -61.851  31.753 0.5000000000
130461  -25.669  -62.460  37.296 0.5000000000
12138  -24.189  -57.210  36.233 0.6000000238
8394  -25.886  -63.136  37.036 0.4000000060
9628  -29.112  -61.876  34.686 0.5000000000
124778  -33.455  -63.059  26.285 0.5000000000
10202  -28.230  -60.564  36.631 0.6000000238
9616  -29.193  -61.742  35.514 0.5000000000
10223  -16.361  -60.628  34.314 0.6000000238
12118  -15.227  -57.344  36.516 0.5000000000
12857  -19.179  -56.500  31.662 0.5000000000
114492  -16.275  -57.590  32.382 0.6000000238
128912  -17.064  -56.987  32.374 0.6000000238
12846  -18.834  -55.509  32.311 0.6000000238
12165  -13.999  -56.869  33.407 0.6000000238
12105  -16.842  -56.801  37.379 0.5000000000
117534  -21.378  -54.618  31.413 0.5000000000
135652  -16.603  -53.135  33.468 0.6000000238
12121  -17.961  -58.046  36.129 0.5000000000
119729  -18.221  -54.477  34.516 0.6000000238
16037  -18.486  -51.533  42.140 0.3000000119
122807  -17.557  -51.921  31.261 0.5000000000
12108  -21.506  -58.227  37.726 0.3000000119
16139  -18.624  -50.552  30.531 0.4000000060
16128  -17.605  -50.033  30.719 0.4000000060
12123  -21.466  -57.608  36.853 0.4000000060
12081  -22.467  -57.161  39.618 0.3000000119
14767  -20.706  -53.928  34.919 0.5000000000
16905  -20.576  -49.362  29.818 0.4000000060
18463  -17.527  -48.271  38.360 0.3000000119
131070  -21.607  -53.002  40.499 0.3000000119
16101  -20.789  -51.581  33.835 0.4000000060
14102  -21.905  -54.861  36.216 0.3000000119
15397  -21.808  -52.523  39.758 0.3000000119
14768  -21.563  -53.806  35.161 0.4000000060
136218  -17.807  -47.727  37.039 0.3000000119
15398  -22.444  -52.313  39.387 0.3000000119
16114  -22.019  -50.432  33.408 0.4000000060
2547  -28.555  -75.802  32.263 0.5000000000
2957  -28.968  -75.619  33.099 0.5000000000
134740  -30.034  -75.851  34.273 0.5000000000
2521  -30.680  -76.018  34.357 0.4000000060
3356  -28.466  -74.525  31.302 0.5000000000
3341  -28.764  -74.890  32.405 0.5000000000
3327  -29.362  -74.738  33.446 0.5000000000
2925  -29.753  -74.830  34.262 0.5000000000
3310  -30.265  -74.519  34.777 0.5000000000
2916  -30.843  -74.897  35.217 0.4000000060
3771  -28.960  -73.431  30.770 0.4000000060
3357  -29.156  -73.993  31.695 0.5000000000
3744  -29.882  -73.890  33.139 0.5000000000
3294  -30.713  -74.225  35.305 0.4000000060
3772  -30.208  -73.198  30.887 0.5000000000
3756  -30.167  -73.723  31.882 0.5000000000
3342  -29.381  -74.264  32.563 0.5000000000
134462  -31.124  -72.744  30.700 0.5000000000
3773  -31.059  -73.166  31.279 0.5000000000
123360  -31.317  -72.996  32.845 0.5000000000
4168  -31.313  -72.674  33.877 0.4000000060
4214  -30.464  -72.354  30.413 0.5000000000
4197  -31.742  -72.660  30.864 0.5000000000
4184  -31.612  -72.884  31.787 0.5000000000
4185  -31.988  -72.381  32.605 0.5000000000
5031  -29.184  -69.898  33.989 0.5000000000
4660  -30.182  -71.306  30.802 0.5000000000
5080  -29.885  -70.783  31.398 0.5000000000
4677  -31.050  -71.785  30.477 0.5000000000
5081  -31.022  -70.976  31.090 0.5000000000
4678  -32.101  -71.863  30.483 0.5000000000
5098  -31.841  -71.347  30.676 0.5000000000
4198  -32.270  -72.154  30.618 0.5000000000
5050  -30.094  -69.999  33.188 0.5000000000
5441  -30.728  -69.590  33.403 0.5000000000
114432  -30.912  -68.673  34.438 0.5000000000
5065  -31.226  -70.251  31.734 0.5000000000
5840  -31.199  -69.156  32.984 0.5000000000
5839  -31.097  -68.385  33.725 0.5000000000
5082  -31.974  -70.502  31.072 0.5000000000
5461  -31.451  -69.667  31.882 0.5000000000
5856  -31.557  -68.926  31.997 0.5000000000
5099  -32.618  -71.090  30.739 0.5000000000
5083  -32.716  -70.369  30.446 0.5000000000
4679  -32.801  -71.381  30.818 0.5000000000
123518  -32.777  -71.814  30.907 0.5000000000
4647  -33.143  -71.204  31.325 0.5000000000
120469  -30.456  -66.880  36.232 0.5000000000
114838  -30.428  -66.233  34.873 0.6000000238
6254  -30.954  -67.969  34.531 0.5000000000
6287  -31.276  -68.336  32.758 0.5000000000
6272  -31.023  -67.637  33.176 0.5000000000
5869  -31.861  -68.783  31.127 0.5000000000
6307  -31.390  -68.141  31.853 0.5000000000
5497  -33.425  -70.365  29.625 0.5000000000
5496  -32.448  -69.593  30.113 0.5000000000
123467  -33.325  -70.725  30.419 0.5000000000
7249  -29.758  -65.530  37.723 0.5000000000
7250  -30.208  -65.810  37.106 0.5000000000
6771  -30.457  -66.528  33.974 0.6000000238
8485  -22.548  -63.798  30.735 0.5000000000
8472  -22.681  -63.463  31.929 0.6000000238
8496  -22.219  -64.109  29.820 0.5000000000
9074  -21.850  -63.269  31.435 0.5000000000
9058  -21.264  -62.526  31.946 0.6000000238
9073  -21.009  -63.035  30.968 0.6000000238
9087  -20.721  -63.464  30.156 0.5000000000
9072  -20.398  -62.585  30.417 0.6000000238
9085  -19.490  -62.652  29.651 0.5000000000
9664  -20.595  -62.167  31.300 0.6000000238
9676  -20.016  -61.980  29.981 0.6000000238
9100  -18.561  -62.803  29.600 0.5000000000
9675  -19.180  -62.036  29.894 0.6000000238
10276  -19.860  -60.766  30.215 0.6000000238
9084  -17.017  -62.358  29.906 0.5000000000
9673  -17.198  -61.465  29.783 0.5000000000
9651  -15.917  -61.462  31.744 0.5000000000
116605  -16.041  -61.472  32.865 0.6000000238
10210  -16.484  -60.605  35.220 0.6000000238
9622  -17.100  -61.147  34.786 0.5000000000
9661  -15.854  -61.463  30.570 0.6000000238
9672  -16.266  -61.505  29.894 0.5000000000
10237  -15.947  -60.692  33.295 0.5000000000
10827  -15.475  -59.635  36.112 0.6000000238
10222  -16.112  -59.957  34.756 0.6000000238
10826  -14.907  -59.001  36.098 0.6000000238
7312  -42.998  -65.214  34.131 0.3000000119
7861  -42.253  -64.275  35.224 0.3000000119
7310  -41.306  -65.243  34.231 0.3000000119
9017  -42.017  -62.821  36.841 0.3000000119
7880  -40.895  -64.789  34.853 0.3000000119
7328  -41.706  -65.647  33.633 0.3000000119
7329  -42.556  -65.639  33.583 0.3000000119
3730  -30.934  -73.000  34.854 0.4000000060
5479  -32.073  -69.583  31.086 0.5000000000
6286  -30.944  -67.421  32.371 0.5000000000
9060  -22.725  -62.969  32.997 0.5000000000
3328  -29.945  -74.153  34.125 0.4000000060
3745  -30.557  -73.382  33.813 0.5000000000
4215  -31.551  -72.300  30.442 0.5000000000
5049  -28.834  -70.160  33.274 0.5000000000
5064  -30.528  -70.351  32.084 0.5000000000
5426  -29.554  -69.810  34.815 0.5000000000
117444  -30.855  -69.156  33.939 0.5000000000
5460  -30.981  -69.889  32.648 0.5000000000
7882  -42.605  -64.746  34.643 0.3000000119
8444  -41.079  -63.565  35.960 0.3000000119
8445  -41.940  -63.714  35.759 0.3000000119
7881  -41.771  -64.689  34.686 0.3000000119
7860  -41.398  -64.208  35.328 0.3000000119
8425  -41.729  -63.278  36.300 0.3000000119
18540  -21.675  -48.670  31.465 0.3000000119
2535  -29.315  -76.193  33.379 0.5000000000
2926  -30.246  -75.319  34.589 0.5000000000
2927  -31.205  -75.546  34.863 0.4000000060
2941  -29.565  -75.565  33.932 0.5000000000
3286  -31.692  -73.798  36.186 0.5000000000
3295  -31.308  -74.411  35.718 0.4000000060
3699  -31.534  -73.163  36.161 0.5000000000
3729  -30.474  -73.742  34.810 0.4000000060
3731  -33.804  -74.004  35.288 0.6000000238
3757  -30.822  -73.397  32.361 0.5000000000
3770  -28.086  -73.850  30.322 0.5000000000
3774  -37.126  -74.166  31.511 0.5000000000
3787  -28.651  -72.872  30.054 0.4000000060
4120  -32.271  -72.505  36.442 0.5000000000
4122  -33.786  -71.998  36.559 0.6000000238
4138  -33.530  -72.766  36.384 0.5000000000
4169  -31.849  -71.960  33.997 0.5000000000
4186  -36.957  -72.938  32.735 0.5000000000
4200  -38.386  -72.093  30.759 0.5000000000
4590  -33.260  -71.464  36.647 0.6000000238
4661  -33.139  -71.158  30.809 0.5000000000
4676  -29.814  -71.705  30.524 0.5000000000
5002  -32.883  -70.768  36.481 0.6000000238
5003  -33.581  -70.122  36.786 0.6999999881
5004  -34.254  -70.481  36.880 0.6999999881
5032  -30.217  -69.631  34.063 0.5000000000
5052  -33.163  -70.253  33.125 0.6000000238
5066  -32.930  -71.022  32.406 0.6000000238
5069  -38.386  -70.124  32.128 0.5000000000
5084  -33.774  -70.684  30.905 0.6999999881
5101  -34.074  -70.527  30.111 0.6999999881
5109  -33.989  -70.424  29.165 0.6999999881
5384  -33.916  -69.537  37.094 0.6999999881
5385  -34.440  -69.117  37.275 0.6999999881
5398  -35.218  -69.360  37.059 0.6000000238
5399  -35.939  -69.072  36.600 0.6999999881
5464  -38.243  -69.672  32.609 0.5000000000
5481  -34.239  -69.377  30.904 0.6999999881
5508  -33.590  -69.981  28.643 0.6000000238
5514  -32.337  -69.634  27.216 0.6000000238
5515  -33.012  -69.772  27.640 0.6999999881
5516  -33.486  -69.773  28.317 0.6999999881
5517  -34.027  -69.881  28.597 0.6999999881
5518  -31.366  -69.087  26.713 0.6000000238
5519  -32.128  -69.458  26.806 0.6000000238
5823  -30.736  -68.487  35.101 0.5000000000
5824  -37.090  -68.684  34.963 0.6000000238
5848  -46.230  -68.755  33.475 0.3000000119
5857  -33.712  -68.104  32.430 0.6000000238
5871  -39.081  -68.513  31.973 0.5000000000
5887  -34.385  -69.254  30.037 0.6999999881
5897  -34.081  -69.392  28.781 0.6000000238
5902  -33.558  -69.503  28.156 0.6999999881
5903  -30.622  -68.836  26.871 0.6000000238
5905  -32.668  -69.410  26.886 0.6000000238
5906  -30.124  -68.365  26.811 0.6000000238
5908  -31.282  -68.787  26.672 0.6000000238
6208  -35.028  -68.038  37.364 0.6000000238
6221  -33.404  -67.256  36.984 0.6000000238
6264  -47.411  -67.690  34.102 0.3000000119
6271  -30.836  -67.376  33.850 0.5000000000
6278  -47.082  -67.984  33.327 0.3000000119
6296  -46.635  -68.246  32.843 0.3000000119
6312  -42.264  -67.781  31.546 0.4000000060
6329  -34.051  -68.417  30.081 0.6000000238
6337  -29.902  -68.388  27.942 0.6000000238
6338  -33.220  -67.512  28.745 0.5000000000
6342  -32.126  -67.805  27.341 0.5000000000
6348  -32.569  -68.746  26.872 0.6000000238
6349  -29.752  -67.583  26.790 0.6000000238
6720  -33.590  -66.629  37.282 0.6000000238
6734  -30.354  -66.358  36.687 0.5000000000
6738  -37.052  -65.946  35.626 0.4000000060
6787  -41.250  -66.187  33.245 0.4000000060
6793  -47.351  -67.671  33.831 0.3000000119
6802  -30.595  -66.721  33.028 0.6000000238
6803  -33.358  -66.573  32.671 0.5000000000
6817  -30.060  -65.905  31.148 0.6999999881
6846  -28.741  -66.459  27.475 0.6000000238
6847  -29.123  -67.105  27.831 0.6000000238
7251  -33.684  -65.415  37.432 0.4000000060
7270  -30.309  -65.673  36.401 0.5000000000
7311  -42.163  -65.155  34.105 0.3000000119
7325  -30.274  -65.904  33.423 0.6999999881
7339  -29.993  -65.160  32.174 0.6999999881
7347  -29.776  -65.266  31.360 0.6999999881
7363  -32.909  -66.273  30.717 0.5000000000
7382  -28.452  -65.725  27.409 0.6000000238
7384  -30.654  -66.386  27.334 0.6000000238
7392  -28.589  -65.432  26.916 0.6000000238
7394  -29.411  -65.266  26.641 0.6000000238
7816  -30.017  -64.407  36.958 0.6000000238
7818  -33.667  -64.506  37.387 0.4000000060
7820  -34.819  -65.002  37.535 0.4000000060
7854  -30.155  -64.740  35.293 0.6000000238
7878  -33.085  -64.930  34.549 0.4000000060
7894  -30.184  -65.208  33.843 0.6000000238
7895  -32.513  -63.975  32.986 0.4000000060
7918  -29.582  -64.580  31.732 0.6999999881
7931  -29.425  -64.676  31.032 0.6999999881
7966  -28.461  -64.477  27.011 0.6000000238
8396  -27.690  -63.022  37.977 0.4000000060
8397  -28.588  -63.036  37.997 0.4000000060
8399  -33.636  -62.997  37.068 0.4000000060
8400  -34.657  -63.070  37.679 0.4000000060
8440  -24.493  -63.282  35.361 0.5000000000
8453  -23.712  -63.232  34.262 0.6000000238
8465  -29.625  -63.313  33.714 0.6000000238
8466  -32.628  -63.307  33.435 0.4000000060
8476  -32.407  -63.868  32.346 0.4000000060
8484  -21.620  -63.646  30.436 0.5000000000
8487  -28.520  -63.199  31.163 0.6000000238
8489  -32.275  -63.378  30.953 0.5000000000
8500  -17.730  -62.911  29.762 0.5000000000
8535  -28.086  -63.631  27.415 0.6000000238
8536  -30.373  -63.883  26.377 0.5000000000
8538  -31.999  -63.374  26.339 0.5000000000
8539  -32.700  -63.194  26.358 0.4000000060
8549  -29.243  -63.384  26.417 0.6000000238
8553  -32.868  -63.016  26.002 0.4000000060
8563  -31.956  -62.912  25.603 0.4000000060
8565  -33.026  -62.643  25.770 0.5000000000
8983  -25.877  -61.803  37.625 0.6000000238
8984  -26.359  -62.484  37.560 0.4000000060
8986  -28.281  -62.238  37.789 0.5000000000
9015  -33.386  -62.622  36.262 0.4000000060
9029  -24.321  -62.607  35.827 0.5000000000
9030  -29.516  -62.410  35.080 0.5000000000
9039  -29.270  -62.436  34.049 0.6000000238
9041  -33.145  -62.394  34.502 0.4000000060
9049  -28.374  -62.137  33.216 0.6000000238
9052  -33.207  -62.173  33.874 0.4000000060
9059  -22.118  -62.754  32.472 0.6000000238
9089  -28.102  -62.656  30.615 0.5000000000
9093  -35.705  -62.186  30.456 0.4000000060
9102  -27.771  -62.332  29.212 0.6000000238
9103  -27.820  -61.967  28.856 0.6000000238
9104  -31.894  -62.988  28.486 0.5000000000
9120  -27.726  -62.641  28.419 0.6000000238
9121  -27.922  -62.228  28.101 0.6000000238
9122  -31.839  -63.388  27.331 0.5000000000
9135  -27.831  -62.880  27.721 0.6000000238
9143  -29.324  -62.623  26.589 0.6000000238
9156  -32.169  -62.447  25.577 0.5000000000
9157  -32.809  -62.241  25.600 0.5000000000
9578  -24.883  -60.558  37.461 0.6999999881
9579  -25.406  -61.078  37.560 0.6000000238
9582  -28.609  -61.610  37.403 0.6000000238
9603  -25.139  -61.970  37.268 0.5000000000
9604  -28.759  -61.241  36.914 0.6000000238
9605  -29.197  -61.760  36.467 0.5000000000
9606  -34.116  -61.496  36.684 0.4000000060
9626  -27.468  -60.573  34.404 0.6000000238
9637  -16.558  -61.301  33.862 0.5000000000
9641  -22.727  -61.989  34.117 0.6000000238
9642  -27.281  -60.441  33.442 0.6000000238
9646  -35.498  -61.468  33.223 0.4000000060
9652  -20.280  -61.313  31.512 0.6999999881
9662  -20.003  -61.196  30.318 0.6000000238
9663  -20.226  -61.684  30.616 0.6000000238
9665  -27.651  -61.086  31.268 0.5000000000
9667  -35.654  -61.795  31.801 0.5000000000
9677  -27.780  -61.002  30.497 0.5000000000
9688  -18.021  -62.192  29.769 0.5000000000
9701  -28.875  -61.562  28.256 0.6000000238
9723  -30.586  -61.981  26.297 0.6000000238
9739  -31.893  -62.025  25.603 0.5000000000
9740  -32.502  -61.762  25.680 0.4000000060
10187  -34.653  -61.030  36.875 0.4000000060
10188  -35.193  -61.117  37.429 0.4000000060
10209  -16.039  -60.032  35.664 0.6000000238
10211  -22.521  -60.039  35.401 0.6000000238
10212  -23.214  -60.396  35.951 0.6000000238
10213  -26.700  -59.465  34.876 0.6000000238
10214  -27.402  -59.845  36.112 0.6000000238
10217  -35.535  -60.495  35.907 0.4000000060
10226  -26.717  -59.458  34.063 0.6000000238
10227  -26.830  -59.968  34.121 0.6000000238
10228  -35.672  -60.623  34.938 0.4000000060
10239  -20.680  -60.428  33.349 0.6999999881
10248  -15.637  -60.045  31.733 0.6999999881
10261  -27.697  -60.635  31.775 0.5000000000
10262  -27.934  -60.344  31.475 0.5000000000
10273  -15.556  -60.724  29.976 0.6999999881
10279  -28.039  -60.642  30.625 0.5000000000
10282  -31.474  -60.401  30.636 0.5000000000
10284  -33.086  -59.977  29.872 0.5000000000
10295  -28.458  -60.910  29.935 0.5000000000
10296  -29.337  -61.072  29.635 0.6000000238
10310  -30.584  -61.069  28.206 0.6000000238
10326  -31.126  -61.072  27.370 0.6000000238
10329  -33.736  -60.404  27.510 0.4000000060
10341  -33.880  -60.953  25.810 0.4000000060
10803  -14.704  -59.027  36.978 0.5000000000
10806  -24.892  -59.840  37.502 0.6000000238
10809  -27.048  -59.812  37.250 0.6000000238
10828  -23.630  -59.864  36.794 0.5000000000
10829  -24.235  -59.403  37.267 0.6000000238
10830  -26.392  -58.794  36.352 0.6000000238
10831  -27.007  -59.436  36.777 0.6000000238
10842  -15.497  -59.427  35.354 0.6000000238
10858  -21.433  -59.083  34.131 0.6000000238
10874  -15.657  -59.076  33.301 0.6000000238
10875  -20.816  -59.488  33.413 0.6999999881
10891  -15.857  -59.469  31.542 0.6999999881
10910  -17.850  -58.943  30.616 0.6999999881
10912  -20.898  -58.889  31.511 0.6999999881
10913  -28.187  -59.936  31.984 0.5000000000
10945  -34.326  -59.824  29.687 0.4000000060
10946  -34.639  -60.030  29.079 0.4000000060
11421  -14.974  -57.877  38.061 0.5000000000
11433  -19.859  -58.659  36.760 0.4000000060
11436  -25.600  -58.928  37.213 0.6000000238
11452  -18.436  -58.580  35.543 0.4000000060
11453  -19.332  -58.772  35.860 0.4000000060
11454  -20.109  -58.660  36.294 0.5000000000
11475  -14.474  -58.156  35.376 0.6000000238
11476  -17.708  -58.140  34.945 0.5000000000
11477  -18.802  -58.803  35.039 0.4000000060
11479  -22.667  -58.146  35.283 0.5000000000
11482  -27.714  -57.938  35.074 0.6000000238
11508  -26.693  -58.359  35.156 0.6000000238
11523  -14.412  -57.618  33.559 0.6000000238
11527  -26.771  -58.962  34.202 0.6000000238
11528  -27.159  -58.858  33.859 0.5000000000
11542  -22.162  -57.660  32.069 0.6000000238
11554  -18.165  -58.201  30.904 0.6000000238
11557  -21.868  -57.920  31.399 0.6000000238
11564  -19.984  -58.649  30.377 0.6000000238
11566  -21.192  -58.104  30.646 0.6999999881
12095  -22.119  -57.892  38.750 0.3000000119
12107  -19.389  -58.295  37.321 0.4000000060
12119  -15.948  -56.878  36.608 0.5000000000
12124  -24.683  -57.789  36.613 0.6000000238
12133  -15.673  -56.615  35.642 0.4000000060
12135  -19.593  -58.094  35.035 0.5000000000
12136  -20.295  -58.237  35.786 0.5000000000
12137  -23.390  -57.594  35.821 0.6000000238
12140  -26.268  -57.337  35.764 0.6000000238
12153  -13.299  -56.621  33.958 0.6000000238
12156  -17.585  -57.528  34.782 0.5000000000
12157  -18.274  -57.904  34.604 0.6000000238
12158  -18.849  -57.509  34.641 0.5000000000
12164  -13.438  -56.301  33.545 0.6000000238
12167  -22.453  -57.221  32.957 0.6999999881
12168  -22.803  -56.800  33.817 0.6999999881
12172  -15.333  -57.694  32.652 0.6000000238
12173  -17.223  -57.629  32.134 0.6000000238
12181  -17.685  -57.895  31.558 0.6000000238
12769  -22.634  -56.668  37.924 0.3000000119
12808  -13.366  -55.784  33.654 0.6000000238
12809  -13.059  -56.051  34.562 0.6000000238
12816  -24.691  -56.036  34.899 0.5000000000
12832  -23.416  -56.258  33.569 0.5000000000
12833  -24.050  -55.851  34.200 0.5000000000
12841  -14.053  -55.967  33.151 0.6000000238
12842  -14.810  -56.110  32.685 0.6000000238
12856  -18.618  -56.942  31.668 0.5000000000
12858  -23.482  -56.584  31.336 0.5000000000
12865  -19.785  -56.533  30.702 0.6000000238
12867  -23.209  -56.886  29.847 0.5000000000
12874  -20.911  -56.190  29.641 0.6000000238
12875  -21.547  -56.210  29.237 0.5000000000
12886  -22.069  -56.123  28.933 0.5000000000
12887  -22.639  -56.399  28.982 0.5000000000
13436  -22.472  -55.294  36.897 0.3000000119
13445  -20.703  -55.548  35.500 0.5000000000
13457  -13.875  -54.798  34.604 0.6000000238
13480  -13.546  -55.118  33.743 0.6000000238
13495  -14.733  -54.972  32.899 0.6000000238
13514  -20.411  -55.927  30.452 0.5000000000
13543  -22.733  -56.099  28.699 0.5000000000
14063  -22.748  -54.939  40.480 0.3000000119
14086  -23.952  -54.665  38.687 0.3000000119
14119  -13.646  -54.504  34.088 0.6000000238
14120  -14.095  -54.000  34.163 0.6000000238
14123  -17.500  -53.365  33.882 0.5000000000
14138  -15.693  -53.328  33.392 0.6999999881
14145  -14.440  -54.197  33.430 0.6000000238
14146  -15.557  -53.527  32.951 0.6999999881
14148  -17.753  -54.406  32.341 0.6999999881
14149  -18.749  -54.543  32.352 0.6999999881
14150  -20.736  -53.919  32.215 0.5000000000
14163  -22.217  -54.152  31.408 0.5000000000
14171  -20.876  -55.308  30.818 0.5000000000
14172  -21.364  -55.183  30.339 0.5000000000
14712  -18.830  -53.565  42.531 0.3000000119
14776  -16.734  -52.569  33.340 0.6000000238
14779  -21.711  -53.121  34.739 0.5000000000
14797  -20.018  -53.234  32.271 0.5000000000
15427  -22.670  -52.929  34.789 0.3000000119
15433  -18.289  -52.121  33.853 0.5000000000
15459  -16.988  -50.826  31.207 0.5000000000
16069  -24.659  -51.656  38.775 0.3000000119
16111  -18.327  -50.725  33.268 0.4000000060
16112  -19.649  -50.709  33.396 0.4000000060
16113  -20.946  -50.686  33.372 0.4000000060
16127  -16.675  -50.634  32.086 0.5000000000
16856  -17.369  -50.181  32.364 0.5000000000
16860  -22.910  -50.119  33.556 0.3000000119
16891  -18.044  -49.167  30.593 0.4000000060
16904  -18.764  -48.868  30.411 0.4000000060
16916  -23.656  -50.392  28.590 0.4000000060
17639  -21.529  -49.253  38.001 0.3000000119
17716  -19.426  -48.589  30.650 0.4000000060
17733  -20.364  -48.831  30.071 0.4000000060
17748  -21.271  -48.846  29.348 0.4000000060
17749  -21.723  -48.812  28.586 0.3000000119
18479  -17.386  -47.915  37.468 0.3000000119
18556  -21.183  -48.467  30.326 0.4000000060
114168  -20.245  -57.799  30.349 0.6000000238
114707  -14.922  -53.951  32.998 0.6000000238
115392  -32.152  -75.085  35.423 0.5000000000
115500  -32.357  -60.593  27.502 0.4000000060
115707  -19.299  -60.247  30.085 0.6999999881
115926  -15.527  -60.775  31.100 0.6000000238
116370  -25.658  -56.925  35.925 0.6000000238
116502  -27.532  -60.605  32.607 0.6000000238
117952  -33.256  -67.911  36.531 0.6000000238
118681  -28.457  -62.489  27.342 0.6000000238
118868  -30.438  -66.269  35.852 0.5000000000
119397  -29.562  -67.665  28.415 0.6000000238
119549  -19.919  -57.111  30.305 0.5000000000
119858  -37.469  -68.231  34.202 0.5000000000
120786  -24.233  -50.936  38.880 0.3000000119
121229  -32.296  -72.417  31.238 0.5000000000
121602  -19.721  -61.427  30.135 0.6000000238
121946  -13.579  -56.530  33.425 0.6000000238
122198  -35.078  -67.256  37.372 0.4000000060
122220  -33.339  -62.003  33.248 0.4000000060
123802  -29.482  -62.305  35.941 0.5000000000
123980  -34.054  -63.564  37.545 0.4000000060
124171  -37.350  -69.140  34.361 0.6000000238
125215  -20.528  -59.523  31.783 0.6999999881
125341  -30.122  -62.532  26.228 0.5000000000
125539  -22.320  -57.937  34.557 0.6000000238
125744  -27.354  -59.319  33.415 0.5000000000
126311  -32.761  -64.165  33.625 0.4000000060
126685  -17.984  -48.320  37.813 0.3000000119
127006  -27.826  -62.166  29.985 0.5000000000
127229  -33.766  -66.104  37.481 0.4000000060
127234  -27.880  -59.560  32.867 0.5000000000
127391  -18.813  -52.904  32.023 0.5000000000
127934  -45.705  -68.991  33.462 0.3000000119
128112  -45.284  -68.822  33.990 0.3000000119
128603  -32.287  -62.974  30.239 0.4000000060
129714  -27.958  -61.504  29.227 0.5000000000
129897  -25.906  -60.591  37.598 0.6000000238
130019  -22.857  -56.334  40.023 0.3000000119
130420  -30.813  -67.327  31.389 0.5000000000
130506  -19.418  -49.109  30.181 0.4000000060
130509  -18.786  -57.860  30.718 0.6000000238
131108  -36.339  -65.114  36.621 0.3000000119
131277  -20.826  -57.756  30.342 0.5000000000
131423  -16.386  -60.875  29.803 0.5000000000
131635  -22.541  -61.362  34.531 0.6000000238
131824  -37.146  -69.887  34.503 0.6000000238
131917  -29.455  -66.030  26.724 0.6000000238
132305  -19.219  -58.640  34.974 0.5000000000
132736  -34.028  -68.689  29.234 0.6000000238
132929  -16.320  -52.944  33.194 0.6000000238
133049  -15.957  -54.000  32.521 0.6999999881
133426  -20.131  -60.578  30.375 0.6000000238
133670  -23.393  -56.654  35.006 0.5000000000
133679  -29.765  -65.567  30.874 0.6999999881
134070  -32.803  -62.653  32.233 0.5000000000
134202  -34.578  -67.021  37.527 0.6000000238
135032  -31.604  -60.255  31.429 0.5000000000
135050  -28.114  -61.591  33.477 0.6000000238
135386  -24.744  -62.688  36.265 0.5000000000
135498  -29.784  -64.770  37.581 0.6000000238
135580  -33.088  -68.436  36.167 0.6999999881
136311  -35.616  -62.343  37.912 0.4000000060
136481  -32.874  -66.417  29.924 0.5000000000
