#!ascii label  , from subject sub-v1s9x0051351_ses-1 vox2ras=TkReg
537
11365  -48.255  -58.542  46.564 0.0000000000
12097  -49.766  -57.206  38.570 0.0000000000
12669  -45.072  -56.332  45.062 0.0000000000
12685  -53.070  -55.887  44.227 0.0000000000
13381  -43.239  -56.039  42.198 0.0000000000
10049  -48.348  -60.858  51.199 0.0000000000
11964  -41.519  -57.495  49.640 0.0000000000
13932  -44.344  -54.378  53.076 0.0000000000
130087  -41.678  -53.118  44.536 0.0000000000
14038  -44.666  -53.388  44.014 0.0000000000
14715  -40.575  -53.220  43.167 0.0000000000
136265  -44.224  -59.606  48.993 0.0000000000
10668  -43.380  -59.513  51.174 0.0000000000
15258  -44.995  -52.535  50.340 0.0000000000
14634  -42.159  -53.001  49.963 0.0000000000
11393  -46.784  -58.655  43.128 0.0000000000
12057  -51.588  -57.054  41.242 0.0000000000
11409  -53.674  -58.275  41.606 0.0000000000
10800  -53.786  -58.612  38.361 0.0000000000
12657  -48.377  -56.324  46.885 0.0000000000
127348  -50.347  -56.328  45.166 0.0000000000
12697  -47.987  -55.910  42.743 0.0000000000
118273  -45.608  -57.041  40.095 0.0000000000
11976  -46.982  -57.663  48.167 0.0000000000
12000  -42.662  -57.626  46.738 0.0000000000
131187  -39.658  -55.185  46.547 0.0000000000
120493  -44.600  -58.091  53.504 0.0000000000
127989  -42.042  -56.113  52.000 0.0000000000
14631  -39.784  -53.948  49.204 0.0000000000
123646  -38.497  -50.087  47.123 0.0000000000
11396  -49.940  -58.366  42.707 0.0000000000
13474  -42.624  -55.511  34.041 0.0000000000
13454  -47.028  -55.729  35.283 0.0000000000
12162  -49.288  -57.127  33.849 0.0000000000
14694  -40.479  -52.743  44.541 0.0000000000
15340  -41.810  -52.517  44.026 0.0000000000
11380  -47.233  -58.258  45.129 0.0000000000
12085  -50.403  -57.442  39.424 0.0000000000
12086  -53.090  -57.735  39.213 0.0000000000
12099  -51.986  -57.531  38.239 0.0000000000
12113  -52.961  -58.124  37.216 0.0000000000
120142  -50.680  -57.224  36.780 0.0000000000
12671  -46.945  -56.072  45.254 0.0000000000
13343  -46.539  -54.809  44.501 0.0000000000
13363  -43.842  -55.148  43.025 0.0000000000
13365  -45.731  -54.803  43.299 0.0000000000
12694  -45.119  -56.071  42.628 0.0000000000
12715  -46.460  -56.953  41.751 0.0000000000
12735  -44.278  -56.685  40.401 0.0000000000
11337  -48.554  -57.897  49.301 0.0000000000
11319  -47.873  -58.841  49.470 0.0000000000
127877  -42.704  -58.700  49.000 0.0000000000
11351  -43.692  -58.563  47.699 0.0000000000
11987  -42.368  -57.827  47.586 0.0000000000
12654  -41.429  -56.823  46.278 0.0000000000
12638  -40.458  -56.527  47.748 0.0000000000
12569  -44.774  -56.127  53.293 0.0000000000
12588  -43.393  -56.592  52.657 0.0000000000
13258  -43.241  -55.598  52.719 0.0000000000
15940  -41.509  -51.278  48.950 0.0000000000
14633  -41.276  -53.334  49.935 0.0000000000
15288  -40.131  -52.087  48.969 0.0000000000
15286  -38.870  -52.727  48.208 0.0000000000
12026  -51.427  -56.283  44.764 0.0000000000
11386  -49.573  -57.725  43.452 0.0000000000
12041  -51.805  -57.670  43.353 0.0000000000
10137  -51.673  -60.546  40.615 0.0000000000
13489  -42.321  -55.628  33.106 0.0000000000
13476  -44.628  -55.565  34.589 0.0000000000
12839  -48.204  -56.288  33.372 0.0000000000
13340  -43.325  -54.430  44.585 0.0000000000
14031  -44.861  -53.544  44.129 0.0000000000
14707  -43.536  -53.138  43.992 0.0000000000
14035  -42.425  -53.099  43.624 0.0000000000
14058  -41.213  -54.968  42.305 0.0000000000
133508  -46.416  -60.216  49.829 0.0000000000
133847  -43.311  -59.567  50.351 0.0000000000
11307  -42.487  -58.549  50.052 0.0000000000
14612  -44.181  -53.040  52.031 0.0000000000
14593  -43.032  -54.041  52.331 0.0000000000
15257  -44.105  -52.680  50.409 0.0000000000
127281  -42.852  -51.748  49.287 0.0000000000
17459  -42.090  -49.846  48.370 0.0000000000
12720  -52.304  -56.251  42.106 0.0000000000
12043  -53.695  -57.106  42.991 0.0000000000
12059  -54.084  -56.884  41.573 0.0000000000
10779  -53.962  -58.676  39.803 0.0000000000
10176  -52.696  -60.668  38.854 0.0000000000
10798  -52.756  -59.870  38.209 0.0000000000
10820  -50.842  -59.258  37.762 0.0000000000
11444  -50.483  -58.696  36.995 0.0000000000
12006  -49.549  -56.805  46.972 0.0000000000
12019  -49.272  -57.010  45.848 0.0000000000
117232  -49.855  -55.547  45.098 0.0000000000
13358  -50.135  -54.829  43.993 0.0000000000
14032  -46.515  -54.073  44.022 0.0000000000
13356  -47.990  -54.651  43.873 0.0000000000
13370  -50.705  -55.198  43.513 0.0000000000
135324  -49.241  -56.540  42.108 0.0000000000
12068  -48.273  -57.432  40.443 0.0000000000
12748  -47.201  -56.903  39.167 0.0000000000
12628  -49.519  -56.906  48.315 0.0000000000
11992  -47.670  -57.022  47.972 0.0000000000
133497  -45.831  -57.064  46.432 0.0000000000
11335  -45.319  -58.781  48.168 0.0000000000
11990  -45.025  -57.854  47.081 0.0000000000
12015  -43.760  -57.243  45.708 0.0000000000
12666  -41.548  -56.059  45.388 0.0000000000
14016  -40.415  -54.369  45.255 0.0000000000
135044  -39.056  -52.964  45.751 0.0000000000
11287  -43.385  -58.241  52.299 0.0000000000
11939  -42.875  -57.896  51.867 0.0000000000
11953  -41.542  -57.199  50.438 0.0000000000
14609  -41.783  -54.031  51.421 0.0000000000
13951  -40.491  -54.967  50.478 0.0000000000
121992  -40.161  -56.048  49.262 0.0000000000
13304  -39.461  -55.222  47.967 0.0000000000
114550  -38.580  -52.875  46.903 0.0000000000
12033  -48.288  -57.622  44.376 0.0000000000
11394  -47.817  -58.576  42.787 0.0000000000
11407  -51.520  -58.928  41.923 0.0000000000
10766  -49.694  -59.646  41.469 0.0000000000
13408  -43.182  -56.060  39.044 0.0000000000
12759  -45.257  -56.117  38.292 0.0000000000
12771  -46.729  -56.285  37.818 0.0000000000
135956  -45.975  -55.661  36.601 0.0000000000
12773  -48.693  -56.624  37.210 0.0000000000
12784  -50.007  -56.995  35.887 0.0000000000
12149  -50.311  -57.712  35.347 0.0000000000
15338  -39.755  -52.309  44.472 0.0000000000
115120  -39.884  -52.224  44.007 0.0000000000
11373  -46.769  -58.836  45.347 0.0000000000
11374  -47.447  -58.687  45.911 0.0000000000
129731  -51.133  -57.443  38.920 0.0000000000
12098  -50.787  -57.331  38.324 0.0000000000
12111  -51.402  -57.389  37.183 0.0000000000
12110  -50.258  -57.137  37.569 0.0000000000
12670  -45.977  -56.112  45.066 0.0000000000
12681  -45.479  -55.182  44.657 0.0000000000
12693  -44.190  -56.084  42.432 0.0000000000
12713  -44.615  -56.672  41.585 0.0000000000
12712  -43.733  -56.491  41.324 0.0000000000
135355  -49.064  -60.924  51.308 0.0000000000
10062  -48.769  -60.256  50.719 0.0000000000
10683  -48.895  -59.407  50.148 0.0000000000
125593  -47.876  -59.719  49.889 0.0000000000
11975  -42.051  -57.914  48.624 0.0000000000
11332  -42.841  -58.411  48.037 0.0000000000
11986  -41.600  -57.438  47.897 0.0000000000
12626  -41.171  -57.321  48.739 0.0000000000
13912  -45.181  -54.138  53.285 0.0000000000
13913  -45.832  -54.818  53.505 0.0000000000
13234  -44.995  -55.105  53.343 0.0000000000
13259  -44.134  -55.332  53.079 0.0000000000
120058  -43.946  -56.119  52.983 0.0000000000
13931  -43.539  -54.619  52.782 0.0000000000
126082  -41.067  -50.773  48.644 0.0000000000
124728  -40.668  -51.342  48.855 0.0000000000
16660  -39.457  -50.733  48.407 0.0000000000
17457  -39.858  -49.891  48.234 0.0000000000
12683  -52.082  -55.988  44.785 0.0000000000
12027  -52.350  -56.387  44.439 0.0000000000
12037  -53.078  -56.607  43.864 0.0000000000
13492  -45.294  -55.859  33.934 0.0000000000
12838  -47.103  -56.201  33.334 0.0000000000
12853  -46.582  -56.715  32.592 0.0000000000
129820  -42.515  -54.331  44.636 0.0000000000
14029  -43.125  -53.404  44.325 0.0000000000
14028  -42.269  -53.381  44.494 0.0000000000
14704  -41.290  -52.586  43.793 0.0000000000
14705  -42.122  -52.625  43.895 0.0000000000
14716  -41.536  -53.184  43.429 0.0000000000
14046  -41.745  -54.172  43.092 0.0000000000
14045  -40.864  -54.142  42.760 0.0000000000
11318  -43.016  -59.242  49.741 0.0000000000
11308  -42.878  -58.980  50.640 0.0000000000
15230  -45.067  -52.697  52.108 0.0000000000
15246  -44.557  -52.629  51.210 0.0000000000
15245  -43.874  -52.871  51.309 0.0000000000
16663  -42.633  -50.494  48.662 0.0000000000
10751  -46.196  -59.161  42.633 0.0000000000
12721  -53.425  -56.380  42.314 0.0000000000
12058  -53.230  -56.775  41.385 0.0000000000
117183  -53.701  -58.015  38.604 0.0000000000
12087  -54.013  -57.888  39.549 0.0000000000
10784  -53.886  -58.637  38.983 0.0000000000
10799  -53.700  -59.133  38.363 0.0000000000
10177  -53.231  -59.835  38.592 0.0000000000
11471  -52.295  -58.211  36.569 0.0000000000
11446  -52.463  -58.536  36.787 0.0000000000
11470  -51.754  -58.137  35.943 0.0000000000
11469  -51.176  -58.370  35.965 0.0000000000
12643  -49.568  -56.674  47.352 0.0000000000
12659  -49.424  -56.447  46.648 0.0000000000
13346  -50.615  -55.388  44.663 0.0000000000
114941  -49.567  -54.962  44.348 0.0000000000
14698  -44.722  -53.455  44.081 0.0000000000
14039  -45.295  -53.717  44.024 0.0000000000
13366  -46.658  -54.844  43.378 0.0000000000
13368  -48.504  -55.125  43.397 0.0000000000
13369  -49.562  -55.133  43.410 0.0000000000
12698  -48.953  -55.803  42.720 0.0000000000
12699  -50.089  -55.804  42.621 0.0000000000
12737  -46.349  -57.267  40.511 0.0000000000
12054  -47.975  -57.266  41.220 0.0000000000
12067  -47.601  -57.388  40.475 0.0000000000
12082  -47.730  -57.292  39.733 0.0000000000
12747  -46.317  -56.860  39.415 0.0000000000
11336  -47.410  -58.132  48.804 0.0000000000
11977  -48.067  -57.420  48.615 0.0000000000
12004  -46.517  -56.919  46.811 0.0000000000
113460  -45.831  -57.432  47.014 0.0000000000
10681  -45.719  -59.876  49.282 0.0000000000
10697  -45.972  -59.217  48.702 0.0000000000
10696  -45.002  -59.456  48.776 0.0000000000
11988  -43.176  -58.061  47.239 0.0000000000
11352  -44.682  -58.436  47.594 0.0000000000
12001  -43.464  -57.694  46.472 0.0000000000
12002  -44.279  -57.611  46.318 0.0000000000
12014  -42.894  -57.317  45.893 0.0000000000
12667  -43.249  -56.507  45.116 0.0000000000
121085  -42.262  -56.696  45.562 0.0000000000
13320  -40.198  -55.761  46.276 0.0000000000
12665  -40.814  -56.215  45.940 0.0000000000
13327  -39.969  -55.057  45.861 0.0000000000
14678  -40.037  -53.576  45.190 0.0000000000
14664  -39.295  -53.659  45.777 0.0000000000
11288  -43.931  -58.494  52.902 0.0000000000
12587  -42.655  -56.301  52.323 0.0000000000
11930  -42.815  -57.141  52.155 0.0000000000
12595  -42.233  -56.805  51.765 0.0000000000
12607  -41.818  -57.096  51.093 0.0000000000
14623  -42.246  -53.269  50.746 0.0000000000
13945  -42.278  -54.430  52.087 0.0000000000
14632  -40.426  -53.642  49.626 0.0000000000
14621  -40.706  -54.076  50.354 0.0000000000
13959  -40.140  -54.442  49.811 0.0000000000
13271  -40.601  -56.016  50.211 0.0000000000
132513  -39.764  -54.696  49.248 0.0000000000
13284  -39.716  -55.302  48.874 0.0000000000
13973  -39.364  -54.408  48.528 0.0000000000
15963  -38.539  -51.492  47.503 0.0000000000
15303  -38.581  -52.357  47.552 0.0000000000
15306  -38.468  -51.989  46.788 0.0000000000
113123  -38.543  -51.560  46.050 0.0000000000
12025  -49.283  -56.976  45.168 0.0000000000
12024  -48.213  -57.570  45.146 0.0000000000
11387  -50.679  -57.681  43.387 0.0000000000
11395  -48.909  -58.392  42.778 0.0000000000
10753  -48.506  -58.913  42.236 0.0000000000
10754  -49.324  -58.963  42.115 0.0000000000
11400  -54.053  -57.388  42.107 0.0000000000
11399  -53.341  -57.874  42.472 0.0000000000
11408  -52.690  -58.723  41.857 0.0000000000
135528  -50.329  -61.388  40.402 0.0000000000
10136  -50.246  -60.535  40.831 0.0000000000
12733  -42.871  -56.322  39.937 0.0000000000
134481  -41.967  -55.613  39.044 0.0000000000
13419  -44.582  -55.769  38.007 0.0000000000
115840  -46.030  -56.388  38.511 0.0000000000
12770  -45.827  -56.001  37.724 0.0000000000
13453  -46.082  -55.550  35.376 0.0000000000
13452  -45.015  -55.425  35.476 0.0000000000
13439  -46.514  -55.726  36.186 0.0000000000
12781  -47.133  -56.104  36.865 0.0000000000
12782  -48.116  -56.350  36.582 0.0000000000
12783  -49.108  -56.666  36.244 0.0000000000
12805  -48.598  -56.438  35.570 0.0000000000
12829  -49.131  -56.783  34.219 0.0000000000
12806  -49.303  -56.825  34.978 0.0000000000
12163  -49.450  -57.286  34.840 0.0000000000
14027  -40.897  -53.405  44.724 0.0000000000
124496  -42.116  -52.728  44.243 0.0000000000
15339  -40.826  -52.429  44.039 0.0000000000
14703  -40.127  -52.544  43.581 0.0000000000
15274  -44.733  -52.478  49.872 0.0000000000
15927  -45.187  -51.978  49.401 0.0000000000
135895  -46.839  -58.377  44.539 0.0000000000
12070  -50.907  -57.481  40.421 0.0000000000
12071  -52.346  -57.403  40.403 0.0000000000
126325  -51.585  -57.534  39.473 0.0000000000
12100  -53.099  -57.894  37.962 0.0000000000
12114  -53.441  -58.451  37.660 0.0000000000
117191  -52.431  -57.693  37.243 0.0000000000
130111  -51.299  -57.462  36.356 0.0000000000
12656  -47.239  -56.459  46.361 0.0000000000
12672  -47.934  -55.911  45.808 0.0000000000
13330  -47.509  -55.332  44.769 0.0000000000
124126  -47.255  -54.413  44.208 0.0000000000
13352  -44.452  -53.974  43.580 0.0000000000
13353  -45.244  -53.910  43.725 0.0000000000
13364  -44.803  -54.929  43.161 0.0000000000
12695  -46.066  -56.085  42.759 0.0000000000
12716  -47.487  -56.810  41.969 0.0000000000
12714  -45.492  -56.805  41.793 0.0000000000
132998  -45.762  -57.202  40.974 0.0000000000
12736  -45.086  -57.009  40.758 0.0000000000
10695  -43.469  -59.333  48.946 0.0000000000
11334  -44.202  -59.096  48.280 0.0000000000
11333  -43.339  -58.887  48.340 0.0000000000
128795  -42.200  -57.237  46.276 0.0000000000
11999  -41.890  -57.369  47.011 0.0000000000
12653  -40.609  -56.413  46.785 0.0000000000
13305  -39.865  -55.806  47.264 0.0000000000
12570  -45.511  -56.563  53.546 0.0000000000
11921  -44.894  -57.138  53.433 0.0000000000
11932  -44.084  -57.600  53.066 0.0000000000
12589  -44.101  -56.829  53.021 0.0000000000
13257  -42.250  -55.386  52.284 0.0000000000
15271  -41.710  -52.642  49.533 0.0000000000
15270  -40.804  -52.850  49.363 0.0000000000
15269  -39.965  -53.074  49.105 0.0000000000
120081  -39.351  -53.393  48.635 0.0000000000
15287  -39.406  -52.503  48.676 0.0000000000
16659  -38.860  -51.049  48.098 0.0000000000
16688  -38.587  -50.707  47.537 0.0000000000
12034  -49.366  -57.228  44.341 0.0000000000
12035  -50.478  -56.987  44.248 0.0000000000
11397  -51.056  -58.358  42.670 0.0000000000
10768  -52.075  -59.580  41.245 0.0000000000
13490  -43.214  -55.961  33.517 0.0000000000
13475  -43.594  -55.600  34.391 0.0000000000
13477  -45.679  -55.571  34.632 0.0000000000
13478  -46.667  -55.670  34.615 0.0000000000
13455  -47.944  -56.052  35.041 0.0000000000
12828  -48.330  -56.213  34.167 0.0000000000
12840  -49.045  -56.701  33.463 0.0000000000
12679  -43.908  -55.805  44.789 0.0000000000
121160  -44.981  -54.488  44.471 0.0000000000
13341  -44.179  -54.628  44.574 0.0000000000
14030  -43.987  -53.563  44.232 0.0000000000
14697  -44.477  -53.362  44.010 0.0000000000
15341  -42.330  -52.636  44.053 0.0000000000
14706  -42.740  -52.781  44.002 0.0000000000
14037  -44.141  -53.284  43.972 0.0000000000
14048  -43.575  -54.072  43.432 0.0000000000
13362  -42.901  -55.178  42.846 0.0000000000
135801  -41.651  -55.461  41.850 0.0000000000
10061  -47.448  -60.255  50.204 0.0000000000
10680  -44.819  -60.030  49.463 0.0000000000
123962  -44.780  -60.487  50.384 0.0000000000
10679  -43.838  -59.878  49.708 0.0000000000
11965  -42.122  -58.129  49.542 0.0000000000
14595  -44.624  -53.461  52.767 0.0000000000
14594  -43.809  -53.749  52.562 0.0000000000
14611  -43.436  -53.364  51.844 0.0000000000
14624  -43.211  -52.970  50.998 0.0000000000
15256  -43.162  -52.760  50.098 0.0000000000
15273  -44.010  -52.534  49.879 0.0000000000
15925  -43.469  -52.283  49.592 0.0000000000
15272  -42.612  -52.450  49.635 0.0000000000
15924  -42.041  -51.897  49.262 0.0000000000
16662  -41.779  -50.564  48.670 0.0000000000
17458  -41.040  -50.007  48.296 0.0000000000
12701  -52.687  -55.768  42.993 0.0000000000
13373  -53.298  -56.035  43.778 0.0000000000
12702  -53.385  -56.140  43.128 0.0000000000
12060  -54.226  -57.104  41.777 0.0000000000
11410  -54.209  -57.694  41.190 0.0000000000
10770  -53.883  -58.575  40.687 0.0000000000
10156  -53.033  -60.333  39.308 0.0000000000
11447  -53.167  -58.639  37.201 0.0000000000
10821  -52.138  -59.257  37.481 0.0000000000
10796  -50.248  -59.803  38.389 0.0000000000
10819  -49.528  -59.105  37.950 0.0000000000
12005  -49.117  -57.680  47.124 0.0000000000
12018  -48.325  -57.772  46.061 0.0000000000
123815  -49.382  -57.122  46.467 0.0000000000
12020  -49.513  -56.499  46.301 0.0000000000
12673  -49.802  -56.284  45.738 0.0000000000
12674  -49.614  -56.153  45.837 0.0000000000
12682  -50.332  -55.903  45.296 0.0000000000
118379  -51.178  -55.892  45.014 0.0000000000
13347  -51.592  -55.632  44.599 0.0000000000
136883  -51.778  -55.441  44.260 0.0000000000
13342  -45.660  -54.037  44.204 0.0000000000
13354  -46.130  -54.080  43.836 0.0000000000
13355  -47.071  -54.303  43.875 0.0000000000
13357  -49.030  -54.796  43.861 0.0000000000
13371  -51.904  -55.413  43.746 0.0000000000
12700  -51.463  -55.649  42.820 0.0000000000
12719  -50.888  -56.466  41.935 0.0000000000
12056  -50.269  -57.254  41.208 0.0000000000
12717  -48.422  -56.697  42.022 0.0000000000
12055  -49.058  -57.264  41.224 0.0000000000
12069  -49.768  -57.489  40.394 0.0000000000
12084  -49.331  -57.401  39.521 0.0000000000
12096  -48.811  -57.121  38.758 0.0000000000
119491  -49.819  -57.104  47.696 0.0000000000
12629  -49.854  -56.903  48.027 0.0000000000
12642  -49.225  -56.567  47.684 0.0000000000
120937  -49.257  -57.332  48.883 0.0000000000
12627  -48.727  -56.825  48.277 0.0000000000
12641  -48.304  -56.634  47.668 0.0000000000
12640  -47.429  -56.727  47.260 0.0000000000
12655  -46.307  -56.635  45.955 0.0000000000
12017  -45.476  -56.831  45.764 0.0000000000
10682  -46.782  -59.572  49.411 0.0000000000
10698  -46.825  -58.833  48.902 0.0000000000
126363  -46.367  -58.407  48.361 0.0000000000
11353  -45.854  -57.992  47.659 0.0000000000
12003  -45.111  -57.437  46.425 0.0000000000
12016  -44.643  -57.096  45.683 0.0000000000
12668  -44.195  -56.518  45.102 0.0000000000
13329  -42.535  -55.613  44.850 0.0000000000
13339  -41.756  -55.051  44.850 0.0000000000
13328  -40.811  -55.320  45.403 0.0000000000
14017  -41.358  -54.179  44.761 0.0000000000
14677  -39.655  -52.867  45.175 0.0000000000
11931  -43.457  -57.443  52.574 0.0000000000
11295  -43.074  -58.659  51.513 0.0000000000
11294  -42.543  -58.267  51.008 0.0000000000
11954  -42.016  -57.813  50.468 0.0000000000
13930  -42.821  -54.780  52.525 0.0000000000
13268  -41.684  -55.624  51.790 0.0000000000
14622  -41.410  -53.725  50.700 0.0000000000
13952  -41.108  -54.498  51.055 0.0000000000
13272  -41.135  -55.521  51.142 0.0000000000
12606  -41.290  -56.504  50.777 0.0000000000
134486  -41.116  -56.845  50.139 0.0000000000
12605  -40.764  -56.794  49.480 0.0000000000
133056  -40.509  -56.673  48.641 0.0000000000
13294  -39.920  -55.987  48.338 0.0000000000
13319  -39.393  -55.053  47.173 0.0000000000
14645  -38.852  -53.676  48.000 0.0000000000
14659  -38.745  -53.700  47.172 0.0000000000
13984  -39.177  -54.397  46.559 0.0000000000
14663  -38.834  -53.388  46.375 0.0000000000
15987  -38.877  -51.815  45.507 0.0000000000
122723  -47.361  -58.083  44.453 0.0000000000
11384  -47.489  -58.198  43.707 0.0000000000
11385  -48.506  -57.920  43.549 0.0000000000
10752  -47.018  -59.073  42.308 0.0000000000
12042  -52.904  -57.450  43.303 0.0000000000
11398  -52.252  -58.220  42.633 0.0000000000
10755  -50.357  -59.002  42.006 0.0000000000
10767  -50.880  -59.707  41.320 0.0000000000
15352  -38.172  -52.005  43.042 0.0000000000
14044  -40.047  -53.962  42.331 0.0000000000
14057  -40.457  -54.724  41.886 0.0000000000
13379  -40.993  -55.360  41.297 0.0000000000
12711  -42.735  -56.292  40.993 0.0000000000
12734  -43.445  -56.500  40.427 0.0000000000
12744  -43.680  -56.444  39.710 0.0000000000
12745  -44.466  -56.505  39.483 0.0000000000
12757  -43.963  -56.239  39.070 0.0000000000
12746  -45.318  -56.532  39.199 0.0000000000
12760  -46.744  -56.579  38.651 0.0000000000
12762  -48.299  -56.713  38.132 0.0000000000
13451  -43.902  -55.297  35.303 0.0000000000
114683  -44.301  -55.302  35.995 0.0000000000
13429  -45.488  -55.656  36.980 0.0000000000
13430  -46.279  -55.849  37.046 0.0000000000
12772  -47.723  -56.413  37.523 0.0000000000
12763  -49.239  -56.929  37.848 0.0000000000
12774  -49.821  -56.912  36.784 0.0000000000
12775  -50.688  -57.288  36.135 0.0000000000
12807  -49.897  -57.229  35.397 0.0000000000
12150  -51.119  -57.902  35.486 0.0000000000
11468  -50.324  -58.381  35.969 0.0000000000
10155  -52.559  -61.031  39.324 0.0000000000
10765  -48.677  -59.482  41.663 0.0000000000
10769  -53.087  -59.229  41.076 0.0000000000
10822  -53.004  -59.151  37.337 0.0000000000
11354  -49.730  -58.069  47.944 0.0000000000
11413  -54.149  -58.107  39.667 0.0000000000
11418  -53.857  -58.240  38.735 0.0000000000
11428  -53.697  -58.436  38.099 0.0000000000
11445  -51.568  -58.640  36.753 0.0000000000
11498  -51.071  -58.073  35.468 0.0000000000
11938  -42.366  -57.552  51.410 0.0000000000
11978  -49.890  -57.376  48.602 0.0000000000
11989  -44.112  -58.038  47.005 0.0000000000
11991  -46.686  -57.272  47.517 0.0000000000
12036  -51.566  -56.988  44.094 0.0000000000
12038  -53.487  -56.504  43.246 0.0000000000
12044  -54.021  -56.938  42.520 0.0000000000
12053  -47.122  -57.328  41.006 0.0000000000
12066  -47.019  -57.312  40.008 0.0000000000
12083  -48.479  -57.337  39.597 0.0000000000
12101  -53.560  -58.192  38.006 0.0000000000
12112  -52.041  -57.808  36.431 0.0000000000
12594  -41.657  -56.295  51.477 0.0000000000
12639  -41.141  -56.982  47.300 0.0000000000
12678  -43.425  -55.455  44.746 0.0000000000
12680  -44.618  -55.533  44.746 0.0000000000
12684  -52.829  -56.081  44.448 0.0000000000
12691  -53.213  -56.143  44.042 0.0000000000
12696  -47.044  -56.000  42.778 0.0000000000
12718  -49.855  -56.726  41.809 0.0000000000
12722  -53.893  -56.689  42.445 0.0000000000
12749  -47.980  -56.952  38.952 0.0000000000
12758  -44.590  -56.200  38.725 0.0000000000
12761  -47.439  -56.602  38.380 0.0000000000
12785  -50.644  -57.505  35.643 0.0000000000
13344  -48.024  -54.862  44.364 0.0000000000
13348  -52.413  -55.737  44.377 0.0000000000
13359  -51.147  -55.170  44.157 0.0000000000
13361  -42.044  -55.043  42.606 0.0000000000
13367  -47.561  -55.001  43.408 0.0000000000
13372  -52.938  -55.733  43.782 0.0000000000
13380  -42.354  -55.747  41.957 0.0000000000
13407  -42.348  -55.856  39.383 0.0000000000
13420  -45.169  -55.786  37.654 0.0000000000
13438  -44.866  -55.460  36.415 0.0000000000
13440  -47.538  -56.035  35.931 0.0000000000
13944  -41.592  -54.888  51.759 0.0000000000
13985  -39.076  -54.455  47.570 0.0000000000
14015  -39.662  -54.385  45.777 0.0000000000
14036  -43.262  -53.191  43.815 0.0000000000
14047  -42.662  -54.108  43.279 0.0000000000
14610  -42.616  -53.640  51.625 0.0000000000
14695  -41.433  -52.671  44.293 0.0000000000
14696  -42.703  -52.863  44.157 0.0000000000
15320  -38.689  -52.455  46.088 0.0000000000
15923  -41.152  -52.019  49.176 0.0000000000
15938  -38.801  -51.887  48.135 0.0000000000
15939  -39.305  -51.651  48.519 0.0000000000
15941  -42.305  -51.159  48.983 0.0000000000
15969  -38.393  -50.974  46.743 0.0000000000
121298  -46.579  -58.475  43.995 0.0000000000
121349  -44.629  -57.755  46.728 0.0000000000
122192  -41.853  -55.740  41.076 0.0000000000
124352  -40.071  -55.264  49.690 0.0000000000
125959  -45.648  -55.546  36.169 0.0000000000
126118  -40.935  -57.062  48.074 0.0000000000
126481  -44.953  -56.800  39.964 0.0000000000
128200  -47.834  -59.231  41.967 0.0000000000
129846  -49.226  -61.343  51.230 0.0000000000
132946  -48.959  -57.481  40.261 0.0000000000
132985  -43.685  -57.902  52.726 0.0000000000
133319  -38.660  -53.097  47.588 0.0000000000
133576  -52.420  -57.030  43.911 0.0000000000
134074  -39.579  -54.806  46.182 0.0000000000
134099  -41.972  -54.264  44.673 0.0000000000
134578  -39.043  -52.169  48.418 0.0000000000
134738  -41.757  -53.321  50.304 0.0000000000
