#!ascii label  , from subject sub-v1s9x0051351_ses-1 vox2ras=TkReg
1255
121766  46.415  -22.649  76.416 0.0000000000
41003  35.416  -32.742  85.585 0.0000000000
35983  26.942  -38.131  82.771 0.0000000000
32344  20.151  -41.352  85.726 0.0000000000
42801  31.495  -30.666  90.450 0.0000000000
41088  29.364  -32.611  80.881 0.0000000000
41157  45.687  -33.022  77.564 0.0000000000
58251  51.197  -14.884  72.911 0.0000000000
42913  40.884  -31.698  79.200 0.0000000000
44993  33.416  -28.399  77.571 0.0000000000
38089  36.291  -36.413  76.909 0.0000000000
35922  28.153  -37.397  88.723 0.0000000000
35131  22.934  -38.611  85.246 0.0000000000
33237  25.891  -40.404  88.042 0.0000000000
40978  27.699  -33.023  87.952 0.0000000000
45035  42.612  -28.944  75.283 0.0000000000
47062  37.377  -26.450  88.366 0.0000000000
117041  35.727  -26.724  84.915 0.0000000000
47140  35.154  -26.598  80.695 0.0000000000
42886  32.724  -30.267  81.258 0.0000000000
41140  32.566  -32.127  77.234 0.0000000000
39124  36.103  -35.780  80.870 0.0000000000
40142  24.472  -33.929  78.136 0.0000000000
42042  27.974  -31.752  77.023 0.0000000000
55712  47.780  -17.503  75.599 0.0000000000
55722  51.124  -17.502  74.086 0.0000000000
38047  23.570  -36.268  80.036 0.0000000000
36906  19.977  -36.839  82.241 0.0000000000
40962  35.022  -32.960  88.511 0.0000000000
39083  33.695  -35.376  83.638 0.0000000000
41950  30.794  -31.706  85.982 0.0000000000
117412  25.518  -33.398  83.064 0.0000000000
46134  46.605  -27.736  77.146 0.0000000000
30353  23.220  -43.676  89.458 0.0000000000
30358  17.313  -43.947  88.305 0.0000000000
55689  45.067  -18.042  77.367 0.0000000000
50319  46.242  -23.402  79.318 0.0000000000
44987  45.397  -28.756  77.886 0.0000000000
42038  42.521  -32.612  79.223 0.0000000000
42984  39.932  -30.169  75.344 0.0000000000
46060  40.613  -28.160  81.842 0.0000000000
43871  37.084  -29.029  78.096 0.0000000000
119280  35.697  -28.494  74.161 0.0000000000
43978  32.358  -29.414  73.945 0.0000000000
125028  32.558  -34.655  79.366 0.0000000000
36811  28.551  -37.179  91.016 0.0000000000
34201  28.068  -39.465  87.825 0.0000000000
35064  28.016  -38.888  90.297 0.0000000000
38990  28.409  -34.993  91.002 0.0000000000
43778  36.672  -29.290  87.309 0.0000000000
43789  34.912  -29.024  85.515 0.0000000000
43814  33.823  -28.878  83.478 0.0000000000
41969  33.691  -31.422  83.618 0.0000000000
41085  33.547  -33.156  81.163 0.0000000000
40051  34.492  -33.659  83.231 0.0000000000
38082  23.834  -36.913  77.188 0.0000000000
133414  24.230  -33.347  76.289 0.0000000000
52317  46.569  -20.878  75.559 0.0000000000
52327  47.653  -20.693  74.287 0.0000000000
132243  46.510  -22.257  74.249 0.0000000000
129215  25.313  -37.330  81.049 0.0000000000
36912  22.388  -35.868  81.549 0.0000000000
36896  23.121  -36.627  83.030 0.0000000000
34243  21.642  -39.817  85.268 0.0000000000
34258  20.078  -39.222  84.132 0.0000000000
33272  19.255  -40.273  84.785 0.0000000000
32347  17.400  -41.320  85.788 0.0000000000
121145  34.538  -29.401  90.402 0.0000000000
133342  33.367  -31.143  89.110 0.0000000000
40989  32.876  -32.324  86.485 0.0000000000
41920  31.064  -31.191  87.434 0.0000000000
126054  26.396  -35.605  85.729 0.0000000000
40021  27.063  -32.865  85.577 0.0000000000
115693  25.699  -35.355  83.180 0.0000000000
123050  25.564  -35.899  80.779 0.0000000000
42943  46.214  -30.504  77.027 0.0000000000
43932  46.391  -29.082  76.007 0.0000000000
42072  47.374  -32.010  76.069 0.0000000000
29392  16.751  -44.839  89.294 0.0000000000
47160  45.834  -26.592  79.063 0.0000000000
47170  44.876  -26.779  77.480 0.0000000000
43913  41.645  -30.270  77.211 0.0000000000
42945  42.598  -31.122  77.925 0.0000000000
42039  41.183  -31.489  78.599 0.0000000000
42075  40.740  -31.258  77.228 0.0000000000
42948  39.774  -30.529  77.249 0.0000000000
46087  34.096  -27.543  78.974 0.0000000000
46084  36.591  -27.496  79.489 0.0000000000
44991  35.271  -28.251  77.503 0.0000000000
45010  36.423  -28.816  76.197 0.0000000000
45042  34.658  -28.507  75.383 0.0000000000
45090  34.009  -28.559  73.800 0.0000000000
45044  32.884  -28.911  75.327 0.0000000000
41176  32.540  -32.378  75.612 0.0000000000
40068  31.519  -33.655  82.171 0.0000000000
39113  33.289  -35.304  81.432 0.0000000000
130555  30.698  -33.411  79.838 0.0000000000
40154  29.890  -33.113  75.852 0.0000000000
59421  54.314  -13.492  70.440 0.0000000000
59408  53.160  -13.911  72.353 0.0000000000
36870  27.221  -37.606  85.592 0.0000000000
136655  25.497  -38.124  83.931 0.0000000000
34240  26.592  -39.045  85.800 0.0000000000
34223  24.918  -39.316  86.694 0.0000000000
33239  22.918  -41.005  87.158 0.0000000000
42793  30.381  -30.606  92.350 0.0000000000
41889  29.763  -31.475  89.610 0.0000000000
132000  28.359  -33.161  90.130 0.0000000000
39019  27.397  -34.688  88.608 0.0000000000
46137  43.471  -27.306  74.902 0.0000000000
44970  40.502  -29.495  78.429 0.0000000000
47119  34.879  -26.760  82.509 0.0000000000
44934  33.427  -28.434  81.496 0.0000000000
43859  32.607  -29.455  79.420 0.0000000000
119327  32.400  -30.237  78.011 0.0000000000
42013  32.522  -31.229  79.325 0.0000000000
40107  33.578  -33.387  79.429 0.0000000000
39145  36.485  -36.151  78.814 0.0000000000
41103  26.912  -32.242  79.771 0.0000000000
117759  28.924  -32.428  79.077 0.0000000000
41145  25.434  -32.182  77.715 0.0000000000
58223  49.083  -15.976  75.204 0.0000000000
56982  51.084  -15.424  74.538 0.0000000000
55710  49.673  -17.435  75.011 0.0000000000
35988  21.604  -37.585  83.470 0.0000000000
43757  36.180  -29.990  88.896 0.0000000000
137946  36.733  -33.902  87.040 0.0000000000
39064  35.665  -35.493  85.000 0.0000000000
39044  34.600  -34.961  86.105 0.0000000000
41022  32.086  -32.975  84.822 0.0000000000
41042  29.740  -32.474  83.408 0.0000000000
41937  29.371  -31.854  87.009 0.0000000000
41026  28.538  -32.373  84.564 0.0000000000
41059  27.612  -32.446  82.271 0.0000000000
39129  24.858  -33.570  80.665 0.0000000000
36929  24.939  -36.774  78.933 0.0000000000
134577  46.500  -25.593  77.247 0.0000000000
49314  45.829  -24.202  74.661 0.0000000000
121281  45.635  -26.943  75.515 0.0000000000
32299  24.936  -41.794  89.150 0.0000000000
31362  21.432  -42.887  87.366 0.0000000000
30355  20.837  -44.304  88.308 0.0000000000
31377  19.327  -42.426  86.741 0.0000000000
117304  47.524  -16.739  75.204 0.0000000000
55699  46.356  -17.720  76.373 0.0000000000
52299  46.566  -20.792  78.116 0.0000000000
50327  46.458  -22.933  78.836 0.0000000000
48258  47.150  -25.936  78.869 0.0000000000
44985  46.505  -28.553  78.258 0.0000000000
123678  45.355  -31.061  77.806 0.0000000000
45006  44.486  -29.106  76.912 0.0000000000
127385  44.392  -31.718  78.629 0.0000000000
41115  44.836  -33.585  80.087 0.0000000000
41174  42.513  -32.518  76.757 0.0000000000
42982  41.289  -30.850  74.486 0.0000000000
41991  41.012  -31.794  82.100 0.0000000000
47138  38.621  -26.657  81.113 0.0000000000
44958  38.534  -29.081  80.367 0.0000000000
43869  38.638  -30.116  79.022 0.0000000000
43917  38.048  -29.626  76.678 0.0000000000
43956  38.249  -29.297  74.838 0.0000000000
42950  31.892  -30.283  76.046 0.0000000000
38026  35.247  -35.839  82.752 0.0000000000
38044  35.617  -36.438  80.478 0.0000000000
38067  35.019  -36.685  78.277 0.0000000000
40110  30.106  -33.015  78.192 0.0000000000
39158  31.681  -34.281  77.265 0.0000000000
35901  28.260  -37.555  91.074 0.0000000000
35902  27.662  -37.352  91.502 0.0000000000
123345  35.583  -31.136  86.182 0.0000000000
43788  35.714  -29.242  86.407 0.0000000000
42850  34.735  -30.750  85.334 0.0000000000
42860  34.203  -30.485  84.623 0.0000000000
41968  34.327  -32.320  84.149 0.0000000000
41039  33.885  -32.529  83.228 0.0000000000
41038  34.528  -33.168  83.851 0.0000000000
51343  46.449  -21.822  75.840 0.0000000000
51352  46.587  -21.691  74.764 0.0000000000
124292  46.288  -22.581  75.129 0.0000000000
35993  26.195  -37.878  81.841 0.0000000000
36902  24.690  -37.041  81.919 0.0000000000
117527  25.854  -38.019  82.352 0.0000000000
118519  20.516  -40.740  85.344 0.0000000000
33271  20.088  -40.257  84.833 0.0000000000
33260  19.690  -40.789  85.277 0.0000000000
33262  17.888  -40.772  85.289 0.0000000000
32345  19.273  -41.320  85.765 0.0000000000
115548  31.919  -30.004  91.839 0.0000000000
42800  32.310  -30.196  91.232 0.0000000000
132534  33.085  -30.433  90.630 0.0000000000
42809  32.188  -30.574  90.007 0.0000000000
42829  32.663  -30.978  88.544 0.0000000000
42810  31.326  -30.878  89.432 0.0000000000
118060  26.651  -36.729  84.071 0.0000000000
38004  25.944  -35.486  84.142 0.0000000000
36893  26.747  -37.482  82.568 0.0000000000
132833  26.503  -37.324  82.010 0.0000000000
42053  45.725  -32.299  77.599 0.0000000000
42052  46.324  -31.579  76.647 0.0000000000
41156  46.566  -32.562  76.513 0.0000000000
49279  44.491  -24.786  76.870 0.0000000000
48260  44.947  -25.249  77.690 0.0000000000
48269  44.485  -25.782  76.814 0.0000000000
43890  41.007  -30.489  78.360 0.0000000000
43889  41.287  -30.715  78.359 0.0000000000
42931  40.559  -31.194  78.210 0.0000000000
42932  39.984  -31.070  78.570 0.0000000000
44976  33.296  -28.202  78.637 0.0000000000
44975  34.715  -27.836  78.175 0.0000000000
44992  34.269  -28.148  77.500 0.0000000000
45011  34.737  -28.391  76.805 0.0000000000
45012  33.330  -28.625  76.647 0.0000000000
131616  33.333  -28.692  75.936 0.0000000000
45013  32.825  -28.915  77.113 0.0000000000
41087  30.030  -32.870  81.188 0.0000000000
40083  31.398  -33.783  81.234 0.0000000000
41100  29.913  -32.906  80.305 0.0000000000
60570  53.090  -13.715  72.100 0.0000000000
59399  51.965  -14.088  73.418 0.0000000000
36841  27.649  -37.233  87.715 0.0000000000
35127  27.169  -38.718  85.642 0.0000000000
35107  27.618  -38.805  86.523 0.0000000000
33235  27.605  -40.064  88.371 0.0000000000
34202  26.460  -39.842  87.356 0.0000000000
34203  25.378  -39.825  87.343 0.0000000000
33249  23.351  -40.234  86.856 0.0000000000
33238  24.844  -40.491  87.850 0.0000000000
41861  29.502  -31.029  92.720 0.0000000000
40920  29.047  -31.893  91.171 0.0000000000
40921  28.660  -32.668  91.848 0.0000000000
37932  28.267  -35.740  90.230 0.0000000000
39006  27.758  -35.144  89.402 0.0000000000
114828  27.695  -36.666  88.501 0.0000000000
36842  27.006  -36.463  87.125 0.0000000000
47096  36.480  -26.148  85.548 0.0000000000
47103  36.906  -25.175  85.582 0.0000000000
47111  36.098  -25.647  84.087 0.0000000000
122521  36.023  -25.589  83.381 0.0000000000
47112  35.420  -26.367  83.277 0.0000000000
43826  33.356  -29.247  82.405 0.0000000000
44924  33.837  -28.285  82.495 0.0000000000
43837  32.980  -29.366  81.404 0.0000000000
43848  32.993  -28.797  80.749 0.0000000000
43849  32.676  -29.581  80.427 0.0000000000
132893  32.566  -30.121  79.793 0.0000000000
42003  32.555  -31.323  80.119 0.0000000000
40094  34.465  -34.106  81.106 0.0000000000
121098  33.649  -33.373  80.399 0.0000000000
40106  34.501  -34.231  80.149 0.0000000000
39146  35.890  -35.413  79.010 0.0000000000
39136  36.409  -35.907  79.860 0.0000000000
41105  25.159  -32.890  79.495 0.0000000000
116862  26.339  -32.218  78.952 0.0000000000
132705  25.255  -32.547  78.319 0.0000000000
55697  48.045  -16.805  75.539 0.0000000000
56969  49.057  -16.345  75.285 0.0000000000
55711  48.640  -17.439  75.347 0.0000000000
120706  49.315  -19.947  74.619 0.0000000000
38059  23.723  -36.634  79.178 0.0000000000
38048  22.919  -35.803  79.618 0.0000000000
35143  23.381  -37.890  84.764 0.0000000000
35973  23.652  -37.291  84.154 0.0000000000
35144  22.408  -38.355  84.608 0.0000000000
34259  19.337  -39.108  83.840 0.0000000000
35154  19.442  -38.483  83.387 0.0000000000
42817  35.031  -31.189  89.515 0.0000000000
42806  35.205  -29.895  89.612 0.0000000000
41901  35.750  -31.851  88.740 0.0000000000
41917  36.338  -31.825  88.102 0.0000000000
40975  36.274  -33.418  88.024 0.0000000000
39033  35.789  -35.020  86.918 0.0000000000
39995  34.576  -33.788  87.396 0.0000000000
41949  31.940  -31.895  85.982 0.0000000000
41005  32.600  -32.527  85.818 0.0000000000
138323  31.525  -32.489  84.858 0.0000000000
41041  30.735  -32.654  83.709 0.0000000000
41025  29.994  -32.284  84.251 0.0000000000
41906  28.871  -31.984  88.432 0.0000000000
41922  29.486  -31.658  87.832 0.0000000000
40977  28.105  -32.530  87.435 0.0000000000
40038  25.903  -33.268  84.016 0.0000000000
41010  27.183  -32.702  84.749 0.0000000000
41044  26.670  -32.717  83.611 0.0000000000
41043  27.634  -32.485  83.114 0.0000000000
41060  26.696  -32.611  82.893 0.0000000000
41079  26.249  -32.522  81.501 0.0000000000
40070  25.173  -33.396  82.265 0.0000000000
36920  25.013  -37.204  79.822 0.0000000000
38057  25.241  -36.263  79.452 0.0000000000
36930  24.792  -37.043  79.141 0.0000000000
47168  46.704  -26.927  77.504 0.0000000000
125244  45.696  -26.208  75.539 0.0000000000
47184  46.120  -26.930  76.382 0.0000000000
45056  45.311  -28.529  74.095 0.0000000000
31357  23.611  -42.863  89.045 0.0000000000
31360  23.081  -42.309  88.155 0.0000000000
31358  22.759  -43.169  88.494 0.0000000000
122362  17.947  -44.566  88.768 0.0000000000
122205  19.001  -44.022  88.100 0.0000000000
30370  19.394  -43.584  87.695 0.0000000000
30371  18.510  -43.489  87.722 0.0000000000
31379  17.425  -42.414  86.794 0.0000000000
31367  17.019  -42.939  87.334 0.0000000000
56984  48.246  -16.671  74.019 0.0000000000
56955  46.432  -17.376  76.084 0.0000000000
55688  45.528  -17.888  76.821 0.0000000000
113946  46.087  -19.108  76.983 0.0000000000
119342  45.942  -18.986  77.999 0.0000000000
51306  46.059  -22.258  79.541 0.0000000000
51314  46.264  -22.099  79.383 0.0000000000
124784  46.517  -24.025  79.317 0.0000000000
135266  47.128  -25.102  79.058 0.0000000000
48250  46.989  -25.462  79.376 0.0000000000
46107  45.845  -27.960  78.618 0.0000000000
46095  46.526  -27.141  78.976 0.0000000000
44986  46.077  -28.485  78.546 0.0000000000
43886  46.396  -29.259  78.090 0.0000000000
43887  45.856  -29.467  78.194 0.0000000000
125827  43.568  -28.032  75.315 0.0000000000
46136  44.036  -27.444  75.686 0.0000000000
45034  43.365  -28.784  75.496 0.0000000000
42929  43.027  -31.855  78.754 0.0000000000
133631  43.583  -31.091  77.863 0.0000000000
42037  43.795  -32.677  79.501 0.0000000000
130587  44.774  -32.586  79.680 0.0000000000
41117  43.432  -33.336  79.575 0.0000000000
40137  43.711  -33.786  79.058 0.0000000000
41159  42.052  -32.586  78.324 0.0000000000
42965  40.576  -30.739  76.147 0.0000000000
42964  41.157  -31.051  75.598 0.0000000000
42983  40.670  -30.511  74.981 0.0000000000
43955  39.591  -29.762  74.426 0.0000000000
44932  40.804  -29.354  82.197 0.0000000000
47129  36.775  -25.912  81.183 0.0000000000
47128  37.936  -25.798  81.254 0.0000000000
119252  37.153  -26.611  80.537 0.0000000000
44973  36.626  -28.352  78.430 0.0000000000
46083  37.352  -27.808  79.759 0.0000000000
44972  37.392  -28.788  78.807 0.0000000000
43857  38.838  -30.049  80.157 0.0000000000
43870  37.799  -29.443  78.522 0.0000000000
43891  38.576  -29.909  77.477 0.0000000000
43892  37.705  -29.581  77.357 0.0000000000
45040  36.301  -28.671  75.367 0.0000000000
45039  36.969  -28.861  75.093 0.0000000000
45061  36.542  -28.620  74.470 0.0000000000
43957  38.074  -29.028  73.987 0.0000000000
45087  36.312  -28.501  73.552 0.0000000000
45088  35.432  -28.486  73.407 0.0000000000
45091  33.118  -28.829  73.893 0.0000000000
120683  34.194  -28.557  72.921 0.0000000000
42041  32.308  -31.120  77.476 0.0000000000
42934  32.244  -30.210  77.048 0.0000000000
115562  32.244  -31.536  76.724 0.0000000000
42076  31.691  -31.407  74.875 0.0000000000
38003  34.750  -35.802  84.638 0.0000000000
38001  35.291  -35.707  84.100 0.0000000000
38027  34.571  -35.787  83.072 0.0000000000
39139  33.006  -35.006  80.024 0.0000000000
39112  33.631  -35.483  80.743 0.0000000000
39138  33.971  -35.687  79.973 0.0000000000
135351  35.279  -36.565  79.156 0.0000000000
38068  33.768  -35.574  78.381 0.0000000000
41144  27.606  -31.949  77.869 0.0000000000
41120  29.261  -32.547  78.280 0.0000000000
41142  29.631  -32.735  77.469 0.0000000000
40153  30.493  -33.462  76.368 0.0000000000
116471  33.442  -35.525  76.923 0.0000000000
56967  50.809  -16.382  74.680 0.0000000000
56998  51.860  -15.748  73.771 0.0000000000
50353  45.779  -23.989  73.571 0.0000000000
36828  28.419  -37.347  89.614 0.0000000000
35929  28.325  -38.258  88.049 0.0000000000
35914  28.557  -37.848  90.024 0.0000000000
34172  28.469  -39.274  89.136 0.0000000000
33221  27.712  -40.231  89.215 0.0000000000
37919  28.564  -36.054  91.155 0.0000000000
44872  37.406  -28.558  87.891 0.0000000000
47083  37.699  -26.382  87.629 0.0000000000
44883  36.441  -28.386  86.729 0.0000000000
44893  35.602  -28.489  86.072 0.0000000000
44905  34.708  -28.393  84.862 0.0000000000
131380  34.735  -27.547  83.856 0.0000000000
126121  34.258  -29.028  84.535 0.0000000000
42870  33.514  -30.448  83.444 0.0000000000
41992  33.001  -30.875  82.088 0.0000000000
41993  32.681  -31.349  81.084 0.0000000000
41054  33.485  -32.389  82.453 0.0000000000
40082  34.104  -33.599  81.832 0.0000000000
40081  34.827  -34.478  81.907 0.0000000000
39153  24.428  -34.955  77.419 0.0000000000
127761  24.382  -33.685  77.432 0.0000000000
39159  24.157  -34.968  76.608 0.0000000000
53376  46.725  -19.618  75.801 0.0000000000
54528  48.069  -18.559  75.214 0.0000000000
52328  46.977  -20.869  74.623 0.0000000000
36910  25.000  -37.261  80.476 0.0000000000
36911  23.366  -36.174  80.953 0.0000000000
116522  24.242  -36.682  81.250 0.0000000000
36904  22.468  -36.303  82.364 0.0000000000
36905  21.603  -36.607  82.548 0.0000000000
34242  22.483  -39.454  85.554 0.0000000000
35145  21.564  -38.703  84.395 0.0000000000
34247  21.213  -39.423  84.696 0.0000000000
34249  19.679  -39.722  84.392 0.0000000000
33263  16.951  -40.767  85.290 0.0000000000
42808  33.788  -30.543  90.432 0.0000000000
41903  34.112  -31.598  89.217 0.0000000000
40976  34.202  -32.841  87.974 0.0000000000
41918  33.522  -31.743  88.377 0.0000000000
123672  31.844  -31.232  87.275 0.0000000000
41936  31.452  -31.436  86.659 0.0000000000
39996  26.897  -33.702  87.210 0.0000000000
40008  26.968  -33.206  86.441 0.0000000000
39054  26.183  -34.452  85.814 0.0000000000
39069  25.673  -34.257  84.408 0.0000000000
118442  25.459  -34.185  83.576 0.0000000000
114693  25.262  -35.120  81.643 0.0000000000
38029  25.698  -35.734  82.136 0.0000000000
36909  26.006  -36.955  80.919 0.0000000000
43931  46.585  -29.092  77.172 0.0000000000
45031  46.513  -28.433  76.713 0.0000000000
127061  46.507  -29.870  76.577 0.0000000000
43952  46.528  -30.025  75.546 0.0000000000
29391  17.610  -44.998  89.295 0.0000000000
120108  17.022  -44.438  88.771 0.0000000000
30359  16.464  -43.931  88.326 0.0000000000
120092  16.186  -44.362  88.775 0.0000000000
49268  45.412  -24.057  78.488 0.0000000000
48251  46.041  -25.211  79.377 0.0000000000
120611  45.513  -25.761  78.645 0.0000000000
131405  45.374  -26.478  78.324 0.0000000000
46108  45.162  -27.782  77.744 0.0000000000
43934  42.145  -29.674  76.037 0.0000000000
43933  43.012  -29.629  75.959 0.0000000000
43912  42.411  -30.397  76.901 0.0000000000
42946  41.523  -30.969  78.445 0.0000000000
42930  41.943  -31.695  78.820 0.0000000000
42055  41.176  -31.749  78.173 0.0000000000
42040  40.744  -31.390  78.106 0.0000000000
42947  40.402  -30.950  77.333 0.0000000000
42966  40.024  -30.462  76.399 0.0000000000
122943  34.739  -26.935  80.236 0.0000000000
47146  36.301  -26.986  79.975 0.0000000000
46099  35.204  -27.527  78.850 0.0000000000
44974  35.745  -28.015  78.218 0.0000000000
44990  36.315  -28.573  77.590 0.0000000000
123455  36.527  -28.864  76.888 0.0000000000
117063  35.775  -28.526  76.709 0.0000000000
115907  35.112  -28.502  76.063 0.0000000000
45062  35.151  -28.504  74.729 0.0000000000
115721  34.889  -28.496  74.018 0.0000000000
45063  34.319  -28.524  74.644 0.0000000000
45064  33.460  -28.684  74.593 0.0000000000
45065  32.787  -29.011  74.533 0.0000000000
41118  33.071  -32.862  77.777 0.0000000000
41161  32.528  -32.232  76.395 0.0000000000
41160  33.168  -32.984  76.035 0.0000000000
41175  33.136  -33.090  75.251 0.0000000000
41186  33.001  -33.131  74.429 0.0000000000
40053  32.776  -34.524  83.323 0.0000000000
39098  33.305  -35.219  82.807 0.0000000000
39114  32.099  -34.303  81.674 0.0000000000
39127  31.974  -34.346  80.893 0.0000000000
40108  31.351  -33.866  79.580 0.0000000000
41178  28.669  -32.211  75.784 0.0000000000
41189  28.708  -32.237  74.944 0.0000000000
60589  53.933  -13.264  71.015 0.0000000000
60580  53.493  -13.636  71.523 0.0000000000
58269  53.588  -14.421  71.513 0.0000000000
35972  27.133  -38.245  83.624 0.0000000000
35984  26.105  -38.368  83.064 0.0000000000
35140  26.793  -38.551  84.074 0.0000000000
35129  26.266  -38.788  84.920 0.0000000000
120521  25.226  -38.518  85.514 0.0000000000
34220  27.658  -39.278  86.931 0.0000000000
35109  25.642  -38.893  86.012 0.0000000000
34241  23.440  -38.995  85.887 0.0000000000
34225  22.912  -39.825  86.197 0.0000000000
33258  22.094  -40.257  85.802 0.0000000000
33251  21.713  -41.002  86.077 0.0000000000
41879  30.869  -30.835  90.931 0.0000000000
41888  30.628  -31.067  89.992 0.0000000000
41880  29.882  -31.308  90.670 0.0000000000
40935  29.026  -31.908  90.182 0.0000000000
39985  27.817  -33.146  88.757 0.0000000000
118861  28.276  -33.823  90.480 0.0000000000
39980  27.664  -34.085  89.160 0.0000000000
39986  27.432  -33.746  88.372 0.0000000000
37981  26.635  -35.652  86.699 0.0000000000
36857  26.857  -36.623  86.148 0.0000000000
40148  44.708  -33.729  78.367 0.0000000000
40161  44.750  -33.505  76.784 0.0000000000
47186  44.063  -25.990  75.718 0.0000000000
45036  41.753  -28.983  75.341 0.0000000000
43935  41.351  -29.422  76.337 0.0000000000
43914  41.073  -29.899  77.463 0.0000000000
43868  41.137  -30.683  79.257 0.0000000000
48231  36.534  -25.482  82.109 0.0000000000
129061  35.052  -26.505  81.861 0.0000000000
44923  34.326  -27.966  83.253 0.0000000000
46063  34.504  -27.067  81.742 0.0000000000
46075  34.436  -27.040  80.913 0.0000000000
46076  34.022  -27.387  80.101 0.0000000000
135011  33.031  -28.373  79.251 0.0000000000
44977  32.767  -28.762  78.946 0.0000000000
43894  32.536  -29.467  77.547 0.0000000000
43872  32.572  -29.455  78.492 0.0000000000
42023  32.456  -31.114  78.475 0.0000000000
127081  32.644  -31.913  78.924 0.0000000000
41086  32.723  -32.060  80.459 0.0000000000
133791  32.944  -32.514  79.322 0.0000000000
41098  33.039  -32.713  78.651 0.0000000000
40125  33.785  -33.620  78.396 0.0000000000
40138  34.903  -34.670  78.017 0.0000000000
38077  36.537  -36.327  77.916 0.0000000000
136091  28.002  -32.342  80.282 0.0000000000
119285  28.683  -32.394  79.733 0.0000000000
41102  28.009  -32.264  79.359 0.0000000000
42024  26.740  -32.019  78.201 0.0000000000
116778  27.138  -31.733  77.259 0.0000000000
41164  24.497  -32.914  76.897 0.0000000000
42060  25.642  -31.827  77.023 0.0000000000
58232  49.827  -15.585  75.033 0.0000000000
58240  51.550  -14.748  73.962 0.0000000000
56983  50.311  -15.497  75.020 0.0000000000
56968  50.059  -16.248  75.162 0.0000000000
55709  50.556  -17.480  74.544 0.0000000000
54527  49.250  -18.776  74.873 0.0000000000
35985  24.848  -37.437  83.442 0.0000000000
35987  22.673  -37.257  83.677 0.0000000000
35995  21.195  -37.180  82.897 0.0000000000
35152  21.130  -38.311  83.828 0.0000000000
35989  20.714  -37.825  83.306 0.0000000000
44861  37.153  -28.911  88.350 0.0000000000
43766  37.071  -29.720  87.929 0.0000000000
41932  36.421  -31.763  87.435 0.0000000000
41002  35.993  -33.067  86.449 0.0000000000
40033  35.678  -34.752  84.906 0.0000000000
40018  36.368  -34.769  86.313 0.0000000000
37992  35.257  -35.596  85.645 0.0000000000
39053  34.370  -35.356  85.216 0.0000000000
40988  33.682  -33.038  87.014 0.0000000000
40019  33.542  -34.179  85.594 0.0000000000
39067  33.167  -34.578  84.116 0.0000000000
41040  31.660  -33.182  83.685 0.0000000000
41056  30.323  -32.753  82.820 0.0000000000
41077  29.214  -32.525  81.653 0.0000000000
41921  30.312  -31.298  88.080 0.0000000000
132174  30.146  -31.476  87.233 0.0000000000
41951  29.939  -31.861  85.837 0.0000000000
116730  27.772  -32.592  86.272 0.0000000000
41009  28.610  -32.291  85.851 0.0000000000
115515  29.335  -32.223  84.750 0.0000000000
114911  29.118  -32.346  83.988 0.0000000000
41058  28.509  -32.431  82.398 0.0000000000
114721  28.188  -32.429  81.652 0.0000000000
41090  27.037  -32.304  80.790 0.0000000000
40111  25.220  -32.859  80.219 0.0000000000
40112  24.786  -33.680  79.733 0.0000000000
39115  24.950  -34.537  81.008 0.0000000000
39141  24.967  -34.996  79.489 0.0000000000
38058  24.937  -35.765  78.694 0.0000000000
38069  24.608  -36.585  78.282 0.0000000000
49278  46.412  -24.194  77.224 0.0000000000
50340  46.037  -23.470  74.966 0.0000000000
48278  45.798  -25.180  75.430 0.0000000000
45032  45.670  -28.326  75.180 0.0000000000
126982  45.234  -27.783  74.276 0.0000000000
41170  47.444  -32.879  75.872 0.0000000000
36812  26.788  -37.223  91.365 0.0000000000
34161  27.416  -39.580  90.294 0.0000000000
33209  27.216  -40.600  89.684 0.0000000000
32284  25.971  -41.763  90.217 0.0000000000
33224  25.399  -41.091  88.607 0.0000000000
32314  23.444  -41.491  87.834 0.0000000000
32315  22.557  -41.817  87.417 0.0000000000
32324  20.582  -41.859  86.240 0.0000000000
29401  21.647  -44.206  88.500 0.0000000000
30368  21.124  -43.612  87.782 0.0000000000
31376  20.197  -42.452  86.697 0.0000000000
32325  19.741  -41.861  86.256 0.0000000000
32327  17.884  -41.825  86.328 0.0000000000
58252  50.233  -15.863  72.560 0.0000000000
117960  49.745  -15.733  74.234 0.0000000000
56970  48.330  -16.545  75.341 0.0000000000
56971  46.703  -17.115  75.507 0.0000000000
56954  47.509  -17.042  75.678 0.0000000000
55698  47.187  -17.243  75.842 0.0000000000
135496  46.424  -18.455  76.466 0.0000000000
53370  46.373  -20.167  76.756 0.0000000000
51334  46.452  -21.859  77.150 0.0000000000
53353  46.356  -20.110  79.374 0.0000000000
51323  46.488  -21.921  78.517 0.0000000000
136909  46.423  -23.339  77.070 0.0000000000
48268  46.773  -25.199  78.032 0.0000000000
123180  46.839  -26.110  77.829 0.0000000000
47159  47.008  -26.812  78.502 0.0000000000
47144  46.854  -26.224  79.335 0.0000000000
46106  46.716  -27.271  78.760 0.0000000000
45005  46.686  -28.414  77.821 0.0000000000
123303  46.573  -29.006  77.797 0.0000000000
42927  46.084  -30.187  77.844 0.0000000000
42035  45.394  -32.200  78.621 0.0000000000
47185  44.325  -26.685  76.272 0.0000000000
46118  44.511  -27.570  76.686 0.0000000000
43911  43.456  -30.270  76.877 0.0000000000
43910  44.224  -29.793  76.945 0.0000000000
43888  45.075  -29.814  77.583 0.0000000000
42928  45.327  -30.757  77.854 0.0000000000
42020  45.203  -32.950  79.778 0.0000000000
40121  45.139  -33.465  79.697 0.0000000000
41158  42.953  -33.286  77.934 0.0000000000
42054  41.720  -31.938  76.964 0.0000000000
134436  41.589  -31.534  75.921 0.0000000000
128313  41.627  -31.296  80.803 0.0000000000
42011  41.414  -32.639  80.732 0.0000000000
46062  39.775  -27.462  81.642 0.0000000000
46074  37.001  -27.234  79.965 0.0000000000
44945  38.186  -28.148  80.339 0.0000000000
44944  39.362  -28.525  81.327 0.0000000000
43847  39.567  -29.867  81.497 0.0000000000
42893  39.668  -30.859  80.845 0.0000000000
42915  39.596  -31.003  79.127 0.0000000000
42933  39.056  -30.383  78.286 0.0000000000
43916  38.955  -29.956  76.821 0.0000000000
43915  39.372  -30.027  76.100 0.0000000000
43918  37.133  -29.315  76.610 0.0000000000
121607  37.602  -29.387  76.027 0.0000000000
114637  39.074  -29.686  75.113 0.0000000000
117074  38.843  -29.436  74.239 0.0000000000
121242  34.994  -28.501  72.734 0.0000000000
45113  35.250  -28.523  71.976 0.0000000000
43919  32.421  -29.549  76.610 0.0000000000
43939  32.303  -29.531  75.731 0.0000000000
43940  31.808  -29.986  75.268 0.0000000000
42056  31.832  -31.426  75.810 0.0000000000
42967  31.577  -30.735  75.164 0.0000000000
39065  35.422  -35.303  84.115 0.0000000000
39081  35.297  -35.633  83.273 0.0000000000
128077  35.812  -35.918  81.727 0.0000000000
38034  34.498  -35.849  81.515 0.0000000000
121707  35.418  -36.222  81.278 0.0000000000
38043  36.339  -36.205  80.458 0.0000000000
36927  36.194  -36.527  79.167 0.0000000000
36937  36.234  -36.726  78.414 0.0000000000
115265  35.908  -36.992  77.073 0.0000000000
136011  30.069  -33.010  79.547 0.0000000000
40109  30.515  -33.306  78.986 0.0000000000
40127  30.832  -33.567  78.180 0.0000000000
40141  29.852  -32.940  76.672 0.0000000000
40140  31.129  -33.831  77.551 0.0000000000
39151  32.305  -34.582  77.690 0.0000000000
38080  33.085  -35.214  77.652 0.0000000000
38078  35.250  -36.863  77.213 0.0000000000
58239  52.129  -14.670  73.707 0.0000000000
58250  52.629  -14.535  73.032 0.0000000000
58259  53.097  -15.244  71.946 0.0000000000
50352  46.282  -22.920  74.172 0.0000000000
41947  35.624  -32.121  86.132 0.0000000000
41948  35.017  -31.710  85.515 0.0000000000
41958  34.321  -31.363  84.598 0.0000000000
122530  34.745  -32.281  84.952 0.0000000000
41021  35.112  -33.339  84.747 0.0000000000
35151  26.483  -38.206  82.496 0.0000000000
32343  20.962  -41.277  85.798 0.0000000000
114032  31.569  -30.427  91.254 0.0000000000
42791  32.370  -29.277  92.101 0.0000000000
36882  27.050  -37.629  83.253 0.0000000000
35992  26.518  -37.851  82.202 0.0000000000
48279  44.247  -25.133  75.955 0.0000000000
118072  33.881  -27.902  78.151 0.0000000000
124715  33.911  -28.359  76.916 0.0000000000
116597  27.842  -38.197  87.000 0.0000000000
33236  26.848  -40.310  88.169 0.0000000000
42784  29.043  -30.485  93.764 0.0000000000
41872  29.005  -31.840  92.216 0.0000000000
36829  28.021  -36.665  89.212 0.0000000000
37933  27.973  -36.010  89.533 0.0000000000
47104  36.292  -25.844  84.861 0.0000000000
46041  35.411  -26.749  84.092 0.0000000000
42885  32.981  -29.957  81.989 0.0000000000
42894  32.578  -30.564  80.408 0.0000000000
39125  35.335  -34.905  80.777 0.0000000000
39137  35.624  -35.163  80.022 0.0000000000
41125  24.864  -33.221  78.786 0.0000000000
41124  25.490  -32.504  78.941 0.0000000000
36931  24.377  -36.871  79.497 0.0000000000
35130  24.190  -38.201  85.399 0.0000000000
34260  18.376  -39.230  83.762 0.0000000000
41902  34.926  -32.133  89.162 0.0000000000
40961  35.691  -32.885  88.579 0.0000000000
39984  35.697  -33.620  88.098 0.0000000000
133940  35.028  -33.574  87.989 0.0000000000
41006  31.210  -32.117  85.309 0.0000000000
41024  30.838  -32.355  84.598 0.0000000000
41007  30.209  -32.050  85.160 0.0000000000
40964  28.241  -32.506  88.202 0.0000000000
41028  26.646  -32.827  84.281 0.0000000000
40054  26.089  -32.873  83.230 0.0000000000
41061  25.933  -32.779  82.453 0.0000000000
36919  25.152  -37.025  79.643 0.0000000000
115307  24.282  -36.975  78.884 0.0000000000
31345  24.696  -42.898  90.538 0.0000000000
31346  24.026  -43.329  90.020 0.0000000000
30357  18.223  -43.993  88.243 0.0000000000
30372  17.612  -43.459  87.784 0.0000000000
137696  48.132  -17.309  72.457 0.0000000000
57000  47.738  -17.371  73.035 0.0000000000
56956  45.529  -17.587  76.368 0.0000000000
54510  45.368  -18.476  77.688 0.0000000000
49241  46.530  -24.663  79.395 0.0000000000
43867  46.288  -28.826  78.340 0.0000000000
40123  43.275  -33.442  79.415 0.0000000000
41137  42.518  -33.057  79.085 0.0000000000
47139  36.048  -26.488  80.570 0.0000000000
133168  37.509  -29.467  77.887 0.0000000000
130378  35.837  -28.538  74.812 0.0000000000
45086  37.216  -28.663  73.771 0.0000000000
117091  33.444  -28.751  73.157 0.0000000000
137106  32.818  -29.073  73.335 0.0000000000
38017  34.671  -35.842  84.001 0.0000000000
38056  33.350  -35.220  79.236 0.0000000000
39147  32.629  -34.749  78.512 0.0000000000
41143  28.687  -32.244  77.521 0.0000000000
41163  28.645  -32.169  76.607 0.0000000000
55732  51.427  -16.787  73.997 0.0000000000
36820  28.545  -37.244  90.357 0.0000000000
35921  28.528  -38.070  89.157 0.0000000000
35907  28.343  -38.098  90.462 0.0000000000
34159  28.303  -39.249  89.743 0.0000000000
34173  28.101  -39.737  89.477 0.0000000000
34160  27.962  -39.559  89.985 0.0000000000
37911  28.409  -36.284  91.994 0.0000000000
122837  28.365  -35.667  92.384 0.0000000000
114688  28.509  -36.694  91.331 0.0000000000
114314  28.558  -36.643  90.684 0.0000000000
44882  37.177  -28.185  87.421 0.0000000000
119719  35.201  -30.033  85.867 0.0000000000
44894  35.279  -28.066  85.460 0.0000000000
42861  33.841  -30.706  84.087 0.0000000000
43800  33.826  -29.851  84.093 0.0000000000
120439  33.321  -30.906  82.908 0.0000000000
41979  33.353  -31.666  82.713 0.0000000000
40052  33.951  -33.152  82.517 0.0000000000
40067  34.613  -34.193  82.539 0.0000000000
38081  24.378  -36.408  77.564 0.0000000000
38092  24.106  -35.982  76.853 0.0000000000
52339  46.837  -21.779  74.009 0.0000000000
36895  24.168  -36.780  82.876 0.0000000000
36903  23.627  -36.469  82.255 0.0000000000
33270  20.857  -40.081  85.032 0.0000000000
34250  18.834  -39.737  84.294 0.0000000000
33273  18.373  -40.281  84.755 0.0000000000
32348  16.451  -41.330  85.775 0.0000000000
43733  33.363  -28.960  91.271 0.0000000000
42818  33.676  -30.971  89.876 0.0000000000
42830  31.886  -30.902  87.965 0.0000000000
134097  26.444  -34.869  86.400 0.0000000000
40009  26.494  -34.031  86.526 0.0000000000
39068  25.895  -34.929  85.082 0.0000000000
137263  25.613  -34.777  83.867 0.0000000000
36001  26.265  -37.493  81.581 0.0000000000
36901  26.250  -36.782  81.634 0.0000000000
36002  25.959  -37.549  81.144 0.0000000000
36003  25.456  -37.155  80.483 0.0000000000
43909  46.422  -29.631  77.581 0.0000000000
42963  46.849  -30.898  76.138 0.0000000000
135818  47.317  -31.448  75.758 0.0000000000
48259  45.476  -24.821  78.574 0.0000000000
127755  45.058  -25.994  77.731 0.0000000000
47161  45.552  -27.186  78.547 0.0000000000
135303  39.891  -30.834  77.971 0.0000000000
46086  34.838  -27.181  79.588 0.0000000000
116723  34.097  -28.494  76.148 0.0000000000
45041  35.488  -28.538  75.379 0.0000000000
45043  33.770  -28.581  75.339 0.0000000000
40139  33.850  -33.687  77.400 0.0000000000
41139  33.096  -32.945  76.884 0.0000000000
40151  33.851  -33.704  76.467 0.0000000000
40163  33.855  -33.734  75.610 0.0000000000
40176  33.785  -33.748  74.765 0.0000000000
116427  32.046  -33.697  83.040 0.0000000000
39099  32.407  -34.384  82.491 0.0000000000
40096  30.683  -33.377  80.754 0.0000000000
40095  31.362  -33.850  80.376 0.0000000000
39140  32.048  -34.433  80.013 0.0000000000
58249  52.519  -14.007  72.806 0.0000000000
35961  27.256  -37.979  84.579 0.0000000000
35139  27.069  -38.464  84.620 0.0000000000
35128  26.852  -38.763  85.097 0.0000000000
35089  28.450  -38.988  88.002 0.0000000000
35090  28.132  -38.905  87.312 0.0000000000
34222  26.033  -39.361  86.639 0.0000000000
35110  24.512  -38.791  86.091 0.0000000000
34224  23.856  -39.445  86.550 0.0000000000
33250  22.496  -40.628  86.448 0.0000000000
32322  22.131  -41.419  86.692 0.0000000000
42771  30.488  -28.987  93.525 0.0000000000
42792  31.216  -30.393  91.919 0.0000000000
41870  30.386  -30.897  91.451 0.0000000000
40947  28.534  -32.600  89.806 0.0000000000
122937  28.378  -32.533  89.013 0.0000000000
116265  28.452  -34.002  91.609 0.0000000000
39005  28.013  -34.532  89.991 0.0000000000
128881  27.047  -34.231  87.903 0.0000000000
39034  27.061  -35.206  88.012 0.0000000000
36871  26.822  -36.930  84.989 0.0000000000
115765  45.460  -33.334  77.385 0.0000000000
44988  40.486  -29.319  77.555 0.0000000000
47118  35.637  -25.981  82.491 0.0000000000
47130  35.672  -26.203  81.405 0.0000000000
44916  34.430  -28.236  84.092 0.0000000000
46054  33.985  -27.710  81.789 0.0000000000
138100  34.182  -27.381  81.377 0.0000000000
46064  33.835  -27.628  81.035 0.0000000000
44947  32.862  -28.673  79.847 0.0000000000
42904  32.518  -30.720  79.731 0.0000000000
42916  32.516  -30.322  79.027 0.0000000000
41075  33.012  -32.325  81.196 0.0000000000
132248  33.183  -32.680  80.626 0.0000000000
117076  33.090  -32.634  79.975 0.0000000000
39150  36.236  -35.613  77.994 0.0000000000
41123  25.896  -32.161  78.294 0.0000000000
130025  26.959  -31.864  77.717 0.0000000000
42043  26.320  -31.858  77.579 0.0000000000
40155  24.156  -33.967  76.803 0.0000000000
131402  24.983  -32.004  76.438 0.0000000000
42079  25.422  -31.699  75.613 0.0000000000
115218  25.917  -31.610  76.270 0.0000000000
58231  50.631  -15.403  74.597 0.0000000000
58222  49.688  -15.746  75.172 0.0000000000
53387  47.435  -19.687  74.991 0.0000000000
53386  48.279  -19.744  74.629 0.0000000000
38036  22.596  -35.688  80.612 0.0000000000
38037  21.380  -35.624  81.131 0.0000000000
35974  22.781  -37.738  84.281 0.0000000000
36897  22.081  -36.870  83.034 0.0000000000
35146  20.756  -38.990  84.215 0.0000000000
35153  20.186  -38.581  83.679 0.0000000000
35990  19.862  -37.944  83.146 0.0000000000
43732  34.097  -28.640  90.755 0.0000000000
43746  35.103  -28.469  90.288 0.0000000000
43745  35.985  -28.946  89.463 0.0000000000
132565  36.656  -29.238  88.795 0.0000000000
115831  36.795  -29.955  88.335 0.0000000000
40974  36.416  -32.845  87.722 0.0000000000
40987  36.558  -33.118  87.100 0.0000000000
41933  36.062  -32.059  86.748 0.0000000000
125660  36.539  -33.996  86.695 0.0000000000
40006  36.570  -34.410  86.948 0.0000000000
40007  35.021  -34.670  86.893 0.0000000000
39043  35.512  -35.283  86.341 0.0000000000
41934  33.187  -32.145  87.393 0.0000000000
40020  32.701  -33.159  85.404 0.0000000000
40036  32.781  -33.761  84.693 0.0000000000
40037  32.427  -33.775  83.838 0.0000000000
133384  32.099  -33.246  84.270 0.0000000000
41057  29.473  -32.532  82.560 0.0000000000
41904  30.455  -31.176  89.015 0.0000000000
117344  30.029  -31.670  86.471 0.0000000000
40990  29.310  -32.021  86.228 0.0000000000
133590  27.848  -32.509  84.475 0.0000000000
116684  27.946  -32.476  85.230 0.0000000000
138361  28.753  -32.278  85.163 0.0000000000
41008  29.359  -32.102  85.484 0.0000000000
117150  28.229  -32.460  83.875 0.0000000000
137917  27.186  -32.487  82.634 0.0000000000
115583  28.801  -32.415  83.202 0.0000000000
41078  27.283  -32.385  81.585 0.0000000000
137016  27.820  -32.363  81.053 0.0000000000
41080  25.348  -32.825  81.061 0.0000000000
117306  24.964  -34.137  81.846 0.0000000000
115010  24.723  -35.786  77.989 0.0000000000
48277  46.249  -25.078  76.697 0.0000000000
49294  46.128  -24.281  75.804 0.0000000000
137648  46.171  -28.397  75.968 0.0000000000
46165  45.148  -26.899  73.858 0.0000000000
41171  46.528  -33.237  76.280 0.0000000000
37912  26.514  -36.323  91.357 0.0000000000
35065  27.206  -38.765  90.667 0.0000000000
33198  26.877  -40.498  90.316 0.0000000000
32298  25.882  -41.607  89.495 0.0000000000
32313  24.376  -41.222  88.264 0.0000000000
32300  23.982  -42.007  88.659 0.0000000000
31361  22.243  -42.655  87.675 0.0000000000
32316  21.755  -42.164  87.009 0.0000000000
31375  21.007  -42.421  86.716 0.0000000000
30356  19.887  -44.341  88.309 0.0000000000
29403  20.730  -45.010  88.901 0.0000000000
29402  21.423  -44.901  89.018 0.0000000000
30369  20.274  -43.645  87.717 0.0000000000
31365  18.899  -42.934  87.279 0.0000000000
31364  19.796  -42.992  87.228 0.0000000000
32326  18.834  -41.816  86.321 0.0000000000
31378  18.389  -42.404  86.779 0.0000000000
30374  15.904  -43.528  87.889 0.0000000000
58242  49.550  -16.287  72.879 0.0000000000
58224  48.301  -16.349  74.962 0.0000000000
56986  46.650  -17.408  74.387 0.0000000000
53364  46.386  -19.621  78.295 0.0000000000
52309  46.460  -21.130  76.597 0.0000000000
53354  46.035  -19.882  79.866 0.0000000000
53342  46.140  -20.533  79.897 0.0000000000
128967  46.494  -22.734  77.678 0.0000000000
115228  46.573  -23.584  78.164 0.0000000000
134291  45.888  -25.964  79.296 0.0000000000
48243  46.502  -25.699  79.487 0.0000000000
47154  46.377  -26.543  79.272 0.0000000000
44969  46.381  -27.922  78.597 0.0000000000
134857  46.597  -27.991  78.386 0.0000000000
42912  46.000  -29.867  78.104 0.0000000000
42034  45.677  -31.251  77.507 0.0000000000
129247  43.872  -26.720  75.463 0.0000000000
45033  44.176  -28.433  76.006 0.0000000000
123392  44.650  -28.337  77.084 0.0000000000
42944  44.394  -30.561  77.576 0.0000000000
41116  44.458  -33.283  80.014 0.0000000000
40136  44.712  -33.788  79.594 0.0000000000
42074  41.191  -31.426  76.699 0.0000000000
42089  41.747  -31.407  74.984 0.0000000000
43835  41.344  -30.629  82.201 0.0000000000
41989  41.786  -32.326  81.330 0.0000000000
42900  42.032  -32.264  80.706 0.0000000000
42001  41.411  -32.534  81.166 0.0000000000
116377  39.212  -25.620  81.780 0.0000000000
47127  40.178  -26.391  82.044 0.0000000000
46085  35.748  -27.274  79.452 0.0000000000
44959  37.729  -28.540  79.574 0.0000000000
42903  39.306  -30.729  79.793 0.0000000000
42902  40.029  -31.526  80.069 0.0000000000
43937  37.595  -29.188  75.340 0.0000000000
43936  38.419  -29.575  75.830 0.0000000000
45085  37.911  -28.680  73.140 0.0000000000
45089  34.704  -28.508  73.374 0.0000000000
45114  34.428  -28.542  72.123 0.0000000000
42985  31.504  -30.825  74.340 0.0000000000
38015  35.242  -35.725  83.212 0.0000000000
38025  35.405  -35.778  82.476 0.0000000000
39097  35.328  -35.385  82.428 0.0000000000
38033  35.679  -36.013  81.820 0.0000000000
127610  32.854  -34.984  82.001 0.0000000000
38028  33.921  -35.620  82.200 0.0000000000
38045  34.703  -36.108  80.700 0.0000000000
36908  36.024  -36.280  80.932 0.0000000000
36918  36.164  -36.416  80.069 0.0000000000
36928  35.801  -36.605  79.614 0.0000000000
36938  35.888  -36.817  78.732 0.0000000000
36945  35.942  -37.063  77.890 0.0000000000
41101  29.405  -32.645  79.652 0.0000000000
130325  29.744  -32.793  78.952 0.0000000000
40126  31.195  -33.762  78.881 0.0000000000
41162  29.253  -32.633  76.195 0.0000000000
40152  31.066  -33.893  76.838 0.0000000000
137057  32.554  -34.801  76.873 0.0000000000
38091  33.189  -35.560  76.114 0.0000000000
38090  34.239  -36.331  76.586 0.0000000000
56997  52.380  -15.597  73.165 0.0000000000
36796  28.021  -36.435  92.327 0.0000000000
114789  28.471  -37.575  90.613 0.0000000000
36802  28.218  -36.944  91.676 0.0000000000
131057  36.198  -31.134  86.866 0.0000000000
42839  35.992  -30.233  86.707 0.0000000000
117596  34.432  -29.848  85.021 0.0000000000
35994  25.657  -37.624  81.677 0.0000000000
119231  25.073  -37.380  82.442 0.0000000000
33259  21.305  -40.567  85.514 0.0000000000
33261  18.811  -40.768  85.290 0.0000000000
32346  18.351  -41.307  85.790 0.0000000000
42799  32.952  -29.584  91.457 0.0000000000
42819  32.807  -30.768  89.515 0.0000000000
42820  32.007  -30.699  88.896 0.0000000000
42821  31.181  -31.034  88.432 0.0000000000
37993  26.279  -35.917  84.839 0.0000000000
38018  26.456  -36.566  83.243 0.0000000000
36894  26.323  -36.570  82.399 0.0000000000
28416  16.480  -45.210  89.735 0.0000000000
126038  32.798  -29.009  76.227 0.0000000000
40084  30.733  -33.280  81.605 0.0000000000
59409  52.570  -13.761  71.913 0.0000000000
36856  27.354  -37.400  86.604 0.0000000000
35960  27.266  -38.279  85.247 0.0000000000
35943  27.445  -38.219  86.068 0.0000000000
35108  27.031  -39.031  85.831 0.0000000000
116763  27.355  -39.752  87.469 0.0000000000
34204  24.309  -39.919  87.207 0.0000000000
122538  23.823  -40.674  87.559 0.0000000000
41871  29.697  -31.291  91.697 0.0000000000
39973  28.543  -32.879  90.815 0.0000000000
37948  27.553  -35.795  88.766 0.0000000000
37964  27.236  -36.174  87.952 0.0000000000
46031  36.678  -26.629  86.223 0.0000000000
48210  36.684  -24.738  84.012 0.0000000000
48220  36.599  -25.073  83.112 0.0000000000
40124  34.646  -34.457  79.162 0.0000000000
41104  25.819  -32.449  79.667 0.0000000000
36913  21.509  -36.130  81.992 0.0000000000
135390  24.502  -37.648  84.564 0.0000000000
35975  21.981  -37.982  84.067 0.0000000000
35155  18.746  -38.642  83.329 0.0000000000
42807  34.410  -30.422  90.129 0.0000000000
42816  35.687  -30.804  89.008 0.0000000000
42815  36.344  -30.894  88.459 0.0000000000
40960  36.187  -32.661  88.292 0.0000000000
39993  36.297  -34.153  87.544 0.0000000000
39032  36.260  -34.817  87.032 0.0000000000
39994  35.580  -34.327  87.489 0.0000000000
134501  32.025  -32.458  85.330 0.0000000000
41023  31.490  -32.775  84.318 0.0000000000
41905  29.636  -31.564  88.695 0.0000000000
41923  28.757  -32.102  87.609 0.0000000000
40991  28.560  -32.275  86.752 0.0000000000
134287  26.375  -33.200  84.914 0.0000000000
41027  27.363  -32.598  84.014 0.0000000000
131992  26.807  -32.478  82.232 0.0000000000
115832  25.426  -32.853  81.794 0.0000000000
40085  24.969  -33.470  81.486 0.0000000000
38046  25.512  -36.599  80.201 0.0000000000
36939  24.432  -36.979  78.567 0.0000000000
47169  46.239  -26.004  76.630 0.0000000000
43953  45.858  -29.253  74.856 0.0000000000
31356  24.514  -42.588  89.622 0.0000000000
28414  18.643  -45.337  89.454 0.0000000000
31366  17.968  -42.912  87.315 0.0000000000
56999  48.677  -16.656  73.264 0.0000000000
56985  47.564  -16.996  74.200 0.0000000000
54509  45.758  -18.364  77.101 0.0000000000
119116  46.008  -21.553  79.814 0.0000000000
52280  46.097  -21.316  79.837 0.0000000000
50323  46.253  -23.180  79.278 0.0000000000
116660  46.609  -23.875  79.125 0.0000000000
49267  46.801  -24.438  78.710 0.0000000000
49253  46.808  -24.612  79.271 0.0000000000
46096  46.037  -27.114  79.016 0.0000000000
45007  43.815  -29.362  76.193 0.0000000000
40122  44.073  -33.638  79.880 0.0000000000
41136  42.800  -33.288  78.922 0.0000000000
133452  40.887  -31.118  76.383 0.0000000000
43954  40.200  -30.104  74.473 0.0000000000
43836  41.079  -30.372  82.513 0.0000000000
42884  40.950  -31.000  82.558 0.0000000000
46098  36.175  -27.730  78.883 0.0000000000
44960  36.993  -28.080  79.107 0.0000000000
43858  38.135  -29.331  79.351 0.0000000000
120018  38.198  -29.798  78.097 0.0000000000
43938  36.967  -29.094  75.755 0.0000000000
45060  37.447  -28.901  74.580 0.0000000000
126902  36.991  -28.495  72.899 0.0000000000
122957  35.966  -28.489  72.606 0.0000000000
114610  32.017  -30.889  76.643 0.0000000000
125684  32.610  -32.562  74.967 0.0000000000
42090  32.143  -32.001  75.138 0.0000000000
38002  35.228  -35.882  84.511 0.0000000000
38016  35.145  -35.886  83.633 0.0000000000
39126  32.710  -34.850  80.745 0.0000000000
115655  34.960  -36.431  79.909 0.0000000000
120327  34.398  -35.980  79.153 0.0000000000
41121  28.309  -32.215  78.489 0.0000000000
120459  31.671  -34.410  76.483 0.0000000000
49315  45.606  -24.836  74.115 0.0000000000
134747  45.993  -23.544  74.115 0.0000000000
35080  28.579  -38.771  88.728 0.0000000000
35072  28.529  -38.620  89.677 0.0000000000
34187  28.411  -39.270  88.448 0.0000000000
34188  28.156  -39.733  88.716 0.0000000000
33222  27.150  -40.676  89.019 0.0000000000
38975  28.486  -35.043  92.155 0.0000000000
115504  28.528  -35.655  91.732 0.0000000000
36821  28.381  -36.634  89.947 0.0000000000
44860  37.501  -27.564  88.366 0.0000000000
46010  37.641  -27.412  87.784 0.0000000000
46020  37.217  -27.262  86.975 0.0000000000
46021  36.106  -27.679  86.152 0.0000000000
46032  35.806  -27.161  85.471 0.0000000000
46042  35.083  -27.573  84.658 0.0000000000
119919  33.484  -29.704  83.231 0.0000000000
42877  33.229  -30.170  82.684 0.0000000000
124760  33.047  -31.907  81.926 0.0000000000
41074  33.454  -32.751  81.848 0.0000000000
39111  35.426  -35.199  81.516 0.0000000000
38093  23.545  -36.456  76.450 0.0000000000
39160  23.870  -35.535  76.120 0.0000000000
54517  47.144  -18.259  75.830 0.0000000000
36921  24.321  -36.727  80.326 0.0000000000
133929  23.196  -36.180  81.734 0.0000000000
120743  20.842  -36.698  82.370 0.0000000000
34246  22.006  -39.067  84.970 0.0000000000
34248  20.447  -39.639  84.530 0.0000000000
113909  33.442  -29.904  91.003 0.0000000000
42798  33.903  -29.662  90.723 0.0000000000
41887  34.329  -31.205  89.771 0.0000000000
40963  34.407  -32.269  88.679 0.0000000000
41919  32.544  -31.355  87.694 0.0000000000
41935  32.300  -31.667  86.876 0.0000000000
119616  27.295  -33.494  87.732 0.0000000000
40992  27.501  -32.959  87.148 0.0000000000
40022  26.431  -33.551  85.772 0.0000000000
39055  25.942  -33.945  85.163 0.0000000000
136683  25.906  -33.620  84.651 0.0000000000
39100  25.243  -34.427  82.582 0.0000000000
38035  25.813  -36.163  81.354 0.0000000000
30360  15.790  -43.943  88.343 0.0000000000
29406  15.284  -44.281  88.722 0.0000000000
49254  45.946  -24.213  79.253 0.0000000000
41138  41.691  -32.202  78.830 0.0000000000
46061  40.689  -27.167  82.097 0.0000000000
47147  35.448  -26.861  80.048 0.0000000000
43893  37.017  -29.196  77.402 0.0000000000
117830  35.834  -28.596  75.939 0.0000000000
136864  32.549  -34.731  81.347 0.0000000000
39148  31.878  -34.243  79.082 0.0000000000
42057  28.071  -31.715  76.196 0.0000000000
41177  29.305  -32.705  75.384 0.0000000000
60590  53.280  -13.491  71.433 0.0000000000
59422  54.126  -13.674  71.094 0.0000000000
117982  53.579  -15.003  70.487 0.0000000000
35150  26.751  -38.433  83.170 0.0000000000
35141  26.303  -38.554  83.866 0.0000000000
35142  25.462  -38.334  84.713 0.0000000000
125613  27.315  -39.074  86.275 0.0000000000
34221  27.030  -39.425  86.524 0.0000000000
42781  31.750  -29.573  92.377 0.0000000000
41890  28.990  -31.946  89.269 0.0000000000
136050  28.526  -33.266  91.639 0.0000000000
39979  28.078  -33.367  89.629 0.0000000000
39045  26.699  -34.741  87.205 0.0000000000
37965  26.849  -35.649  87.429 0.0000000000
125582  27.120  -37.643  84.002 0.0000000000
40147  45.243  -33.504  78.778 0.0000000000
40160  45.802  -33.473  76.099 0.0000000000
45057  42.981  -28.168  74.714 0.0000000000
45058  42.209  -28.459  74.598 0.0000000000
45008  40.602  -29.015  76.610 0.0000000000
47131  34.902  -26.613  81.283 0.0000000000
46048  34.792  -27.167  83.236 0.0000000000
46053  34.377  -27.520  82.500 0.0000000000
44946  33.376  -28.115  80.474 0.0000000000
44961  33.393  -27.979  79.539 0.0000000000
44994  32.840  -28.798  78.042 0.0000000000
41119  32.600  -31.981  78.096 0.0000000000
41099  32.643  -31.956  79.689 0.0000000000
128899  35.679  -35.123  77.229 0.0000000000
41089  28.608  -32.443  80.969 0.0000000000
115297  29.023  -32.465  80.304 0.0000000000
41122  27.308  -32.133  78.780 0.0000000000
42058  27.335  -31.599  76.548 0.0000000000
41146  24.774  -32.907  77.807 0.0000000000
119783  24.988  -32.271  77.197 0.0000000000
133056  24.511  -32.664  76.170 0.0000000000
42059  26.510  -31.638  76.820 0.0000000000
58241  50.601  -15.310  73.821 0.0000000000
38049  21.825  -35.410  80.067 0.0000000000
35986  23.702  -36.905  83.523 0.0000000000
35996  20.348  -37.346  82.752 0.0000000000
45990  36.925  -27.336  88.951 0.0000000000
46000  37.334  -26.923  88.623 0.0000000000
42838  36.503  -30.503  87.449 0.0000000000
42828  36.690  -30.786  87.974 0.0000000000
41020  35.935  -34.070  85.825 0.0000000000
130346  36.087  -35.063  85.625 0.0000000000
39052  36.039  -35.318  85.881 0.0000000000
120386  36.330  -34.961  86.541 0.0000000000
37991  35.558  -35.672  85.241 0.0000000000
128663  35.130  -35.868  85.054 0.0000000000
39066  33.984  -35.408  84.419 0.0000000000
126433  34.081  -33.976  86.555 0.0000000000
41004  33.243  -33.167  86.141 0.0000000000
40035  33.511  -34.673  84.821 0.0000000000
41055  31.158  -33.166  82.954 0.0000000000
40069  30.752  -33.118  82.309 0.0000000000
41076  30.111  -32.763  82.006 0.0000000000
131887  30.689  -31.448  86.725 0.0000000000
138037  27.979  -32.551  86.892 0.0000000000
41091  26.074  -32.462  80.512 0.0000000000
40128  24.658  -34.325  78.869 0.0000000000
136630  24.842  -34.389  80.239 0.0000000000
39128  25.279  -35.497  80.130 0.0000000000
130354  24.694  -34.940  78.190 0.0000000000
36946  24.106  -37.165  77.905 0.0000000000
124194  46.299  -23.431  76.049 0.0000000000
46135  45.984  -27.737  75.987 0.0000000000
46149  45.424  -27.382  74.941 0.0000000000
36804  27.227  -36.733  91.912 0.0000000000
35908  27.803  -38.110  90.889 0.0000000000
33197  27.617  -40.112  89.894 0.0000000000
33223  26.368  -40.952  88.867 0.0000000000
33210  26.649  -41.232  89.804 0.0000000000
32323  21.357  -41.723  86.377 0.0000000000
30354  22.448  -44.013  88.906 0.0000000000
30367  21.935  -43.446  88.051 0.0000000000
31363  20.635  -42.990  87.239 0.0000000000
30373  16.710  -43.474  87.826 0.0000000000
31368  16.103  -42.971  87.393 0.0000000000
58233  48.987  -16.014  74.632 0.0000000000
57001  46.999  -17.661  73.393 0.0000000000
54503  45.660  -19.025  78.540 0.0000000000
54499  46.105  -19.394  79.190 0.0000000000
52288  46.388  -21.086  79.385 0.0000000000
133376  47.133  -26.078  79.133 0.0000000000
136157  46.754  -26.778  79.150 0.0000000000
47153  47.024  -26.580  79.109 0.0000000000
46117  46.850  -27.697  78.012 0.0000000000
41135  45.451  -33.007  78.933 0.0000000000
42036  45.125  -32.024  78.917 0.0000000000
40149  43.908  -33.633  77.712 0.0000000000
42073  42.137  -31.922  75.690 0.0000000000
42901  41.612  -31.693  80.003 0.0000000000
42021  41.662  -32.175  80.052 0.0000000000
42022  41.150  -32.366  80.106 0.0000000000
46073  37.781  -27.336  80.352 0.0000000000
46072  38.682  -27.629  80.920 0.0000000000
44933  40.398  -28.250  81.893 0.0000000000
44943  40.269  -29.251  82.059 0.0000000000
43846  40.651  -30.161  82.371 0.0000000000
42892  40.397  -30.945  82.000 0.0000000000
42002  40.505  -31.763  81.157 0.0000000000
42914  40.589  -31.738  79.544 0.0000000000
42949  39.382  -30.427  77.691 0.0000000000
43958  32.260  -29.482  74.883 0.0000000000
135069  31.622  -31.181  75.286 0.0000000000
43959  31.702  -30.080  74.445 0.0000000000
40034  35.070  -34.214  84.034 0.0000000000
39082  35.183  -34.834  83.273 0.0000000000
116417  35.012  -36.012  82.259 0.0000000000
135185  35.263  -36.112  81.782 0.0000000000
38032  36.119  -36.093  81.179 0.0000000000
38055  36.341  -36.305  79.543 0.0000000000
36926  36.340  -36.454  78.763 0.0000000000
38066  36.448  -36.426  78.447 0.0000000000
36936  36.402  -36.557  78.301 0.0000000000
36944  36.288  -36.773  77.793 0.0000000000
137105  30.948  -33.580  79.316 0.0000000000
121976  29.224  -32.532  76.887 0.0000000000
41141  30.465  -33.323  77.318 0.0000000000
39152  31.652  -34.111  78.162 0.0000000000
38079  34.178  -35.998  77.483 0.0000000000
59395  52.143  -14.178  73.546 0.0000000000
58270  52.958  -15.773  70.758 0.0000000000
55745  51.808  -17.756  72.817 0.0000000000
35909  27.045  -38.007  91.119 0.0000000000
37980  35.792  -35.507  85.891 0.0000000000
39042  36.066  -35.262  86.452 0.0000000000
39992  36.568  -33.735  87.337 0.0000000000
41073  41.799  -32.701  81.181 0.0000000000
41084  41.733  -32.822  81.003 0.0000000000
41990  41.536  -32.210  81.603 0.0000000000
42000  41.935  -32.779  81.061 0.0000000000
42010  41.634  -32.628  80.677 0.0000000000
42012  40.888  -32.344  80.380 0.0000000000
42883  41.314  -31.427  82.142 0.0000000000
42891  41.600  -31.483  81.532 0.0000000000
43856  41.196  -30.454  80.317 0.0000000000
44931  41.047  -29.441  82.121 0.0000000000
45999  37.708  -26.706  88.225 0.0000000000
136470  35.412  -35.726  84.771 0.0000000000
