#!ascii label  , from subject sub-v1s9x0051351_ses-1 vox2ras=TkReg
1001
54422  16.798  -18.889  86.510 0.0000000000
53248  27.132  -20.396  91.041 0.0000000000
63700  36.269  -11.251  65.619 0.0000000000
55756  26.296  -18.135  72.119 0.0000000000
53324  28.277  -21.422  81.369 0.0000000000
68693  45.052  -6.198  58.007 0.0000000000
138252  35.198  -11.593  70.967 0.0000000000
59425  30.399  -15.180  69.154 0.0000000000
128579  15.461  -24.385  87.679 0.0000000000
56816  22.868  -17.596  88.828 0.0000000000
54430  24.563  -19.099  85.369 0.0000000000
55637  18.635  -18.447  83.217 0.0000000000
61653  41.884  -13.981  63.544 0.0000000000
59206  19.994  -15.081  91.163 0.0000000000
125949  17.305  -18.275  91.054 0.0000000000
119915  41.923  -12.687  66.971 0.0000000000
49124  14.540  -24.344  91.172 0.0000000000
41909  17.598  -31.564  89.001 0.0000000000
57005  31.929  -18.384  71.637 0.0000000000
133102  27.586  -18.644  77.919 0.0000000000
51335  25.432  -22.350  77.047 0.0000000000
53326  26.184  -21.023  81.088 0.0000000000
121381  34.646  -12.223  72.913 0.0000000000
62601  32.674  -12.515  70.235 0.0000000000
60571  31.835  -14.082  71.931 0.0000000000
63585  37.784  -11.255  73.415 0.0000000000
53294  16.158  -20.720  85.240 0.0000000000
50249  16.035  -23.648  86.283 0.0000000000
53288  15.559  -20.689  86.713 0.0000000000
58116  20.251  -16.637  87.552 0.0000000000
138342  21.227  -17.420  85.897 0.0000000000
55613  18.285  -18.158  85.108 0.0000000000
53299  17.035  -20.731  84.019 0.0000000000
62676  37.058  -11.871  63.914 0.0000000000
63652  38.210  -10.644  68.770 0.0000000000
128835  38.733  -11.006  66.500 0.0000000000
62674  39.587  -12.680  64.533 0.0000000000
118933  17.253  -19.053  93.625 0.0000000000
53250  15.561  -21.018  91.169 0.0000000000
52178  15.821  -21.665  93.394 0.0000000000
43706  15.198  -29.440  94.577 0.0000000000
43731  15.948  -29.514  92.319 0.0000000000
134154  18.006  -31.655  91.000 0.0000000000
37935  17.439  -34.606  90.030 0.0000000000
37921  18.556  -35.363  91.367 0.0000000000
55660  29.971  -17.975  80.365 0.0000000000
130903  27.629  -20.247  79.508 0.0000000000
53357  26.546  -21.392  77.549 0.0000000000
52290  26.825  -22.094  79.132 0.0000000000
55644  23.056  -18.610  82.704 0.0000000000
54456  25.721  -19.515  82.996 0.0000000000
54486  23.497  -19.159  80.529 0.0000000000
53347  24.038  -20.000  78.951 0.0000000000
57008  29.011  -16.806  72.116 0.0000000000
57058  28.971  -17.473  69.354 0.0000000000
55783  26.475  -18.451  69.496 0.0000000000
70662  48.376  -4.652  55.577 0.0000000000
68716  45.791  -6.963  55.684 0.0000000000
114714  36.027  -11.041  68.923 0.0000000000
63656  32.954  -11.771  67.956 0.0000000000
114493  38.009  -10.915  71.058 0.0000000000
55559  25.227  -18.579  89.979 0.0000000000
129335  26.469  -19.558  87.946 0.0000000000
55601  23.843  -18.723  86.767 0.0000000000
115415  22.037  -17.982  83.958 0.0000000000
114638  19.209  -19.161  81.508 0.0000000000
63696  42.871  -11.748  65.358 0.0000000000
65597  42.041  -9.236  63.797 0.0000000000
66634  41.371  -8.439  61.227 0.0000000000
67681  42.317  -8.013  58.503 0.0000000000
58101  18.729  -16.530  88.483 0.0000000000
55575  17.272  -18.458  88.643 0.0000000000
58050  17.937  -16.092  91.034 0.0000000000
59235  21.483  -15.908  89.579 0.0000000000
60636  41.698  -14.187  64.740 0.0000000000
53263  15.617  -20.791  89.340 0.0000000000
120496  14.799  -23.879  89.282 0.0000000000
45995  17.199  -27.357  90.203 0.0000000000
49109  14.613  -24.752  93.448 0.0000000000
44849  16.981  -28.219  90.990 0.0000000000
37894  18.365  -36.765  93.455 0.0000000000
59393  32.812  -16.454  73.162 0.0000000000
56978  28.387  -16.834  74.534 0.0000000000
130503  29.305  -17.492  77.228 0.0000000000
55705  27.001  -18.209  75.150 0.0000000000
54521  25.724  -20.332  75.067 0.0000000000
52321  24.780  -22.074  75.304 0.0000000000
50343  22.774  -23.594  75.255 0.0000000000
53285  27.482  -20.863  85.857 0.0000000000
52254  27.551  -21.885  83.494 0.0000000000
51289  27.407  -22.518  81.839 0.0000000000
52292  25.766  -22.236  79.121 0.0000000000
52313  23.120  -21.765  76.610 0.0000000000
58264  30.900  -17.183  70.164 0.0000000000
55816  29.924  -18.251  67.571 0.0000000000
115017  34.867  -12.341  73.835 0.0000000000
61574  33.245  -13.019  72.220 0.0000000000
61571  33.439  -13.428  73.137 0.0000000000
63576  36.200  -11.593  74.136 0.0000000000
119517  16.304  -19.509  85.946 0.0000000000
52243  15.678  -21.129  85.876 0.0000000000
54423  16.325  -19.398  86.839 0.0000000000
56835  18.760  -17.202  87.380 0.0000000000
56854  19.378  -17.403  86.280 0.0000000000
55604  17.432  -18.466  86.246 0.0000000000
137746  16.611  -19.402  85.244 0.0000000000
63716  36.644  -11.507  64.744 0.0000000000
63669  37.340  -10.785  67.431 0.0000000000
117989  38.888  -10.798  67.396 0.0000000000
118888  37.786  -10.909  66.416 0.0000000000
63715  37.660  -11.562  64.629 0.0000000000
42776  17.172  -31.091  93.892 0.0000000000
124575  17.741  -30.724  92.330 0.0000000000
41874  18.292  -32.436  91.561 0.0000000000
39977  18.069  -33.454  89.939 0.0000000000
39976  18.402  -33.726  90.693 0.0000000000
37922  18.048  -35.000  90.661 0.0000000000
54483  28.939  -19.180  80.926 0.0000000000
128022  28.172  -20.787  80.765 0.0000000000
53344  27.368  -21.342  79.405 0.0000000000
53332  27.837  -21.664  80.634 0.0000000000
53247  27.878  -21.187  90.585 0.0000000000
54473  21.681  -19.171  81.072 0.0000000000
54471  23.343  -18.815  81.303 0.0000000000
114633  21.968  -19.473  80.620 0.0000000000
53349  21.479  -20.429  79.591 0.0000000000
56994  27.501  -17.277  73.138 0.0000000000
57026  27.840  -17.130  71.196 0.0000000000
68689  44.768  -6.273  59.368 0.0000000000
69666  46.887  -5.600  59.739 0.0000000000
69673  46.391  -5.517  58.314 0.0000000000
69678  47.261  -5.098  57.069 0.0000000000
68699  45.229  -6.410  57.177 0.0000000000
63638  35.436  -11.284  69.543 0.0000000000
63654  34.412  -11.382  68.540 0.0000000000
63640  33.761  -11.598  69.196 0.0000000000
61591  30.883  -13.803  69.361 0.0000000000
127423  31.251  -13.298  68.183 0.0000000000
135248  30.418  -15.510  67.222 0.0000000000
116801  36.061  -11.499  72.019 0.0000000000
63620  36.356  -11.184  70.660 0.0000000000
114490  36.996  -10.884  70.008 0.0000000000
116020  15.714  -24.027  86.944 0.0000000000
134392  16.424  -25.819  88.675 0.0000000000
55561  23.594  -18.062  88.985 0.0000000000
55573  24.279  -18.461  88.548 0.0000000000
55590  22.961  -17.911  87.666 0.0000000000
56880  19.968  -17.648  84.741 0.0000000000
55622  21.759  -17.794  84.616 0.0000000000
55635  20.530  -18.160  83.319 0.0000000000
55646  20.361  -18.434  82.283 0.0000000000
55648  18.821  -18.693  82.319 0.0000000000
53316  17.934  -19.942  82.779 0.0000000000
52352  24.288  -21.374  72.835 0.0000000000
116118  42.065  -12.181  64.433 0.0000000000
64651  41.834  -10.579  64.493 0.0000000000
63723  40.992  -11.679  63.463 0.0000000000
64686  40.760  -10.039  61.112 0.0000000000
64685  41.335  -10.407  60.286 0.0000000000
67678  41.522  -8.271  59.908 0.0000000000
59237  19.858  -15.424  89.789 0.0000000000
58067  18.182  -16.147  90.189 0.0000000000
59207  19.052  -15.214  91.400 0.0000000000
59236  20.789  -15.401  90.006 0.0000000000
58082  20.557  -15.832  89.227 0.0000000000
61620  43.171  -13.603  66.094 0.0000000000
62660  41.569  -13.516  65.692 0.0000000000
61655  39.948  -14.170  63.439 0.0000000000
56789  17.485  -17.779  90.279 0.0000000000
128385  16.585  -19.678  88.909 0.0000000000
54378  16.596  -19.834  90.348 0.0000000000
51213  14.877  -22.271  91.301 0.0000000000
50216  14.700  -23.225  90.112 0.0000000000
49132  14.590  -24.531  90.461 0.0000000000
48146  15.123  -25.427  89.172 0.0000000000
122465  15.182  -26.670  90.347 0.0000000000
127998  14.681  -25.094  94.298 0.0000000000
130081  17.628  -30.096  90.811 0.0000000000
44836  16.924  -28.693  91.459 0.0000000000
43742  17.509  -29.426  90.632 0.0000000000
43755  17.485  -29.358  89.683 0.0000000000
130042  30.084  -16.608  74.677 0.0000000000
55678  28.138  -18.463  78.477 0.0000000000
56930  29.633  -17.712  78.464 0.0000000000
121317  28.110  -18.112  77.631 0.0000000000
55694  28.166  -17.565  76.412 0.0000000000
55706  26.833  -18.603  75.974 0.0000000000
54520  26.034  -19.612  74.970 0.0000000000
54513  26.509  -19.658  76.348 0.0000000000
52302  26.022  -22.428  77.487 0.0000000000
52320  25.318  -21.927  75.975 0.0000000000
51344  25.232  -22.267  76.490 0.0000000000
134622  24.005  -23.007  75.293 0.0000000000
51336  24.777  -22.264  76.475 0.0000000000
54419  25.337  -19.331  86.435 0.0000000000
54409  26.741  -19.846  87.253 0.0000000000
54428  25.904  -19.572  85.887 0.0000000000
130813  25.903  -20.144  81.466 0.0000000000
53304  26.945  -21.142  83.365 0.0000000000
53313  26.717  -21.383  82.523 0.0000000000
51281  27.282  -22.278  82.189 0.0000000000
52276  26.435  -22.044  80.793 0.0000000000
51300  26.448  -22.225  80.122 0.0000000000
53345  25.577  -21.109  79.743 0.0000000000
52306  21.872  -21.416  77.589 0.0000000000
52305  22.541  -21.295  77.163 0.0000000000
57004  32.587  -18.155  71.997 0.0000000000
58244  32.309  -17.069  71.691 0.0000000000
57022  31.793  -18.040  71.067 0.0000000000
57077  28.219  -17.779  68.766 0.0000000000
57076  29.321  -17.844  68.536 0.0000000000
70672  48.756  -5.044  54.707 0.0000000000
62587  35.288  -11.744  72.237 0.0000000000
62599  33.965  -11.907  70.574 0.0000000000
62592  33.292  -12.623  71.469 0.0000000000
61582  32.228  -13.135  70.799 0.0000000000
129962  31.021  -14.456  70.647 0.0000000000
115042  37.001  -11.399  74.005 0.0000000000
63586  36.156  -11.577  73.365 0.0000000000
51248  15.773  -22.018  85.895 0.0000000000
51238  15.582  -22.433  86.470 0.0000000000
51230  15.361  -22.368  87.264 0.0000000000
58098  21.287  -16.746  87.887 0.0000000000
56833  21.738  -17.306  87.234 0.0000000000
56853  20.684  -17.254  86.290 0.0000000000
56871  19.632  -17.543  85.539 0.0000000000
55625  18.471  -18.263  84.176 0.0000000000
54452  17.596  -19.551  83.449 0.0000000000
116707  17.302  -19.278  84.163 0.0000000000
52250  16.599  -21.143  84.635 0.0000000000
61666  41.487  -13.941  62.634 0.0000000000
60350  19.726  -14.874  91.940 0.0000000000
63651  39.449  -10.669  68.753 0.0000000000
63667  39.731  -10.960  67.751 0.0000000000
62649  40.302  -11.801  66.270 0.0000000000
62662  40.162  -12.435  65.446 0.0000000000
63713  39.295  -11.859  65.119 0.0000000000
62675  38.003  -12.038  63.852 0.0000000000
54352  16.979  -18.911  92.509 0.0000000000
124891  16.546  -19.807  91.236 0.0000000000
53222  16.259  -20.170  92.528 0.0000000000
53223  15.548  -20.997  92.057 0.0000000000
51207  14.679  -23.255  92.123 0.0000000000
47015  14.577  -26.607  94.267 0.0000000000
43707  14.917  -29.047  93.735 0.0000000000
43719  17.491  -29.895  92.187 0.0000000000
41893  17.804  -31.867  89.918 0.0000000000
39982  17.754  -33.235  89.108 0.0000000000
55661  28.701  -18.908  80.249 0.0000000000
54501  27.375  -19.309  78.399 0.0000000000
54506  26.691  -20.039  77.198 0.0000000000
54495  27.301  -20.298  78.852 0.0000000000
52291  26.406  -22.236  78.320 0.0000000000
51326  26.024  -22.559  78.283 0.0000000000
54441  23.980  -18.639  84.105 0.0000000000
54439  25.443  -19.439  84.824 0.0000000000
54450  23.983  -18.619  83.118 0.0000000000
54470  25.044  -19.258  81.536 0.0000000000
54485  24.684  -19.343  80.609 0.0000000000
53335  25.299  -20.170  80.062 0.0000000000
54497  23.211  -19.675  79.675 0.0000000000
53360  21.946  -20.511  78.891 0.0000000000
57007  29.967  -16.801  72.537 0.0000000000
57024  29.633  -17.087  70.810 0.0000000000
57025  28.682  -16.906  71.338 0.0000000000
57059  27.847  -17.506  69.669 0.0000000000
70648  48.672  -4.402  57.549 0.0000000000
69686  47.249  -5.369  56.115 0.0000000000
114484  35.469  -11.302  67.251 0.0000000000
119458  34.817  -11.549  65.494 0.0000000000
63688  34.170  -11.526  66.882 0.0000000000
62612  32.925  -12.074  69.374 0.0000000000
61611  31.253  -13.364  67.392 0.0000000000
63584  38.732  -11.205  73.602 0.0000000000
114496  39.046  -10.803  72.152 0.0000000000
114494  38.829  -10.762  71.259 0.0000000000
114491  37.800  -10.793  70.209 0.0000000000
114487  36.637  -10.915  68.230 0.0000000000
54377  25.838  -19.126  90.604 0.0000000000
54387  26.753  -19.886  89.498 0.0000000000
116681  26.033  -19.171  89.493 0.0000000000
54411  24.687  -19.045  87.063 0.0000000000
54421  23.889  -18.860  85.833 0.0000000000
56851  22.275  -17.638  86.628 0.0000000000
135497  22.873  -18.181  85.152 0.0000000000
55620  23.211  -18.448  84.603 0.0000000000
55633  22.307  -18.341  83.253 0.0000000000
55654  21.258  -18.813  81.769 0.0000000000
54475  19.914  -19.473  80.900 0.0000000000
134637  43.254  -8.158  63.951 0.0000000000
64662  40.616  -10.670  62.564 0.0000000000
66629  41.722  -8.805  62.856 0.0000000000
67659  43.307  -7.332  62.865 0.0000000000
67670  43.039  -6.959  60.875 0.0000000000
67676  42.851  -7.155  59.862 0.0000000000
68695  43.521  -6.918  58.570 0.0000000000
67685  44.072  -7.427  57.090 0.0000000000
56836  18.047  -17.734  87.455 0.0000000000
55576  17.023  -18.737  87.859 0.0000000000
58102  17.837  -16.860  88.761 0.0000000000
58085  17.761  -16.847  89.717 0.0000000000
56772  17.468  -17.582  91.270 0.0000000000
59194  19.013  -15.016  92.152 0.0000000000
56756  17.438  -17.540  92.269 0.0000000000
56746  17.483  -17.680  93.374 0.0000000000
134228  26.243  -19.567  92.132 0.0000000000
55550  25.214  -18.595  90.974 0.0000000000
56786  24.332  -17.778  90.689 0.0000000000
138245  23.539  -17.452  90.007 0.0000000000
58065  22.911  -16.514  90.427 0.0000000000
58081  22.086  -16.599  89.355 0.0000000000
113922  21.327  -16.390  88.829 0.0000000000
58100  19.526  -16.468  88.103 0.0000000000
62646  43.935  -12.852  66.018 0.0000000000
61642  42.936  -13.415  65.054 0.0000000000
60645  42.158  -14.136  64.151 0.0000000000
62673  40.533  -13.450  64.904 0.0000000000
61654  40.707  -14.397  63.942 0.0000000000
60657  41.385  -14.368  63.248 0.0000000000
53273  16.154  -19.956  88.215 0.0000000000
117752  15.352  -21.141  88.074 0.0000000000
51226  15.185  -22.731  88.211 0.0000000000
127382  15.530  -20.913  90.237 0.0000000000
50228  14.940  -22.987  89.134 0.0000000000
50227  15.104  -23.697  88.362 0.0000000000
48163  15.503  -25.494  88.488 0.0000000000
47057  17.624  -26.713  90.009 0.0000000000
50202  14.909  -23.142  92.829 0.0000000000
123859  14.619  -24.027  92.574 0.0000000000
47042  14.557  -26.473  92.008 0.0000000000
137562  14.810  -26.430  91.069 0.0000000000
131305  16.920  -27.744  90.523 0.0000000000
36805  18.724  -36.652  92.592 0.0000000000
60558  34.106  -14.608  74.695 0.0000000000
56991  31.376  -17.630  73.219 0.0000000000
56992  30.496  -16.986  73.207 0.0000000000
58228  28.914  -16.611  73.930 0.0000000000
134977  27.403  -17.492  73.881 0.0000000000
56951  29.211  -17.213  76.435 0.0000000000
56979  27.647  -17.422  74.691 0.0000000000
55729  26.401  -18.478  73.890 0.0000000000
54531  25.961  -19.175  74.201 0.0000000000
53396  25.175  -20.285  73.844 0.0000000000
53391  24.851  -20.926  74.029 0.0000000000
53372  26.366  -20.845  76.642 0.0000000000
52331  25.143  -21.495  75.234 0.0000000000
51355  24.416  -22.375  74.445 0.0000000000
51356  24.091  -23.083  74.754 0.0000000000
50357  23.029  -23.895  74.688 0.0000000000
52263  28.732  -21.907  83.164 0.0000000000
53279  27.235  -20.278  88.013 0.0000000000
53278  27.797  -21.232  87.527 0.0000000000
52236  28.100  -21.771  86.031 0.0000000000
117024  26.495  -20.198  84.174 0.0000000000
52248  27.223  -21.109  84.029 0.0000000000
126042  28.407  -22.192  85.122 0.0000000000
128977  27.963  -22.627  83.132 0.0000000000
51279  28.001  -22.708  82.928 0.0000000000
52268  27.995  -22.429  81.871 0.0000000000
51307  26.967  -22.543  80.280 0.0000000000
51308  26.597  -22.332  79.898 0.0000000000
51318  25.613  -22.391  77.798 0.0000000000
53358  24.819  -20.816  78.490 0.0000000000
53367  24.541  -21.240  77.831 0.0000000000
51328  24.298  -22.010  76.751 0.0000000000
51338  22.663  -22.437  76.196 0.0000000000
60566  32.056  -14.971  72.574 0.0000000000
60567  31.534  -15.148  71.722 0.0000000000
59412  30.670  -16.341  69.635 0.0000000000
57039  30.520  -17.296  69.885 0.0000000000
57056  30.232  -17.409  68.944 0.0000000000
57074  30.353  -17.518  68.254 0.0000000000
67693  44.388  -7.717  56.345 0.0000000000
61565  34.790  -12.975  74.599 0.0000000000
62580  34.389  -13.004  74.029 0.0000000000
61568  33.959  -13.397  73.798 0.0000000000
62579  35.496  -12.163  74.622 0.0000000000
126658  15.914  -19.945  86.494 0.0000000000
135081  17.887  -18.009  86.692 0.0000000000
54432  16.901  -18.931  85.683 0.0000000000
63717  35.592  -11.571  64.894 0.0000000000
63685  36.808  -10.998  66.467 0.0000000000
63699  37.251  -11.202  65.547 0.0000000000
41857  17.946  -31.420  93.588 0.0000000000
41866  18.020  -31.438  92.775 0.0000000000
41865  18.387  -32.251  92.457 0.0000000000
126874  18.450  -33.246  91.268 0.0000000000
40910  18.699  -33.267  92.104 0.0000000000
39968  18.756  -34.004  91.460 0.0000000000
53323  28.826  -20.526  81.926 0.0000000000
54469  28.600  -20.174  81.195 0.0000000000
53233  27.693  -20.972  91.845 0.0000000000
53261  27.281  -20.450  89.965 0.0000000000
54489  20.519  -19.933  80.503 0.0000000000
54488  21.319  -19.669  80.565 0.0000000000
53337  21.017  -20.247  80.080 0.0000000000
57010  26.910  -17.609  72.591 0.0000000000
57027  26.979  -17.538  71.517 0.0000000000
128882  45.055  -6.121  58.746 0.0000000000
69663  46.126  -5.840  59.939 0.0000000000
69667  46.288  -5.686  59.154 0.0000000000
69680  45.749  -5.852  57.694 0.0000000000
63621  35.500  -11.391  70.431 0.0000000000
116800  34.923  -11.518  70.001 0.0000000000
63623  34.245  -11.661  69.987 0.0000000000
60591  30.558  -14.295  69.046 0.0000000000
60601  30.461  -14.503  68.420 0.0000000000
59436  30.305  -15.326  68.318 0.0000000000
59450  30.303  -15.981  67.765 0.0000000000
63609  35.691  -11.473  71.328 0.0000000000
63608  36.567  -11.301  71.493 0.0000000000
49163  16.616  -24.830  87.502 0.0000000000
49164  15.922  -24.770  87.351 0.0000000000
48180  16.107  -25.432  87.857 0.0000000000
55574  23.190  -17.948  88.246 0.0000000000
55624  19.455  -17.977  83.849 0.0000000000
55623  20.393  -17.839  84.107 0.0000000000
55636  19.489  -18.306  82.774 0.0000000000
54461  18.515  -19.530  82.189 0.0000000000
54451  18.164  -19.095  82.888 0.0000000000
62682  41.857  -13.263  63.709 0.0000000000
62672  41.661  -12.345  63.919 0.0000000000
126395  41.339  -12.475  63.360 0.0000000000
65619  41.540  -9.548  59.605 0.0000000000
59221  20.197  -15.215  90.471 0.0000000000
59222  19.431  -15.312  90.550 0.0000000000
114066  20.959  -15.104  90.901 0.0000000000
62637  41.101  -12.099  66.783 0.0000000000
62648  41.759  -13.113  66.364 0.0000000000
61621  42.395  -13.671  65.845 0.0000000000
55553  17.182  -18.699  90.499 0.0000000000
54388  16.988  -19.252  89.985 0.0000000000
137726  16.884  -19.322  90.682 0.0000000000
51214  14.658  -23.003  91.362 0.0000000000
50210  14.589  -23.712  90.817 0.0000000000
125475  14.729  -25.314  90.063 0.0000000000
130157  14.787  -25.931  90.570 0.0000000000
42812  17.606  -30.897  89.557 0.0000000000
118092  17.577  -30.143  90.057 0.0000000000
132092  17.518  -30.193  89.291 0.0000000000
55679  27.474  -18.453  77.300 0.0000000000
55695  27.430  -18.154  76.574 0.0000000000
54512  26.876  -18.948  76.893 0.0000000000
54429  25.259  -19.362  85.641 0.0000000000
53325  26.317  -20.933  81.816 0.0000000000
52269  26.709  -21.982  81.643 0.0000000000
135716  26.440  -21.649  81.329 0.0000000000
53334  25.909  -21.143  80.377 0.0000000000
55740  32.240  -18.226  71.491 0.0000000000
119098  31.508  -17.901  71.345 0.0000000000
62588  34.412  -12.137  72.083 0.0000000000
61575  32.533  -13.262  71.600 0.0000000000
61576  31.840  -13.633  71.272 0.0000000000
61583  31.495  -13.640  70.589 0.0000000000
60572  31.387  -14.329  71.239 0.0000000000
63563  38.565  -11.114  75.068 0.0000000000
130724  35.576  -11.824  73.846 0.0000000000
62583  35.404  -11.842  73.153 0.0000000000
52237  15.489  -21.652  86.598 0.0000000000
120703  15.592  -23.177  86.679 0.0000000000
52233  15.362  -21.360  87.402 0.0000000000
56834  20.901  -17.043  87.022 0.0000000000
58131  19.980  -17.003  86.740 0.0000000000
56872  18.832  -17.740  85.738 0.0000000000
56881  19.070  -17.786  84.838 0.0000000000
55626  17.711  -18.647  84.534 0.0000000000
54433  16.310  -19.970  85.221 0.0000000000
53300  16.594  -20.348  84.596 0.0000000000
130504  38.790  -10.615  69.000 0.0000000000
63683  39.589  -11.192  66.778 0.0000000000
63682  40.326  -11.412  66.990 0.0000000000
63697  39.459  -11.491  65.883 0.0000000000
55527  17.263  -18.297  93.009 0.0000000000
54353  16.717  -19.546  93.124 0.0000000000
52190  15.895  -20.898  92.943 0.0000000000
52191  15.396  -21.671  92.515 0.0000000000
127640  15.350  -22.375  93.037 0.0000000000
44802  14.794  -27.758  94.985 0.0000000000
44805  14.852  -28.437  94.611 0.0000000000
131091  17.428  -30.367  92.561 0.0000000000
42796  17.804  -30.572  91.488 0.0000000000
133128  17.947  -32.763  89.703 0.0000000000
38993  18.110  -34.223  90.251 0.0000000000
39008  17.706  -33.949  89.537 0.0000000000
138069  18.012  -35.668  91.128 0.0000000000
37914  18.419  -36.164  91.769 0.0000000000
54484  28.364  -19.875  80.540 0.0000000000
54494  28.095  -19.579  79.879 0.0000000000
54500  27.746  -19.332  79.154 0.0000000000
53333  27.553  -21.787  80.074 0.0000000000
134634  24.094  -18.833  81.159 0.0000000000
54496  24.318  -19.604  79.796 0.0000000000
53348  22.272  -20.051  79.620 0.0000000000
136090  29.428  -16.915  71.420 0.0000000000
57043  26.743  -17.800  70.714 0.0000000000
57042  27.439  -17.442  70.575 0.0000000000
57060  26.928  -17.804  69.960 0.0000000000
68707  46.146  -6.265  56.059 0.0000000000
69687  46.610  -5.637  56.518 0.0000000000
69696  46.806  -5.960  55.730 0.0000000000
68715  46.500  -6.669  55.415 0.0000000000
67701  46.252  -7.424  55.174 0.0000000000
114486  35.803  -11.185  68.076 0.0000000000
114713  34.991  -11.327  67.934 0.0000000000
63655  33.654  -11.523  68.260 0.0000000000
63671  33.502  -11.527  67.404 0.0000000000
63672  32.736  -11.670  67.082 0.0000000000
62638  32.272  -12.182  66.727 0.0000000000
119981  33.390  -12.295  70.770 0.0000000000
62600  33.474  -11.936  70.051 0.0000000000
62614  32.047  -12.685  69.383 0.0000000000
61612  30.754  -13.899  67.848 0.0000000000
60611  30.895  -14.012  67.026 0.0000000000
60623  31.238  -14.211  66.274 0.0000000000
63573  39.107  -11.206  74.376 0.0000000000
114495  38.230  -10.980  71.922 0.0000000000
114492  38.602  -10.727  70.369 0.0000000000
114488  36.828  -10.847  69.131 0.0000000000
55572  25.157  -18.628  88.969 0.0000000000
55588  24.124  -18.621  87.678 0.0000000000
55587  24.935  -18.859  87.988 0.0000000000
56852  21.457  -17.368  86.511 0.0000000000
56868  21.967  -17.572  85.888 0.0000000000
55612  22.280  -17.824  85.220 0.0000000000
55621  22.496  -18.085  84.597 0.0000000000
55610  23.374  -18.484  85.454 0.0000000000
125702  22.662  -18.278  84.018 0.0000000000
55634  21.363  -18.406  82.728 0.0000000000
55655  20.136  -18.814  81.444 0.0000000000
54474  20.820  -19.311  81.008 0.0000000000
53306  17.484  -20.350  83.405 0.0000000000
52257  17.571  -21.175  83.503 0.0000000000
64637  43.800  -11.007  66.230 0.0000000000
65590  41.715  -9.924  64.071 0.0000000000
65588  43.141  -9.365  65.009 0.0000000000
66617  42.781  -8.881  64.283 0.0000000000
66616  43.551  -8.562  64.635 0.0000000000
66628  42.538  -8.429  63.507 0.0000000000
62709  40.916  -12.357  62.099 0.0000000000
63729  40.608  -11.412  62.392 0.0000000000
65607  40.907  -9.208  61.152 0.0000000000
65602  40.746  -9.871  61.948 0.0000000000
66631  41.756  -8.192  62.004 0.0000000000
67660  42.484  -7.889  62.687 0.0000000000
67664  42.289  -7.661  61.920 0.0000000000
67663  42.946  -7.321  62.123 0.0000000000
129441  42.601  -7.336  61.417 0.0000000000
66643  41.750  -8.224  59.122 0.0000000000
67677  41.939  -7.738  59.801 0.0000000000
126933  42.272  -7.488  58.988 0.0000000000
67680  42.958  -7.041  58.961 0.0000000000
117051  42.981  -7.538  58.315 0.0000000000
56819  18.383  -17.158  88.057 0.0000000000
56820  17.754  -17.676  88.306 0.0000000000
58068  17.685  -16.846  90.665 0.0000000000
58035  17.932  -15.762  92.689 0.0000000000
58036  17.632  -16.725  92.664 0.0000000000
123966  25.740  -19.097  91.582 0.0000000000
55552  23.923  -17.823  89.937 0.0000000000
58066  22.275  -16.123  89.995 0.0000000000
58080  22.637  -16.712  89.813 0.0000000000
58083  19.477  -15.986  88.988 0.0000000000
133178  18.951  -16.773  87.859 0.0000000000
133040  34.140  -11.710  65.325 0.0000000000
61632  42.739  -13.788  65.265 0.0000000000
60635  42.214  -14.124  64.677 0.0000000000
61643  42.460  -13.834  64.594 0.0000000000
60646  41.739  -14.330  64.315 0.0000000000
60647  41.290  -14.485  63.935 0.0000000000
60658  40.764  -14.521  63.377 0.0000000000
54412  16.489  -19.350  87.646 0.0000000000
54401  16.777  -19.230  88.427 0.0000000000
53262  16.144  -20.214  89.068 0.0000000000
53274  15.641  -20.664  88.514 0.0000000000
52226  15.265  -21.833  88.102 0.0000000000
121720  15.362  -21.335  88.759 0.0000000000
128353  16.094  -20.402  90.755 0.0000000000
51222  14.906  -22.335  89.880 0.0000000000
49153  15.158  -24.736  88.566 0.0000000000
47059  15.732  -26.793  89.620 0.0000000000
47058  16.792  -26.816  89.829 0.0000000000
45994  17.508  -27.501  89.769 0.0000000000
50195  14.880  -23.734  93.545 0.0000000000
121934  14.530  -24.878  92.524 0.0000000000
44824  14.827  -28.625  92.954 0.0000000000
135835  14.619  -27.843  93.098 0.0000000000
44837  15.976  -28.487  91.223 0.0000000000
45982  15.198  -28.021  91.553 0.0000000000
130070  15.551  -27.845  90.913 0.0000000000
45988  15.033  -27.215  91.118 0.0000000000
47048  15.620  -27.381  90.352 0.0000000000
45987  16.108  -27.918  90.592 0.0000000000
37905  19.240  -36.384  92.950 0.0000000000
36791  19.186  -36.660  93.715 0.0000000000
36798  18.778  -36.854  93.324 0.0000000000
56988  33.239  -18.106  73.346 0.0000000000
56962  29.183  -16.646  74.706 0.0000000000
114015  28.030  -16.873  73.757 0.0000000000
56964  27.534  -17.768  75.730 0.0000000000
55718  26.958  -18.011  74.317 0.0000000000
55719  26.456  -18.749  74.792 0.0000000000
54532  25.612  -19.945  74.403 0.0000000000
53390  25.262  -20.783  74.672 0.0000000000
52332  24.824  -21.532  74.582 0.0000000000
51347  23.380  -22.959  75.583 0.0000000000
50342  23.565  -23.387  75.005 0.0000000000
54398  26.629  -19.671  88.724 0.0000000000
53272  27.290  -20.434  89.010 0.0000000000
53286  27.105  -20.274  86.540 0.0000000000
129108  27.354  -20.512  87.213 0.0000000000
128444  27.707  -21.127  86.693 0.0000000000
54448  25.652  -19.456  83.909 0.0000000000
52247  27.780  -21.725  84.390 0.0000000000
51256  28.134  -22.311  83.812 0.0000000000
51280  27.734  -22.572  82.519 0.0000000000
51288  27.748  -22.614  82.228 0.0000000000
51297  27.501  -22.573  81.686 0.0000000000
51298  27.169  -22.618  81.079 0.0000000000
51309  26.166  -22.280  79.454 0.0000000000
51317  25.886  -22.455  78.690 0.0000000000
52293  25.342  -22.019  78.365 0.0000000000
53346  25.074  -20.384  79.264 0.0000000000
53359  23.767  -20.494  78.096 0.0000000000
52304  23.675  -21.170  77.220 0.0000000000
52303  24.849  -22.018  77.461 0.0000000000
51337  23.811  -22.370  76.153 0.0000000000
60562  33.060  -15.423  73.689 0.0000000000
60559  33.576  -14.295  73.944 0.0000000000
60563  32.529  -15.473  73.126 0.0000000000
58263  31.455  -17.432  70.814 0.0000000000
59400  31.627  -16.559  71.230 0.0000000000
59411  31.013  -16.451  70.478 0.0000000000
57040  29.835  -17.398  69.968 0.0000000000
115273  30.658  -17.357  70.568 0.0000000000
55797  29.566  -18.185  67.959 0.0000000000
57057  29.936  -17.566  69.121 0.0000000000
57075  30.065  -17.901  68.291 0.0000000000
138075  30.445  -17.179  68.718 0.0000000000
116276  49.531  -4.849  54.329 0.0000000000
70670  50.347  -4.817  54.088 0.0000000000
66655  44.194  -8.487  56.132 0.0000000000
62589  33.900  -12.629  72.643 0.0000000000
62584  34.169  -12.791  73.413 0.0000000000
61572  32.570  -13.780  72.527 0.0000000000
53287  15.869  -20.306  85.874 0.0000000000
54413  15.929  -19.954  87.257 0.0000000000
137902  19.218  -17.204  86.887 0.0000000000
56855  18.586  -17.603  86.636 0.0000000000
55603  18.114  -18.102  85.985 0.0000000000
55614  17.561  -18.542  85.399 0.0000000000
116652  17.051  -19.025  84.893 0.0000000000
63668  38.163  -10.705  67.926 0.0000000000
63684  38.191  -10.742  67.139 0.0000000000
63698  38.406  -11.345  65.493 0.0000000000
54339  17.321  -19.755  93.913 0.0000000000
41875  18.083  -31.474  91.942 0.0000000000
40924  18.168  -32.746  90.564 0.0000000000
38992  18.545  -34.554  90.965 0.0000000000
38977  19.053  -34.928  91.687 0.0000000000
54468  29.182  -19.447  81.643 0.0000000000
53343  27.826  -20.778  80.129 0.0000000000
52281  27.167  -22.236  79.832 0.0000000000
54460  22.104  -18.849  81.584 0.0000000000
54459  22.840  -18.722  81.823 0.0000000000
54472  22.546  -19.026  81.004 0.0000000000
54487  22.518  -19.546  80.287 0.0000000000
53336  21.766  -19.925  80.148 0.0000000000
57009  27.801  -17.055  72.121 0.0000000000
68684  44.554  -6.417  60.178 0.0000000000
68682  45.911  -5.965  60.724 0.0000000000
135991  47.621  -4.881  57.664 0.0000000000
69679  46.488  -5.474  57.406 0.0000000000
69688  45.895  -5.977  56.836 0.0000000000
130750  45.465  -6.642  56.383 0.0000000000
116592  35.234  -11.270  68.736 0.0000000000
63639  34.670  -11.429  69.345 0.0000000000
63641  33.163  -11.795  68.680 0.0000000000
61590  31.422  -13.371  69.766 0.0000000000
61598  31.350  -13.245  68.978 0.0000000000
61599  30.809  -13.782  68.645 0.0000000000
60612  30.463  -14.835  67.489 0.0000000000
63595  36.711  -11.368  72.360 0.0000000000
63594  37.580  -11.204  72.559 0.0000000000
63607  37.384  -11.162  71.709 0.0000000000
114715  37.189  -11.057  70.861 0.0000000000
63637  36.195  -11.081  69.787 0.0000000000
137963  17.460  -25.408  89.575 0.0000000000
48161  16.995  -26.077  89.520 0.0000000000
55560  24.405  -18.295  89.486 0.0000000000
133789  23.710  -18.285  88.204 0.0000000000
55589  23.475  -18.287  87.575 0.0000000000
56869  21.469  -17.598  85.291 0.0000000000
56879  20.898  -17.678  84.705 0.0000000000
113955  21.197  -17.904  84.018 0.0000000000
138131  21.496  -18.142  83.452 0.0000000000
55647  19.528  -18.535  81.966 0.0000000000
53397  24.686  -20.669  73.217 0.0000000000
62659  42.697  -12.555  64.911 0.0000000000
64644  42.447  -10.726  65.121 0.0000000000
63711  42.193  -11.490  64.768 0.0000000000
63712  41.460  -11.322  64.102 0.0000000000
64652  41.373  -10.439  63.890 0.0000000000
63741  40.727  -11.463  61.741 0.0000000000
64673  40.928  -10.972  61.125 0.0000000000
65614  41.130  -9.412  60.393 0.0000000000
67672  41.608  -8.004  60.552 0.0000000000
66644  41.436  -8.818  59.736 0.0000000000
65623  41.663  -8.935  59.078 0.0000000000
58084  18.416  -16.224  89.294 0.0000000000
59238  18.954  -15.616  89.847 0.0000000000
59223  18.625  -15.606  90.710 0.0000000000
59220  21.699  -15.531  90.362 0.0000000000
61633  42.060  -14.002  65.197 0.0000000000
62685  39.338  -13.200  63.745 0.0000000000
55562  17.264  -18.502  89.619 0.0000000000
54400  16.982  -19.178  89.203 0.0000000000
54389  16.624  -19.761  89.571 0.0000000000
53249  16.091  -20.312  89.888 0.0000000000
52202  15.176  -21.676  91.634 0.0000000000
51217  15.107  -21.739  90.652 0.0000000000
51218  14.775  -22.591  90.688 0.0000000000
122027  14.638  -23.998  90.076 0.0000000000
49139  14.763  -24.663  89.604 0.0000000000
48135  15.156  -26.085  89.702 0.0000000000
45996  16.265  -27.442  90.118 0.0000000000
50186  15.413  -23.374  94.314 0.0000000000
43730  17.183  -29.186  91.816 0.0000000000
44823  15.415  -28.831  92.095 0.0000000000
44835  17.290  -28.889  91.210 0.0000000000
44848  17.390  -28.675  90.500 0.0000000000
130590  30.784  -16.868  74.030 0.0000000000
56961  30.937  -16.850  75.090 0.0000000000
120972  29.702  -16.744  75.473 0.0000000000
122806  29.285  -18.264  79.921 0.0000000000
55669  29.405  -17.982  79.203 0.0000000000
55677  28.916  -18.043  78.712 0.0000000000
56931  28.912  -17.783  77.919 0.0000000000
56942  28.602  -17.661  77.113 0.0000000000
55686  27.927  -17.912  77.031 0.0000000000
130888  26.656  -18.692  75.372 0.0000000000
127872  26.404  -19.252  75.546 0.0000000000
53379  26.109  -20.329  75.757 0.0000000000
52311  26.187  -21.865  76.882 0.0000000000
52312  25.709  -22.194  76.716 0.0000000000
51345  24.779  -22.302  75.956 0.0000000000
116269  24.365  -22.607  75.293 0.0000000000
51346  24.219  -22.569  75.768 0.0000000000
54410  25.719  -19.318  87.361 0.0000000000
54418  26.248  -19.664  86.522 0.0000000000
53293  26.707  -20.068  85.792 0.0000000000
120020  25.792  -19.763  82.142 0.0000000000
53305  26.360  -20.286  83.236 0.0000000000
53314  26.253  -20.336  82.528 0.0000000000
52255  27.190  -21.810  82.881 0.0000000000
51268  27.690  -22.389  82.938 0.0000000000
51290  26.949  -22.494  81.360 0.0000000000
51299  26.785  -22.473  80.604 0.0000000000
52282  25.977  -21.962  79.836 0.0000000000
52294  22.529  -20.758  77.958 0.0000000000
51329  22.110  -21.829  76.811 0.0000000000
51339  21.755  -22.691  76.600 0.0000000000
58243  32.705  -17.451  72.309 0.0000000000
59396  32.329  -16.244  72.521 0.0000000000
58253  32.480  -17.847  71.596 0.0000000000
58254  32.123  -17.712  71.194 0.0000000000
57038  31.186  -17.467  70.714 0.0000000000
69694  48.040  -5.346  55.044 0.0000000000
63610  34.883  -11.764  71.434 0.0000000000
63622  34.688  -11.710  70.674 0.0000000000
62591  34.052  -12.106  71.285 0.0000000000
62593  32.803  -12.719  70.985 0.0000000000
114025  33.757  -12.475  71.953 0.0000000000
61584  30.889  -14.059  70.067 0.0000000000
63574  37.976  -11.278  74.372 0.0000000000
137256  36.593  -11.509  74.450 0.0000000000
136890  36.569  -11.477  73.674 0.0000000000
133367  36.896  -11.368  73.182 0.0000000000
137517  36.453  -11.479  72.890 0.0000000000
50261  15.864  -22.891  85.980 0.0000000000
50238  15.361  -23.420  87.473 0.0000000000
56802  22.125  -17.097  88.641 0.0000000000
56817  22.602  -17.584  88.152 0.0000000000
114879  20.044  -17.328  86.070 0.0000000000
56870  20.556  -17.471  85.506 0.0000000000
55638  17.899  -18.812  83.675 0.0000000000
115739  17.025  -19.964  83.978 0.0000000000
54442  16.756  -19.659  84.645 0.0000000000
62683  41.424  -13.122  62.880 0.0000000000
60349  20.622  -14.794  91.720 0.0000000000
116584  39.956  -10.623  69.416 0.0000000000
118852  40.325  -10.873  68.445 0.0000000000
116583  38.865  -10.682  68.273 0.0000000000
63666  40.740  -11.367  67.574 0.0000000000
120642  40.950  -12.692  66.017 0.0000000000
63714  38.649  -11.880  64.538 0.0000000000
117573  38.813  -12.446  63.990 0.0000000000
62686  38.459  -12.833  63.497 0.0000000000
55542  17.221  -18.251  91.887 0.0000000000
54365  17.002  -18.986  91.394 0.0000000000
137828  16.346  -19.986  91.841 0.0000000000
53235  16.011  -20.409  91.671 0.0000000000
133829  15.879  -20.602  92.306 0.0000000000
134795  14.894  -22.454  92.127 0.0000000000
50204  14.576  -23.824  91.647 0.0000000000
45973  14.648  -27.534  94.395 0.0000000000
44806  14.663  -28.120  93.744 0.0000000000
44814  15.357  -29.391  92.905 0.0000000000
43712  16.132  -30.042  92.930 0.0000000000
43720  16.881  -29.523  92.374 0.0000000000
42804  17.748  -30.873  90.469 0.0000000000
40950  17.719  -32.384  89.080 0.0000000000
132221  29.307  -18.526  80.550 0.0000000000
55670  28.557  -18.570  79.415 0.0000000000
54505  27.070  -19.230  77.658 0.0000000000
53366  26.898  -20.243  78.062 0.0000000000
53356  26.898  -21.344  78.538 0.0000000000
54440  24.722  -18.990  84.521 0.0000000000
54449  24.852  -18.910  83.568 0.0000000000
54457  24.907  -19.004  82.578 0.0000000000
54458  23.896  -18.677  82.027 0.0000000000
53327  25.617  -20.081  80.823 0.0000000000
116110  22.915  -20.153  78.851 0.0000000000
52295  21.616  -21.132  78.381 0.0000000000
57006  31.186  -17.692  72.200 0.0000000000
114616  30.417  -17.226  71.427 0.0000000000
57041  28.579  -17.155  70.392 0.0000000000
55782  27.223  -17.987  69.100 0.0000000000
70655  48.452  -4.354  56.593 0.0000000000
70649  47.944  -4.652  57.233 0.0000000000
70656  47.780  -4.799  56.349 0.0000000000
70663  47.743  -5.127  55.682 0.0000000000
68727  46.872  -7.111  54.835 0.0000000000
63686  35.894  -11.240  66.471 0.0000000000
63701  35.504  -11.370  65.756 0.0000000000
63687  34.966  -11.416  66.435 0.0000000000
63670  34.245  -11.431  67.721 0.0000000000
63689  33.391  -11.559  66.521 0.0000000000
62613  32.528  -12.214  68.591 0.0000000000
62626  31.787  -12.715  68.440 0.0000000000
132198  31.600  -12.835  67.740 0.0000000000
62625  32.189  -12.266  67.654 0.0000000000
61622  31.441  -13.434  66.581 0.0000000000
115112  38.467  -11.084  72.762 0.0000000000
131627  39.513  -10.625  70.486 0.0000000000
63636  38.358  -10.666  69.560 0.0000000000
114489  37.618  -10.724  69.360 0.0000000000
63653  37.470  -10.730  68.478 0.0000000000
114485  36.336  -11.081  67.330 0.0000000000
54363  26.421  -19.656  91.323 0.0000000000
54376  26.554  -19.781  90.304 0.0000000000
54399  25.838  -19.126  88.402 0.0000000000
54420  24.531  -19.116  86.190 0.0000000000
56832  22.463  -17.628  87.423 0.0000000000
55602  23.063  -18.100  86.868 0.0000000000
55611  22.824  -17.967  85.894 0.0000000000
114045  23.414  -18.478  86.156 0.0000000000
54431  23.918  -18.786  85.024 0.0000000000
55632  23.190  -18.509  83.650 0.0000000000
55645  22.171  -18.586  82.303 0.0000000000
55742  25.794  -18.765  72.585 0.0000000000
67649  44.419  -7.262  63.787 0.0000000000
62684  40.787  -12.060  62.902 0.0000000000
64658  40.605  -11.306  62.986 0.0000000000
65598  41.303  -9.779  63.347 0.0000000000
64674  40.638  -10.715  61.821 0.0000000000
65601  41.124  -9.494  62.561 0.0000000000
134088  43.028  -7.814  63.353 0.0000000000
67658  44.064  -6.964  63.069 0.0000000000
68664  44.535  -6.692  62.541 0.0000000000
68675  43.802  -6.701  61.273 0.0000000000
67671  42.281  -7.477  60.638 0.0000000000
68685  43.735  -6.683  60.415 0.0000000000
68690  43.782  -6.640  59.383 0.0000000000
68694  44.312  -6.518  58.471 0.0000000000
68700  44.490  -6.747  57.517 0.0000000000
68701  43.764  -7.141  57.875 0.0000000000
55591  17.341  -18.381  87.150 0.0000000000
55592  16.759  -18.909  87.213 0.0000000000
121971  17.534  -18.227  87.910 0.0000000000
56803  17.464  -17.550  89.123 0.0000000000
138205  18.320  -15.600  91.384 0.0000000000
59195  18.557  -15.103  92.713 0.0000000000
59208  18.372  -15.370  92.014 0.0000000000
122501  17.826  -15.963  91.865 0.0000000000
58051  17.621  -16.768  91.591 0.0000000000
56737  17.727  -17.819  94.339 0.0000000000
55515  17.719  -18.600  94.236 0.0000000000
53234  26.895  -20.301  92.264 0.0000000000
55541  24.777  -18.094  91.261 0.0000000000
55551  24.620  -18.188  90.401 0.0000000000
119606  23.284  -17.536  89.508 0.0000000000
56788  23.187  -17.086  90.038 0.0000000000
56801  22.671  -17.161  89.358 0.0000000000
58099  20.404  -16.260  88.401 0.0000000000
58117  19.440  -16.848  87.404 0.0000000000
63718  34.660  -11.890  64.798 0.0000000000
63681  44.274  -12.025  66.379 0.0000000000
63695  43.628  -11.962  65.837 0.0000000000
61631  43.419  -13.409  65.689 0.0000000000
62658  43.379  -12.816  65.451 0.0000000000
62671  42.367  -13.184  64.369 0.0000000000
61652  42.241  -13.823  64.079 0.0000000000
62661  40.884  -13.255  65.464 0.0000000000
61634  41.320  -13.878  65.093 0.0000000000
61644  41.072  -14.272  64.507 0.0000000000
61645  40.211  -13.780  64.194 0.0000000000
133323  41.776  -14.360  63.859 0.0000000000
53280  15.565  -20.612  87.684 0.0000000000
52218  15.229  -21.497  89.619 0.0000000000
51221  15.145  -22.112  88.953 0.0000000000
49152  15.668  -25.223  87.898 0.0000000000
48162  15.864  -25.781  88.345 0.0000000000
48145  15.619  -26.047  88.940 0.0000000000
47070  16.109  -26.326  89.016 0.0000000000
130115  17.775  -26.186  90.127 0.0000000000
49116  14.518  -24.608  91.824 0.0000000000
48111  14.556  -25.723  93.814 0.0000000000
48116  14.507  -25.619  92.833 0.0000000000
45980  14.812  -28.039  92.368 0.0000000000
45983  14.740  -27.406  91.937 0.0000000000
48122  14.520  -25.441  91.927 0.0000000000
47049  14.630  -25.869  91.343 0.0000000000
48127  14.559  -25.152  91.047 0.0000000000
130645  17.282  -27.951  90.374 0.0000000000
44858  17.465  -28.462  89.761 0.0000000000
37913  19.068  -35.890  92.080 0.0000000000
36806  18.036  -36.857  92.232 0.0000000000
61566  34.251  -13.666  74.389 0.0000000000
55728  32.327  -18.461  71.952 0.0000000000
58237  28.887  -16.645  73.103 0.0000000000
58227  29.820  -16.664  73.990 0.0000000000
58236  29.588  -16.644  73.363 0.0000000000
56993  28.172  -16.834  72.861 0.0000000000
56995  26.890  -17.817  73.492 0.0000000000
56963  28.483  -17.063  75.468 0.0000000000
55741  26.335  -18.235  73.033 0.0000000000
55730  25.892  -18.887  73.410 0.0000000000
54539  25.538  -19.564  73.660 0.0000000000
53405  25.103  -19.869  73.075 0.0000000000
52342  24.536  -21.535  73.735 0.0000000000
53373  25.920  -21.458  76.246 0.0000000000
53380  25.589  -21.068  75.501 0.0000000000
51368  24.086  -22.298  73.273 0.0000000000
51369  23.998  -23.051  73.944 0.0000000000
50356  23.593  -23.544  74.344 0.0000000000
53312  28.540  -21.678  82.257 0.0000000000
53271  27.814  -21.234  88.422 0.0000000000
51237  28.579  -22.388  86.234 0.0000000000
132481  26.172  -19.794  85.179 0.0000000000
53292  27.202  -20.651  84.910 0.0000000000
52241  27.824  -21.492  85.253 0.0000000000
51245  28.826  -22.543  85.607 0.0000000000
52253  28.204  -22.562  83.305 0.0000000000
52264  28.152  -22.549  82.637 0.0000000000
52274  27.676  -22.339  81.170 0.0000000000
52275  27.372  -22.344  80.502 0.0000000000
51315  26.736  -22.353  79.680 0.0000000000
51316  26.329  -22.406  79.080 0.0000000000
52283  25.455  -21.559  79.143 0.0000000000
51327  25.077  -22.328  77.115 0.0000000000
50333  22.275  -23.152  75.839 0.0000000000
60565  32.802  -14.485  73.251 0.0000000000
59397  31.874  -16.004  72.010 0.0000000000
117796  31.001  -15.315  71.012 0.0000000000
60581  30.651  -15.148  70.136 0.0000000000
120626  30.436  -16.331  68.730 0.0000000000
57023  31.318  -17.652  70.948 0.0000000000
58273  30.572  -17.109  69.350 0.0000000000
58284  30.440  -16.892  68.216 0.0000000000
68708  44.742  -7.010  56.701 0.0000000000
67692  45.099  -7.344  56.013 0.0000000000
67703  44.797  -8.102  55.731 0.0000000000
42787  17.064  -30.141  92.764 0.0000000000
42825  17.515  -30.768  88.649 0.0000000000
54366  16.619  -19.553  92.104 0.0000000000
56818  22.063  -17.250  87.876 0.0000000000
60582  30.612  -14.467  69.580 0.0000000000
62602  31.941  -13.017  70.174 0.0000000000
62639  31.682  -12.708  67.011 0.0000000000
63596  36.017  -11.583  72.668 0.0000000000
63635  39.097  -10.640  69.609 0.0000000000
64657  40.826  -10.724  63.368 0.0000000000
64661  40.798  -10.079  62.768 0.0000000000
65589  42.357  -9.798  64.618 0.0000000000
66633  41.893  -7.771  61.308 0.0000000000
66639  41.254  -8.675  60.482 0.0000000000
67650  43.674  -7.542  63.563 0.0000000000
68665  43.787  -6.879  62.180 0.0000000000
68672  46.424  -5.855  61.211 0.0000000000
68683  45.368  -6.137  60.082 0.0000000000
68688  45.558  -5.969  59.326 0.0000000000
68714  47.160  -6.407  55.116 0.0000000000
69674  45.673  -5.848  58.550 0.0000000000
114483  34.774  -11.413  67.249 0.0000000000
114599  41.206  -8.980  61.944 0.0000000000
129542  44.394  -6.485  60.895 0.0000000000
130283  17.504  -29.604  91.419 0.0000000000
130456  15.024  -28.209  95.316 0.0000000000
132443  43.232  -6.997  61.581 0.0000000000
136135  16.390  -29.106  91.816 0.0000000000
138024  14.646  -23.126  90.755 0.0000000000
