#!ascii label  , from subject sub-v1s9x0051351_ses-1 vox2ras=TkReg
921
13406  11.594  -63.887  28.360 0.6000000238
135146  13.030  -68.049  35.283 0.6999999881
10626  11.787  -67.532  34.482 0.6999999881
11352  8.920  -66.618  31.377 0.8999999762
11369  9.336  -66.308  30.575 0.8000000119
12016  10.525  -65.445  29.229 0.8000000119
13407  10.689  -63.863  28.753 0.6000000238
13395  11.816  -63.336  28.672 0.6999999881
14110  12.048  -62.732  29.317 0.6999999881
10624  13.563  -66.791  35.011 0.6999999881
10604  13.254  -67.728  37.033 0.6999999881
11298  12.150  -66.778  34.236 0.6999999881
129534  11.596  -66.239  33.670 0.6000000238
11313  10.523  -66.398  33.516 0.6999999881
11299  10.008  -67.065  33.748 0.6999999881
11960  9.134  -66.163  32.680 0.8000000119
11990  8.749  -65.609  31.523 0.8000000119
131927  8.808  -66.074  30.857 0.8000000119
115761  9.533  -65.400  29.636 0.8000000119
12682  9.854  -64.246  29.180 0.6000000238
14112  10.538  -63.029  28.957 0.6000000238
122885  11.640  -62.043  29.532 0.6999999881
133889  13.134  -62.297  30.409 0.6999999881
11291  13.862  -66.799  35.992 0.5000000000
132152  13.912  -66.379  36.746 0.6000000238
11947  13.510  -65.973  34.446 0.4000000060
11297  12.988  -66.599  34.448 0.6000000238
126484  12.041  -65.490  33.337 0.5000000000
11977  10.742  -65.138  32.595 0.6000000238
11959  10.088  -65.865  32.977 0.8000000119
12644  8.891  -64.720  31.326 0.6999999881
13381  8.369  -63.927  30.299 0.6999999881
13398  8.018  -63.323  29.921 0.6999999881
116435  10.407  -62.196  29.093 0.5000000000
14785  11.015  -61.536  29.322 0.6000000238
14784  11.672  -61.244  29.711 0.6000000238
14103  12.304  -61.946  29.978 0.6000000238
134380  13.406  -61.885  31.031 0.5000000000
11931  14.453  -65.208  36.420 0.5000000000
11932  14.095  -65.716  37.010 0.6000000238
11924  13.080  -65.715  38.208 0.6000000238
11282  14.188  -65.948  36.162 0.5000000000
12642  11.193  -64.327  32.469 0.5000000000
12643  10.391  -64.554  32.245 0.6000000238
137235  9.219  -63.067  31.363 0.6000000238
13382  7.834  -62.930  30.133 0.6000000238
13408  7.849  -62.525  29.789 0.5000000000
14787  9.477  -61.956  29.053 0.5000000000
14786  10.232  -61.269  29.003 0.6000000238
118552  11.258  -60.721  29.458 0.6000000238
15478  12.398  -60.108  30.381 0.5000000000
15470  13.114  -60.352  31.084 0.5000000000
15451  14.722  -60.537  31.794 0.5000000000
15469  13.900  -60.444  31.512 0.5000000000
11923  13.677  -65.347  37.686 0.5000000000
12582  13.131  -64.859  38.257 0.5000000000
11946  14.105  -65.339  34.725 0.5000000000
12621  13.441  -64.476  33.668 0.4000000060
13335  13.253  -63.656  33.427 0.3000000119
13336  12.504  -63.464  32.936 0.4000000060
13350  11.627  -63.358  32.468 0.3000000119
14071  12.264  -62.583  32.727 0.3000000119
13352  10.581  -63.654  32.087 0.5000000000
14075  9.617  -62.521  31.460 0.5000000000
14754  9.019  -61.887  31.084 0.5000000000
14115  7.502  -62.018  29.996 0.5000000000
14794  8.614  -61.395  29.291 0.5000000000
14793  9.451  -60.947  29.005 0.6000000238
15495  10.826  -59.633  28.927 0.6000000238
15486  11.704  -60.233  29.730 0.5000000000
16223  12.501  -59.125  30.062 0.5000000000
16204  14.437  -59.695  31.391 0.5000000000
12581  13.794  -64.520  37.789 0.5000000000
12595  14.640  -64.547  36.660 0.5000000000
13307  15.006  -63.983  35.364 0.5000000000
13315  14.540  -63.807  34.374 0.4000000060
13316  13.902  -63.930  33.776 0.5000000000
135543  13.524  -62.447  33.540 0.4000000060
14735  12.643  -61.987  33.079 0.3000000119
14751  11.294  -61.688  32.235 0.3000000119
14753  9.851  -61.697  31.419 0.4000000060
14770  7.772  -61.499  30.323 0.5000000000
15490  7.643  -60.643  29.944 0.4000000060
16235  11.541  -59.270  29.189 0.5000000000
16973  12.375  -58.056  28.826 0.5000000000
16964  12.780  -58.413  29.589 0.5000000000
16203  15.088  -58.992  31.112 0.5000000000
16962  14.443  -58.214  30.405 0.4000000060
129141  13.196  -58.919  30.443 0.5000000000
132440  14.246  -63.287  37.802 0.5000000000
13295  15.027  -63.838  36.413 0.5000000000
13306  15.366  -63.257  35.615 0.5000000000
14048  14.649  -62.866  34.290 0.4000000060
14722  14.022  -62.141  33.796 0.4000000060
125363  12.741  -61.138  33.200 0.3000000119
14750  12.037  -61.599  32.593 0.3000000119
14767  10.015  -60.920  31.300 0.4000000060
15473  9.176  -60.372  30.759 0.4000000060
16209  8.616  -59.404  30.343 0.4000000060
14769  8.513  -61.203  30.712 0.4000000060
120846  8.020  -60.337  30.322 0.4000000060
16236  8.025  -59.395  29.894 0.5000000000
16247  9.645  -59.413  29.056 0.5000000000
136174  10.193  -59.712  28.864 0.6000000238
16972  13.096  -57.818  29.200 0.4000000060
16963  13.529  -58.225  30.069 0.5000000000
13275  14.891  -63.246  37.205 0.4000000060
14031  15.342  -62.733  34.887 0.4000000060
14030  15.667  -62.498  35.659 0.4000000060
127776  14.389  -61.394  33.991 0.4000000060
15430  13.366  -60.396  33.401 0.4000000060
15452  12.177  -60.632  32.617 0.4000000060
119156  11.765  -60.081  32.240 0.4000000060
15471  11.123  -59.918  31.658 0.4000000060
15472  10.202  -60.097  31.215 0.4000000060
16208  9.624  -59.450  30.725 0.4000000060
16976  8.466  -58.835  30.054 0.5000000000
130781  9.708  -58.663  29.206 0.5000000000
127073  10.399  -58.113  28.856 0.6000000238
16981  11.878  -58.129  28.528 0.5000000000
137272  12.839  -56.750  28.280 0.4000000060
17798  12.774  -57.540  28.682 0.4000000060
13990  15.404  -62.156  37.153 0.4000000060
14707  15.574  -62.013  34.918 0.4000000060
14012  15.767  -62.200  36.381 0.4000000060
15422  14.840  -60.750  34.142 0.4000000060
15431  12.717  -60.333  32.995 0.4000000060
16206  11.186  -59.112  31.448 0.4000000060
16954  10.740  -58.519  30.940 0.4000000060
16965  9.239  -58.084  30.096 0.4000000060
17799  9.698  -57.557  29.592 0.5000000000
134974  10.990  -56.839  28.444 0.4000000060
121284  11.866  -57.676  28.373 0.6000000238
14691  15.994  -61.599  36.677 0.4000000060
14706  16.062  -61.718  35.708 0.4000000060
125850  15.010  -59.933  33.912 0.4000000060
15423  14.047  -60.764  33.740 0.4000000060
16940  13.366  -59.179  32.813 0.4000000060
16948  12.740  -59.048  32.422 0.4000000060
17780  12.176  -57.867  31.358 0.5000000000
16953  11.613  -58.527  31.440 0.4000000060
17781  11.345  -57.865  30.899 0.3000000119
135992  10.417  -57.109  30.190 0.3000000119
17783  9.851  -57.504  30.119 0.4000000060
135175  10.080  -56.529  29.066 0.4000000060
18633  10.956  -56.282  28.433 0.4000000060
18621  11.702  -56.935  28.308 0.5000000000
14669  15.608  -61.310  37.446 0.4000000060
16173  14.407  -59.371  33.469 0.4000000060
16939  13.926  -58.909  33.017 0.4000000060
17775  13.504  -57.930  32.167 0.3000000119
17779  12.971  -57.678  31.626 0.3000000119
18595  11.822  -57.225  30.711 0.3000000119
135157  11.387  -56.861  30.409 0.3000000119
131964  10.214  -56.730  29.657 0.3000000119
19458  10.191  -55.558  28.792 0.4000000060
20350  12.226  -54.788  27.687 0.4000000060
16144  16.437  -60.151  34.999 0.3000000119
16160  15.815  -59.697  34.278 0.3000000119
16172  15.223  -59.194  33.675 0.3000000119
16938  14.682  -58.684  33.173 0.3000000119
126852  14.026  -57.583  32.149 0.3000000119
133215  13.637  -57.438  31.756 0.3000000119
18594  12.550  -57.196  31.024 0.4000000060
19435  12.374  -55.702  30.052 0.4000000060
18600  11.793  -56.487  30.338 0.3000000119
19436  11.205  -55.619  29.785 0.3000000119
20323  9.961  -54.666  29.175 0.3000000119
20351  10.094  -54.556  28.792 0.4000000060
128147  11.248  -53.771  27.852 0.4000000060
136896  12.973  -53.887  27.264 0.4000000060
18598  13.355  -56.096  30.466 0.4000000060
20315  12.675  -54.797  29.677 0.4000000060
20316  11.565  -54.774  29.603 0.4000000060
21238  10.733  -53.886  29.301 0.3000000119
21257  10.033  -53.737  28.989 0.4000000060
22193  11.004  -52.243  28.004 0.4000000060
22209  11.838  -52.214  27.487 0.4000000060
21277  10.807  -53.038  28.154 0.4000000060
21294  11.455  -52.980  27.626 0.4000000060
21237  11.931  -53.964  29.337 0.4000000060
22165  11.570  -52.376  28.493 0.5000000000
22176  11.067  -52.288  28.184 0.4000000060
23151  11.431  -51.384  27.795 0.4000000060
21292  13.429  -52.965  27.045 0.3000000119
122096  12.675  -50.758  26.993 0.3000000119
12032  10.598  -64.688  28.831 0.6999999881
11335  8.669  -66.714  32.317 0.8000000119
13396  9.833  -63.421  29.111 0.6000000238
12668  8.614  -64.786  30.294 0.6999999881
13397  8.854  -63.757  29.494 0.6999999881
14778  12.795  -61.261  30.732 0.6000000238
11958  12.867  -65.138  33.579 0.4000000060
12641  12.044  -64.227  32.742 0.4000000060
126378  9.629  -64.395  31.743 0.6999999881
13367  8.303  -63.278  30.656 0.6999999881
14113  9.124  -62.872  29.213 0.6999999881
12607  14.574  -64.656  34.984 0.5000000000
14090  7.957  -62.409  30.493 0.5000000000
14073  10.859  -62.216  32.092 0.4000000060
15497  9.483  -60.129  28.984 0.6000000238
16982  11.368  -58.747  28.704 0.5000000000
123873  11.301  -58.238  28.536 0.6000000238
16190  11.873  -59.286  31.968 0.3000000119
17788  9.681  -57.539  29.794 0.4000000060
15394  16.266  -60.900  36.970 0.4000000060
120609  10.848  -56.490  30.054 0.3000000119
20317  10.503  -54.675  29.422 0.3000000119
21248  10.278  -53.325  29.033 0.3000000119
23163  13.266  -51.690  26.796 0.3000000119
121541  11.709  -70.145  31.615 0.6000000238
8807  11.609  -70.588  31.184 0.6000000238
8134  14.614  -71.551  31.714 0.6000000238
8788  16.296  -70.064  31.039 0.6000000238
7472  9.558  -72.080  30.980 0.5000000000
8136  10.268  -71.180  31.279 0.6000000238
124437  10.718  -69.183  32.361 0.6999999881
9408  11.120  -69.703  31.985 0.6999999881
8153  10.579  -71.021  30.520 0.6000000238
9385  12.626  -69.218  32.290 0.6000000238
9384  13.490  -69.430  32.404 0.6000000238
10674  14.700  -68.093  32.268 0.6000000238
9382  15.063  -69.774  32.318 0.6000000238
8766  15.293  -70.264  32.073 0.6000000238
9406  16.279  -69.466  31.178 0.6000000238
10057  16.949  -68.567  29.700 0.6999999881
7455  10.056  -71.878  32.654 0.6000000238
8743  10.250  -70.487  33.614 0.6999999881
7456  9.720  -72.395  32.029 0.5000000000
8094  10.224  -71.225  33.117 0.6999999881
8115  10.206  -71.111  32.189 0.6999999881
9982  11.126  -68.459  32.354 0.6999999881
9981  12.235  -68.442  32.371 0.6999999881
10657  13.743  -67.910  32.369 0.5000000000
10673  16.034  -67.861  31.115 0.6000000238
10695  16.425  -67.341  30.231 0.6000000238
10708  17.124  -67.522  29.380 0.6999999881
11383  16.844  -66.658  29.205 0.6999999881
10707  17.762  -67.348  28.231 0.6999999881
12024  18.063  -66.235  28.355 0.6999999881
11359  24.464  -66.744  30.577 0.4000000060
11331  22.644  -66.709  32.731 0.5000000000
11333  20.894  -67.038  32.891 0.6000000238
11344  20.104  -67.282  32.118 0.6000000238
119858  18.790  -66.214  29.946 0.6999999881
6784  9.045  -72.970  36.092 0.5000000000
6816  9.905  -73.248  34.678 0.5000000000
116437  10.750  -72.270  34.922 0.6000000238
6846  9.928  -73.408  33.922 0.5000000000
115652  10.485  -71.408  33.958 0.6999999881
113913  10.586  -72.151  34.309 0.5000000000
7437  10.029  -72.905  33.143 0.6000000238
9359  9.906  -69.585  33.377 0.6999999881
9387  10.238  -69.605  32.648 0.6999999881
10660  10.561  -67.801  32.265 0.6999999881
10675  13.336  -67.232  31.893 0.6999999881
126934  15.222  -67.533  31.559 0.6000000238
11362  16.158  -66.735  29.907 0.6000000238
11403  16.958  -65.848  28.092 0.6999999881
12012  17.698  -65.535  28.550 0.6999999881
12000  18.525  -65.655  30.159 0.6999999881
11345  19.505  -66.725  31.570 0.6000000238
11988  19.308  -65.951  31.912 0.6000000238
8687  10.461  -70.951  37.775 0.5000000000
135616  8.419  -71.954  37.014 0.4000000060
8038  10.778  -71.878  36.489 0.5000000000
7363  9.090  -71.902  37.142 0.5000000000
7372  10.226  -72.357  36.222 0.5000000000
8699  11.793  -70.831  35.831 0.6000000238
8049  11.386  -71.450  35.639 0.6000000238
9320  10.219  -69.082  34.233 0.6999999881
8729  10.735  -70.770  34.341 0.6000000238
137538  9.765  -69.245  33.721 0.6999999881
10013  9.474  -67.782  32.505 0.6999999881
122744  12.578  -67.245  31.949 0.6999999881
11347  13.802  -66.741  31.160 0.6999999881
11346  14.808  -66.841  31.008 0.6999999881
11363  15.402  -66.573  30.048 0.6999999881
11384  16.146  -66.192  28.754 0.6999999881
12026  16.502  -65.086  27.372 0.8000000119
12001  18.007  -65.347  29.448 0.6999999881
11956  21.341  -65.601  33.753 0.5000000000
11975  19.915  -65.520  32.809 0.6000000238
12665  18.148  -65.065  30.543 0.6000000238
8689  8.648  -70.835  38.010 0.4000000060
115647  11.748  -70.240  37.220 0.6000000238
8025  10.685  -71.508  37.184 0.6000000238
126597  12.177  -70.202  36.224 0.6000000238
9318  11.915  -70.084  35.151 0.6000000238
9938  10.866  -68.680  34.454 0.6000000238
10641  8.866  -67.659  33.001 0.6999999881
9984  9.270  -68.283  32.983 0.6999999881
11350  10.633  -66.655  31.201 0.6999999881
10677  11.156  -67.093  31.860 0.6999999881
11367  11.205  -66.404  30.299 0.8000000119
11366  12.237  -66.420  30.332 0.8000000119
11386  13.797  -66.189  29.157 0.6000000238
11405  15.504  -65.635  27.631 0.6000000238
12680  16.500  -64.598  28.096 0.8000000119
12679  17.055  -65.044  27.983 0.6999999881
127967  22.512  -65.227  33.674 0.5000000000
11957  20.657  -65.383  33.482 0.6000000238
12652  18.247  -64.714  31.658 0.6999999881
12618  21.893  -64.880  34.118 0.6000000238
9288  10.738  -69.571  38.349 0.5000000000
9289  9.758  -69.485  38.485 0.4000000060
9907  8.451  -68.502  38.531 0.4000000060
9287  11.628  -69.621  37.917 0.5000000000
8676  10.144  -70.277  38.235 0.5000000000
9926  12.520  -69.459  35.758 0.6000000238
9937  11.998  -69.035  34.887 0.6000000238
10616  11.561  -68.241  34.596 0.6000000238
11300  9.152  -67.156  33.374 0.6999999881
11351  9.587  -66.695  31.216 0.8000000119
11368  10.190  -66.403  30.361 0.8000000119
11388  11.804  -66.120  29.481 0.6000000238
12013  13.280  -65.748  28.358 0.6000000238
12037  15.343  -64.827  26.953 0.6999999881
12690  15.874  -64.539  27.440 0.6999999881
122269  17.029  -63.878  31.641 0.6999999881
12620  20.269  -64.725  33.299 0.6000000238
12640  18.293  -64.082  32.335 0.6000000238
13334  18.475  -63.249  32.759 0.6000000238
126672  21.360  -64.087  34.004 0.6000000238
13333  19.400  -63.267  33.134 0.6000000238
10591  12.095  -68.146  38.219 0.5000000000
9904  11.402  -68.880  38.355 0.5000000000
10579  9.536  -68.016  38.585 0.5000000000
10580  8.782  -67.653  38.538 0.5000000000
9924  13.179  -68.175  36.169 0.5000000000
9915  12.133  -68.970  37.869 0.5000000000
9936  12.735  -68.668  35.489 0.6000000238
11389  10.827  -66.095  29.613 0.6999999881
12030  12.189  -65.191  28.235 0.6000000238
12698  13.488  -64.305  26.988 0.6000000238
13403  14.242  -63.736  27.616 0.6000000238
13391  15.248  -63.799  29.355 0.6999999881
13392  14.298  -63.534  28.982 0.6000000238
13364  16.137  -63.910  31.085 0.6000000238
13348  17.720  -63.576  32.286 0.6999999881
126590  22.073  -63.924  34.029 0.5000000000
14060  19.898  -62.543  33.372 0.4000000060
10577  12.425  -67.239  38.207 0.5000000000
10578  11.405  -67.240  38.522 0.5000000000
129920  10.558  -66.773  38.571 0.5000000000
11250  9.372  -66.052  38.506 0.5000000000
129292  8.487  -65.247  38.375 0.5000000000
129409  6.971  -64.274  38.062 0.5000000000
13394  12.622  -63.383  28.674 0.6000000238
120881  13.816  -63.498  28.256 0.6000000238
13379  14.614  -63.375  30.312 0.4000000060
13365  15.547  -63.424  31.505 0.5000000000
14068  16.580  -62.613  32.563 0.4000000060
14066  18.186  -62.353  32.859 0.4000000060
131786  17.740  -62.957  32.631 0.5000000000
11269  12.840  -66.497  38.179 0.6000000238
126632  11.089  -66.249  38.556 0.5000000000
11249  10.198  -66.057  38.544 0.5000000000
11904  9.715  -65.267  38.416 0.5000000000
12561  8.117  -64.721  38.177 0.5000000000
13281  6.967  -63.607  37.458 0.5000000000
13299  5.638  -62.966  36.951 0.4000000060
14016  5.113  -62.641  36.064 0.5000000000
14017  4.147  -62.507  36.152 0.4000000060
14037  2.517  -61.637  35.499 0.4000000060
14020  0.866  -61.331  36.662 0.4000000060
13380  13.732  -63.031  30.095 0.6000000238
14101  14.272  -62.807  30.986 0.4000000060
14069  15.858  -62.394  32.493 0.4000000060
14067  17.328  -62.372  32.696 0.4000000060
11902  11.675  -65.652  38.529 0.5000000000
135315  10.740  -64.598  38.417 0.4000000060
12583  9.149  -63.914  37.814 0.4000000060
12584  8.424  -64.013  37.725 0.5000000000
13297  7.644  -62.694  36.613 0.4000000060
14015  6.004  -62.649  36.055 0.5000000000
14033  6.231  -62.279  35.473 0.4000000060
14712  4.893  -62.077  34.231 0.5000000000
14034  5.424  -62.348  35.193 0.5000000000
14724  4.360  -61.358  33.757 0.3000000119
124635  2.945  -61.319  34.632 0.3000000119
15416  1.460  -60.320  35.636 0.3000000119
14765  14.259  -61.249  31.751 0.4000000060
126521  11.414  -64.746  38.475 0.5000000000
130113  10.805  -63.625  38.229 0.5000000000
13278  9.506  -63.457  37.720 0.4000000060
133697  13.203  -64.034  38.242 0.4000000060
13256  11.621  -63.436  38.390 0.4000000060
13277  10.144  -63.190  37.858 0.4000000060
14672  9.448  -62.030  37.095 0.4000000060
13255  12.571  -63.390  38.387 0.4000000060
13974  11.976  -62.680  38.380 0.4000000060
13993  10.118  -62.341  37.604 0.4000000060
13973  12.934  -62.632  38.375 0.4000000060
131125  10.057  -61.538  37.336 0.4000000060
14692  9.451  -61.278  36.791 0.4000000060
15397  8.809  -60.964  36.335 0.4000000060
14647  11.531  -61.977  38.233 0.4000000060
13991  13.858  -62.615  38.208 0.3000000119
128325  10.683  -61.021  37.572 0.4000000060
15396  9.459  -60.443  36.599 0.4000000060
15411  8.824  -60.072  36.142 0.4000000060
14671  14.242  -62.010  38.165 0.4000000060
16146  8.189  -59.734  35.636 0.4000000060
136842  8.172  -58.986  35.466 0.4000000060
14644  14.193  -61.281  38.295 0.3000000119
138270  12.581  -60.639  38.413 0.4000000060
15375  12.145  -60.117  38.308 0.4000000060
16120  10.885  -59.659  37.364 0.4000000060
16131  9.516  -59.539  36.410 0.4000000060
16145  8.842  -59.112  35.855 0.4000000060
16894  10.360  -58.975  36.748 0.3000000119
13405  12.531  -63.847  27.865 0.6000000238
9925  12.784  -68.886  36.310 0.5000000000
14109  12.879  -62.841  29.600 0.6000000238
14070  15.107  -62.120  32.308 0.4000000060
8114  14.247  -70.995  32.143 0.6000000238
11402  17.901  -66.589  28.305 0.6999999881
12025  17.175  -65.630  28.223 0.6999999881
11330  23.388  -66.563  32.072 0.5000000000
11954  23.257  -64.987  33.172 0.5000000000
11332  21.891  -67.091  33.108 0.5000000000
11309  22.178  -66.456  33.365 0.4000000060
11334  19.986  -66.510  32.532 0.6000000238
7373  9.444  -72.430  36.540 0.5000000000
11365  13.267  -66.461  30.281 0.6999999881
11976  19.048  -65.275  32.256 0.6000000238
9319  11.065  -69.496  34.540 0.6000000238
11364  14.343  -66.500  30.185 0.6999999881
12027  15.959  -65.037  26.980 0.8000000119
12666  17.575  -64.869  29.873 0.6999999881
8677  9.191  -70.197  38.340 0.4000000060
11387  12.766  -66.155  29.340 0.6000000238
11406  14.355  -65.714  27.973 0.6000000238
12667  16.170  -64.200  29.577 0.6999999881
12654  16.907  -64.412  30.424 0.6999999881
127127  22.790  -63.464  33.554 0.5000000000
12616  23.268  -64.112  33.298 0.5000000000
12653  17.612  -64.525  31.027 0.6999999881
12638  19.471  -64.693  32.776 0.6000000238
125418  12.852  -65.375  27.941 0.6999999881
12038  14.439  -64.550  26.926 0.6999999881
13402  15.106  -64.002  28.043 0.6999999881
124361  17.058  -63.173  32.404 0.6000000238
126168  19.838  -63.999  33.177 0.6000000238
13332  20.246  -63.324  33.471 0.6000000238
118631  11.138  -68.110  38.525 0.5000000000
126094  10.323  -67.557  38.584 0.5000000000
126344  9.011  -66.791  38.523 0.4000000060
13404  13.382  -63.645  27.716 0.6000000238
13378  15.407  -63.667  30.611 0.6000000238
125351  2.254  -61.995  36.320 0.3000000119
13366  14.902  -63.206  31.305 0.5000000000
14747  16.665  -61.670  32.635 0.4000000060
133830  7.185  -63.025  36.840 0.5000000000
14036  3.571  -62.022  35.290 0.4000000060
14715  1.398  -60.719  35.590 0.4000000060
119785  12.578  -61.278  38.416 0.4000000060
15356  11.946  -60.839  38.343 0.4000000060
8741  21.057  -70.514  33.574 0.3000000119
119874  22.043  -70.230  32.327 0.3000000119
8202  21.418  -72.234  26.790 0.4000000060
116904  23.182  -72.349  26.705 0.4000000060
6939  22.500  -73.707  25.645 0.4000000060
6948  23.008  -74.404  25.442 0.4000000060
8828  21.568  -70.772  28.466 0.4000000060
8851  20.034  -71.010  26.815 0.4000000060
8847  19.723  -70.298  27.049 0.4000000060
9462  19.760  -70.071  27.596 0.5000000000
8853  18.732  -70.070  26.291 0.5000000000
9474  18.468  -69.568  26.646 0.5000000000
8844  23.198  -71.136  27.748 0.4000000060
8188  22.669  -71.820  27.348 0.5000000000
8203  20.519  -71.793  26.479 0.5000000000
8191  16.393  -70.763  27.151 0.5000000000
8187  24.110  -71.296  27.118 0.5000000000
122593  23.468  -71.746  27.121 0.5000000000
8186  24.774  -70.729  26.965 0.5000000000
7531  23.742  -72.935  26.040 0.4000000060
7543  24.228  -73.611  25.595 0.4000000060
5932  23.460  -75.244  25.979 0.4000000060
6418  24.055  -74.989  26.039 0.4000000060
6930  23.026  -74.112  27.459 0.3000000119
7508  22.011  -73.100  28.606 0.4000000060
131480  23.740  -68.816  29.325 0.4000000060
9415  21.935  -69.255  30.113 0.4000000060
9416  20.866  -69.279  30.095 0.4000000060
10052  24.306  -68.487  29.093 0.4000000060
9446  22.938  -70.042  28.804 0.4000000060
9424  22.457  -69.626  29.443 0.4000000060
9447  20.197  -70.264  28.295 0.4000000060
9426  20.460  -69.587  29.389 0.5000000000
9448  19.673  -69.382  27.989 0.5000000000
10072  24.677  -68.773  28.416 0.4000000060
8826  23.338  -70.448  28.242 0.4000000060
8173  22.146  -71.316  27.969 0.4000000060
9427  19.766  -69.154  28.902 0.5000000000
10086  19.282  -68.523  27.340 0.5000000000
9465  17.870  -69.471  27.018 0.5000000000
137843  17.268  -69.360  27.677 0.6000000238
10075  17.760  -68.249  27.908 0.6000000238
8830  16.395  -70.316  28.412 0.6000000238
11381  18.527  -66.595  28.572 0.6000000238
10721  18.342  -67.474  27.870 0.6000000238
127310  16.653  -69.768  28.835 0.5000000000
6946  24.673  -74.240  25.601 0.4000000060
9417  16.522  -69.276  30.509 0.5000000000
6406  24.291  -74.596  26.438 0.4000000060
121056  23.841  -73.994  27.264 0.4000000060
6916  23.255  -73.315  28.210 0.4000000060
10033  21.394  -68.790  30.675 0.4000000060
10009  21.926  -68.268  31.330 0.5000000000
10034  20.352  -68.689  30.510 0.5000000000
10693  19.928  -68.131  30.948 0.5000000000
10733  19.133  -67.839  27.610 0.5000000000
10694  19.530  -67.593  30.485 0.5000000000
10734  18.874  -67.628  27.654 0.6000000238
121595  19.247  -66.816  30.423 0.6000000238
11380  18.996  -67.084  28.501 0.6000000238
8726  21.445  -70.851  34.059 0.3000000119
9405  23.700  -69.701  31.921 0.3000000119
8814  24.695  -70.821  29.615 0.3000000119
10704  24.567  -67.838  29.459 0.4000000060
10690  24.246  -67.495  30.206 0.4000000060
10691  23.599  -67.774  30.605 0.4000000060
10032  22.424  -68.616  30.554 0.4000000060
10669  22.575  -67.688  31.722 0.4000000060
10670  21.231  -67.945  31.835 0.5000000000
10654  22.273  -67.392  32.427 0.4000000060
10656  20.801  -67.559  32.229 0.5000000000
10076  17.102  -68.983  28.738 0.6000000238
9428  16.663  -69.512  29.557 0.5000000000
10668  23.377  -67.330  31.411 0.4000000060
8817  20.893  -70.252  28.925 0.4000000060
8848  16.590  -70.193  27.686 0.5000000000
8159  24.379  -71.565  29.171 0.3000000119
10053  23.025  -68.925  29.843 0.4000000060
10055  19.509  -68.354  29.005 0.5000000000
133265  19.312  -67.646  29.006 0.6000000238
19457  9.866  -55.036  29.000 0.3000000119
6407  23.584  -74.698  26.573 0.4000000060
6419  23.330  -75.287  26.080 0.4000000060
6421  24.473  -74.751  25.883 0.4000000060
6422  23.872  -74.937  25.880 0.4000000060
6423  23.317  -74.946  25.659 0.4000000060
6794  9.506  -73.230  35.486 0.5000000000
6795  8.766  -73.479  35.501 0.5000000000
6817  9.546  -73.937  34.216 0.5000000000
6929  24.720  -73.949  26.953 0.4000000060
6938  23.390  -73.714  25.586 0.4000000060
6947  23.878  -74.432  25.617 0.4000000060
7374  8.547  -72.415  36.592 0.4000000060
7383  10.236  -72.681  35.383 0.5000000000
7384  9.700  -72.775  35.999 0.5000000000
7411  10.379  -72.627  34.656 0.5000000000
7436  10.235  -72.752  34.039 0.5000000000
7507  22.567  -72.988  28.620 0.4000000060
7530  24.597  -72.617  25.832 0.4000000060
7532  22.835  -73.064  26.190 0.4000000060
7534  21.068  -72.634  26.162 0.4000000060
7542  24.944  -73.446  25.512 0.4000000060
8026  9.836  -71.465  37.501 0.5000000000
8037  11.346  -71.351  36.507 0.6000000238
8039  10.041  -71.979  36.915 0.5000000000
8040  7.797  -71.986  36.826 0.4000000060
8050  10.921  -72.068  35.648 0.6000000238
8073  11.046  -71.642  34.796 0.6000000238
8116  9.958  -71.596  31.898 0.6999999881
8133  15.383  -71.321  31.362 0.6000000238
8137  9.851  -71.650  31.341 0.5000000000
8154  9.963  -71.320  30.542 0.5000000000
8189  21.752  -71.799  27.406 0.4000000060
8190  20.870  -71.532  27.216 0.5000000000
8201  24.101  -72.054  26.500 0.5000000000
8205  18.386  -70.591  26.005 0.5000000000
8675  11.040  -70.323  37.925 0.5000000000
8686  11.247  -70.923  37.304 0.6000000238
8688  9.564  -70.874  37.976 0.4000000060
8710  11.447  -70.882  35.028 0.6000000238
8727  20.656  -70.908  34.071 0.3000000119
8762  22.336  -69.993  33.045 0.3000000119
8763  21.504  -70.205  32.988 0.3000000119
8767  14.664  -70.342  32.310 0.6000000238
8769  12.978  -70.026  32.131 0.6000000238
8770  10.281  -70.392  32.709 0.6999999881
8789  15.697  -70.551  31.537 0.6000000238
8790  15.058  -70.925  31.996 0.6000000238
8792  12.415  -70.533  31.621 0.6000000238
8793  11.146  -70.268  31.560 0.6000000238
8794  10.648  -70.642  31.591 0.6000000238
8805  16.390  -70.187  30.118 0.5000000000
8808  11.068  -70.635  30.971 0.6000000238
8816  21.950  -70.274  29.036 0.4000000060
8818  16.378  -70.280  29.203 0.5000000000
8827  22.522  -70.681  28.418 0.4000000060
8829  20.808  -70.733  28.318 0.4000000060
8845  21.219  -71.242  27.912 0.4000000060
8846  20.333  -70.803  27.630 0.4000000060
8854  17.826  -70.189  26.426 0.5000000000
9296  12.355  -69.458  36.964 0.5000000000
9340  11.121  -70.236  34.575 0.6000000238
9341  10.185  -69.724  34.078 0.6999999881
9342  9.723  -68.974  33.846 0.6999999881
9360  9.585  -68.897  33.398 0.6999999881
9381  22.928  -69.932  32.336 0.3000000119
9383  14.356  -69.610  32.448 0.6000000238
9386  11.661  -69.099  32.232 0.6999999881
9388  9.642  -69.043  33.048 0.6999999881
9407  12.122  -69.745  31.911 0.6000000238
9409  10.637  -70.126  32.109 0.6999999881
9423  23.388  -69.392  29.118 0.4000000060
9425  21.411  -69.742  29.540 0.4000000060
9445  23.891  -69.809  28.339 0.4000000060
9449  16.742  -69.704  28.223 0.6000000238
9463  19.451  -69.400  26.986 0.5000000000
9464  18.679  -68.820  26.957 0.5000000000
9473  19.037  -69.404  26.666 0.5000000000
9905  10.327  -68.634  38.554 0.5000000000
9906  9.309  -68.705  38.566 0.4000000060
9914  12.709  -68.478  37.211 0.5000000000
9950  9.989  -68.436  33.996 0.6999999881
9966  9.415  -68.232  33.364 0.6999999881
9978  14.990  -69.029  32.374 0.6000000238
9979  14.080  -68.758  32.481 0.6000000238
9980  13.172  -68.581  32.440 0.6000000238
9983  9.952  -68.680  32.630 0.6999999881
10010  20.826  -68.357  31.213 0.5000000000
10011  16.205  -68.792  31.228 0.6000000238
10012  15.552  -68.444  31.843 0.6000000238
10031  23.194  -68.354  30.371 0.4000000060
10035  19.591  -68.177  29.981 0.5000000000
10036  16.585  -68.196  30.463 0.6999999881
10054  19.948  -68.995  29.758 0.5000000000
10056  17.364  -68.083  28.837 0.6000000238
10073  24.094  -69.082  28.741 0.4000000060
10074  19.473  -68.358  28.029 0.5000000000
10087  19.021  -68.187  27.263 0.5000000000
10088  18.508  -68.151  27.478 0.6000000238
10097  19.130  -68.762  26.961 0.5000000000
10589  13.649  -67.022  36.926 0.6000000238
10590  13.157  -67.130  37.677 0.5000000000
10603  13.533  -67.481  36.348 0.6999999881
10614  13.431  -67.505  35.553 0.6999999881
10615  12.407  -68.183  34.860 0.6000000238
10625  12.843  -67.390  34.771 0.6999999881
10627  9.068  -67.573  33.253 0.6999999881
10628  8.771  -67.274  33.113 0.6999999881
10655  21.529  -67.521  32.466 0.5000000000
10658  12.837  -67.816  32.311 0.6999999881
10659  11.837  -67.648  32.178 0.6999999881
10661  8.917  -67.470  32.631 0.6999999881
10671  20.362  -67.849  31.652 0.5000000000
10672  19.721  -67.456  31.266 0.5000000000
10676  12.029  -66.995  31.780 0.6999999881
10678  9.965  -67.225  31.874 0.6999999881
10679  9.047  -67.204  31.911 0.8000000119
10680  8.724  -66.961  32.109 0.8999999762
10692  22.916  -68.068  31.039 0.4000000060
10696  15.683  -67.116  30.726 0.6000000238
10705  23.830  -68.252  29.837 0.4000000060
10706  19.257  -67.258  29.576 0.6000000238
10719  18.990  -67.380  27.855 0.6000000238
10720  18.562  -67.060  28.112 0.6000000238
11248  12.023  -66.494  38.476 0.5000000000
11268  13.552  -66.287  37.557 0.6000000238
11310  21.539  -66.412  33.450 0.6000000238
11311  20.708  -66.141  33.279 0.6000000238
11312  12.658  -66.013  33.883 0.6000000238
11314  9.495  -66.591  33.296 0.6999999881
11315  8.795  -66.853  33.062 0.6999999881
11316  8.679  -67.122  32.752 0.8000000119
11348  12.725  -66.709  31.325 0.6999999881
11349  11.694  -66.627  31.232 0.6999999881
11353  8.684  -66.322  31.653 0.8000000119
11360  23.943  -67.185  30.808 0.4000000060
11361  18.839  -66.630  29.304 0.6000000238
11379  24.869  -67.060  29.810 0.4000000060
11382  17.503  -66.701  28.452 0.6999999881
11385  14.931  -66.222  28.932 0.6000000238
11390  9.865  -66.024  29.837 0.8000000119
11404  16.314  -65.438  27.502 0.6999999881
11901  12.432  -65.930  38.416 0.6000000238
11903  10.686  -65.247  38.503 0.5000000000
11905  9.017  -65.447  38.392 0.5000000000
11906  7.804  -65.426  38.517 0.5000000000
11922  14.251  -64.921  37.178 0.5000000000
11940  14.408  -65.336  35.555 0.5000000000
11941  14.020  -66.070  35.285 0.5000000000
11955  22.048  -65.800  33.753 0.4000000060
11961  8.725  -66.683  32.636 0.8000000119
11974  22.756  -65.891  33.164 0.5000000000
11978  9.782  -65.270  32.351 0.8000000119
11979  8.695  -66.196  32.181 0.8000000119
11989  18.694  -65.404  31.337 0.6000000238
11999  19.033  -66.093  30.867 0.6999999881
12002  8.745  -65.441  30.506 0.6999999881
12011  18.385  -65.975  29.069 0.6999999881
12014  12.392  -65.728  28.699 0.6999999881
12015  11.516  -65.642  28.946 0.6999999881
12017  9.104  -65.799  30.173 0.8000000119
12018  8.845  -65.145  29.966 0.6999999881
12028  14.955  -65.140  27.057 0.6999999881
12029  13.724  -65.091  27.380 0.6000000238
12031  11.363  -65.013  28.556 0.6999999881
12036  15.909  -64.935  26.987 0.8000000119
12039  12.848  -64.774  27.503 0.6999999881
12558  12.356  -65.201  38.452 0.5000000000
12559  10.048  -64.218  38.207 0.4000000060
12560  9.007  -64.681  38.158 0.5000000000
12562  7.306  -64.820  38.384 0.5000000000
12580  14.454  -64.054  37.320 0.5000000000
12585  7.616  -64.135  37.804 0.5000000000
12601  14.786  -64.640  35.892 0.5000000000
12608  14.084  -64.593  34.217 0.5000000000
12617  22.632  -64.445  33.712 0.5000000000
12619  21.046  -64.813  33.889 0.6000000238
12622  12.727  -64.284  33.245 0.4000000060
12623  11.624  -64.980  32.804 0.5000000000
12639  18.728  -64.667  32.358 0.6999999881
12655  8.698  -64.929  30.817 0.8000000119
12681  15.817  -64.221  28.437 0.6999999881
12683  9.153  -64.703  29.553 0.6999999881
12684  8.544  -64.318  29.931 0.6999999881
12689  16.407  -64.950  27.234 0.8000000119
12691  14.992  -64.392  27.090 0.6999999881
12692  12.111  -64.476  27.968 0.6000000238
12693  11.279  -64.400  28.443 0.6999999881
12699  12.858  -64.216  27.334 0.6000000238
13257  10.858  -64.230  38.347 0.5000000000
13276  13.457  -63.306  38.217 0.4000000060
13279  8.776  -63.238  37.392 0.4000000060
13280  7.834  -63.342  37.249 0.5000000000
13294  15.387  -62.871  36.551 0.4000000060
13298  6.506  -63.009  36.829 0.4000000060
13330  22.132  -63.155  33.778 0.5000000000
13347  19.006  -64.003  32.787 0.6000000238
13349  16.144  -63.283  32.109 0.5000000000
13351  10.998  -62.868  32.213 0.5000000000
13353  9.756  -63.357  31.591 0.6000000238
13354  8.901  -63.675  31.252 0.6999999881
13393  13.419  -63.350  28.940 0.6000000238
13399  7.608  -62.599  30.008 0.6000000238
13413  13.947  -63.942  26.947 0.6000000238
13414  13.264  -63.945  27.173 0.6000000238
13975  10.941  -62.703  38.177 0.4000000060
13992  10.751  -61.798  37.854 0.4000000060
14018  3.153  -62.266  36.226 0.3000000119
14019  1.535  -61.342  35.941 0.4000000060
14035  4.597  -62.304  35.131 0.5000000000
14049  13.886  -63.076  33.693 0.4000000060
14059  20.846  -62.652  33.634 0.6000000238
14061  19.032  -62.471  33.123 0.4000000060
14062  13.010  -62.731  33.286 0.4000000060
14072  11.530  -62.378  32.386 0.3000000119
14074  10.387  -62.794  31.854 0.5000000000
14086  15.327  -62.877  32.005 0.5000000000
14087  14.686  -62.512  31.703 0.5000000000
14088  13.998  -62.053  31.466 0.4000000060
14089  8.664  -62.687  31.051 0.6000000238
14102  13.707  -62.453  30.837 0.6000000238
14104  7.560  -62.180  30.088 0.5000000000
14111  11.213  -62.622  29.125 0.6000000238
14114  8.517  -62.266  29.378 0.5000000000
14120  11.145  -63.351  28.748 0.6000000238
14121  7.890  -61.751  29.690 0.5000000000
14645  13.368  -61.822  38.373 0.4000000060
14646  12.383  -61.978  38.362 0.4000000060
14670  14.894  -61.709  37.841 0.4000000060
14690  16.482  -61.079  36.192 0.4000000060
14694  1.066  -61.014  36.092 0.4000000060
14713  4.029  -61.681  34.425 0.3000000119
14714  1.897  -61.008  34.966 0.3000000119
14721  14.868  -62.106  34.350 0.4000000060
14725  3.466  -60.955  33.869 0.3000000119
14734  13.229  -61.935  33.431 0.3000000119
14749  14.933  -61.317  32.158 0.4000000060
14752  10.663  -61.458  31.786 0.4000000060
14766  13.532  -61.216  31.354 0.5000000000
14768  9.311  -61.217  31.074 0.4000000060
14779  12.127  -60.951  30.147 0.5000000000
14780  7.516  -61.590  30.034 0.5000000000
14788  7.547  -61.299  29.966 0.5000000000
15355  13.315  -60.908  38.420 0.4000000060
15376  11.315  -60.387  37.866 0.4000000060
15377  10.583  -60.356  37.378 0.4000000060
15393  16.646  -60.484  36.523 0.4000000060
15395  10.025  -60.764  37.116 0.4000000060
15409  16.288  -60.901  35.351 0.3000000119
15410  15.693  -61.257  34.792 0.4000000060
15412  8.159  -60.607  35.879 0.4000000060
15415  1.761  -60.294  34.972 0.3000000119
15421  15.706  -60.463  34.543 0.3000000119
15453  11.385  -60.842  32.143 0.3000000119
15479  7.700  -60.063  29.980 0.4000000060
15480  7.618  -60.895  30.057 0.4000000060
15487  11.188  -60.049  29.290 0.6000000238
15488  10.760  -60.575  29.159 0.6000000238
15489  7.883  -60.137  29.783 0.4000000060
15496  10.173  -60.375  28.890 0.6000000238
15498  8.633  -60.532  29.327 0.6000000238
15499  7.913  -60.934  29.678 0.4000000060
16130  10.105  -59.955  36.950 0.4000000060
16147  7.527  -59.259  35.172 0.4000000060
16161  14.186  -60.112  33.656 0.4000000060
16174  13.665  -59.584  33.270 0.4000000060
16175  13.024  -59.728  32.922 0.4000000060
16189  12.379  -59.840  32.544 0.3000000119
16205  13.577  -59.616  31.073 0.5000000000
16207  10.491  -59.319  31.145 0.4000000060
16221  14.065  -58.897  30.786 0.5000000000
16222  12.928  -59.600  30.667 0.5000000000
16224  8.037  -59.344  30.060 0.5000000000
16234  12.144  -58.737  29.282 0.5000000000
16248  8.702  -59.749  29.434 0.5000000000
16904  9.561  -58.636  36.165 0.3000000119
16947  14.171  -58.171  32.594 0.3000000119
16952  12.333  -58.532  31.836 0.5000000000
16955  9.880  -58.192  30.442 0.4000000060
16956  9.239  -58.714  30.366 0.4000000060
16966  8.600  -58.688  30.070 0.4000000060
16971  13.864  -57.665  29.665 0.5000000000
16974  11.826  -58.495  28.805 0.5000000000
16975  9.092  -58.178  29.953 0.5000000000
16983  9.048  -58.464  29.734 0.5000000000
16984  8.881  -59.042  29.579 0.5000000000
17776  12.926  -58.302  32.077 0.4000000060
17782  10.531  -57.729  30.508 0.3000000119
17797  13.439  -57.275  28.883 0.4000000060
17804  12.888  -57.113  28.441 0.4000000060
17805  10.967  -57.429  28.505 0.5000000000
17806  10.093  -57.249  29.093 0.4000000060
18593  13.376  -56.889  31.174 0.3000000119
18596  11.062  -57.225  30.460 0.3000000119
18599  12.639  -56.571  30.593 0.4000000060
18610  10.089  -56.782  29.284 0.4000000060
18620  12.411  -57.148  28.349 0.6000000238
18622  10.355  -56.527  28.776 0.4000000060
18632  11.671  -56.198  28.224 0.4000000060
19437  10.101  -55.933  29.161 0.3000000119
19445  9.896  -55.139  29.068 0.3000000119
19446  10.005  -55.847  29.008 0.3000000119
19475  11.912  -55.588  28.000 0.4000000060
19476  10.946  -55.475  28.345 0.4000000060
20333  9.841  -54.440  28.986 0.3000000119
21239  10.010  -53.995  29.137 0.4000000060
21256  10.629  -53.054  28.611 0.4000000060
21276  12.282  -53.869  27.474 0.4000000060
21278  10.518  -53.698  28.503 0.4000000060
21293  12.642  -53.163  27.261 0.4000000060
22208  12.857  -52.334  27.079 0.3000000119
23133  11.273  -51.412  28.011 0.4000000060
23164  12.278  -51.486  27.310 0.3000000119
115261  10.324  -72.081  33.530 0.6000000238
115835  8.988  -65.406  32.001 0.6999999881
116179  18.001  -68.791  27.401 0.6000000238
117274  19.259  -67.645  28.171 0.6000000238
118772  17.055  -64.690  29.030 0.6999999881
118868  12.247  -64.243  38.432 0.5000000000
119451  16.234  -71.291  26.832 0.5000000000
120198  12.741  -67.762  37.700 0.5000000000
120451  13.431  -58.584  32.524 0.3000000119
121061  13.794  -71.677  31.828 0.6000000238
121141  24.025  -70.536  27.669 0.5000000000
122018  13.861  -63.852  37.915 0.5000000000
122300  14.281  -67.322  31.789 0.6999999881
122316  8.367  -62.990  29.560 0.6999999881
122519  9.682  -67.682  33.618 0.6999999881
122546  15.085  -63.367  34.864 0.5000000000
122628  21.944  -67.817  31.996 0.4000000060
122783  20.147  -69.791  28.769 0.5000000000
123165  15.764  -69.566  31.797 0.6000000238
124068  13.597  -61.276  33.602 0.4000000060
124144  10.585  -58.966  28.779 0.6000000238
124187  13.578  -65.203  34.069 0.4000000060
124554  8.279  -61.941  30.755 0.5000000000
124712  6.876  -62.605  36.171 0.4000000060
124726  11.071  -53.162  29.021 0.5000000000
124840  17.568  -65.063  28.969 0.6999999881
124855  9.892  -62.701  29.042 0.5000000000
124998  10.305  -55.546  29.424 0.3000000119
125299  11.343  -61.248  38.066 0.4000000060
125421  10.013  -58.842  30.716 0.4000000060
125999  15.088  -61.497  34.412 0.4000000060
126013  12.351  -57.603  28.498 0.5000000000
126345  9.818  -66.761  38.555 0.5000000000
126584  24.296  -69.571  31.622 0.3000000119
127469  20.615  -64.062  33.660 0.6000000238
128475  9.619  -57.999  29.454 0.5000000000
128792  14.574  -61.850  31.937 0.4000000060
128802  11.075  -54.622  28.153 0.4000000060
129071  21.874  -70.389  33.588 0.3000000119
129202  11.107  -65.682  33.158 0.6000000238
129434  11.075  -66.952  34.024 0.6999999881
130415  11.934  -61.465  38.334 0.4000000060
130796  14.702  -62.546  37.675 0.3000000119
130944  12.028  -59.453  29.710 0.5000000000
132022  17.091  -70.144  27.052 0.5000000000
132128  22.889  -67.174  32.113 0.4000000060
132217  17.759  -64.168  31.846 0.6999999881
132406  8.610  -64.111  30.830 0.6999999881
132587  13.624  -52.430  26.847 0.3000000119
133549  10.634  -67.761  34.234 0.6000000238
133962  10.785  -52.888  28.648 0.3000000119
134142  10.313  -62.144  31.720 0.4000000060
134253  23.073  -75.348  26.076 0.4000000060
134407  11.701  -70.718  36.632 0.6000000238
134495  12.226  -56.884  30.660 0.4000000060
134907  18.613  -65.057  31.956 0.6000000238
135170  13.187  -65.600  33.954 0.4000000060
135204  12.283  -64.827  33.093 0.4000000060
135343  23.093  -66.220  32.612 0.5000000000
135764  9.013  -68.214  38.564 0.4000000060
135981  16.207  -65.015  27.056 0.8000000119
136132  10.706  -60.651  31.615 0.4000000060
136162  9.488  -67.353  38.556 0.5000000000
136271  11.366  -64.043  38.389 0.5000000000
136921  8.687  -65.723  31.069 0.8000000119
137645  15.142  -62.723  37.183 0.4000000060
137770  11.176  -71.719  36.101 0.5000000000
138129  9.919  -64.940  29.236 0.6000000238
138265  12.612  -58.106  31.723 0.5000000000
