#!ascii label  , from subject sub-v1s9x0051349_ses-1 vox2ras=TkReg
1864
124738  -34.675  -45.071  20.694 0.5000000000
31615  -34.440  -44.444  20.916 0.4000000060
30663  -33.424  -45.231  21.614 0.6000000238
32474  -34.152  -43.667  21.025 0.6000000238
32489  -35.226  -43.185  19.942 0.6000000238
118878  -34.775  -43.798  20.497 0.5000000000
123937  -35.619  -43.135  19.033 0.6000000238
31600  -32.950  -44.481  21.506 0.6999999881
30662  -32.550  -45.225  21.810 0.6999999881
32488  -34.540  -42.975  20.605 0.6999999881
33272  -35.333  -42.304  19.436 0.6999999881
33295  -35.773  -42.373  17.637 0.5000000000
34071  -35.596  -41.587  18.112 0.6999999881
32515  -35.846  -43.158  18.098 0.5000000000
19613  -26.207  -59.283  19.893 0.5000000000
118854  -32.479  -43.910  21.368 0.6999999881
32487  -33.802  -42.898  20.980 0.6999999881
33258  -34.819  -42.257  20.142 0.6999999881
33257  -33.298  -42.200  20.840 0.6999999881
34060  -34.941  -41.509  19.678 0.6999999881
129200  -34.142  -42.193  20.642 0.6999999881
34047  -34.383  -41.471  20.283 0.6999999881
115226  -35.556  -40.913  17.659 0.6000000238
28021  -30.358  -48.826  15.597 0.6999999881
110794  -30.085  -46.582  16.823 0.6999999881
31598  -31.246  -44.579  21.083 0.6999999881
31597  -30.766  -44.995  20.567 0.6999999881
19607  -26.130  -59.287  20.791 0.6000000238
18138  -24.850  -61.479  20.845 0.4000000060
33243  -33.081  -42.833  21.068 0.6999999881
34061  -35.364  -41.535  18.950 0.6999999881
34895  -35.361  -40.811  18.473 0.6999999881
34894  -35.071  -40.002  18.758 0.6999999881
34912  -35.328  -40.667  16.222 0.6000000238
27180  -28.932  -49.119  14.828 0.6999999881
28020  -29.841  -48.606  15.097 0.6999999881
29799  -30.351  -46.085  18.073 0.6999999881
121797  -30.075  -47.842  15.481 0.6999999881
28906  -29.414  -47.631  14.824 0.6999999881
21119  -26.606  -57.775  20.973 0.6000000238
31613  -30.829  -44.400  20.180 0.6999999881
30684  -30.374  -45.493  18.871 0.6999999881
28896  -30.157  -46.933  15.418 0.6999999881
109981  -29.485  -46.764  14.608 0.6999999881
18120  -24.595  -61.501  22.329 0.5000000000
18877  -25.312  -60.675  20.768 0.5000000000
34046  -33.560  -41.456  20.595 0.6999999881
33256  -32.461  -42.367  20.709 0.6999999881
126005  -29.802  -45.970  14.805 0.6999999881
17386  -24.381  -62.245  21.958 0.4000000060
34882  -34.504  -40.790  19.863 0.6999999881
32486  -31.498  -43.348  20.488 0.6999999881
31642  -30.250  -44.513  18.120 0.6999999881
29798  -29.863  -45.646  16.650 0.6999999881
17385  -23.945  -62.760  22.569 0.4000000060
34045  -32.622  -41.572  20.515 0.6999999881
130642  -30.125  -43.438  17.970 0.6999999881
30699  -29.791  -44.661  16.583 0.6999999881
34883  -34.997  -40.764  19.221 0.6999999881
117912  -34.056  -40.306  19.969 0.6999999881
33270  -30.653  -42.618  18.906 0.6999999881
35710  -35.391  -40.144  17.972 0.6999999881
34863  -31.947  -40.991  19.932 0.6999999881
35732  -35.017  -40.002  15.853 0.6000000238
36491  -35.170  -39.053  17.175 0.6999999881
36490  -34.708  -38.422  17.707 0.6999999881
113785  -32.913  -39.629  13.012 0.5000000000
35762  -34.101  -40.371  12.720 0.4000000060
35761  -33.294  -39.662  12.443 0.5000000000
125611  -28.797  -47.217  14.947 0.6999999881
126961  -26.610  -57.346  21.651 0.6000000238
31627  -30.539  -44.063  19.168 0.6999999881
18867  -25.414  -60.370  21.590 0.5000000000
109980  -29.087  -45.883  14.303 0.6999999881
34865  -33.494  -40.282  20.097 0.6999999881
34044  -31.804  -41.816  20.131 0.6999999881
35697  -34.603  -39.266  19.009 0.6999999881
34880  -32.060  -40.152  19.734 0.6999999881
37247  -33.418  -37.687  14.851 0.6999999881
35727  -35.289  -39.800  16.656 0.6999999881
36506  -33.753  -38.531  15.004 0.6999999881
118770  -34.386  -38.480  15.900 0.6999999881
36513  -33.123  -38.699  13.861 0.6999999881
25592  -27.730  -51.939  20.192 0.6999999881
132964  -28.159  -51.002  19.730 0.6999999881
26362  -28.331  -50.424  19.400 0.8000000119
27157  -28.439  -49.098  19.145 0.8000000119
117159  -27.605  -53.857  20.336 0.6000000238
24843  -27.637  -52.507  20.560 0.6000000238
25584  -27.896  -51.313  20.277 0.6000000238
117104  -28.485  -49.067  18.117 0.8000000119
24101  -27.559  -53.347  21.061 0.6000000238
23361  -27.476  -53.907  22.000 0.6000000238
28895  -28.536  -47.397  16.344 0.6999999881
21875  -27.239  -55.838  21.196 0.6000000238
22627  -27.333  -55.270  21.397 0.6000000238
20338  -26.413  -58.003  21.919 0.6000000238
21104  -26.458  -57.358  22.402 0.6000000238
133663  -28.793  -46.422  14.366 0.6999999881
19597  -25.635  -59.767  22.099 0.5000000000
19584  -25.460  -59.305  22.957 0.6000000238
125693  -28.547  -46.536  15.308 0.6999999881
110469  -29.155  -44.116  14.451 0.6999999881
128702  -34.070  -39.326  19.534 0.6999999881
34864  -32.896  -40.697  20.299 0.6999999881
31641  -29.578  -43.551  16.385 0.6999999881
37242  -34.189  -37.346  16.496 0.8000000119
36499  -34.725  -38.416  16.787 0.6999999881
35685  -32.924  -39.872  19.947 0.6999999881
33281  -30.095  -42.621  18.093 0.6999999881
37241  -33.871  -37.075  15.849 0.8000000119
36480  -34.431  -38.566  18.545 0.6999999881
130344  -33.255  -38.436  19.357 0.6999999881
35749  -32.861  -39.439  12.271 0.5000000000
35751  -34.030  -39.595  12.538 0.5000000000
36536  -33.689  -38.839  12.110 0.5000000000
36526  -34.750  -39.012  13.256 0.4000000060
25573  -27.867  -51.045  21.061 0.6000000238
26352  -28.162  -50.496  20.340 0.6999999881
112481  -28.452  -49.041  20.642 0.8000000119
112269  -28.393  -49.625  19.863 0.8999999762
24834  -27.578  -52.436  21.558 0.6000000238
129348  -28.501  -47.963  19.785 0.8000000119
27990  -28.467  -48.282  18.831 0.8000000119
112243  -28.501  -46.646  18.473 0.8000000119
22613  -27.338  -54.812  22.115 0.6000000238
21851  -26.523  -56.647  22.812 0.6000000238
116305  -28.557  -46.667  17.033 0.8000000119
18845  -24.483  -60.336  23.314 0.6000000238
20316  -25.739  -58.620  23.094 0.6000000238
21087  -26.140  -57.359  23.240 0.6000000238
29797  -28.490  -45.908  17.581 0.6999999881
18109  -24.291  -61.141  23.169 0.5000000000
110467  -28.659  -44.316  14.844 0.6999999881
110402  -28.553  -45.038  16.303 0.6999999881
17369  -23.542  -62.419  23.413 0.5000000000
18108  -23.606  -61.535  23.654 0.5000000000
125640  -28.968  -43.712  14.581 0.6999999881
129918  -29.533  -43.872  15.016 0.6999999881
130496  -33.936  -36.875  16.518 0.8000000119
37235  -34.382  -37.648  17.230 0.8000000119
36465  -33.967  -38.725  19.273 0.6999999881
111359  -32.206  -39.300  19.639 0.6999999881
34058  -30.513  -41.440  18.738 0.6999999881
37220  -34.154  -37.796  18.148 0.6999999881
112966  -27.681  -51.594  21.705 0.6999999881
26341  -27.856  -50.856  21.961 0.6999999881
26342  -28.097  -50.277  21.305 0.6999999881
27138  -28.365  -49.403  21.560 0.8000000119
27979  -28.494  -48.186  20.546 0.8000000119
24093  -27.501  -53.152  21.995 0.6999999881
129124  -28.526  -47.245  20.340 0.8000000119
23349  -27.268  -54.210  22.973 0.6000000238
28871  -28.515  -47.358  19.224 0.8000000119
23360  -26.952  -55.077  23.101 0.6000000238
115382  -28.483  -45.859  18.901 0.6999999881
19583  -24.728  -59.572  23.481 0.6000000238
118236  -25.038  -58.739  23.720 0.6000000238
30698  -28.455  -45.141  18.074 0.8000000119
19582  -24.076  -59.842  23.790 0.6000000238
127474  -28.426  -44.418  18.586 0.8000000119
18107  -22.975  -62.011  24.155 0.4000000060
32514  -29.492  -42.647  16.926 0.6999999881
32522  -28.960  -42.809  15.629 0.6999999881
110904  -28.569  -43.566  16.448 0.6999999881
16650  -21.106  -63.482  24.781 0.4000000060
33280  -29.415  -41.834  17.409 0.6999999881
131966  -28.707  -43.259  15.537 0.6999999881
37948  -34.070  -37.045  17.015 0.8000000119
37219  -33.310  -37.404  18.555 0.8000000119
34070  -29.722  -41.188  18.024 0.6999999881
35695  -31.150  -39.540  19.269 0.6999999881
37969  -32.817  -37.151  14.201 0.8000000119
37256  -32.832  -38.022  13.673 0.6999999881
36525  -32.577  -38.785  12.603 0.5000000000
112709  -34.333  -37.142  12.989 0.5000000000
113449  -33.182  -38.379  11.418 0.5000000000
37258  -35.278  -38.064  14.132 0.4000000060
26328  -27.977  -50.771  22.961 0.6000000238
27128  -28.439  -49.370  22.598 0.6999999881
27969  -28.499  -48.500  21.384 0.8000000119
28849  -28.563  -47.647  21.261 0.8000000119
24083  -27.415  -53.401  22.820 0.6999999881
23348  -26.746  -54.364  23.872 0.6999999881
29772  -28.540  -46.284  20.534 0.8000000119
120380  -26.346  -55.171  24.007 0.6000000238
29758  -28.618  -46.790  21.231 0.8000000119
21840  -25.410  -56.599  24.254 0.6000000238
30658  -28.593  -45.573  20.609 0.8000000119
30672  -28.515  -45.727  19.900 0.8000000119
19568  -24.114  -59.068  24.094 0.6000000238
132296  -24.475  -58.479  24.146 0.6000000238
109983  -28.425  -44.353  17.252 0.8999999762
31626  -28.528  -44.299  19.571 0.8000000119
33293  -28.764  -42.330  16.860 0.8000000119
121592  -28.572  -42.953  17.267 0.8000000119
18094  -22.911  -61.064  24.356 0.5000000000
34892  -28.820  -40.379  18.001 0.8000000119
33301  -29.106  -42.646  16.172 0.6999999881
18092  -21.600  -61.567  25.062 0.4000000060
37955  -33.555  -36.446  16.191 0.8000000119
37234  -33.749  -37.026  17.722 0.8000000119
37931  -32.766  -36.732  18.239 0.8000000119
37200  -31.792  -37.940  19.076 0.8000000119
37961  -33.305  -36.701  15.265 0.8000000119
37201  -32.796  -37.901  19.124 0.8000000119
126377  -30.269  -40.700  18.582 0.6999999881
37218  -32.250  -37.261  18.772 0.8000000119
37968  -32.295  -36.660  13.497 0.8000000119
37946  -32.167  -36.137  17.810 0.8000000119
37279  -32.545  -37.667  11.391 0.6000000238
37268  -32.393  -37.993  11.870 0.6000000238
37281  -33.839  -37.663  11.783 0.5000000000
25551  -27.671  -51.436  23.575 0.6000000238
27956  -28.512  -48.773  22.119 0.6999999881
24082  -27.129  -53.566  23.742 0.6000000238
28836  -29.043  -47.214  22.678 0.6999999881
29744  -28.932  -46.550  22.024 0.6999999881
24792  -27.345  -52.121  24.037 0.6000000238
25536  -27.363  -51.416  24.342 0.6000000238
23340  -25.999  -54.449  24.465 0.6000000238
31595  -28.766  -45.026  20.947 0.8000000119
21077  -24.966  -57.153  24.335 0.6000000238
22588  -25.530  -55.172  24.443 0.6000000238
30659  -28.746  -45.877  21.322 0.6999999881
117858  -23.115  -58.880  24.445 0.5000000000
120282  -28.568  -44.992  20.173 0.8000000119
19566  -22.583  -59.608  24.557 0.3000000119
33253  -28.617  -42.132  19.579 0.8000000119
32484  -28.645  -43.214  19.659 0.8000000119
33279  -28.549  -42.240  17.714 0.8000000119
33269  -28.470  -42.243  18.708 0.8000000119
121726  -28.922  -38.927  18.491 0.8000000119
124467  -33.080  -36.475  17.567 0.8000000119
36463  -31.401  -38.711  19.195 0.8000000119
34893  -29.306  -40.312  18.030 0.8000000119
117739  -29.035  -41.068  17.528 0.6999999881
37217  -31.109  -37.367  18.518 0.8000000119
37930  -31.643  -36.649  18.297 0.8000000119
37981  -32.048  -37.018  12.306 0.6999999881
37994  -32.844  -36.729  11.195 0.6000000238
38711  -35.273  -35.464  14.642 0.3000000119
27116  -28.134  -49.772  24.069 0.6000000238
27943  -28.585  -48.478  23.822 0.6999999881
28825  -28.825  -47.881  23.225 0.6999999881
123157  -29.342  -46.324  23.030 0.6999999881
22594  -22.133  -55.092  23.547 0.5000000000
24807  -26.915  -52.808  24.249 0.6000000238
126515  -29.143  -45.858  22.139 0.6999999881
21838  -23.640  -56.517  24.596 0.5000000000
115737  -24.558  -55.116  24.606 0.5000000000
115393  -26.308  -52.750  24.687 0.6000000238
123602  -29.182  -45.168  21.742 0.6999999881
123440  -21.739  -57.955  24.470 0.3000000119
20303  -23.813  -58.134  24.402 0.5000000000
31596  -29.168  -44.341  21.319 0.8000000119
31612  -29.127  -43.454  20.834 0.8000000119
31611  -28.760  -44.225  20.446 0.8000000119
34057  -28.562  -40.770  18.126 0.8999999762
33254  -29.039  -42.486  20.431 0.8000000119
18825  -22.322  -60.375  24.730 0.4000000060
35707  -28.883  -39.693  18.321 0.8999999762
34042  -28.460  -41.405  18.853 0.8999999762
38701  -32.303  -35.385  15.179 0.8000000119
38702  -32.965  -35.837  15.748 0.8000000119
36478  -30.591  -38.089  18.688 0.8000000119
36462  -30.037  -38.942  18.703 0.8000000119
37960  -32.692  -36.228  14.694 0.8000000119
37980  -31.760  -36.454  11.872 0.6999999881
37290  -32.513  -37.164  11.179 0.6000000238
38722  -33.856  -35.639  13.005 0.6000000238
37983  -34.043  -36.552  12.190 0.6000000238
27102  -28.211  -49.070  24.363 0.6000000238
113288  -28.776  -47.775  24.008 0.6999999881
25519  -27.204  -50.870  24.867 0.6000000238
28826  -29.143  -47.151  23.625 0.6999999881
25535  -26.699  -51.900  24.771 0.6000000238
30639  -29.566  -45.542  23.718 0.8000000119
121239  -23.536  -55.067  24.624 0.6000000238
23338  -24.065  -54.360  24.569 0.5000000000
119919  -25.471  -53.063  24.802 0.6000000238
30649  -29.443  -45.341  22.715 0.6999999881
113769  -29.515  -44.481  22.309 0.8000000119
21074  -22.239  -57.162  24.530 0.4000000060
32470  -29.545  -43.633  21.824 0.6999999881
20302  -22.678  -58.014  24.563 0.4000000060
34861  -28.528  -40.177  19.545 0.8000000119
115743  -29.465  -41.966  21.077 0.8000000119
36476  -28.513  -38.061  18.539 0.8999999762
116886  -28.466  -40.677  18.925 0.8000000119
35706  -28.686  -39.059  18.699 0.8000000119
38687  -31.486  -35.587  17.194 0.8000000119
37929  -30.275  -36.840  17.923 0.8000000119
35708  -29.297  -39.582  18.361 0.6999999881
37216  -29.743  -37.483  18.204 0.8000000119
38721  -31.773  -36.186  12.790 0.8000000119
38697  -31.961  -35.104  16.259 0.8000000119
38728  -32.511  -36.029  11.209 0.6999999881
119245  -32.750  -35.322  11.384 0.6999999881
40323  -32.600  -33.600  12.182 0.6000000238
119077  -33.364  -33.016  13.321 0.6000000238
40310  -34.003  -33.405  14.005 0.6000000238
26282  -27.017  -50.351  25.371 0.6000000238
29717  -28.992  -46.288  24.726 0.8000000119
29733  -29.315  -46.373  24.081 0.6999999881
115843  -22.844  -52.980  23.597 0.5000000000
119835  -25.091  -52.252  24.935 0.5000000000
31584  -29.750  -44.667  23.344 0.8000000119
24073  -23.695  -53.599  24.421 0.5000000000
24074  -24.672  -53.679  24.638 0.5000000000
32447  -29.942  -44.010  23.975 0.8000000119
32448  -30.249  -43.262  23.849 0.8000000119
23336  -22.582  -54.703  24.110 0.5000000000
32457  -29.992  -43.737  22.942 0.8000000119
33226  -29.964  -42.959  22.268 0.8000000119
34014  -30.652  -41.228  22.438 0.8000000119
33241  -29.525  -42.809  21.352 0.8000000119
33242  -30.034  -41.663  21.745 0.8000000119
121963  -29.905  -42.334  21.789 0.8000000119
34862  -29.018  -40.577  20.493 0.8000000119
35693  -28.449  -39.419  18.972 0.8000000119
34841  -29.629  -40.464  21.158 0.8000000119
37215  -28.705  -37.477  18.003 0.8000000119
37233  -28.810  -36.922  17.633 0.8999999762
38709  -32.113  -35.735  14.040 0.8000000119
39452  -31.646  -34.853  15.517 0.8000000119
37992  -31.904  -36.137  11.388 0.6999999881
38720  -31.457  -35.730  12.185 0.6999999881
39492  -32.611  -34.535  11.634 0.6999999881
40321  -31.285  -34.283  11.435 0.6999999881
39491  -32.016  -35.144  11.288 0.6999999881
40322  -31.901  -34.147  11.352 0.6999999881
121731  -27.882  -46.216  25.551 0.8000000119
27898  -27.903  -48.271  25.204 0.6000000238
29702  -27.906  -46.966  25.368 0.6000000238
29716  -28.473  -46.632  25.085 0.8000000119
27114  -22.734  -49.746  22.714 0.6000000238
26315  -23.082  -50.033  23.548 0.5000000000
26281  -26.176  -50.098  25.503 0.6000000238
27896  -26.818  -48.864  25.551 0.6000000238
30623  -29.322  -45.601  24.586 0.8000000119
27968  -22.622  -48.640  21.404 0.6000000238
27954  -22.779  -48.903  22.437 0.6000000238
28823  -23.602  -47.723  23.678 0.6000000238
27100  -24.175  -49.638  24.572 0.5000000000
25533  -24.828  -51.426  24.919 0.5000000000
116596  -22.543  -44.736  21.872 0.5000000000
124717  -22.646  -46.898  21.492 0.5000000000
29731  -23.133  -46.145  22.939 0.6000000238
27942  -23.137  -48.289  23.111 0.6000000238
24806  -23.405  -52.724  24.148 0.5000000000
26300  -24.505  -50.552  24.796 0.5000000000
32458  -30.271  -42.943  23.110 0.8000000119
31583  -22.870  -44.768  22.738 0.5000000000
31594  -22.488  -44.608  20.888 0.4000000060
24790  -24.366  -52.875  24.653 0.5000000000
34009  -31.112  -40.776  23.349 0.6999999881
35665  -29.953  -39.769  21.243 0.8000000119
34842  -30.421  -40.479  21.828 0.8000000119
37197  -28.305  -37.470  18.667 0.8000000119
132111  -28.522  -39.592  19.645 0.8000000119
36435  -30.402  -39.042  21.323 0.8000000119
35684  -29.310  -39.036  20.603 0.8000000119
37187  -29.223  -37.577  19.998 0.8000000119
39462  -30.720  -34.661  14.150 0.8999999762
39442  -31.029  -34.703  15.933 0.8999999762
37944  -29.434  -36.345  17.313 0.8000000119
37214  -28.314  -37.270  18.188 0.8000000119
38686  -30.264  -35.771  17.150 1.0000000000
37943  -28.239  -36.132  17.277 0.8000000119
38708  -31.392  -35.374  13.384 0.8000000119
39490  -31.328  -35.136  11.746 0.6999999881
29701  -27.160  -46.869  25.704 0.8000000119
32426  -29.204  -43.947  25.586 0.8000000119
29732  -23.575  -46.723  23.631 0.6000000238
120241  -26.456  -47.204  25.673 0.6000000238
28789  -26.913  -47.687  25.699 0.6000000238
31542  -29.252  -44.802  25.094 0.8000000119
33212  -29.758  -43.216  25.291 0.8000000119
29742  -22.760  -46.488  22.187 0.5000000000
28834  -23.116  -47.467  22.957 0.6000000238
28824  -24.149  -47.353  24.293 0.6000000238
28788  -26.157  -47.797  25.616 0.6000000238
32434  -29.655  -44.044  24.831 0.8000000119
33213  -30.242  -42.789  24.610 0.8000000119
34002  -30.465  -41.846  24.618 0.6999999881
30648  -23.187  -45.376  23.135 0.5000000000
29715  -24.880  -47.180  24.935 0.6000000238
27895  -25.941  -48.585  25.491 0.6000000238
112931  -22.478  -43.961  21.562 0.4000000060
32445  -22.718  -43.499  22.926 0.4000000060
31572  -22.993  -44.115  23.169 0.4000000060
31558  -23.675  -44.332  24.065 0.4000000060
34008  -30.747  -41.609  23.571 0.6999999881
132062  -22.588  -43.104  22.631 0.4000000060
33219  -23.268  -42.278  23.835 0.4000000060
30622  -24.258  -45.078  24.514 0.4000000060
126910  -30.998  -40.501  22.527 0.6999999881
133031  -23.180  -41.381  23.596 0.4000000060
33210  -23.912  -42.170  24.480 0.5000000000
34825  -30.941  -39.780  22.028 0.6999999881
34007  -22.774  -41.895  23.255 0.3000000119
34812  -24.006  -40.791  24.408 0.5000000000
32433  -24.220  -42.834  24.785 0.5000000000
37198  -28.390  -37.637  19.255 0.8000000119
36450  -28.732  -38.337  19.896 0.8000000119
36451  -29.877  -38.303  20.652 0.8000000119
36452  -31.086  -38.309  21.385 0.8000000119
39451  -30.698  -34.530  15.220 0.8000000119
39441  -29.669  -34.820  15.857 1.0000000000
120552  -28.090  -35.518  16.762 0.8000000119
37927  -28.190  -36.782  17.786 0.8000000119
37910  -28.340  -36.562  18.696 0.8000000119
37199  -28.691  -36.979  19.372 0.8000000119
116455  -29.909  -34.460  14.700 1.0000000000
38666  -28.127  -35.717  17.825 0.8000000119
39440  -28.473  -34.991  15.840 0.8000000119
37942  -28.116  -36.157  17.713 0.8000000119
39477  -30.612  -34.842  12.842 0.8999999762
124943  -31.282  -33.613  11.321 0.6999999881
41250  -31.386  -32.716  11.510 0.6999999881
41239  -31.984  -33.193  11.773 0.6999999881
41240  -32.692  -32.624  12.734 0.6999999881
124455  -33.532  -32.080  13.534 0.6000000238
42145  -31.504  -31.734  11.706 0.6999999881
123936  -33.736  -31.133  13.531 0.6000000238
42133  -32.808  -31.658  12.990 0.6000000238
30609  -27.834  -45.296  25.742 0.8000000119
31541  -28.561  -44.647  25.639 0.8000000119
30608  -26.255  -45.042  25.883 0.8000000119
117688  -27.074  -44.960  25.940 0.8000000119
31540  -27.695  -44.438  25.997 0.8000000119
116723  -29.160  -43.162  26.005 0.8000000119
127293  -23.502  -45.866  23.546 0.5000000000
29714  -24.348  -46.534  24.503 0.6000000238
30606  -24.935  -45.442  25.088 0.5000000000
115317  -26.906  -45.817  25.859 0.8000000119
33201  -30.051  -42.358  25.263 0.6999999881
32446  -23.270  -43.443  23.697 0.4000000060
122685  -24.352  -44.204  24.716 0.5000000000
123792  -25.488  -45.154  25.517 0.6999999881
30607  -25.897  -45.751  25.715 0.6999999881
127457  -29.537  -42.615  25.682 0.6999999881
124449  -30.425  -41.021  25.071 0.6999999881
34821  -30.819  -40.930  24.288 0.6999999881
34822  -31.269  -40.061  23.997 0.6999999881
35640  -31.516  -39.404  23.417 0.6999999881
131725  -24.429  -41.001  24.797 0.5000000000
36425  -31.738  -38.539  22.265 0.6999999881
34811  -23.593  -40.290  23.920 0.4000000060
35626  -24.077  -39.967  24.407 0.4000000060
37898  -29.771  -36.831  19.960 0.8000000119
35666  -31.207  -39.030  21.906 0.6999999881
38649  -29.625  -35.625  19.050 0.8000000119
38650  -30.829  -35.498  19.433 0.6999999881
38694  -27.977  -35.033  16.296 0.8000000119
38648  -28.538  -35.903  18.563 0.8000000119
39461  -29.508  -34.628  13.877 0.8999999762
120854  -28.968  -34.623  14.784 0.8000000119
39449  -28.547  -34.386  14.870 0.8000000119
40283  -28.442  -34.373  15.729 0.8000000119
40320  -29.541  -33.679  12.026 0.8999999762
39488  -28.913  -34.135  12.668 0.8000000119
39489  -30.276  -34.113  12.283 0.8999999762
117444  -30.538  -33.664  11.551 0.8000000119
40300  -34.641  -33.870  14.470 0.4000000060
40333  -30.698  -33.066  11.337 0.8000000119
41258  -30.772  -32.215  11.308 0.6999999881
131088  -32.111  -32.191  12.171 0.6999999881
43054  -33.030  -29.836  12.872 0.5000000000
32424  -27.425  -43.728  26.164 0.6999999881
32425  -28.392  -43.718  26.132 0.8000000119
133628  -26.257  -42.674  26.084 0.6999999881
33987  -28.665  -41.664  25.941 0.6999999881
122093  -25.694  -41.410  25.854 0.6000000238
33199  -27.808  -42.017  26.165 0.6999999881
33989  -30.141  -41.650  25.285 0.6999999881
35628  -31.073  -39.478  24.686 0.6999999881
35629  -31.409  -39.289  24.107 0.6999999881
35615  -25.084  -39.944  25.414 0.5000000000
119076  -31.626  -38.746  23.681 0.6999999881
35627  -24.594  -39.446  24.996 0.4000000060
127371  -31.704  -38.879  23.002 0.6999999881
36412  -23.719  -38.346  24.100 0.3000000119
36413  -24.357  -38.539  24.771 0.3000000119
36406  -25.036  -38.680  25.418 0.5000000000
37912  -30.334  -36.148  19.697 0.6999999881
132121  -31.377  -37.698  21.253 0.6999999881
36426  -32.200  -37.800  22.452 0.6999999881
119420  -24.791  -37.861  25.187 0.4000000060
37899  -31.007  -36.675  20.378 0.6999999881
37177  -31.751  -37.133  21.165 0.6999999881
38668  -30.123  -35.016  18.738 0.6999999881
38684  -27.998  -35.520  17.097 0.8000000119
39429  -28.081  -34.794  17.060 0.8000000119
38667  -28.870  -35.267  18.307 0.8000000119
40267  -28.388  -34.393  16.486 0.8000000119
39460  -28.480  -34.646  14.040 0.8000000119
127870  -29.088  -33.350  11.811 0.8000000119
40308  -28.254  -34.052  12.920 0.8000000119
39475  -28.357  -34.336  13.436 0.8999999762
41257  -30.134  -32.597  11.301 0.8000000119
43069  -30.211  -30.801  10.932 0.8000000119
43053  -32.263  -30.326  12.369 0.6999999881
42147  -32.920  -30.702  13.029 0.6000000238
42157  -30.860  -31.302  11.232 0.6999999881
43052  -31.543  -30.804  11.807 0.6999999881
44060  -29.848  -29.441  10.897 0.6999999881
119216  -28.458  -42.880  26.253 0.6999999881
35617  -26.657  -39.730  26.273 0.6000000238
34802  -27.366  -40.443  26.185 0.6000000238
120917  -28.057  -41.104  25.982 0.6999999881
121510  -28.960  -41.046  25.788 0.6999999881
34804  -29.307  -40.281  25.756 0.6999999881
123352  -29.815  -41.043  25.516 0.6999999881
34800  -25.357  -40.606  25.602 0.5000000000
33985  -25.996  -42.179  26.077 0.6000000238
35620  -29.710  -39.410  25.823 0.6999999881
34805  -30.155  -40.278  25.435 0.6999999881
34801  -26.356  -40.695  26.110 0.6000000238
114916  -25.262  -39.369  25.540 0.5000000000
35616  -25.755  -39.876  25.879 0.5000000000
118281  -27.024  -38.829  26.406 0.6000000238
36414  -31.327  -38.651  24.580 0.6999999881
37144  -25.274  -37.197  25.426 0.4000000060
123974  -25.540  -37.960  25.789 0.5000000000
119826  -26.466  -37.988  26.281 0.6000000238
37159  -31.777  -37.914  23.915 0.6999999881
37178  -32.391  -37.215  21.920 0.6999999881
37165  -32.487  -37.016  22.781 0.6999999881
37892  -32.558  -36.556  21.479 0.6999999881
37865  -25.298  -35.971  25.012 0.3000000119
38641  -32.332  -35.735  20.290 0.6999999881
40268  -29.179  -34.106  17.151 0.8000000119
39430  -29.184  -34.629  17.891 0.8000000119
131901  -30.314  -34.192  17.723 0.6999999881
120353  -30.810  -34.489  18.357 0.6999999881
121051  -32.740  -34.594  19.283 0.6999999881
40293  -28.674  -33.777  15.435 0.8000000119
40285  -29.830  -33.598  16.751 0.8000000119
40318  -28.070  -33.587  12.799 0.8000000119
39459  -28.305  -34.381  14.276 0.8000000119
40292  -28.500  -34.142  14.843 0.8000000119
40284  -28.910  -33.679  16.154 0.8000000119
40331  -28.431  -33.137  12.151 0.8000000119
42131  -28.444  -32.095  13.108 0.8000000119
42118  -29.098  -32.336  13.755 0.8000000119
42132  -29.471  -31.456  13.589 0.8000000119
44017  -28.967  -30.269  12.988 0.8000000119
125075  -32.384  -29.478  12.291 0.6000000238
43083  -29.679  -30.223  11.002 0.8000000119
43070  -30.876  -30.388  11.359 0.6000000238
45050  -29.316  -28.832  10.676 0.6999999881
44047  -30.951  -29.544  11.428 0.6000000238
35618  -27.668  -39.609  26.279 0.6000000238
36407  -30.352  -38.822  25.666 0.6999999881
118280  -28.036  -38.771  26.373 0.6000000238
37146  -30.652  -37.295  25.647 0.6999999881
118882  -30.842  -38.272  25.380 0.6999999881
37855  -25.687  -36.511  25.519 0.4000000060
37145  -26.014  -37.177  26.024 0.4000000060
115969  -27.924  -37.160  26.375 0.5000000000
124707  -30.177  -38.024  26.004 0.6999999881
37153  -31.671  -37.106  24.417 0.6999999881
119576  -26.956  -37.161  26.365 0.5000000000
37857  -27.425  -36.382  26.326 0.5000000000
37160  -32.169  -37.112  23.649 0.6999999881
36420  -32.174  -37.645  23.168 0.6999999881
38586  -26.074  -35.772  25.463 0.3000000119
37856  -26.480  -36.409  26.020 0.4000000060
128337  -31.806  -35.506  19.713 0.6999999881
37879  -32.838  -36.195  22.708 0.6999999881
38597  -25.613  -35.162  24.973 0.3000000119
39353  -26.021  -34.384  24.873 0.3000000119
38627  -32.775  -35.869  21.054 0.6999999881
37880  -33.128  -35.925  21.925 0.6999999881
38651  -32.548  -35.156  19.816 0.6999999881
39395  -33.399  -34.763  20.856 0.6999999881
40245  -31.494  -34.027  17.909 0.6999999881
39401  -31.608  -34.955  19.128 0.6999999881
117304  -33.806  -33.805  20.046 0.6999999881
40246  -32.587  -33.746  18.150 0.6999999881
40247  -33.431  -33.367  18.462 0.6999999881
40299  -28.074  -33.966  14.043 0.8000000119
41228  -29.502  -32.600  14.528 0.8000000119
40271  -33.048  -33.112  17.751 0.6999999881
41170  -33.734  -32.780  18.102 0.6999999881
40307  -28.027  -33.988  13.445 0.8000000119
41218  -28.719  -33.461  14.757 0.8000000119
120954  -29.722  -33.007  15.384 0.8000000119
41206  -30.446  -33.024  16.214 0.8000000119
41190  -32.515  -32.652  17.075 0.8000000119
42078  -33.983  -31.746  17.185 0.6999999881
41237  -27.978  -33.252  13.151 0.8000000119
42120  -31.009  -31.258  14.623 0.8000000119
41220  -31.892  -31.876  15.809 0.8000000119
41249  -28.053  -32.790  12.717 0.8000000119
42144  -28.052  -31.861  12.649 0.8000000119
43035  -28.636  -31.168  13.061 0.8000000119
42119  -30.054  -31.707  14.283 0.8000000119
43012  -31.809  -30.846  14.982 0.8000000119
41256  -28.237  -32.347  11.921 0.8000000119
43034  -27.931  -31.639  12.608 0.8000000119
43036  -29.753  -30.557  13.460 0.8000000119
43024  -30.439  -30.873  14.012 0.8000000119
44006  -31.508  -29.588  14.239 0.8000000119
42154  -28.125  -31.256  11.704 0.8000000119
43082  -28.835  -30.444  11.079 0.8000000119
44034  -31.568  -29.936  11.886 0.6000000238
43081  -27.883  -30.366  11.187 0.8000000119
118402  -28.423  -29.879  10.797 0.8000000119
44048  -31.749  -29.107  11.800 0.6000000238
45035  -31.123  -28.717  11.427 0.6000000238
45034  -30.440  -29.122  11.105 0.6000000238
46028  -30.606  -28.276  11.134 0.6000000238
35619  -28.677  -39.531  26.105 0.6999999881
118985  -27.465  -37.956  26.399 0.6000000238
116670  -29.768  -37.190  26.223 0.6999999881
37861  -30.891  -36.433  25.492 0.6999999881
37152  -31.215  -36.990  25.077 0.6999999881
37858  -28.343  -36.350  26.415 0.5000000000
37860  -30.162  -36.421  26.057 0.6999999881
38587  -26.952  -35.655  25.845 0.4000000060
39343  -27.412  -34.903  25.601 0.4000000060
38588  -27.854  -35.578  26.180 0.5000000000
37867  -32.024  -36.431  24.180 0.6999999881
37874  -32.464  -36.387  23.453 0.6999999881
39354  -26.869  -34.175  25.205 0.3000000119
39355  -27.867  -33.967  25.364 0.3000000119
39344  -28.372  -34.870  25.839 0.5000000000
39372  -32.892  -34.703  23.331 0.6999999881
38613  -33.138  -35.418  22.666 0.6999999881
40191  -27.881  -33.194  24.833 0.3000000119
38614  -33.407  -35.063  22.031 0.6999999881
41102  -27.506  -32.768  24.315 0.3000000119
40228  -34.300  -33.334  20.795 0.6999999881
40286  -31.247  -33.132  16.892 0.8000000119
40237  -33.693  -33.541  19.242 0.6999999881
40270  -31.952  -33.329  17.570 0.6999999881
41191  -33.518  -32.429  17.470 0.6999999881
41192  -34.314  -32.108  18.058 0.6999999881
41227  -28.504  -33.163  14.043 0.8000000119
42107  -30.527  -32.082  14.973 0.8000000119
41207  -31.828  -32.450  16.329 0.6999999881
41208  -33.195  -32.054  16.800 0.8000000119
41238  -28.156  -32.901  13.348 0.8000000119
42110  -33.134  -30.991  15.811 0.8000000119
42130  -28.026  -32.470  12.901 0.8000000119
43025  -31.280  -30.413  14.429 0.8000000119
43026  -32.037  -30.009  14.820 0.8000000119
43050  -27.726  -30.875  12.317 0.8000000119
43067  -27.489  -30.544  11.912 0.8000000119
44018  -30.021  -29.694  13.312 0.8000000119
45013  -30.243  -28.820  13.135 0.8000000119
45014  -31.779  -28.811  13.994 0.8000000119
43066  -27.119  -29.879  11.486 0.8000000119
43049  -26.923  -29.958  12.074 0.8000000119
44033  -28.106  -29.863  12.808 0.8000000119
45022  -28.784  -28.846  12.710 0.8000000119
122296  -31.226  -28.380  13.492 0.8000000119
45049  -28.421  -28.996  10.544 0.8000000119
118984  -28.424  -37.939  26.373 0.6000000238
37859  -29.262  -36.363  26.376 0.6000000238
39342  -26.487  -34.994  25.353 0.3000000119
38590  -29.720  -35.620  26.216 0.6000000238
38589  -28.792  -35.569  26.362 0.5000000000
38591  -30.532  -35.701  25.739 0.6999999881
38598  -31.761  -35.610  24.647 0.6999999881
39345  -29.306  -34.885  26.037 0.6000000238
39347  -31.023  -35.013  25.287 0.6999999881
39359  -31.779  -34.608  24.722 0.6999999881
38599  -32.373  -35.098  24.101 0.6999999881
41101  -26.705  -32.939  24.199 0.3000000119
40192  -28.597  -33.262  25.138 0.3000000119
40195  -31.787  -33.785  24.666 0.6999999881
42008  -29.182  -31.459  23.626 0.3000000119
40202  -32.842  -33.742  23.528 0.6999999881
39365  -33.372  -34.075  22.828 0.6999999881
42930  -27.640  -29.973  21.780 0.3000000119
42912  -28.236  -30.423  22.393 0.3000000119
42897  -28.649  -30.917  23.078 0.3000000119
42898  -29.479  -30.752  23.228 0.3000000119
43914  -27.383  -29.217  21.304 0.3000000119
40238  -34.249  -33.069  19.829 0.6999999881
40248  -34.145  -32.790  18.874 0.6999999881
42094  -33.574  -31.376  16.492 0.8000000119
43995  -32.849  -29.701  15.036 0.8000000119
44007  -32.318  -29.254  14.515 0.8000000119
44032  -27.290  -30.178  12.373 0.8000000119
43051  -27.859  -30.761  12.591 0.8000000119
119217  -26.619  -29.554  12.173 0.8000000119
45021  -27.457  -29.338  12.528 0.8000000119
45023  -29.827  -28.289  12.729 0.8000000119
46003  -30.692  -27.954  12.985 0.8000000119
44057  -26.415  -29.418  10.990 0.8000000119
46010  -28.024  -28.270  12.340 0.8000000119
44058  -27.520  -29.542  10.779 0.8000000119
45061  -27.805  -28.146  10.110 0.6999999881
46044  -28.657  -28.116  10.359 0.6000000238
39346  -30.182  -34.940  25.856 0.6000000238
123456  -31.188  -34.018  25.206 0.6000000238
41123  -29.716  -32.039  24.245 0.4000000060
41106  -31.253  -33.036  24.845 0.6000000238
40196  -32.243  -33.177  24.184 0.6999999881
39360  -32.381  -34.183  24.151 0.6999999881
42010  -31.320  -31.410  23.928 0.4000000060
41127  -33.162  -32.559  23.227 0.6999999881
40203  -33.289  -33.289  23.024 0.6999999881
39373  -33.695  -34.314  22.153 0.6999999881
43903  -30.211  -29.610  22.347 0.3000000119
42901  -31.864  -30.832  23.447 0.4000000060
42034  -34.542  -31.510  21.491 0.6999999881
131990  -34.552  -32.809  21.088 0.6999999881
41163  -34.556  -32.436  19.583 0.6999999881
42043  -34.936  -31.450  20.317 0.6999999881
111167  -34.740  -31.997  19.003 0.6999999881
42970  -35.071  -30.773  18.021 0.6999999881
42093  -32.673  -31.752  16.183 0.8000000119
42109  -32.292  -31.273  15.543 0.8000000119
43014  -33.396  -30.135  15.606 0.8000000119
44019  -30.929  -29.204  13.647 0.8000000119
45006  -32.547  -28.473  14.309 0.8000000119
45012  -29.299  -29.421  12.943 0.8000000119
45031  -25.401  -28.857  11.260 0.8000000119
45033  -26.664  -28.759  12.132 0.8000000119
46928  -28.583  -27.269  11.988 0.8000000119
46011  -29.224  -27.816  12.406 0.8000000119
46027  -27.366  -27.626  11.834 0.8000000119
46045  -29.439  -27.983  10.577 0.6000000238
45048  -26.709  -28.916  10.549 0.8000000119
46057  -27.981  -27.467  9.805 0.6000000238
45060  -26.803  -28.198  10.118 0.6999999881
129383  -26.725  -27.101  9.594 0.6999999881
39357  -29.826  -34.229  25.606 0.6000000238
40194  -30.450  -33.580  25.314 0.6000000238
42009  -30.222  -31.256  23.780 0.3000000119
123789  -32.814  -33.026  23.560 0.6000000238
42914  -30.619  -30.135  22.864 0.3000000119
114248  -32.220  -31.611  23.696 0.5000000000
43905  -32.024  -29.672  22.549 0.3000000119
42916  -32.357  -30.341  22.908 0.5000000000
42026  -34.155  -31.648  22.153 0.6999999881
44913  -29.430  -28.577  21.271 0.3000000119
43918  -30.729  -29.037  21.904 0.3000000119
42933  -34.272  -30.254  21.589 0.4000000060
111861  -34.765  -31.722  20.975 0.6999999881
45924  -29.192  -27.635  20.361 0.3000000119
42947  -35.147  -30.578  20.214 0.6000000238
42982  -35.381  -30.078  17.979 0.6000000238
117649  -35.463  -29.895  18.734 0.6000000238
42997  -34.595  -30.197  16.697 0.8000000119
42981  -34.891  -30.533  17.394 0.6999999881
43971  -35.438  -29.393  17.650 0.6000000238
42996  -33.900  -30.578  16.227 0.8000000119
43982  -34.885  -29.507  16.583 0.6999999881
43970  -35.163  -29.801  17.199 0.6999999881
44008  -33.118  -28.956  14.734 0.8000000119
43996  -33.625  -29.350  15.315 0.8000000119
133234  -34.276  -28.983  15.541 0.6999999881
44992  -34.929  -28.841  16.092 0.6999999881
43983  -35.373  -28.981  16.974 0.6999999881
45015  -32.043  -28.033  13.805 0.8000000119
45000  -33.837  -28.615  15.068 0.8000000119
45008  -34.096  -27.877  14.897 0.6999999881
45001  -34.545  -28.316  15.450 0.6999999881
46004  -31.515  -27.578  13.337 0.8000000119
45997  -32.781  -27.708  14.147 0.8000000119
45998  -33.560  -27.383  14.450 0.6999999881
45999  -34.353  -27.116  14.782 0.6999999881
45020  -26.034  -29.202  11.990 0.8000000119
45032  -25.774  -28.783  11.696 0.8000000119
46012  -30.182  -27.438  12.569 0.8000000119
46005  -32.315  -27.287  13.608 0.8000000119
46026  -26.203  -27.919  11.583 0.8000000119
46946  -29.028  -26.385  11.730 0.8000000119
46013  -31.037  -27.144  12.768 0.8000000119
44045  -26.348  -29.515  11.595 0.8000000119
46025  -25.576  -28.226  11.259 0.8000000119
46945  -27.937  -26.639  11.601 0.8000000119
45047  -25.781  -28.958  10.752 0.8000000119
46043  -25.591  -28.016  10.836 0.8000000119
46958  -25.751  -27.046  10.577 0.6999999881
46058  -28.816  -27.316  10.157 0.6000000238
46976  -29.079  -26.478  9.889 0.6000000238
130296  -25.914  -28.196  10.497 0.8000000119
46055  -26.290  -27.396  9.897 0.6999999881
47895  -26.521  -26.022  9.186 0.6999999881
42025  -33.428  -31.330  22.727 0.5000000000
120277  -33.616  -32.118  22.761 0.5000000000
43904  -31.118  -29.588  22.476 0.3000000119
43906  -32.834  -29.866  22.443 0.4000000060
42918  -33.863  -30.796  22.203 0.5000000000
112888  -34.791  -30.933  21.067 0.6000000238
43919  -31.667  -29.041  22.072 0.3000000119
42946  -34.910  -30.013  20.892 0.5000000000
131617  -31.424  -27.712  20.992 0.3000000119
120334  -33.057  -28.229  21.345 0.3000000119
122121  -35.209  -29.678  20.090 0.6000000238
45955  -29.478  -27.043  19.931 0.3000000119
126359  -31.082  -27.206  20.561 0.3000000119
45928  -33.734  -27.913  20.814 0.3000000119
45925  -30.118  -27.246  20.361 0.3000000119
43961  -35.518  -29.308  18.355 0.6000000238
113652  -29.277  -26.563  19.392 0.3000000119
45002  -35.209  -27.973  15.884 0.6999999881
46931  -31.302  -26.342  12.571 0.8000000119
46919  -32.552  -26.561  13.409 0.6999999881
46920  -33.211  -26.338  13.708 0.6999999881
46918  -31.806  -26.830  13.095 0.6999999881
46930  -30.473  -26.624  12.390 0.8000000119
47855  -30.682  -25.869  12.156 0.6999999881
46944  -26.684  -26.871  11.436 0.8000000119
123007  -27.363  -26.140  11.246 0.6999999881
127013  -30.143  -25.556  11.788 0.6000000238
47899  -30.233  -25.299  9.918 0.6000000238
46943  -25.767  -27.152  11.080 0.6999999881
47880  -25.719  -25.747  9.963 0.6999999881
129148  -25.964  -25.777  10.362 0.6999999881
47896  -27.547  -26.039  9.206 0.6999999881
116742  -25.889  -25.861  9.456 0.6999999881
51858  -25.939  -21.827  8.051 0.5000000000
50901  -26.245  -21.524  7.020 0.5000000000
127525  -35.141  -28.804  20.022 0.6000000238
43949  -35.412  -29.232  19.260 0.6000000238
44959  -35.357  -28.252  19.443 0.6000000238
45966  -35.619  -27.859  18.123 0.6000000238
44993  -35.369  -28.294  16.514 0.6999999881
45987  -35.514  -27.446  16.557 0.6999999881
45992  -34.765  -27.558  15.325 0.6999999881
47787  -27.678  -25.777  18.217 0.3000000119
46913  -33.834  -26.505  14.285 0.6999999881
45993  -35.315  -27.155  15.768 0.6999999881
46914  -34.753  -26.377  14.798 0.6999999881
47868  -29.429  -25.604  11.601 0.6999999881
46932  -32.118  -26.083  12.853 0.6999999881
47846  -32.884  -25.840  13.292 0.6000000238
47856  -31.529  -25.431  12.334 0.6999999881
47865  -26.408  -26.137  10.824 0.6999999881
47867  -28.376  -25.705  11.357 0.6999999881
48922  -28.815  -24.439  10.894 0.6000000238
47882  -26.350  -25.341  10.466 0.6999999881
47897  -28.514  -25.846  9.412 0.6000000238
47898  -29.394  -25.613  9.670 0.5000000000
47906  -25.955  -25.205  8.914 0.6999999881
48942  -25.491  -24.208  9.109 0.6999999881
48944  -26.331  -24.445  8.501 0.6999999881
49945  -26.715  -23.522  7.988 0.6000000238
133668  -35.003  -28.062  20.019 0.5000000000
44958  -35.074  -27.359  19.612 0.4000000060
46866  -35.392  -26.928  19.042 0.5000000000
45956  -35.557  -27.631  18.941 0.6000000238
116412  -35.564  -27.040  18.391 0.6000000238
124185  -35.595  -26.581  16.987 0.6000000238
47811  -27.318  -25.299  17.554 0.3000000119
47812  -28.156  -25.294  17.743 0.3000000119
46909  -34.940  -26.907  15.229 0.6999999881
47840  -34.447  -25.702  14.339 0.6000000238
47841  -35.177  -25.641  14.894 0.6000000238
47839  -33.658  -25.728  13.770 0.6000000238
47869  -30.678  -25.150  11.810 0.6000000238
47857  -32.500  -25.317  12.734 0.6000000238
47866  -27.345  -25.488  10.886 0.6999999881
118216  -29.887  -24.969  11.551 0.6000000238
48907  -28.197  -24.914  10.912 0.6999999881
49926  -28.946  -23.753  10.701 0.6000000238
48919  -25.611  -24.495  9.648 0.6999999881
47908  -27.901  -25.331  9.000 0.6000000238
48934  -29.701  -24.180  9.072 0.5000000000
48945  -27.634  -24.469  8.530 0.6000000238
48933  -28.821  -24.878  9.166 0.6000000238
49933  -29.720  -23.390  8.485 0.5000000000
50879  -25.592  -22.948  8.696 0.6000000238
49946  -27.881  -23.557  8.081 0.5000000000
49944  -25.818  -23.616  8.263 0.5000000000
49955  -27.415  -22.819  7.459 0.5000000000
50897  -26.731  -22.132  6.957 0.5000000000
50902  -26.897  -21.485  6.603 0.5000000000
46881  -34.921  -26.445  19.355 0.4000000060
47792  -34.846  -25.599  19.007 0.4000000060
133862  -32.484  -25.317  19.522 0.4000000060
127557  -35.597  -25.895  17.327 0.6000000238
129270  -27.836  -24.855  17.332 0.3000000119
48822  -29.285  -24.447  17.543 0.3000000119
127591  -30.299  -24.636  18.249 0.3000000119
46910  -35.376  -26.294  15.535 0.6000000238
49823  -28.269  -23.415  16.590 0.3000000119
119568  -34.943  -25.039  14.445 0.6000000238
48898  -33.337  -25.019  13.187 0.5000000000
48888  -34.247  -24.940  13.802 0.6000000238
48910  -31.334  -24.567  11.811 0.6000000238
48896  -32.146  -24.679  12.267 0.6000000238
48909  -30.441  -24.357  11.483 0.6000000238
129422  -32.819  -24.665  12.650 0.6000000238
48908  -29.556  -24.319  11.182 0.6000000238
114990  -31.099  -23.682  11.479 0.6000000238
48906  -27.171  -24.716  10.553 0.6999999881
49932  -25.703  -23.037  9.186 0.6999999881
49953  -25.744  -22.759  8.134 0.5000000000
121955  -26.022  -22.962  7.803 0.5000000000
51865  -26.463  -21.050  6.958 0.5000000000
47772  -33.278  -25.528  19.686 0.4000000060
128081  -35.356  -26.291  18.666 0.4000000060
47791  -34.040  -25.065  19.311 0.4000000060
46882  -35.609  -26.405  17.847 0.5000000000
48803  -33.739  -24.320  18.920 0.4000000060
113569  -35.597  -25.837  16.470 0.5000000000
49798  -28.783  -23.925  17.072 0.3000000119
49799  -29.585  -23.664  17.256 0.3000000119
49786  -30.822  -23.992  18.193 0.4000000060
47837  -35.488  -25.339  15.622 0.4000000060
50768  -29.851  -22.899  16.934 0.3000000119
119153  -31.108  -23.268  17.863 0.4000000060
48880  -34.774  -24.473  14.181 0.5000000000
48881  -35.349  -24.973  15.019 0.6000000238
48887  -33.854  -24.368  13.322 0.5000000000
49900  -33.353  -24.192  12.766 0.5000000000
48911  -31.994  -23.941  11.787 0.6000000238
49899  -33.198  -23.319  12.374 0.5000000000
49912  -30.039  -23.480  10.988 0.6000000238
49913  -30.867  -22.814  11.113 0.6000000238
50871  -27.161  -22.442  9.566 0.6000000238
116053  -29.101  -22.863  10.465 0.6000000238
50880  -26.208  -22.489  9.209 0.5000000000
51849  -25.799  -22.373  8.662 0.5000000000
51850  -26.495  -21.839  8.786 0.5000000000
51859  -26.587  -21.265  7.779 0.5000000000
52842  -27.006  -20.725  7.091 0.5000000000
52848  -27.064  -20.750  6.491 0.5000000000
47793  -35.423  -25.491  18.114 0.4000000060
48804  -34.744  -24.685  18.524 0.4000000060
48805  -35.308  -24.692  17.789 0.4000000060
47814  -35.487  -25.160  17.219 0.4000000060
49790  -34.245  -23.812  18.408 0.4000000060
48856  -35.526  -24.058  16.395 0.4000000060
128955  -35.483  -24.394  15.591 0.4000000060
49824  -29.086  -23.156  16.762 0.3000000119
49886  -34.952  -23.843  14.309 0.4000000060
50796  -28.043  -22.195  16.120 0.3000000119
49885  -33.905  -23.543  13.167 0.4000000060
49914  -32.533  -23.430  11.881 0.5000000000
128785  -33.667  -22.773  12.853 0.4000000060
50849  -33.246  -22.358  12.323 0.5000000000
50872  -30.060  -22.501  10.576 0.6000000238
50858  -31.410  -22.272  11.124 0.5000000000
112798  -31.838  -22.992  11.496 0.5000000000
50881  -27.585  -21.894  9.309 0.5000000000
122115  -28.286  -22.356  9.867 0.6000000238
51837  -29.244  -22.046  10.082 0.6000000238
51851  -27.483  -21.359  8.686 0.5000000000
51860  -27.430  -20.845  7.968 0.5000000000
52854  -27.646  -20.303  5.796 0.5000000000
50882  -28.454  -21.653  9.416 0.5000000000
115245  -26.470  -19.811  14.879 0.3000000119
53719  -28.421  -19.858  15.468 0.4000000060
53720  -29.240  -19.727  15.711 0.4000000060
51838  -30.106  -21.704  10.169 0.5000000000
54772  -26.753  -18.994  14.447 0.4000000060
51852  -29.391  -21.384  9.532 0.5000000000
52828  -31.889  -20.534  10.748 0.5000000000
52818  -32.558  -20.469  11.315 0.5000000000
52836  -29.628  -20.819  8.929 0.5000000000
124510  -31.372  -20.915  10.234 0.5000000000
51861  -28.494  -20.950  8.639 0.5000000000
52844  -28.919  -20.265  8.095 0.6000000238
53834  -28.255  -19.668  5.417 0.5000000000
52850  -28.253  -19.882  6.963 0.6000000238
53828  -28.004  -19.774  5.954 0.6000000238
53835  -28.526  -19.274  5.428 0.4000000060
54763  -28.702  -19.083  15.293 0.4000000060
53721  -30.036  -19.415  15.979 0.4000000060
51853  -30.278  -21.147  9.604 0.5000000000
52837  -30.430  -20.704  9.118 0.5000000000
52845  -30.038  -20.339  8.415 0.5000000000
52838  -31.033  -20.287  8.913 0.5000000000
52851  -29.310  -19.732  7.528 0.5000000000
53836  -29.143  -18.800  5.862 0.4000000060
53830  -29.778  -19.192  6.975 0.5000000000
53829  -28.665  -19.368  6.400 0.5000000000
55857  -29.826  -18.011  15.337 0.4000000060
54788  -27.373  -18.378  14.309 0.4000000060
51854  -30.995  -20.848  9.594 0.5000000000
119372  -32.359  -19.967  10.858 0.4000000060
53821  -30.534  -19.830  7.898 0.4000000060
53831  -30.958  -19.159  7.422 0.4000000060
54872  -30.243  -18.561  6.457 0.5000000000
53816  -32.430  -19.032  9.891 0.4000000060
53822  -31.471  -19.548  8.393 0.4000000060
54873  -31.241  -18.304  7.066 0.5000000000
55969  -31.471  -17.422  6.665 0.4000000060
54864  -31.773  -18.713  8.000 0.4000000060
57104  -31.194  -16.089  4.914 0.4000000060
55952  -32.937  -17.420  8.898 0.4000000060
55980  -31.642  -16.540  6.299 0.4000000060
58177  -31.480  -15.767  4.151 0.4000000060
55963  -32.579  -17.274  8.086 0.4000000060
54874  -31.948  -17.803  7.664 0.3000000119
55970  -32.209  -17.020  7.270 0.4000000060
57082  -33.050  -16.637  8.355 0.4000000060
117369  -33.441  -16.684  9.185 0.4000000060
58154  -32.868  -15.991  7.757 0.3000000119
57094  -32.405  -16.262  7.028 0.4000000060
111751  -31.901  -15.709  6.024 0.4000000060
58165  -31.788  -15.333  4.840 0.4000000060
59280  -32.916  -15.107  7.796 0.4000000060
116991  -32.516  -15.458  6.942 0.5000000000
31614  -31.246  -43.966  20.592 0.6999999881
28003  -28.490  -48.260  17.329 0.6999999881
111914  -28.298  -49.767  20.726 0.6999999881
114064  -27.592  -52.114  23.149 0.6000000238
26316  -28.252  -50.006  23.273 0.6000000238
123473  -28.645  -48.637  22.921 0.6999999881
21836  -21.948  -56.312  24.304 0.4000000060
38688  -32.788  -35.970  16.872 0.8000000119
28791  -28.238  -47.483  25.072 0.6000000238
24805  -22.837  -52.275  23.446 0.5000000000
33227  -30.374  -42.201  22.663 0.8000000119
31573  -29.678  -44.804  24.313 0.8000000119
31582  -22.655  -44.091  22.445 0.4000000060
29700  -26.227  -46.517  25.705 0.6000000238
30637  -23.612  -45.200  23.834 0.5000000000
31538  -25.588  -44.324  25.654 0.6000000238
33988  -29.490  -41.835  25.654 0.6999999881
123684  -30.892  -38.982  25.173 0.6999999881
120328  -29.356  -37.925  26.291 0.6999999881
44005  -30.679  -30.019  13.848 0.8000000119
38592  -31.172  -35.829  25.260 0.6999999881
42079  -34.617  -31.271  17.644 0.6999999881
42012  -32.979  -31.816  23.302 0.6000000238
42053  -34.842  -31.879  19.760 0.6999999881
42971  -35.296  -30.584  18.671 0.6000000238
41105  -30.173  -32.734  24.900 0.6000000238
42932  -33.542  -30.067  22.122 0.5000000000
52849  -27.516  -20.314  6.507 0.5000000000
48825  -35.438  -24.217  17.141 0.4000000060
120344  -35.220  -44.028  19.985 0.5000000000
32504  -35.553  -43.957  19.371 0.5000000000
29760  -31.201  -45.882  21.875 0.6999999881
34085  -35.542  -41.543  16.384 0.5000000000
124217  -26.559  -58.500  19.529 0.5000000000
34904  -35.487  -40.353  17.144 0.6999999881
28019  -28.977  -48.196  15.198 0.6999999881
110539  -28.968  -46.852  14.252 0.6999999881
32485  -30.956  -43.688  19.845 0.6999999881
32502  -30.607  -43.264  18.943 0.6999999881
34059  -31.118  -41.230  19.406 0.6999999881
35726  -34.794  -39.238  16.115 0.6999999881
35750  -33.320  -40.186  12.853 0.5000000000
128874  -33.467  -39.386  14.130 0.6000000238
36524  -32.672  -38.843  11.801 0.5000000000
22612  -27.054  -55.855  22.166 0.6000000238
109982  -29.087  -44.695  14.380 0.6999999881
37248  -34.076  -37.789  15.793 0.6999999881
23372  -27.452  -54.437  21.043 0.6000000238
28882  -28.490  -47.450  17.948 0.8000000119
125690  -28.545  -45.948  16.155 0.6999999881
37269  -34.471  -38.037  12.912 0.4000000060
21850  -26.079  -56.644  23.690 0.6000000238
21086  -25.555  -57.296  23.925 0.6000000238
37947  -33.618  -36.614  16.995 0.8000000119
25561  -27.730  -51.474  22.617 0.6999999881
29785  -28.515  -46.527  19.615 0.6999999881
19567  -23.433  -59.704  24.213 0.5000000000
132303  -28.447  -43.756  18.905 0.8000000119
37995  -33.436  -36.898  11.519 0.5000000000
29743  -28.734  -47.236  21.867 0.6999999881
124845  -25.059  -55.881  24.509 0.6000000238
34068  -28.828  -41.265  17.480 0.8000000119
37993  -32.202  -37.028  11.496 0.6999999881
117871  -25.531  -53.841  24.644 0.6000000238
36477  -29.289  -38.157  18.396 0.8999999762
37945  -30.941  -36.197  17.644 0.8000000119
37982  -33.359  -35.960  11.553 0.6000000238
38710  -34.427  -35.238  14.113 0.4000000060
22593  -21.748  -55.876  23.644 0.3000000119
124708  -24.081  -55.817  24.630 0.5000000000
21837  -22.726  -56.447  24.568 0.5000000000
21075  -23.194  -57.253  24.589 0.5000000000
21073  -21.461  -57.171  24.189 0.4000000060
34877  -28.548  -40.091  18.521 0.8999999762
39463  -31.598  -35.005  14.628 0.8000000119
27922  -27.967  -48.873  24.927 0.6000000238
26283  -27.609  -49.786  24.857 0.6000000238
28806  -28.794  -47.125  24.490 0.6000000238
25534  -25.813  -51.687  25.225 0.5000000000
121031  -22.516  -55.811  24.438 0.4000000060
22587  -22.769  -55.167  24.464 0.5000000000
35683  -28.966  -39.800  20.422 0.8000000119
41241  -34.231  -32.503  14.133 0.4000000060
27085  -27.000  -49.623  25.511 0.6000000238
24820  -22.601  -52.818  22.901 0.5000000000
24072  -22.892  -53.725  24.007 0.5000000000
26301  -25.508  -50.821  25.264 0.5000000000
33220  -30.474  -42.463  23.780 0.6999999881
116513  -27.282  -48.300  25.531 0.6000000238
27115  -23.196  -49.154  23.398 0.5000000000
27099  -23.525  -49.631  23.997 0.6000000238
116862  -23.211  -50.871  23.741 0.5000000000
116483  -23.638  -48.494  23.842 0.6000000238
25549  -22.798  -51.444  23.150 0.5000000000
28833  -22.770  -47.232  22.162 0.6000000238
27955  -22.751  -48.034  22.234 0.6000000238
25532  -23.916  -51.148  24.406 0.5000000000
128079  -24.775  -49.245  24.934 0.6000000238
27920  -24.251  -48.725  24.506 0.6000000238
129954  -24.118  -52.024  24.583 0.5000000000
115014  -25.063  -49.958  25.198 0.5000000000
32456  -22.530  -43.421  22.197 0.4000000060
37909  -28.130  -36.772  18.241 0.8000000119
38695  -28.562  -35.255  16.286 0.8999999762
30638  -23.903  -45.876  24.167 0.5000000000
28803  -24.040  -48.048  24.216 0.6000000238
28805  -25.318  -47.879  25.325 0.6000000238
133622  -25.388  -45.653  25.408 0.6000000238
118827  -23.657  -42.859  24.305 0.4000000060
32432  -23.906  -43.537  24.462 0.4000000060
118855  -24.884  -44.051  25.231 0.5000000000
32421  -24.549  -43.499  25.023 0.5000000000
34826  -31.377  -40.028  23.012 0.6999999881
124441  -23.520  -40.912  23.916 0.4000000060
33211  -24.525  -42.111  25.042 0.5000000000
37188  -30.594  -37.499  20.687 0.6999999881
39450  -29.168  -34.654  15.337 0.8000000119
42146  -32.216  -31.235  12.322 0.6999999881
33200  -28.930  -42.384  26.066 0.6999999881
31539  -26.654  -44.195  26.003 0.6999999881
32423  -26.621  -43.216  26.071 0.6999999881
129769  -25.918  -43.624  25.891 0.6000000238
34799  -24.608  -40.433  24.979 0.5000000000
36436  -31.870  -37.832  21.706 0.6999999881
118130  -23.941  -39.174  24.341 0.4000000060
120918  -27.230  -41.172  26.121 0.6000000238
33986  -26.624  -41.644  26.131 0.6000000238
32422  -25.229  -43.526  25.518 0.6000000238
33196  -24.857  -42.822  25.360 0.5000000000
37900  -32.053  -36.384  20.690 0.6999999881
130220  -32.729  -36.594  22.164 0.6999999881
132219  -25.093  -36.620  25.093 0.3000000119
119560  -29.183  -32.663  11.464 0.8999999762
42156  -29.940  -31.807  11.075 0.8000000119
42155  -28.914  -31.860  11.353 0.8000000119
44046  -30.298  -29.939  11.130 0.6000000238
44059  -29.185  -29.650  10.834 0.8000000119
34803  -28.335  -40.337  25.977 0.6999999881
133299  -29.751  -38.596  26.063 0.6999999881
118495  -25.951  -38.916  25.981 0.5000000000
40269  -30.699  -33.697  17.361 0.8000000119
39411  -33.082  -34.046  18.800 0.6999999881
43068  -29.322  -31.059  11.118 0.8000000119
36408  -31.310  -37.722  24.871 0.6999999881
114052  -32.310  -35.845  23.979 0.6999999881
115125  -26.362  -33.644  24.610 0.3000000119
38642  -33.011  -35.268  20.559 0.6999999881
39381  -33.599  -34.548  21.481 0.6999999881
129880  -33.371  -34.145  19.474 0.6999999881
40227  -33.765  -34.145  20.816 0.6999999881
41219  -31.054  -32.369  15.651 0.8000000119
42108  -31.465  -31.609  15.266 0.8000000119
37866  -31.463  -36.399  24.858 0.6999999881
38605  -32.697  -35.621  23.380 0.6999999881
118419  -27.190  -33.431  24.774 0.3000000119
39356  -28.921  -34.134  25.552 0.5000000000
127268  -33.331  -34.741  22.591 0.6999999881
40216  -34.047  -33.841  21.561 0.6999999881
41121  -27.121  -32.363  23.705 0.3000000119
41154  -34.653  -32.383  20.478 0.6999999881
39358  -30.535  -34.360  25.486 0.6000000238
42899  -30.203  -30.577  23.237 0.3000000119
40211  -33.908  -33.477  22.318 0.6999999881
115609  -29.006  -30.348  22.648 0.3000000119
42913  -29.794  -30.204  22.728 0.3000000119
41124  -30.763  -32.097  24.377 0.6000000238
41125  -31.765  -32.264  24.213 0.6000000238
41126  -32.548  -32.390  23.752 0.6000000238
41137  -34.132  -32.595  22.206 0.6999999881
40217  -34.363  -33.094  21.593 0.6999999881
42054  -35.156  -31.167  19.415 0.6000000238
45007  -33.322  -28.168  14.595 0.8000000119
46929  -29.601  -26.919  12.191 0.8000000119
46975  -28.210  -26.702  9.586 0.6000000238
42900  -30.955  -30.674  23.457 0.3000000119
42915  -31.487  -30.175  22.988 0.3000000119
42917  -33.140  -30.568  22.617 0.5000000000
118582  -34.382  -31.009  21.753 0.5000000000
44935  -29.787  -27.991  20.829 0.3000000119
44915  -31.298  -28.368  21.448 0.3000000119
43936  -34.727  -29.208  20.649 0.5000000000
42959  -35.347  -30.197  19.404 0.6000000238
43997  -34.272  -29.684  15.963 0.8000000119
44979  -35.561  -28.697  17.835 0.6000000238
46006  -33.049  -26.973  13.922 0.6999999881
47907  -26.921  -25.286  8.865 0.6999999881
44916  -32.304  -28.602  21.678 0.3000000119
44936  -30.637  -27.816  20.919 0.3000000119
46861  -30.014  -26.587  19.746 0.3000000119
46834  -31.695  -26.632  20.291 0.3000000119
44970  -35.559  -28.489  18.684 0.6000000238
116819  -35.540  -28.095  17.243 0.6000000238
114281  -25.580  -24.899  9.714 0.6999999881
47881  -25.654  -25.287  10.058 0.6999999881
45974  -35.598  -27.232  17.517 0.6000000238
46907  -35.548  -26.667  16.255 0.6999999881
48920  -26.088  -24.580  10.140 0.6999999881
46865  -34.315  -26.710  20.019 0.4000000060
49925  -27.870  -23.192  10.229 0.6000000238
48946  -28.765  -23.935  8.552 0.6000000238
47773  -34.161  -25.905  19.625 0.4000000060
48789  -32.097  -24.792  19.234 0.4000000060
48801  -29.681  -24.882  18.104 0.3000000119
114245  -35.216  -24.404  14.737 0.5000000000
48897  -32.720  -24.064  12.243 0.5000000000
49924  -26.556  -23.118  9.694 0.5000000000
47835  -35.521  -24.841  16.423 0.4000000060
49800  -30.406  -23.356  17.475 0.4000000060
133753  -30.425  -22.612  17.154 0.4000000060
123971  -34.423  -24.096  13.721 0.5000000000
126266  -34.610  -23.322  13.801 0.4000000060
50848  -32.652  -22.690  11.820 0.5000000000
53718  -27.738  -19.974  15.311 0.3000000119
51839  -30.894  -21.366  10.163 0.5000000000
54764  -29.524  -18.854  15.516 0.4000000060
54865  -32.377  -18.074  8.525 0.4000000060
129631  -32.225  -14.953  5.852 0.4000000060
24852  -29.760  -52.369  19.774 0.5000000000
26343  -30.291  -50.220  21.370 0.5000000000
120569  -30.356  -54.791  16.899 0.4000000060
23406  -30.226  -54.158  17.432 0.5000000000
24126  -29.995  -53.620  18.172 0.5000000000
25602  -29.969  -52.277  18.615 0.5000000000
25594  -30.034  -51.591  19.264 0.6000000238
114516  -30.303  -50.068  19.534 0.6000000238
23407  -30.709  -54.114  16.122 0.5000000000
22685  -30.756  -54.868  14.897 0.5000000000
24133  -30.406  -53.467  16.803 0.5000000000
24862  -30.265  -52.224  17.436 0.5000000000
23414  -29.207  -54.776  14.975 0.5000000000
118440  -30.369  -50.049  18.300 0.6000000238
27158  -30.476  -49.300  18.802 0.6000000238
26363  -30.277  -50.836  18.800 0.6000000238
27991  -30.460  -48.548  19.184 0.6000000238
114480  -30.471  -47.801  19.508 0.6000000238
28859  -30.463  -47.720  20.567 0.6000000238
29759  -30.653  -46.159  21.276 0.6000000238
29773  -30.471  -46.288  20.319 0.6000000238
24147  -30.799  -54.100  15.012 0.5000000000
24868  -30.316  -52.277  16.380 0.5000000000
25609  -30.393  -51.550  16.833 0.6000000238
22668  -28.412  -54.845  15.955 0.5000000000
133240  -28.942  -54.254  15.622 0.5000000000
26371  -30.526  -49.991  17.251 0.6000000238
21916  -27.551  -56.700  16.763 0.5000000000
22675  -27.981  -55.798  16.421 0.5000000000
28004  -30.491  -48.563  18.027 0.6000000238
119811  -30.448  -47.017  19.899 0.6000000238
30661  -31.632  -45.187  21.753 0.6000000238
114543  -30.300  -53.205  15.829 0.5000000000
116563  -30.281  -51.522  16.004 0.5000000000
23405  -28.562  -54.115  16.480 0.5000000000
24875  -29.312  -52.883  16.036 0.5000000000
24139  -30.254  -53.452  15.566 0.5000000000
25615  -29.854  -51.391  15.698 0.5000000000
130444  -30.570  -50.283  16.446 0.6000000238
118089  -27.625  -56.247  17.792 0.5000000000
23404  -28.218  -54.759  17.119 0.5000000000
28015  -30.518  -48.611  16.618 0.6000000238
22659  -27.842  -55.304  18.136 0.5000000000
28883  -30.340  -47.653  17.077 0.6000000238
28872  -30.458  -47.060  18.515 0.6000000238
30660  -30.895  -45.366  21.243 0.6000000238
24132  -28.662  -53.369  16.816 0.5000000000
112530  -28.888  -51.256  16.095 0.5000000000
25623  -29.299  -50.853  15.505 0.6000000238
26387  -29.238  -50.027  14.942 0.6000000238
24125  -28.335  -53.207  17.955 0.5000000000
25616  -30.255  -50.743  15.535 0.6000000238
26382  -30.150  -50.119  14.886 0.6000000238
21910  -27.320  -56.789  18.607 0.5000000000
20360  -26.443  -58.558  20.444 0.5000000000
29786  -30.416  -46.287  19.300 0.6000000238
113723  -30.551  -44.989  19.657 0.6000000238
24860  -28.318  -52.513  18.326 0.5000000000
24866  -28.600  -52.560  17.177 0.5000000000
25608  -28.568  -51.699  17.256 0.5000000000
116318  -28.516  -49.966  16.458 0.6000000238
23386  -27.819  -54.537  18.997 0.5000000000
21896  -27.215  -56.624  19.587 0.5000000000
22649  -27.572  -55.268  19.416 0.6000000238
25601  -28.360  -51.817  18.505 0.6000000238
131543  -28.437  -52.146  17.854 0.5000000000
26375  -28.508  -50.724  17.090 0.5000000000
27170  -28.484  -49.125  16.569 0.6000000238
115957  -27.791  -53.825  19.533 0.6000000238
24116  -28.028  -53.040  19.075 0.6000000238
27174  -28.653  -49.618  15.429 0.6000000238
21885  -26.847  -56.941  21.116 0.5000000000
22642  -27.390  -55.363  20.489 0.5000000000
23379  -27.589  -54.541  19.983 0.6000000238
20354  -26.316  -58.627  21.328 0.4000000060
24109  -27.680  -53.158  20.048 0.6000000238
25593  -28.095  -51.704  19.541 0.6000000238
117187  -28.372  -51.117  19.002 0.6000000238
26370  -28.420  -50.519  18.402 0.5000000000
27166  -28.456  -49.857  17.629 0.6000000238
28014  -28.680  -48.180  15.911 0.6000000238
113216  -28.417  -49.771  18.822 0.6999999881
128540  -33.317  -34.929  12.412 0.5000000000
42095  -34.330  -31.002  16.887 0.6000000238
46960  -29.638  -27.122  10.390 0.5000000000
128057  -32.539  -14.586  6.870 0.4000000060
59279  -32.539  -13.827  6.785 0.3000000119
124648  -32.428  -13.189  6.098 0.3000000119
110014  -32.497  -12.485  6.295 0.3000000119
21911  -29.769  -56.275  17.401 0.4000000060
23396  -29.803  -54.325  18.580 0.5000000000
113948  -29.758  -53.076  19.068 0.5000000000
27139  -30.428  -49.320  21.347 0.5000000000
22677  -30.629  -55.694  15.315 0.4000000060
117835  -30.309  -49.715  20.519 0.6000000238
27980  -30.422  -48.466  20.167 0.6000000238
27970  -30.469  -48.461  21.219 0.5000000000
29745  -30.724  -46.829  21.772 0.5000000000
21925  -30.265  -56.582  14.975 0.4000000060
22676  -28.573  -55.561  15.085 0.5000000000
125319  -27.403  -56.904  17.726 0.3000000119
20369  -26.717  -58.401  18.614 0.4000000060
19612  -25.736  -59.948  20.301 0.4000000060
132591  -33.891  -34.927  13.615 0.4000000060
39464  -34.368  -34.556  14.230 0.4000000060
39478  -33.850  -34.261  13.722 0.4000000060
40193  -29.540  -33.374  25.309 0.5000000000
124356  -30.170  -27.745  10.762 0.5000000000
46961  -30.449  -26.814  10.595 0.5000000000
46977  -29.889  -26.200  10.228 0.5000000000
110729  -32.687  -12.350  7.109 0.3000000119
21917  -30.211  -56.513  16.066 0.4000000060
27176  -30.370  -49.500  15.126 0.6000000238
118021  -26.693  -57.899  20.094 0.5000000000
21895  -26.917  -57.179  20.265 0.6000000238
130147  -26.971  -57.892  18.452 0.4000000060
26354  -30.190  -50.385  20.407 0.6000000238
123207  -29.879  -54.763  17.960 0.4000000060
24861  -30.143  -52.901  17.842 0.5000000000
25603  -30.161  -51.538  18.096 0.6000000238
24134  -30.732  -53.680  15.629 0.5000000000
132985  -30.373  -55.446  14.562 0.5000000000
131974  -29.414  -51.568  15.797 0.5000000000
25614  -29.112  -52.068  16.200 0.5000000000
129827  -28.081  -54.482  18.108 0.5000000000
24124  -28.087  -53.833  18.575 0.5000000000
21935  -29.134  -56.382  14.636 0.4000000060
27957  -30.688  -48.199  22.157 0.4000000060
29746  -31.428  -46.601  22.264 0.4000000060
21923  -27.820  -56.670  15.781 0.4000000060
126115  -22.535  -53.356  22.419 0.4000000060
23359  -22.460  -54.125  22.345 0.3000000119
127538  -22.454  -54.303  23.421 0.4000000060
22586  -22.242  -55.481  24.168 0.4000000060
112406  -22.510  -52.060  21.534 0.4000000060
123665  -22.589  -52.088  22.533 0.4000000060
26351  -22.472  -49.997  19.385 0.4000000060
112685  -22.564  -50.658  20.164 0.4000000060
25572  -22.510  -51.331  20.915 0.4000000060
25560  -22.566  -51.184  22.081 0.4000000060
27165  -22.168  -49.422  17.983 0.3000000119
27156  -22.409  -49.326  18.643 0.3000000119
27989  -22.595  -48.114  18.836 0.4000000060
27127  -22.611  -49.588  21.630 0.4000000060
128072  -22.524  -48.743  19.050 0.4000000060
27978  -22.600  -48.451  20.083 0.5000000000
28858  -22.616  -47.551  19.691 0.4000000060
29757  -22.596  -46.858  20.515 0.4000000060
28848  -22.601  -47.670  21.119 0.5000000000
30657  -22.506  -45.390  21.154 0.4000000060
41104  -29.183  -32.664  24.705 0.3000000119
43921  -33.759  -29.525  21.637 0.3000000119
44917  -33.157  -28.966  21.695 0.3000000119
133806  -33.191  -29.515  22.026 0.3000000119
44918  -33.937  -28.804  21.161 0.3000000119
44937  -34.522  -28.398  20.500 0.3000000119
50873  -30.837  -22.053  10.630 0.4000000060
46864  -33.412  -26.213  20.217 0.3000000119
51826  -31.516  -21.475  10.836 0.4000000060
48788  -31.375  -24.978  19.041 0.3000000119
50860  -32.735  -21.821  11.825 0.4000000060
51828  -32.910  -21.051  11.772 0.3000000119
51827  -32.224  -21.202  11.367 0.4000000060
52827  -31.464  -20.296  9.910 0.4000000060
53815  -31.751  -19.646  9.468 0.3000000119
48790  -33.071  -24.810  19.340 0.3000000119
125027  -31.558  -24.385  18.695 0.3000000119
48802  -32.624  -24.123  18.857 0.3000000119
49789  -33.409  -23.773  18.635 0.3000000119
49803  -33.554  -23.164  18.359 0.3000000119
128866  -35.225  -23.501  17.327 0.3000000119
49802  -32.584  -22.775  18.182 0.3000000119
50771  -33.620  -22.376  17.914 0.3000000119
50772  -35.137  -22.799  17.065 0.3000000119
49805  -35.405  -23.437  16.693 0.3000000119
49848  -35.480  -23.482  15.922 0.3000000119
50769  -30.984  -22.696  17.477 0.3000000119
49801  -31.670  -22.788  17.852 0.3000000119
49868  -35.355  -23.668  15.050 0.3000000119
51745  -30.389  -21.333  16.658 0.3000000119
50814  -35.115  -23.075  14.481 0.3000000119
123408  -29.738  -21.532  16.482 0.3000000119
132820  -29.938  -21.104  16.419 0.3000000119
50832  -34.229  -22.700  13.402 0.3000000119
50850  -33.823  -21.941  12.991 0.3000000119
51817  -33.812  -21.092  12.657 0.3000000119
53736  -27.242  -19.582  14.963 0.3000000119
53737  -27.947  -19.318  15.114 0.3000000119
51816  -33.332  -21.539  12.261 0.3000000119
54774  -28.154  -18.549  14.688 0.3000000119
53803  -31.989  -19.735  10.335 0.3000000119
53823  -32.189  -18.967  8.911 0.3000000119
129320  -34.441  -22.272  17.415 0.3000000119
124654  -32.801  -22.108  17.826 0.3000000119
123800  -34.931  -22.019  16.768 0.3000000119
121814  -35.389  -22.806  15.346 0.3000000119
50770  -31.567  -22.145  17.484 0.3000000119
132731  -32.157  -22.295  17.787 0.3000000119
51737  -32.342  -21.630  17.506 0.3000000119
133754  -33.973  -21.895  17.598 0.3000000119
51747  -34.824  -21.326  16.599 0.3000000119
51748  -35.314  -21.586  16.190 0.3000000119
50797  -35.440  -21.896  15.635 0.3000000119
50815  -35.149  -22.139  14.627 0.3000000119
51746  -31.016  -21.235  16.909 0.3000000119
52725  -32.073  -21.024  17.183 0.3000000119
52726  -32.842  -20.869  17.355 0.3000000119
133135  -34.777  -22.646  13.967 0.3000000119
52745  -29.460  -20.862  16.160 0.3000000119
52733  -30.158  -20.692  16.383 0.3000000119
112310  -34.577  -21.975  13.726 0.3000000119
51796  -34.351  -21.215  13.363 0.3000000119
52746  -29.781  -20.155  16.102 0.3000000119
52804  -33.725  -20.392  12.325 0.3000000119
54775  -29.007  -18.273  15.015 0.3000000119
52819  -33.214  -20.385  11.740 0.3000000119
55870  -28.531  -17.716  14.508 0.3000000119
53804  -32.630  -19.394  10.627 0.3000000119
54844  -32.922  -18.829  10.401 0.3000000119
115855  -32.676  -18.235  9.374 0.3000000119
51739  -34.290  -21.469  17.244 0.3000000119
52738  -35.070  -20.756  16.157 0.3000000119
51756  -35.327  -21.108  15.679 0.3000000119
52735  -32.247  -20.327  17.083 0.3000000119
52736  -33.172  -20.092  17.133 0.3000000119
52737  -34.030  -20.076  16.775 0.3000000119
120308  -34.457  -20.744  16.751 0.3000000119
51771  -35.285  -21.392  15.083 0.3000000119
116300  -30.844  -20.663  16.639 0.3000000119
53706  -31.462  -19.909  16.674 0.3000000119
51770  -34.911  -21.188  14.279 0.3000000119
131422  -34.493  -19.976  13.298 0.3000000119
52789  -34.638  -20.501  13.716 0.3000000119
54765  -30.374  -18.616  15.781 0.3000000119
53772  -34.166  -19.828  12.641 0.3000000119
55858  -30.721  -17.781  15.619 0.3000000119
55871  -29.349  -17.472  14.767 0.3000000119
55872  -30.197  -17.184  15.110 0.3000000119
53791  -33.646  -19.631  11.850 0.3000000119
53805  -33.335  -19.021  11.061 0.3000000119
54856  -32.935  -18.401  9.988 0.3000000119
53707  -32.538  -19.530  16.807 0.3000000119
53708  -33.559  -19.397  16.657 0.3000000119
53709  -34.439  -19.465  16.289 0.3000000119
52748  -35.116  -20.473  15.611 0.3000000119
52764  -35.199  -20.716  15.071 0.3000000119
53722  -30.895  -19.199  16.267 0.3000000119
53723  -34.696  -18.864  15.716 0.3000000119
52747  -34.847  -19.858  15.812 0.3000000119
52763  -34.933  -20.369  14.468 0.3000000119
54766  -31.276  -18.359  16.130 0.3000000119
54747  -32.972  -18.736  16.567 0.3000000119
56966  -31.090  -16.934  15.459 0.3000000119
56984  -31.503  -16.044  15.403 0.3000000119
54807  -34.720  -18.518  12.898 0.3000000119
53792  -34.287  -19.093  12.350 0.3000000119
56982  -29.669  -16.641  14.594 0.3000000119
56983  -30.574  -16.372  14.900 0.3000000119
54828  -34.401  -18.325  12.047 0.3000000119
114682  -33.917  -18.870  11.691 0.3000000119
54827  -33.917  -18.276  11.246 0.3000000119
54845  -33.403  -18.281  10.519 0.3000000119
54857  -33.355  -17.611  9.806 0.3000000119
133653  -34.907  -19.350  15.388 0.3000000119
54776  -34.983  -18.896  14.880 0.3000000119
54767  -32.318  -18.100  16.406 0.3000000119
54768  -33.366  -17.928  16.366 0.3000000119
54769  -34.312  -17.951  15.950 0.3000000119
53754  -34.838  -19.657  14.078 0.3000000119
55859  -31.661  -17.536  15.961 0.3000000119
56967  -32.011  -16.726  15.786 0.3000000119
54790  -34.873  -18.725  13.830 0.3000000119
57002  -29.996  -15.784  14.453 0.3000000119
56985  -32.505  -16.001  15.645 0.3000000119
131541  -32.068  -15.596  15.518 0.3000000119
55900  -34.877  -17.585  12.702 0.3000000119
55916  -33.961  -17.551  10.706 0.3000000119
57046  -34.007  -16.642  10.123 0.3000000119
127637  -34.795  -18.034  15.260 0.3000000119
55861  -33.729  -17.051  15.840 0.3000000119
55862  -34.478  -17.339  15.470 0.3000000119
56968  -32.916  -16.564  15.850 0.3000000119
56969  -34.434  -16.669  15.302 0.3000000119
55887  -35.069  -17.189  13.883 0.3000000119
58023  -30.918  -15.527  14.770 0.3000000119
58024  -31.748  -15.234  15.284 0.3000000119
58025  -32.855  -15.203  15.530 0.3000000119
56986  -33.622  -16.066  15.538 0.3000000119
55917  -34.434  -17.574  11.617 0.3000000119
55936  -34.435  -16.822  11.153 0.3000000119
58140  -33.313  -15.761  8.613 0.3000000119
57067  -33.724  -15.971  9.453 0.3000000119
55873  -34.850  -17.273  14.872 0.3000000119
58051  -30.309  -14.960  14.370 0.3000000119
113390  -34.933  -16.640  14.685 0.3000000119
58052  -31.244  -14.706  14.724 0.3000000119
59131  -32.238  -14.473  15.138 0.3000000119
56987  -34.647  -15.962  15.098 0.3000000119
57003  -35.235  -16.138  14.151 0.3000000119
112937  -35.233  -16.635  13.087 0.3000000119
57016  -35.155  -16.055  12.476 0.3000000119
111253  -34.839  -16.828  12.085 0.3000000119
58086  -34.983  -15.398  11.823 0.3000000119
57028  -34.744  -16.226  11.685 0.3000000119
58099  -34.554  -15.150  10.819 0.3000000119
57047  -34.492  -15.998  10.920 0.3000000119
129045  -34.310  -14.924  10.023 0.3000000119
58119  -34.227  -15.655  10.031 0.3000000119
59151  -30.654  -14.196  14.229 0.3000000119
59132  -33.436  -14.444  15.040 0.3000000119
59133  -34.659  -14.581  14.528 0.3000000119
58027  -34.868  -15.394  14.685 0.3000000119
129654  -35.345  -15.873  13.329 0.3000000119
58072  -35.375  -15.278  12.925 0.3000000119
113306  -35.571  -14.500  12.420 0.3000000119
59216  -34.949  -14.478  11.536 0.3000000119
58118  -33.749  -15.084  9.313 0.3000000119
59233  -34.496  -14.360  10.611 0.3000000119
120268  -33.266  -14.817  8.504 0.3000000119
59152  -31.588  -13.898  14.677 0.3000000119
59154  -33.908  -13.780  14.575 0.3000000119
59155  -34.932  -13.780  13.975 0.3000000119
113389  -35.433  -14.511  13.525 0.3000000119
59245  -34.100  -14.280  9.698 0.3000000119
132694  -32.936  -14.018  7.879 0.3000000119
59153  -32.671  -13.789  14.781 0.3000000119
30650  -32.038  -45.884  22.183 0.4000000060
26369  -22.061  -50.358  17.739 0.3000000119
26327  -22.600  -50.313  22.144 0.4000000060
26314  -22.760  -50.588  22.916 0.4000000060
127116  -22.591  -49.169  20.714 0.4000000060
29741  -22.570  -46.211  21.319 0.4000000060
49787  -31.837  -23.527  18.341 0.3000000119
48824  -35.023  -23.986  17.863 0.3000000119
49804  -34.550  -23.097  17.824 0.3000000119
50859  -32.054  -22.066  11.440 0.4000000060
114686  -28.870  -20.432  15.766 0.3000000119
54773  -27.501  -18.970  14.688 0.3000000119
53705  -30.516  -19.996  16.361 0.3000000119
54789  -27.866  -17.895  14.255 0.3000000119
50782  -35.398  -22.572  16.250 0.3000000119
118640  -22.240  -50.921  17.890 0.4000000060
111711  -22.428  -50.790  18.937 0.4000000060
25582  -22.523  -51.453  19.737 0.4000000060
26340  -22.559  -50.491  21.269 0.4000000060
28001  -22.277  -48.663  17.997 0.3000000119
49788  -32.790  -23.466  18.507 0.3000000119
51738  -33.378  -21.567  17.578 0.3000000119
52805  -34.210  -20.513  12.973 0.3000000119
51736  -31.535  -21.455  17.196 0.3000000119
52734  -31.514  -20.768  16.929 0.3000000119
129641  -34.636  -20.177  16.341 0.3000000119
54746  -31.888  -18.966  16.480 0.3000000119
111343  -34.610  -19.310  13.164 0.3000000119
54748  -33.993  -18.686  16.336 0.3000000119
53724  -34.999  -19.880  15.095 0.3000000119
114324  -34.919  -17.993  13.530 0.3000000119
57001  -29.188  -16.120  14.007 0.3000000119
55860  -32.668  -17.289  16.210 0.3000000119
115394  -34.933  -18.004  14.410 0.3000000119
58026  -34.065  -15.228  15.189 0.3000000119
58053  -35.332  -15.266  13.946 0.3000000119
59244  -33.473  -14.170  8.914 0.3000000119
60309  -35.095  -13.206  13.481 0.3000000119
126723  -22.031  -51.104  17.542 0.4000000060
37970  -34.507  -36.230  13.754 0.4000000060
16651  -21.943  -63.206  24.441 0.3000000119
16666  -23.489  -63.135  23.128 0.3000000119
17356  -21.353  -62.560  24.980 0.3000000119
18119  -24.138  -61.973  22.895 0.3000000119
28870  -22.490  -47.448  18.717 0.3000000119
30671  -22.504  -45.993  20.131 0.3000000119
130998  -22.541  -45.184  20.267 0.3000000119
24842  -22.527  -52.831  19.902 0.3000000119
25591  -22.447  -51.713  18.360 0.3000000119
129623  -22.490  -52.114  20.478 0.3000000119
24833  -22.539  -52.783  22.013 0.3000000119
118333  -22.527  -52.830  21.046 0.3000000119
24859  -22.330  -52.526  17.418 0.3000000119
112057  -22.537  -52.142  19.407 0.3000000119
37257  -34.834  -37.193  14.049 0.3000000119
16665  -22.867  -62.998  23.874 0.3000000119
17357  -22.228  -62.339  24.605 0.4000000060
17397  -24.509  -62.263  20.927 0.4000000060
18093  -22.400  -61.613  24.642 0.4000000060
18126  -24.675  -61.715  21.534 0.4000000060
18826  -22.996  -60.261  24.352 0.5000000000
18844  -23.697  -60.557  23.852 0.6000000238
18854  -24.845  -60.776  22.616 0.5000000000
18855  -25.252  -60.423  22.180 0.5000000000
18866  -25.031  -61.021  21.697 0.5000000000
19596  -25.123  -60.060  22.805 0.5000000000
19606  -25.714  -59.891  21.182 0.5000000000
19620  -26.247  -59.288  18.802 0.4000000060
20337  -26.038  -58.831  22.269 0.6000000238
20353  -26.012  -59.292  21.541 0.5000000000
21076  -24.192  -57.268  24.463 0.6000000238
21085  -24.859  -57.905  24.181 0.6000000238
21103  -26.181  -58.062  22.795 0.6000000238
21140  -26.957  -57.582  19.198 0.5000000000
21151  -27.192  -57.459  18.167 0.4000000060
21839  -24.582  -56.554  24.498 0.6000000238
21864  -26.751  -56.741  21.907 0.6000000238
21874  -27.041  -56.347  21.383 0.6000000238
21886  -27.184  -56.319  20.556 0.5000000000
21924  -28.241  -56.249  15.304 0.4000000060
21926  -30.468  -55.736  14.718 0.5000000000
21936  -30.064  -56.141  14.440 0.5000000000
22595  -25.917  -55.927  24.165 0.6000000238
22596  -26.520  -55.900  23.363 0.6000000238
22660  -29.823  -55.429  17.746 0.4000000060
22669  -30.366  -55.599  16.459 0.4000000060
22684  -29.673  -55.557  14.471 0.5000000000
23337  -23.124  -54.407  24.427 0.5000000000
23339  -25.067  -54.434  24.608 0.6000000238
23395  -28.319  -53.955  17.536 0.5000000000
23415  -29.928  -54.075  15.008 0.5000000000
23422  -30.323  -54.792  14.658 0.5000000000
24075  -26.363  -53.573  24.441 0.6000000238
24092  -22.591  -53.530  23.188 0.5000000000
24100  -22.533  -53.521  21.596 0.3000000119
24138  -29.201  -53.627  15.770 0.5000000000
24140  -30.724  -53.715  15.435 0.5000000000
24791  -25.930  -52.377  25.057 0.6000000238
24808  -27.360  -52.804  23.491 0.6000000238
24821  -27.517  -52.668  22.567 0.6999999881
24850  -27.825  -52.434  19.752 0.6000000238
24851  -28.194  -52.311  19.091 0.6000000238
24867  -30.472  -53.098  15.940 0.5000000000
24876  -29.838  -52.399  15.858 0.5000000000
24877  -30.112  -52.358  15.982 0.5000000000
25518  -26.496  -51.005  25.286 0.6000000238
25550  -23.360  -51.739  23.956 0.5000000000
25583  -27.683  -51.793  20.867 0.6000000238
25624  -29.736  -50.565  15.321 0.6000000238
26299  -23.666  -50.303  24.232 0.5000000000
26302  -27.831  -50.623  24.079 0.6000000238
26329  -28.157  -50.111  22.254 0.6999999881
26353  -30.108  -50.911  19.849 0.6000000238
26361  -22.295  -50.092  18.264 0.4000000060
26376  -30.457  -50.854  16.175 0.5000000000
26381  -28.756  -50.457  15.702 0.6000000238
27101  -25.513  -49.305  25.315 0.5000000000
27117  -28.434  -49.238  23.533 0.6999999881
27146  -22.554  -49.261  19.754 0.5000000000
27147  -30.345  -49.191  19.827 0.6000000238
27167  -30.516  -49.340  17.590 0.6000000238
27171  -30.610  -49.544  16.193 0.6000000238
27175  -29.597  -49.347  14.788 0.6000000238
27897  -27.478  -48.975  25.280 0.6000000238
27921  -24.997  -48.617  25.107 0.6000000238
27923  -28.356  -48.163  24.609 0.6000000238
28002  -22.426  -48.652  18.268 0.3000000119
28025  -29.271  -48.381  14.922 0.6999999881
28790  -27.607  -47.609  25.450 0.6000000238
28804  -24.566  -47.963  24.777 0.6000000238
28835  -28.648  -47.980  22.204 0.6999999881
28837  -31.014  -47.429  22.294 0.4000000060
28850  -30.553  -47.589  21.550 0.5000000000
29698  -24.513  -45.830  24.702 0.6000000238
29699  -25.213  -46.261  25.245 0.6000000238
29771  -22.556  -46.790  19.317 0.3000000119
30610  -28.690  -45.660  25.231 0.8000000119
30647  -22.706  -45.594  22.229 0.5000000000
30673  -30.603  -45.594  20.512 0.6000000238
30683  -28.480  -45.090  19.275 0.8000000119
30700  -30.176  -45.316  17.768 0.6999999881
31537  -24.887  -44.705  25.130 0.5000000000
31599  -32.080  -44.482  21.597 0.6999999881
31601  -33.789  -44.432  21.318 0.6000000238
31616  -34.928  -44.577  20.296 0.5000000000
31649  -29.094  -43.356  14.789 0.6999999881
32435  -30.023  -43.478  24.540 0.8000000119
32471  -31.779  -43.862  21.159 0.6999999881
32472  -32.316  -43.184  21.023 0.6999999881
32473  -33.290  -43.625  21.252 0.6999999881
32501  -28.491  -43.029  18.412 0.8000000119
32503  -31.135  -42.974  19.631 0.6999999881
32521  -28.781  -42.970  16.187 0.8000000119
32529  -28.855  -43.057  15.113 0.6999999881
33197  -25.693  -42.874  25.846 0.6000000238
33198  -26.818  -42.444  26.151 0.6999999881
33218  -22.696  -42.715  23.089 0.4000000060
33255  -31.688  -42.624  20.317 0.6999999881
33271  -31.030  -42.109  19.413 0.6999999881
33282  -35.618  -42.335  18.572 0.6000000238
33294  -29.055  -42.253  16.644 0.6999999881
33984  -24.822  -41.298  25.258 0.5000000000
34000  -23.651  -41.491  24.185 0.4000000060
34001  -24.240  -41.473  24.667 0.5000000000
34029  -29.456  -41.163  21.078 0.8000000119
34030  -30.058  -41.010  21.647 0.8000000119
34043  -28.761  -41.316  20.042 0.8999999762
34069  -28.989  -41.644  17.109 0.6999999881
34081  -28.915  -41.953  16.903 0.8000000119
34082  -35.663  -41.620  17.243 0.5000000000
34813  -30.748  -40.234  24.817 0.6999999881
34866  -33.869  -40.784  20.306 0.6999999881
34878  -30.089  -39.870  18.632 0.8000000119
34879  -31.081  -40.394  19.345 0.6999999881
34881  -33.731  -39.790  19.843 0.6999999881
35621  -30.538  -39.553  25.313 0.6999999881
35648  -31.476  -39.302  22.614 0.6999999881
35694  -28.373  -38.427  19.019 0.8000000119
35696  -33.248  -39.089  19.694 0.6999999881
35709  -35.090  -39.247  18.137 0.6999999881
35720  -35.357  -39.690  17.440 0.6999999881
35738  -33.424  -40.156  13.465 0.5000000000
36419  -31.961  -38.299  23.065 0.6999999881
36464  -32.452  -38.540  19.436 0.8000000119
36479  -33.703  -38.101  18.870 0.6999999881
36514  -34.115  -39.223  15.131 0.6999999881
36535  -32.918  -39.019  11.680 0.5000000000
37255  -32.399  -37.658  12.964 0.6999999881
37280  -33.004  -37.600  11.219 0.5000000000
37911  -29.166  -36.310  19.261 0.8000000119
37928  -28.070  -36.225  18.134 0.8000000119
38628  -33.257  -35.248  21.337 0.6999999881
38640  -31.443  -36.016  20.014 0.6999999881
38685  -28.935  -35.793  16.809 0.8000000119
38696  -30.272  -35.232  16.532 1.0000000000
38736  -32.349  -36.676  11.168 0.6000000238
39409  -28.241  -35.166  17.581 0.8000000119
39410  -32.135  -34.354  18.569 0.6999999881
39474  -28.103  -34.417  13.907 0.8000000119
39476  -29.260  -34.423  13.243 0.8000000119
40309  -33.254  -33.946  12.899 0.6000000238
40319  -28.605  -33.748  12.360 0.8000000119
40332  -29.904  -33.177  11.554 0.8999999762
41136  -33.634  -32.812  22.713 0.6999999881
41143  -34.547  -32.262  21.456 0.6999999881
41226  -28.084  -33.555  13.599 0.8000000119
41229  -34.916  -33.002  14.615 0.4000000060
42011  -32.688  -31.062  23.174 0.5000000000
42065  -34.921  -31.334  18.459 0.6999999881
43013  -32.588  -30.489  15.309 0.8000000119
43922  -34.383  -29.545  21.227 0.5000000000
44031  -25.700  -29.110  11.615 0.8000000119
44044  -26.109  -29.343  11.805 0.8000000119
44056  -25.638  -29.170  11.282 0.8000000119
45046  -25.387  -28.754  10.939 0.8000000119
45051  -29.994  -28.624  10.812 0.6000000238
46024  -25.398  -28.433  11.067 0.8000000119
46054  -25.844  -27.474  10.385 0.6999999881
46056  -27.132  -27.532  9.701 0.6999999881
46942  -25.578  -27.844  11.019 0.8000000119
46947  -29.919  -26.154  11.951 0.8000000119
46959  -25.869  -26.208  10.381 0.6999999881
46972  -25.865  -26.688  9.956 0.6999999881
46973  -26.329  -26.652  9.562 0.6999999881
46974  -27.197  -26.824  9.432 0.6999999881
47790  -30.836  -24.821  18.618 0.3000000119
47894  -25.641  -24.902  9.330 0.6999999881
48921  -28.039  -24.153  10.573 0.6999999881
48932  -25.558  -24.436  9.428 0.6999999881
48943  -25.627  -24.341  8.775 0.6999999881
49922  -25.488  -23.792  9.204 0.6999999881
49923  -25.915  -23.823  9.652 0.6999999881
49943  -25.555  -23.606  8.720 0.6000000238
49954  -26.535  -22.680  7.527 0.5000000000
50889  -25.758  -22.321  8.247 0.5000000000
50895  -25.930  -21.956  7.698 0.5000000000
50896  -26.098  -22.242  7.501 0.5000000000
51735  -30.834  -21.932  17.127 0.3000000119
51864  -26.210  -21.541  7.401 0.5000000000
51871  -26.714  -21.062  6.663 0.5000000000
52727  -33.714  -20.747  17.264 0.3000000119
52843  -27.893  -20.428  7.537 0.5000000000
53790  -32.946  -19.814  11.231 0.4000000060
59188  -35.608  -13.750  12.981 0.3000000119
110000  -32.701  -13.289  7.230 0.3000000119
110370  -28.709  -45.532  14.708 0.6999999881
110692  -29.056  -47.560  14.810 0.6999999881
111710  -28.469  -48.710  19.825 0.8999999762
112279  -28.423  -43.702  17.891 0.8000000119
113100  -30.462  -46.929  20.939 0.6000000238
114491  -28.542  -39.090  19.729 0.8000000119
114526  -29.080  -24.977  11.269 0.6000000238
115068  -25.227  -42.108  25.611 0.5000000000
115254  -28.341  -36.969  19.021 0.8000000119
115352  -27.281  -57.426  17.110 0.3000000119
115522  -28.509  -25.724  18.345 0.3000000119
115937  -28.581  -34.587  15.636 0.8000000119
115968  -28.845  -37.142  26.397 0.6000000238
116043  -22.167  -61.048  24.825 0.4000000060
116158  -28.688  -39.722  18.465 0.8999999762
116589  -30.454  -47.933  18.522 0.6000000238
117263  -28.415  -51.184  18.093 0.5000000000
117350  -30.538  -48.868  21.985 0.5000000000
117358  -23.283  -44.662  23.430 0.5000000000
117385  -34.489  -40.014  19.479 0.6999999881
117687  -26.906  -23.903  10.191 0.5000000000
118116  -28.675  -48.865  15.385 0.6000000238
118351  -30.992  -54.084  15.197 0.5000000000
118368  -22.585  -49.867  20.523 0.4000000060
118558  -30.270  -41.967  18.398 0.6999999881
119118  -29.720  -53.823  19.124 0.5000000000
119672  -22.387  -48.056  18.298 0.3000000119
119788  -27.521  -28.739  10.394 0.8000000119
119982  -25.706  -47.139  25.460 0.6000000238
120157  -28.992  -38.713  26.242 0.6999999881
120231  -28.722  -41.757  17.288 0.8000000119
120280  -29.565  -28.859  12.864 0.8000000119
120829  -25.619  -58.010  23.533 0.6000000238
120972  -27.617  -43.008  26.271 0.6999999881
121368  -30.607  -50.201  15.495 0.6000000238
121548  -30.394  -50.742  17.439 0.6000000238
122050  -23.148  -55.771  24.614 0.6000000238
122575  -26.304  -49.308  25.511 0.6000000238
123043  -34.414  -37.905  16.461 0.6999999881
123369  -33.319  -34.605  20.092 0.6999999881
123449  -27.480  -56.009  18.924 0.5000000000
123460  -26.637  -48.258  25.627 0.6000000238
123916  -32.717  -38.366  11.396 0.5000000000
124701  -23.724  -49.109  24.084 0.6000000238
125688  -29.475  -44.900  15.227 0.6999999881
125783  -29.186  -45.063  14.362 0.6999999881
127428  -29.701  -56.693  14.691 0.4000000060
127554  -33.416  -20.904  12.121 0.3000000119
128074  -30.928  -46.341  21.879 0.6999999881
128499  -28.536  -41.514  17.916 0.8000000119
128536  -27.366  -55.905  19.812 0.6000000238
128803  -29.332  -20.285  15.939 0.3000000119
129486  -30.394  -49.038  20.617 0.6000000238
129571  -30.825  -54.801  15.653 0.5000000000
130012  -30.369  -52.783  16.829 0.5000000000
130139  -30.471  -45.737  19.782 0.6000000238
130617  -27.853  -57.031  15.595 0.4000000060
130794  -28.534  -44.097  15.819 0.6999999881
130815  -28.627  -43.525  15.110 0.6999999881
131411  -28.723  -30.060  22.295 0.3000000119
131803  -23.314  -44.146  23.595 0.4000000060
132016  -26.285  -28.556  10.460 0.8000000119
132311  -26.916  -25.051  17.235 0.3000000119
132691  -30.730  -16.547  4.541 0.4000000060
132734  -28.892  -33.889  16.666 0.8000000119
133058  -23.042  -46.813  22.804 0.6000000238
133383  -32.586  -32.225  16.588 0.8000000119
133562  -35.571  -41.009  16.925 0.6000000238
133868  -27.602  -52.055  22.319 0.6999999881
134047  -32.669  -16.646  7.723 0.3000000119
134055  -23.640  -39.660  23.951 0.4000000060
