#!ascii label  , from subject sub-v1s9x0051356_ses-1 vox2ras=TkReg
1349
95537  -38.483  9.064  45.229 0.0000000000
91966  -49.285  5.050  38.959 0.0000000000
100868  -43.489  15.580  49.429 0.0000000000
93756  -47.476  7.304  45.401 0.0000000000
93667  -44.548  7.969  52.853 0.0000000000
97255  -44.743  11.540  38.941 0.0000000000
101874  -46.526  16.954  40.643 0.0000000000
105517  -37.879  21.180  40.308 0.0000000000
88954  -39.915  2.618  54.514 0.0000000000
129593  -42.823  5.639  44.894 0.0000000000
93805  -45.914  7.156  41.119 0.0000000000
95582  -42.500  9.753  42.272 0.0000000000
103461  -48.062  18.549  51.612 0.0000000000
99945  -51.163  15.667  46.942 0.0000000000
129074  -44.789  16.480  45.584 0.0000000000
102765  -40.864  17.054  42.037 0.0000000000
105498  -42.887  21.676  42.830 0.0000000000
93850  -47.789  7.636  35.504 0.0000000000
98977  -35.413  13.379  47.717 0.0000000000
99937  -40.081  14.096  45.644 0.0000000000
93684  -48.771  8.232  51.392 0.0000000000
94606  -45.804  8.601  48.797 0.0000000000
143679  -41.064  5.750  48.721 0.0000000000
91845  -39.826  6.146  51.669 0.0000000000
94715  -49.753  8.271  38.201 0.0000000000
99071  -49.777  13.941  35.128 0.0000000000
99006  -44.982  13.345  43.881 0.0000000000
100966  -49.296  16.377  39.210 0.0000000000
101944  -48.795  17.685  33.774 0.0000000000
100018  -42.495  14.726  36.089 0.0000000000
133330  -36.955  16.528  38.145 0.0000000000
93767  -40.354  7.721  44.686 0.0000000000
93782  -42.331  7.604  43.279 0.0000000000
95551  -40.332  9.755  44.134 0.0000000000
104153  -47.105  20.556  48.671 0.0000000000
102724  -46.217  17.410  48.448 0.0000000000
104159  -44.635  19.027  46.941 0.0000000000
104166  -42.854  18.910  45.517 0.0000000000
149195  -48.518  6.688  37.364 0.0000000000
98956  -34.777  14.284  51.533 0.0000000000
99895  -36.777  14.310  50.322 0.0000000000
141403  -44.825  8.922  50.744 0.0000000000
93718  -42.910  7.304  48.919 0.0000000000
94590  -41.925  8.401  50.232 0.0000000000
90901  -40.792  3.824  52.929 0.0000000000
92753  -34.381  6.520  49.411 0.0000000000
94603  -32.507  8.560  47.963 0.0000000000
93702  -31.457  7.437  49.567 0.0000000000
93772  -51.137  8.335  44.062 0.0000000000
95599  -45.152  9.292  39.573 0.0000000000
138103  -47.568  7.389  39.806 0.0000000000
95614  -47.109  9.494  38.167 0.0000000000
97287  -49.932  11.137  36.276 0.0000000000
97284  -46.688  11.977  37.183 0.0000000000
145383  -42.267  15.263  47.171 0.0000000000
98992  -42.188  13.868  45.016 0.0000000000
99929  -44.730  14.451  46.244 0.0000000000
146023  -50.251  16.309  42.730 0.0000000000
99967  -50.080  14.777  42.510 0.0000000000
101877  -51.037  17.182  40.010 0.0000000000
101919  -50.182  18.143  37.405 0.0000000000
137825  -47.645  18.015  37.984 0.0000000000
134226  -44.791  15.669  34.372 0.0000000000
101915  -44.742  16.605  37.799 0.0000000000
103519  -38.630  19.138  42.289 0.0000000000
101869  -39.770  16.831  40.473 0.0000000000
103537  -37.335  18.499  40.575 0.0000000000
102798  -35.768  18.014  38.654 0.0000000000
151253  -36.714  20.070  38.714 0.0000000000
91907  -45.347  5.854  45.164 0.0000000000
92841  -46.556  6.293  43.377 0.0000000000
92853  -44.065  6.442  42.876 0.0000000000
94691  -43.606  8.611  41.465 0.0000000000
96426  -43.573  10.323  40.802 0.0000000000
100848  -46.201  15.862  51.435 0.0000000000
99915  -47.654  14.773  47.898 0.0000000000
101781  -49.674  16.268  49.759 0.0000000000
132645  -47.909  16.486  46.222 0.0000000000
100924  -45.836  15.821  43.580 0.0000000000
101872  -44.318  16.894  40.655 0.0000000000
101833  -43.165  16.065  43.357 0.0000000000
103500  -40.862  18.740  44.356 0.0000000000
105510  -40.664  21.915  42.019 0.0000000000
95639  -47.520  9.804  34.603 0.0000000000
97206  -36.716  11.291  45.870 0.0000000000
148873  -38.490  11.982  45.220 0.0000000000
98984  -37.367  13.672  46.558 0.0000000000
100864  -39.569  15.052  48.823 0.0000000000
128977  -41.029  14.773  51.554 0.0000000000
101775  -40.336  16.188  50.816 0.0000000000
132483  -42.780  16.188  51.417 0.0000000000
95516  -50.417  10.239  48.882 0.0000000000
130111  -49.132  10.418  50.619 0.0000000000
94629  -46.899  8.123  47.205 0.0000000000
91878  -43.967  5.779  47.009 0.0000000000
91886  -41.644  5.461  46.693 0.0000000000
93649  -44.769  7.339  54.526 0.0000000000
90876  -42.687  4.450  55.614 0.0000000000
91805  -42.626  5.647  53.325 0.0000000000
92730  -41.917  7.266  51.743 0.0000000000
93705  -39.841  7.672  50.580 0.0000000000
94627  -36.358  8.317  46.434 0.0000000000
91015  -52.510  4.944  40.202 0.0000000000
92870  -49.068  6.673  41.658 0.0000000000
92883  -51.195  6.887  40.306 0.0000000000
92917  -52.536  6.646  37.750 0.0000000000
94727  -51.513  8.362  36.361 0.0000000000
96482  -51.066  11.022  34.906 0.0000000000
99110  -49.635  13.419  33.476 0.0000000000
97216  -41.183  12.098  43.913 0.0000000000
98111  -43.297  12.383  42.435 0.0000000000
99043  -44.583  13.219  40.914 0.0000000000
98996  -46.988  14.028  45.096 0.0000000000
99037  -46.530  13.735  41.936 0.0000000000
99990  -45.649  14.274  39.094 0.0000000000
100021  -47.592  15.217  36.275 0.0000000000
101026  -51.305  16.782  33.771 0.0000000000
100053  -47.255  14.784  32.890 0.0000000000
132843  -42.620  15.960  38.630 0.0000000000
99997  -40.052  14.732  38.072 0.0000000000
100999  -36.950  16.535  35.158 0.0000000000
100985  -35.658  16.656  36.115 0.0000000000
102810  -33.964  17.474  37.231 0.0000000000
95538  -39.205  8.742  44.910 0.0000000000
94659  -40.646  8.408  44.256 0.0000000000
95549  -38.971  9.703  44.785 0.0000000000
141245  -45.754  19.467  47.614 0.0000000000
153059  -44.923  20.465  45.007 0.0000000000
91980  -48.733  5.702  38.449 0.0000000000
94564  -45.089  8.799  51.506 0.0000000000
94578  -43.328  8.842  50.371 0.0000000000
94550  -43.623  8.325  51.567 0.0000000000
91852  -33.888  5.889  50.688 0.0000000000
92751  -32.763  6.782  49.716 0.0000000000
94642  -48.981  8.300  45.803 0.0000000000
93757  -49.377  8.060  45.024 0.0000000000
136871  -45.117  10.002  39.327 0.0000000000
95605  -45.682  9.560  39.055 0.0000000000
96452  -45.747  10.795  38.351 0.0000000000
97269  -46.998  11.015  37.345 0.0000000000
98136  -45.405  12.186  38.106 0.0000000000
100867  -42.652  15.577  48.670 0.0000000000
99912  -43.652  14.923  46.966 0.0000000000
136554  -44.409  15.122  47.574 0.0000000000
101846  -48.641  16.362  41.894 0.0000000000
101847  -50.746  16.522  41.632 0.0000000000
102791  -48.793  17.613  39.618 0.0000000000
102803  -49.267  18.071  38.816 0.0000000000
102802  -47.673  17.740  39.116 0.0000000000
101916  -45.608  16.975  37.491 0.0000000000
102801  -46.116  17.522  39.317 0.0000000000
104871  -38.182  20.457  41.600 0.0000000000
103529  -38.340  18.718  41.633 0.0000000000
104195  -37.612  19.802  41.171 0.0000000000
104203  -36.838  19.549  40.050 0.0000000000
104877  -36.998  20.116  39.912 0.0000000000
91905  -43.634  5.506  45.177 0.0000000000
91935  -44.914  5.776  43.827 0.0000000000
91922  -43.496  5.778  44.287 0.0000000000
95569  -42.164  9.025  42.825 0.0000000000
94684  -42.596  8.133  42.706 0.0000000000
95583  -43.047  9.185  41.812 0.0000000000
95591  -43.498  9.582  41.196 0.0000000000
96413  -42.699  10.631  41.843 0.0000000000
101741  -48.020  17.483  52.258 0.0000000000
100858  -48.266  15.938  50.682 0.0000000000
102719  -48.860  17.465  51.016 0.0000000000
101784  -45.338  17.062  47.323 0.0000000000
101785  -46.880  16.794  48.017 0.0000000000
101806  -46.004  16.412  45.713 0.0000000000
101820  -46.715  16.252  44.991 0.0000000000
128489  -45.606  16.113  44.883 0.0000000000
101834  -44.207  15.845  43.168 0.0000000000
129131  -43.795  16.405  45.027 0.0000000000
104852  -43.299  20.784  43.878 0.0000000000
140323  -41.655  19.188  44.585 0.0000000000
144090  -41.845  20.455  43.758 0.0000000000
104863  -40.497  20.732  43.099 0.0000000000
106126  -41.596  22.112  42.105 0.0000000000
94734  -47.480  8.589  34.483 0.0000000000
98079  -35.818  12.195  46.507 0.0000000000
98080  -36.540  12.558  46.322 0.0000000000
136291  -35.914  13.364  47.322 0.0000000000
99889  -38.160  14.654  51.583 0.0000000000
155834  -38.102  14.384  50.063 0.0000000000
99898  -39.301  14.471  51.453 0.0000000000
100865  -40.342  15.161  49.467 0.0000000000
99892  -40.330  14.624  51.824 0.0000000000
102703  -39.318  17.567  49.450 0.0000000000
101756  -41.458  15.598  51.503 0.0000000000
102706  -42.562  17.314  50.652 0.0000000000
102685  -43.514  17.111  51.112 0.0000000000
103457  -43.111  18.843  49.568 0.0000000000
94598  -51.683  10.320  49.562 0.0000000000
94583  -51.188  10.649  50.111 0.0000000000
95494  -48.477  10.238  51.028 0.0000000000
95504  -47.137  9.167  49.560 0.0000000000
95514  -47.851  9.298  48.908 0.0000000000
94617  -46.328  8.310  47.942 0.0000000000
92784  -45.240  6.980  47.136 0.0000000000
129968  -44.930  7.422  47.799 0.0000000000
92771  -41.827  6.053  48.725 0.0000000000
91868  -42.259  5.673  48.038 0.0000000000
131673  -40.956  5.459  47.952 0.0000000000
89922  -41.641  3.594  55.230 0.0000000000
91804  -41.869  5.037  53.010 0.0000000000
91823  -41.336  5.547  52.350 0.0000000000
92714  -42.530  6.504  52.508 0.0000000000
92729  -40.875  7.457  51.491 0.0000000000
93679  -40.792  8.093  51.075 0.0000000000
93677  -39.355  7.627  51.111 0.0000000000
94626  -35.900  9.113  46.387 0.0000000000
94616  -35.073  8.238  46.987 0.0000000000
90994  -52.027  5.035  41.724 0.0000000000
92856  -46.781  6.476  42.547 0.0000000000
92857  -47.560  6.537  42.481 0.0000000000
128458  -47.158  6.640  41.843 0.0000000000
94714  -48.557  8.191  38.516 0.0000000000
93825  -49.028  7.152  39.576 0.0000000000
93836  -50.499  7.718  38.555 0.0000000000
93828  -52.850  7.332  38.743 0.0000000000
93837  -52.888  7.669  38.065 0.0000000000
93854  -52.117  7.788  36.931 0.0000000000
95618  -51.730  9.181  37.280 0.0000000000
98158  -49.612  12.406  35.680 0.0000000000
97303  -51.193  11.344  35.707 0.0000000000
98173  -50.941  12.522  34.930 0.0000000000
97325  -50.395  12.189  33.965 0.0000000000
99096  -51.119  13.511  33.893 0.0000000000
98086  -39.176  13.161  45.243 0.0000000000
149106  -39.894  12.130  44.596 0.0000000000
99002  -40.297  13.229  44.801 0.0000000000
99005  -43.558  13.415  44.392 0.0000000000
99017  -43.249  13.038  43.834 0.0000000000
98105  -44.044  12.884  42.906 0.0000000000
98112  -43.971  12.782  42.096 0.0000000000
99026  -44.743  13.180  42.618 0.0000000000
99917  -49.928  15.385  47.757 0.0000000000
99931  -46.956  14.549  46.734 0.0000000000
148222  -49.279  14.519  45.492 0.0000000000
99986  -50.467  15.541  40.972 0.0000000000
99029  -48.492  14.150  42.536 0.0000000000
99985  -48.690  14.995  40.709 0.0000000000
99983  -45.853  14.324  40.071 0.0000000000
99991  -46.605  14.874  39.472 0.0000000000
100010  -46.519  14.783  37.432 0.0000000000
100979  -47.290  15.553  37.894 0.0000000000
102842  -49.432  18.416  35.793 0.0000000000
101929  -51.128  18.061  35.362 0.0000000000
101945  -50.044  18.242  33.642 0.0000000000
101045  -49.070  16.291  32.432 0.0000000000
101960  -47.638  16.650  32.290 0.0000000000
100062  -45.524  15.103  31.532 0.0000000000
136722  -46.413  16.387  32.104 0.0000000000
100019  -43.687  15.259  35.463 0.0000000000
101023  -43.423  15.546  33.554 0.0000000000
148496  -42.576  16.698  41.062 0.0000000000
101889  -42.859  16.967  39.886 0.0000000000
101870  -41.522  16.868  40.521 0.0000000000
101886  -38.371  16.304  39.632 0.0000000000
100961  -39.899  15.676  39.341 0.0000000000
100974  -38.497  15.412  38.223 0.0000000000
100005  -38.919  14.998  36.728 0.0000000000
100987  -37.179  16.455  36.118 0.0000000000
101922  -36.066  16.700  35.616 0.0000000000
101901  -36.514  16.842  36.567 0.0000000000
103552  -34.798  18.548  37.499 0.0000000000
102811  -34.992  18.010  37.480 0.0000000000
103558  -33.559  18.273  36.444 0.0000000000
102809  -33.387  18.072  36.793 0.0000000000
92819  -41.439  6.375  44.748 0.0000000000
92837  -42.431  6.851  43.592 0.0000000000
93768  -41.033  7.638  44.269 0.0000000000
94674  -41.274  8.327  43.783 0.0000000000
95567  -41.056  9.840  43.584 0.0000000000
102718  -47.245  17.863  49.770 0.0000000000
103474  -46.148  18.693  48.816 0.0000000000
103485  -45.105  18.128  47.937 0.0000000000
103489  -43.883  18.279  46.597 0.0000000000
102727  -43.188  17.872  46.149 0.0000000000
104158  -43.720  18.937  46.113 0.0000000000
104841  -43.731  20.420  44.423 0.0000000000
138396  -48.003  7.111  36.683 0.0000000000
98970  -34.714  13.529  49.393 0.0000000000
98972  -36.044  13.937  49.226 0.0000000000
98964  -35.932  14.146  50.569 0.0000000000
94580  -45.135  8.958  50.241 0.0000000000
93720  -44.550  7.875  48.497 0.0000000000
94592  -43.645  8.802  49.774 0.0000000000
93708  -42.369  8.027  49.598 0.0000000000
92760  -41.121  6.656  49.471 0.0000000000
89956  -40.346  3.370  53.238 0.0000000000
90933  -38.804  4.821  51.739 0.0000000000
92767  -34.721  6.637  48.645 0.0000000000
147601  -33.794  7.799  47.775 0.0000000000
93716  -33.482  7.495  48.297 0.0000000000
94602  -31.935  8.258  48.480 0.0000000000
93814  -45.597  7.732  40.483 0.0000000000
93815  -46.460  7.383  40.496 0.0000000000
93823  -46.164  7.985  39.870 0.0000000000
149101  -47.188  8.781  38.711 0.0000000000
95616  -49.025  8.953  37.788 0.0000000000
145523  -49.855  9.538  37.322 0.0000000000
96461  -48.544  10.184  37.088 0.0000000000
152184  -48.272  11.751  36.364 0.0000000000
98156  -47.774  13.179  36.069 0.0000000000
99926  -41.279  14.789  46.265 0.0000000000
98991  -41.312  13.838  45.079 0.0000000000
99927  -42.254  14.816  46.466 0.0000000000
145949  -43.599  14.120  45.482 0.0000000000
145982  -44.617  13.793  45.052 0.0000000000
100914  -51.508  16.190  44.770 0.0000000000
146082  -51.283  15.225  44.638 0.0000000000
99969  -51.817  15.925  43.020 0.0000000000
100943  -51.488  16.145  41.232 0.0000000000
100967  -50.840  16.947  39.645 0.0000000000
100980  -48.961  16.651  38.248 0.0000000000
102816  -50.289  18.029  38.508 0.0000000000
102833  -49.082  18.390  36.726 0.0000000000
102841  -48.063  17.955  36.022 0.0000000000
101942  -46.344  16.360  34.501 0.0000000000
101932  -46.083  16.452  35.680 0.0000000000
101002  -45.072  15.930  36.105 0.0000000000
100991  -43.611  15.614  37.340 0.0000000000
102775  -40.155  17.473  41.870 0.0000000000
133505  -40.679  16.916  40.552 0.0000000000
102784  -39.243  17.425  40.906 0.0000000000
102783  -38.400  17.534  40.679 0.0000000000
101866  -37.032  17.242  39.771 0.0000000000
101884  -36.579  17.132  38.759 0.0000000000
102799  -36.370  17.686  39.237 0.0000000000
104209  -35.688  18.840  38.661 0.0000000000
104215  -35.233  19.287  37.744 0.0000000000
92807  -46.771  6.888  45.432 0.0000000000
93769  -47.812  7.110  44.684 0.0000000000
133014  -46.418  6.184  44.096 0.0000000000
92840  -45.685  6.000  43.665 0.0000000000
92854  -44.724  6.641  42.333 0.0000000000
93783  -42.887  7.251  43.007 0.0000000000
129757  -43.904  7.035  42.226 0.0000000000
93813  -45.032  7.491  41.091 0.0000000000
95592  -44.081  8.842  40.820 0.0000000000
95597  -44.035  9.739  40.522 0.0000000000
96439  -44.281  10.867  39.766 0.0000000000
140600  -45.420  15.545  50.660 0.0000000000
100881  -45.639  15.243  48.317 0.0000000000
100870  -46.999  15.343  49.649 0.0000000000
100883  -48.685  15.330  48.984 0.0000000000
100885  -50.356  15.729  48.217 0.0000000000
101779  -48.207  17.134  49.640 0.0000000000
101787  -49.760  16.400  48.653 0.0000000000
101809  -51.108  16.324  46.543 0.0000000000
100913  -49.688  16.358  44.528 0.0000000000
100935  -47.894  16.058  42.759 0.0000000000
101845  -46.912  16.226  42.079 0.0000000000
101873  -45.278  16.827  40.727 0.0000000000
101844  -45.195  16.120  42.058 0.0000000000
142612  -43.698  15.978  42.602 0.0000000000
101842  -42.273  16.336  42.915 0.0000000000
102745  -42.260  17.323  45.241 0.0000000000
102757  -41.218  17.174  44.156 0.0000000000
102756  -40.659  17.341  43.596 0.0000000000
103510  -39.726  18.493  43.284 0.0000000000
136859  -39.165  20.088  42.854 0.0000000000
105519  -38.997  21.977  41.036 0.0000000000
96376  -37.127  10.603  45.653 0.0000000000
96378  -38.533  10.553  45.016 0.0000000000
97207  -37.404  11.370  45.560 0.0000000000
98987  -37.853  13.205  45.807 0.0000000000
99923  -38.663  14.235  46.333 0.0000000000
99902  -36.691  14.115  48.590 0.0000000000
99910  -38.336  14.589  47.401 0.0000000000
100891  -39.923  15.055  46.892 0.0000000000
100877  -40.309  15.364  47.877 0.0000000000
100866  -41.863  15.490  49.389 0.0000000000
100854  -42.607  15.432  50.257 0.0000000000
101754  -39.900  15.383  51.722 0.0000000000
101755  -40.839  15.323  51.806 0.0000000000
100827  -41.675  15.101  51.754 0.0000000000
100855  -43.428  15.412  50.960 0.0000000000
101759  -44.801  15.932  51.750 0.0000000000
102687  -45.705  17.753  51.566 0.0000000000
103446  -46.926  18.789  51.448 0.0000000000
95524  -52.081  10.335  48.026 0.0000000000
94631  -48.668  8.543  46.620 0.0000000000
95485  -50.307  11.013  52.095 0.0000000000
94567  -50.530  10.558  51.515 0.0000000000
136271  -50.159  10.424  49.555 0.0000000000
94619  -48.411  8.794  47.395 0.0000000000
130478  -47.199  7.837  46.571 0.0000000000
92793  -46.245  6.915  46.095 0.0000000000
91888  -45.081  5.916  46.025 0.0000000000
91887  -43.658  5.447  46.121 0.0000000000
148060  -43.845  6.415  47.661 0.0000000000
129269  -43.146  5.425  46.795 0.0000000000
91904  -42.210  5.613  45.423 0.0000000000
92805  -40.864  6.246  45.379 0.0000000000
133501  -43.774  5.440  56.407 0.0000000000
90887  -41.855  4.036  54.396 0.0000000000
135714  -42.922  5.309  54.265 0.0000000000
92681  -44.110  6.213  55.091 0.0000000000
92690  -43.885  6.389  54.305 0.0000000000
93655  -44.030  7.304  53.182 0.0000000000
93666  -43.655  7.754  52.285 0.0000000000
94576  -41.692  8.332  50.913 0.0000000000
93695  -41.071  8.135  50.627 0.0000000000
92759  -40.090  7.000  49.852 0.0000000000
95536  -37.356  9.226  45.713 0.0000000000
95529  -36.187  9.840  46.176 0.0000000000
96373  -35.750  10.564  46.341 0.0000000000
97202  -34.612  11.322  46.884 0.0000000000
98073  -33.961  12.377  47.726 0.0000000000
90063  -50.376  3.815  41.718 0.0000000000
90074  -50.589  3.887  40.987 0.0000000000
145002  -50.804  4.599  39.586 0.0000000000
92824  -48.100  6.860  43.879 0.0000000000
92844  -49.496  7.119  42.952 0.0000000000
92880  -48.295  6.725  40.938 0.0000000000
149099  -49.209  6.707  41.033 0.0000000000
92872  -52.343  7.069  41.073 0.0000000000
92884  -53.387  6.567  40.517 0.0000000000
91969  -53.002  5.528  39.332 0.0000000000
91982  -51.164  5.445  38.551 0.0000000000
92915  -50.278  6.427  37.534 0.0000000000
92927  -49.997  6.885  36.964 0.0000000000
93861  -49.547  7.878  35.681 0.0000000000
96463  -51.392  10.273  36.553 0.0000000000
95641  -51.524  9.938  35.462 0.0000000000
94744  -49.122  9.200  34.638 0.0000000000
96480  -49.026  10.501  34.354 0.0000000000
97319  -48.701  11.303  34.302 0.0000000000
98190  -48.071  13.066  34.040 0.0000000000
96380  -39.243  10.576  44.637 0.0000000000
96382  -40.653  10.597  43.894 0.0000000000
97224  -41.577  11.413  43.427 0.0000000000
140524  -41.645  13.351  44.525 0.0000000000
97225  -41.982  12.100  43.459 0.0000000000
97231  -42.181  11.467  42.931 0.0000000000
145608  -42.998  11.234  41.493 0.0000000000
98125  -43.607  12.079  40.759 0.0000000000
98132  -44.335  12.266  39.450 0.0000000000
99914  -46.313  14.833  47.479 0.0000000000
130248  -46.397  14.260  45.728 0.0000000000
99007  -45.907  13.501  44.078 0.0000000000
99960  -49.025  14.315  44.099 0.0000000000
99020  -47.847  13.861  43.143 0.0000000000
99028  -46.307  13.487  42.694 0.0000000000
99036  -45.412  13.594  41.455 0.0000000000
99044  -45.231  13.733  40.543 0.0000000000
99050  -44.673  13.085  39.028 0.0000000000
99057  -45.699  13.537  37.530 0.0000000000
141394  -48.749  14.455  35.466 0.0000000000
101927  -50.058  17.624  36.969 0.0000000000
101005  -50.012  16.778  35.414 0.0000000000
135393  -50.975  15.647  34.053 0.0000000000
99119  -50.640  14.913  33.202 0.0000000000
100054  -48.210  14.615  33.149 0.0000000000
101034  -45.298  16.175  32.085 0.0000000000
101891  -44.248  17.188  39.334 0.0000000000
101902  -43.457  16.658  38.895 0.0000000000
100990  -42.636  15.259  37.688 0.0000000000
100962  -40.839  15.794  39.405 0.0000000000
100977  -41.194  15.388  38.833 0.0000000000
152442  -40.905  14.482  36.686 0.0000000000
134209  -40.082  14.427  36.444 0.0000000000
155720  -38.088  15.791  34.565 0.0000000000
100026  -37.179  15.334  34.854 0.0000000000
102823  -35.200  17.485  36.868 0.0000000000
101910  -34.494  17.151  36.794 0.0000000000
106173  -38.881  22.119  39.394 0.0000000000
131809  -38.337  21.622  38.844 0.0000000000
104892  -37.193  20.585  38.189 0.0000000000
104891  -36.383  20.159  37.768 0.0000000000
104222  -34.755  20.106  36.626 0.0000000000
94552  -45.318  8.678  52.590 0.0000000000
94551  -44.373  8.370  51.958 0.0000000000
94563  -44.027  8.780  51.012 0.0000000000
132136  -48.345  7.645  45.254 0.0000000000
96440  -44.802  10.738  39.274 0.0000000000
96441  -45.426  10.337  38.865 0.0000000000
96451  -45.195  10.999  38.752 0.0000000000
97268  -46.027  11.479  37.798 0.0000000000
97267  -45.324  11.561  38.423 0.0000000000
100880  -43.444  15.383  47.941 0.0000000000
130606  -44.433  15.481  48.757 0.0000000000
101859  -47.462  16.627  41.265 0.0000000000
101860  -49.363  16.847  41.023 0.0000000000
101875  -48.162  17.218  40.463 0.0000000000
102790  -47.084  17.450  39.912 0.0000000000
151902  -38.087  21.093  41.010 0.0000000000
104870  -37.663  20.575  40.824 0.0000000000
133870  -37.228  20.022  40.491 0.0000000000
104878  -37.388  20.605  40.051 0.0000000000
92820  -42.655  6.120  44.161 0.0000000000
140359  -42.670  8.888  42.325 0.0000000000
95590  -42.970  9.929  41.670 0.0000000000
102708  -48.971  17.931  51.883 0.0000000000
101794  -44.549  16.920  46.494 0.0000000000
101795  -45.616  16.699  46.597 0.0000000000
101819  -44.709  16.056  44.600 0.0000000000
101793  -43.748  16.845  45.884 0.0000000000
139332  -42.892  21.173  43.467 0.0000000000
104851  -42.537  20.624  43.818 0.0000000000
105484  -42.108  21.122  43.259 0.0000000000
135837  -42.073  21.680  42.624 0.0000000000
106127  -42.470  22.166  42.210 0.0000000000
92925  -46.986  7.237  35.866 0.0000000000
93858  -46.919  7.709  34.590 0.0000000000
93869  -46.944  8.019  34.212 0.0000000000
93859  -47.627  8.110  34.644 0.0000000000
98075  -35.468  12.877  47.060 0.0000000000
98983  -36.125  13.060  46.751 0.0000000000
99897  -38.494  14.446  51.174 0.0000000000
99890  -38.891  14.629  51.818 0.0000000000
150730  -39.943  14.479  51.617 0.0000000000
99891  -39.702  14.567  51.880 0.0000000000
103456  -41.561  18.512  49.420 0.0000000000
132503  -42.366  18.278  49.871 0.0000000000
93698  -49.171  8.276  50.739 0.0000000000
94596  -50.295  8.911  50.438 0.0000000000
94581  -50.364  9.450  51.118 0.0000000000
94607  -46.714  8.794  48.794 0.0000000000
93721  -45.381  8.089  48.263 0.0000000000
91867  -41.582  5.607  48.223 0.0000000000
91875  -40.238  5.520  47.585 0.0000000000
91866  -40.213  5.630  48.494 0.0000000000
89935  -40.593  3.063  54.504 0.0000000000
91822  -40.509  5.316  52.121 0.0000000000
91846  -40.703  6.341  51.812 0.0000000000
92713  -41.601  6.459  52.032 0.0000000000
92728  -39.935  7.196  51.426 0.0000000000
92727  -39.124  7.044  51.337 0.0000000000
93726  -35.208  7.365  47.410 0.0000000000
92874  -54.120  6.959  42.128 0.0000000000
92868  -46.291  6.715  41.822 0.0000000000
93806  -46.771  6.891  41.146 0.0000000000
93835  -49.264  7.578  38.836 0.0000000000
94707  -52.074  7.938  38.269 0.0000000000
94716  -51.196  8.455  37.906 0.0000000000
94717  -52.317  8.410  37.427 0.0000000000
144502  -49.913  13.043  35.343 0.0000000000
98159  -50.548  12.417  35.329 0.0000000000
99072  -50.619  13.243  34.941 0.0000000000
98183  -51.049  12.671  34.328 0.0000000000
99084  -51.004  13.465  34.360 0.0000000000
98989  -39.847  13.512  45.180 0.0000000000
98990  -40.543  13.720  45.144 0.0000000000
145481  -44.396  13.507  44.456 0.0000000000
143333  -44.067  13.156  43.691 0.0000000000
145790  -44.696  13.193  43.257 0.0000000000
99944  -49.641  14.854  46.502 0.0000000000
99954  -50.990  15.272  45.643 0.0000000000
100951  -49.921  15.891  40.060 0.0000000000
99992  -48.034  15.418  39.802 0.0000000000
99984  -47.041  14.660  40.433 0.0000000000
100965  -47.563  15.617  38.837 0.0000000000
101934  -48.407  17.788  34.986 0.0000000000
102850  -49.720  18.365  34.735 0.0000000000
101952  -49.063  17.434  32.876 0.0000000000
101951  -47.699  16.964  32.781 0.0000000000
152642  -43.158  14.967  36.013 0.0000000000
147181  -43.278  15.352  34.567 0.0000000000
101012  -42.684  15.034  35.097 0.0000000000
130374  -41.894  14.759  35.308 0.0000000000
101854  -41.710  16.827  41.304 0.0000000000
101871  -42.366  16.837  40.461 0.0000000000
100959  -37.907  15.930  38.784 0.0000000000
100960  -38.898  15.678  39.142 0.0000000000
100973  -37.522  16.022  37.579 0.0000000000
92836  -41.369  6.952  44.318 0.0000000000
135656  -40.315  9.011  44.271 0.0000000000
95552  -40.837  9.073  43.860 0.0000000000
95568  -41.521  9.098  43.388 0.0000000000
141436  -46.904  19.675  49.791 0.0000000000
104152  -46.628  19.756  48.652 0.0000000000
104169  -45.485  19.764  46.750 0.0000000000
104151  -45.407  18.812  47.894 0.0000000000
102722  -44.425  17.902  47.175 0.0000000000
104168  -44.469  19.552  46.005 0.0000000000
132903  -45.481  21.299  44.027 0.0000000000
104842  -44.644  20.730  44.392 0.0000000000
104853  -43.986  20.896  43.910 0.0000000000
92900  -47.868  6.148  38.180 0.0000000000
92913  -47.866  6.578  37.534 0.0000000000
98962  -34.412  13.772  50.352 0.0000000000
98963  -35.212  13.943  50.609 0.0000000000
95481  -45.917  9.166  51.053 0.0000000000
94593  -44.538  8.828  49.668 0.0000000000
94579  -44.184  9.006  50.279 0.0000000000
94577  -42.501  8.609  50.563 0.0000000000
94591  -42.763  8.672  49.915 0.0000000000
93707  -41.486  7.821  49.912 0.0000000000
92742  -35.229  6.221  50.220 0.0000000000
92754  -35.217  6.331  49.450 0.0000000000
92766  -33.925  6.903  48.794 0.0000000000
93703  -32.155  7.451  49.127 0.0000000000
94699  -45.310  8.430  39.924 0.0000000000
94705  -45.909  8.737  39.371 0.0000000000
139447  -46.124  9.944  38.500 0.0000000000
95606  -46.472  9.100  38.823 0.0000000000
95615  -47.900  8.823  38.277 0.0000000000
95625  -48.141  9.482  37.609 0.0000000000
96460  -47.504  10.172  37.475 0.0000000000
97285  -47.624  11.421  36.768 0.0000000000
98146  -47.402  12.448  36.530 0.0000000000
98157  -48.484  12.421  36.036 0.0000000000
100893  -41.588  15.260  46.976 0.0000000000
155238  -44.322  14.741  46.784 0.0000000000
145360  -43.777  14.486  46.169 0.0000000000
99941  -44.319  14.128  45.565 0.0000000000
99942  -45.262  14.076  45.497 0.0000000000
100927  -50.963  16.201  43.765 0.0000000000
100928  -51.827  15.950  43.887 0.0000000000
144728  -51.731  16.123  43.116 0.0000000000
101861  -51.055  16.997  40.754 0.0000000000
100944  -51.448  16.280  41.405 0.0000000000
100953  -51.150  16.657  40.575 0.0000000000
100952  -51.083  16.485  40.454 0.0000000000
100968  -51.196  16.987  40.055 0.0000000000
101892  -50.403  17.516  39.172 0.0000000000
150544  -48.168  18.037  38.499 0.0000000000
102815  -49.265  18.290  38.081 0.0000000000
102825  -48.474  18.261  37.415 0.0000000000
102832  -47.803  17.936  36.765 0.0000000000
101926  -46.881  17.263  36.291 0.0000000000
101904  -45.295  17.139  38.236 0.0000000000
101924  -44.976  16.294  37.053 0.0000000000
100992  -44.326  15.736  36.755 0.0000000000
146923  -44.300  16.101  37.401 0.0000000000
102763  -39.630  17.988  42.551 0.0000000000
102774  -39.467  17.814  41.626 0.0000000000
103530  -39.015  18.447  42.012 0.0000000000
103538  -37.997  18.245  40.995 0.0000000000
102782  -37.561  17.713  40.400 0.0000000000
101867  -37.860  16.916  40.132 0.0000000000
102781  -36.822  17.987  39.980 0.0000000000
104884  -36.702  19.799  39.400 0.0000000000
104210  -36.396  19.128  39.426 0.0000000000
104216  -36.143  19.509  38.570 0.0000000000
92806  -46.127  6.378  45.320 0.0000000000
92822  -46.608  6.454  44.751 0.0000000000
92821  -45.931  6.033  44.539 0.0000000000
91934  -44.188  5.930  43.645 0.0000000000
92839  -44.905  6.132  43.138 0.0000000000
92855  -45.741  6.422  42.625 0.0000000000
94685  -43.148  8.363  42.078 0.0000000000
93794  -43.271  7.573  42.401 0.0000000000
93803  -43.738  7.772  41.793 0.0000000000
93804  -44.475  7.270  41.690 0.0000000000
94692  -44.257  8.010  41.213 0.0000000000
96427  -43.930  10.624  40.293 0.0000000000
100857  -46.630  15.609  50.559 0.0000000000
100859  -49.358  16.370  50.296 0.0000000000
100871  -48.774  15.584  49.918 0.0000000000
100872  -49.788  15.935  49.773 0.0000000000
100884  -50.010  15.727  48.979 0.0000000000
100873  -49.775  15.676  49.023 0.0000000000
101796  -47.003  16.579  46.742 0.0000000000
131681  -48.210  16.631  48.020 0.0000000000
101797  -48.753  16.531  47.290 0.0000000000
101798  -50.520  16.329  47.547 0.0000000000
101808  -49.465  16.530  46.381 0.0000000000
101822  -50.466  16.425  45.528 0.0000000000
101821  -48.287  16.448  45.315 0.0000000000
100911  -46.318  15.954  44.256 0.0000000000
100912  -47.698  16.201  44.348 0.0000000000
100925  -47.062  15.975  43.562 0.0000000000
100934  -46.389  15.932  42.839 0.0000000000
145966  -45.873  16.082  42.251 0.0000000000
100933  -45.233  15.862  42.846 0.0000000000
128488  -43.929  15.966  44.088 0.0000000000
130981  -43.039  16.170  42.347 0.0000000000
103494  -42.768  18.159  45.803 0.0000000000
102735  -42.697  17.584  45.683 0.0000000000
102734  -42.166  18.074  45.360 0.0000000000
103501  -41.497  18.311  44.796 0.0000000000
102743  -40.938  17.815  44.358 0.0000000000
103511  -40.288  18.171  43.878 0.0000000000
102755  -40.060  17.818  43.252 0.0000000000
104183  -40.200  19.246  43.758 0.0000000000
105496  -40.390  21.264  42.562 0.0000000000
104862  -39.737  20.738  42.725 0.0000000000
105495  -39.763  21.450  42.123 0.0000000000
104861  -38.926  20.837  42.226 0.0000000000
106141  -39.827  22.132  41.348 0.0000000000
95644  -47.171  9.018  34.510 0.0000000000
98083  -36.957  12.060  45.842 0.0000000000
98081  -37.164  12.877  46.044 0.0000000000
98988  -38.553  13.549  45.687 0.0000000000
98985  -38.074  13.755  46.194 0.0000000000
99905  -38.842  14.654  49.817 0.0000000000
99904  -38.137  14.601  48.671 0.0000000000
100863  -38.884  14.907  48.166 0.0000000000
99911  -39.110  14.829  47.051 0.0000000000
100876  -39.524  15.138  47.683 0.0000000000
129349  -41.108  15.121  50.250 0.0000000000
133494  -41.097  15.481  48.642 0.0000000000
100853  -41.783  14.980  51.004 0.0000000000
102704  -40.178  17.227  49.929 0.0000000000
101774  -39.561  16.441  50.376 0.0000000000
102684  -41.929  16.424  51.037 0.0000000000
101757  -41.934  15.367  51.400 0.0000000000
100845  -42.271  15.431  51.324 0.0000000000
141079  -42.826  15.679  51.386 0.0000000000
100846  -43.723  15.655  51.399 0.0000000000
101758  -43.855  16.089  51.691 0.0000000000
103444  -44.485  18.092  50.798 0.0000000000
102686  -44.449  17.049  51.474 0.0000000000
103445  -45.699  18.701  51.000 0.0000000000
93722  -49.974  7.815  48.818 0.0000000000
95517  -51.745  10.547  48.963 0.0000000000
94599  -51.899  10.504  48.891 0.0000000000
95523  -50.727  10.061  48.100 0.0000000000
94620  -49.576  9.277  47.268 0.0000000000
95484  -49.625  10.883  51.444 0.0000000000
96349  -50.286  10.972  51.768 0.0000000000
95495  -50.365  10.939  50.933 0.0000000000
131058  -50.975  10.795  50.230 0.0000000000
95506  -49.830  10.562  50.158 0.0000000000
94608  -47.193  8.707  48.165 0.0000000000
94609  -48.133  9.045  48.116 0.0000000000
94618  -47.491  8.542  47.553 0.0000000000
94630  -47.693  8.305  46.864 0.0000000000
93738  -46.578  7.567  46.660 0.0000000000
91879  -44.778  6.242  46.713 0.0000000000
151669  -44.384  5.695  46.294 0.0000000000
93719  -43.725  7.600  48.694 0.0000000000
92773  -44.165  7.127  48.040 0.0000000000
134477  -43.421  6.723  48.269 0.0000000000
91877  -42.416  5.435  47.216 0.0000000000
92782  -43.145  5.830  47.693 0.0000000000
148878  -42.405  5.413  46.259 0.0000000000
91903  -41.459  5.644  45.892 0.0000000000
93656  -44.699  7.623  53.697 0.0000000000
90877  -43.296  4.901  56.006 0.0000000000
89957  -40.901  3.478  53.731 0.0000000000
90902  -41.520  4.158  53.449 0.0000000000
90903  -42.274  4.752  53.832 0.0000000000
91792  -43.541  5.748  54.690 0.0000000000
91806  -43.331  5.987  53.875 0.0000000000
92715  -43.314  6.958  52.789 0.0000000000
93665  -42.788  7.368  52.037 0.0000000000
93681  -42.959  8.071  51.568 0.0000000000
93680  -42.188  7.942  51.454 0.0000000000
93694  -40.215  7.971  50.886 0.0000000000
93706  -40.591  7.693  50.300 0.0000000000
133761  -36.886  7.725  46.418 0.0000000000
130186  -37.879  6.745  46.619 0.0000000000
93736  -37.545  7.508  46.289 0.0000000000
93751  -37.938  7.983  45.861 0.0000000000
94628  -37.233  8.372  46.031 0.0000000000
95530  -36.656  9.129  46.075 0.0000000000
95527  -34.661  9.755  46.746 0.0000000000
95528  -35.433  9.817  46.474 0.0000000000
94604  -33.179  8.110  47.872 0.0000000000
94614  -33.768  8.434  47.502 0.0000000000
94613  -33.136  8.863  47.596 0.0000000000
97197  -33.183  11.911  47.823 0.0000000000
97201  -33.858  11.361  47.353 0.0000000000
98068  -33.527  12.682  48.410 0.0000000000
90992  -50.080  3.935  42.514 0.0000000000
90993  -50.936  4.488  42.102 0.0000000000
91002  -52.511  5.085  40.900 0.0000000000
91001  -51.303  4.391  41.304 0.0000000000
91014  -51.518  4.446  40.588 0.0000000000
91013  -50.531  4.222  40.254 0.0000000000
91029  -51.612  4.629  39.921 0.0000000000
92823  -47.180  6.541  44.153 0.0000000000
92858  -48.110  6.601  41.907 0.0000000000
92843  -48.382  6.705  42.933 0.0000000000
133955  -46.946  7.625  39.884 0.0000000000
93816  -47.352  7.054  40.482 0.0000000000
92891  -49.914  6.859  39.912 0.0000000000
92881  -49.029  6.815  40.361 0.0000000000
92882  -49.960  6.763  40.704 0.0000000000
130643  -50.863  6.961  41.079 0.0000000000
147762  -52.601  6.871  40.179 0.0000000000
92904  -53.324  6.995  38.432 0.0000000000
91984  -53.396  6.356  38.964 0.0000000000
91983  -52.488  5.738  38.666 0.0000000000
92902  -51.941  6.047  38.070 0.0000000000
92901  -50.648  5.936  38.035 0.0000000000
92916  -51.504  6.488  37.587 0.0000000000
144315  -52.368  8.449  36.929 0.0000000000
92928  -51.242  7.000  37.094 0.0000000000
93853  -50.865  7.484  36.557 0.0000000000
93852  -49.713  7.370  36.370 0.0000000000
93862  -50.415  7.862  36.082 0.0000000000
96462  -49.993  10.324  36.787 0.0000000000
95627  -50.959  9.728  37.105 0.0000000000
96476  -51.396  10.935  35.554 0.0000000000
96477  -51.772  10.356  35.864 0.0000000000
95647  -50.839  10.262  34.828 0.0000000000
95640  -50.437  9.316  35.009 0.0000000000
95646  -49.734  9.959  34.472 0.0000000000
96481  -50.234  10.770  34.402 0.0000000000
145702  -49.764  12.623  33.758 0.0000000000
97324  -49.323  12.019  34.039 0.0000000000
98182  -48.373  12.128  34.238 0.0000000000
98191  -48.916  12.735  33.783 0.0000000000
97213  -38.844  11.337  44.897 0.0000000000
98094  -40.519  12.585  44.468 0.0000000000
97215  -40.414  11.524  44.250 0.0000000000
97223  -41.000  11.265  43.759 0.0000000000
98104  -43.337  12.703  43.217 0.0000000000
98103  -42.585  12.669  43.615 0.0000000000
98110  -42.688  12.133  42.949 0.0000000000
97232  -42.699  11.574  42.167 0.0000000000
98119  -43.981  12.694  41.243 0.0000000000
98126  -44.066  12.561  40.386 0.0000000000
100882  -47.288  15.076  48.720 0.0000000000
99943  -47.848  14.413  45.887 0.0000000000
98995  -46.071  13.812  44.901 0.0000000000
99008  -46.898  13.766  44.339 0.0000000000
144607  -51.027  15.183  43.225 0.0000000000
99961  -50.567  14.769  43.982 0.0000000000
150418  -49.235  14.327  43.315 0.0000000000
99038  -47.717  14.078  42.042 0.0000000000
145580  -47.220  13.753  42.627 0.0000000000
99019  -46.766  13.596  43.422 0.0000000000
99027  -45.535  13.395  42.304 0.0000000000
143235  -45.134  13.722  39.596 0.0000000000
152722  -45.159  13.639  38.809 0.0000000000
99056  -45.142  13.086  38.198 0.0000000000
99999  -45.504  13.985  38.228 0.0000000000
100020  -46.773  14.742  36.759 0.0000000000
99062  -46.260  14.061  36.903 0.0000000000
99069  -46.917  14.354  36.382 0.0000000000
100022  -48.586  15.335  35.610 0.0000000000
101918  -49.825  17.454  37.588 0.0000000000
101935  -51.276  17.885  34.340 0.0000000000
101015  -51.019  16.962  34.548 0.0000000000
100023  -49.823  15.356  34.880 0.0000000000
100041  -51.170  15.719  33.679 0.0000000000
101037  -51.053  16.230  33.162 0.0000000000
100064  -47.835  15.639  32.415 0.0000000000
100065  -48.991  15.243  32.768 0.0000000000
99108  -47.721  13.982  33.636 0.0000000000
100052  -46.248  14.770  32.439 0.0000000000
101025  -45.482  15.979  33.651 0.0000000000
129809  -42.730  15.480  32.760 0.0000000000
155093  -42.907  15.489  31.940 0.0000000000
102788  -44.853  17.180  40.237 0.0000000000
102787  -44.173  17.247  40.034 0.0000000000
100964  -42.688  16.565  39.362 0.0000000000
100978  -43.249  15.957  38.119 0.0000000000
101888  -40.320  16.341  39.943 0.0000000000
100976  -40.421  15.195  38.797 0.0000000000
99998  -40.975  14.839  38.219 0.0000000000
100008  -41.598  14.670  37.410 0.0000000000
100007  -40.567  14.556  37.394 0.0000000000
100006  -39.663  14.645  37.134 0.0000000000
101000  -37.632  16.170  35.621 0.0000000000
101011  -37.549  16.127  34.874 0.0000000000
101020  -37.684  15.664  34.356 0.0000000000
101010  -36.951  16.221  34.768 0.0000000000
101009  -36.612  16.066  35.114 0.0000000000
100998  -36.167  16.314  35.577 0.0000000000
100972  -35.286  16.310  36.698 0.0000000000
102812  -35.758  17.667  38.146 0.0000000000
102821  -34.048  17.667  36.950 0.0000000000
102822  -34.730  17.225  36.591 0.0000000000
101898  -34.437  16.815  37.825 0.0000000000
105533  -38.409  21.460  37.604 0.0000000000
105532  -37.831  21.166  38.229 0.0000000000
105540  -37.471  21.034  37.169 0.0000000000
104900  -36.615  20.701  36.857 0.0000000000
104899  -35.545  20.654  36.346 0.0000000000
93753  -39.604  7.845  45.129 0.0000000000
94658  -39.965  8.508  44.618 0.0000000000
95550  -39.724  9.277  44.508 0.0000000000
142881  -39.642  9.968  44.459 0.0000000000
104160  -46.589  20.235  47.786 0.0000000000
104818  -46.344  20.357  46.654 0.0000000000
104832  -45.290  20.226  45.719 0.0000000000
105465  -45.625  20.781  44.939 0.0000000000
105475  -46.281  21.254  44.638 0.0000000000
148414  -45.861  21.769  43.514 0.0000000000
139749  -48.596  6.290  37.916 0.0000000000
99886  -34.135  14.211  51.965 0.0000000000
94562  -43.100  8.623  51.030 0.0000000000
92741  -34.114  6.309  50.106 0.0000000000
92752  -33.589  6.640  49.545 0.0000000000
92740  -33.328  6.345  50.248 0.0000000000
94633  -51.344  9.538  46.280 0.0000000000
94643  -50.244  8.733  45.611 0.0000000000
93771  -49.797  7.851  44.267 0.0000000000
96453  -46.531  10.462  37.904 0.0000000000
98137  -45.800  12.533  37.572 0.0000000000
100879  -42.634  15.408  47.687 0.0000000000
100894  -42.908  15.115  47.062 0.0000000000
101876  -50.069  17.389  40.162 0.0000000000
102804  -50.346  17.628  39.378 0.0000000000
101917  -46.852  17.547  37.223 0.0000000000
102814  -46.878  17.709  38.596 0.0000000000
147227  -45.859  17.463  38.607 0.0000000000
102813  -45.095  17.353  38.940 0.0000000000
104196  -38.144  19.486  41.759 0.0000000000
103528  -37.695  18.989  41.219 0.0000000000
104204  -37.224  19.278  40.633 0.0000000000
103536  -36.779  18.780  40.060 0.0000000000
91923  -44.476  5.638  44.542 0.0000000000
91924  -45.265  5.758  44.300 0.0000000000
94675  -41.948  8.281  43.296 0.0000000000
96414  -43.184  10.500  41.311 0.0000000000
101740  -46.995  16.823  52.153 0.0000000000
100849  -47.837  16.311  51.565 0.0000000000
101761  -48.413  17.228  52.165 0.0000000000
101776  -49.251  16.989  51.359 0.0000000000
101780  -49.159  16.405  50.496 0.0000000000
102723  -45.097  17.644  47.735 0.0000000000
101807  -47.023  16.435  45.727 0.0000000000
100910  -45.437  15.878  44.216 0.0000000000
100923  -44.872  15.821  43.757 0.0000000000
101818  -42.998  16.389  44.449 0.0000000000
104840  -42.911  20.190  44.344 0.0000000000
152673  -42.086  18.779  45.021 0.0000000000
104839  -42.096  19.983  44.235 0.0000000000
104184  -41.169  19.821  44.054 0.0000000000
104850  -40.552  20.126  43.598 0.0000000000
104864  -41.242  20.639  43.441 0.0000000000
105497  -41.238  21.379  42.750 0.0000000000
147880  -41.114  22.304  41.742 0.0000000000
147395  -47.656  9.273  34.511 0.0000000000
143419  -36.428  11.868  46.178 0.0000000000
131788  -36.715  13.258  46.529 0.0000000000
98978  -36.579  13.721  47.284 0.0000000000
99896  -37.745  14.410  50.830 0.0000000000
99903  -37.429  14.369  49.322 0.0000000000
100851  -39.721  14.648  50.439 0.0000000000
100852  -40.445  14.581  51.094 0.0000000000
102683  -41.053  16.633  50.660 0.0000000000
103443  -43.283  18.131  50.328 0.0000000000
93713  -50.066  8.344  49.545 0.0000000000
94597  -51.188  9.690  50.111 0.0000000000
137958  -51.239  10.636  49.618 0.0000000000
133879  -47.753  9.616  50.353 0.0000000000
95505  -48.412  9.731  49.827 0.0000000000
132108  -49.027  9.862  49.442 0.0000000000
93729  -46.280  7.781  47.247 0.0000000000
93728  -45.678  7.663  47.535 0.0000000000
92783  -44.503  6.634  47.400 0.0000000000
92772  -42.623  6.354  48.482 0.0000000000
91876  -41.648  5.462  47.542 0.0000000000
152234  -41.112  5.593  46.399 0.0000000000
129364  -40.881  5.504  46.997 0.0000000000
90918  -40.279  4.366  52.411 0.0000000000
90919  -41.110  4.615  52.646 0.0000000000
91824  -42.057  5.774  52.596 0.0000000000
92701  -43.111  6.337  53.219 0.0000000000
139846  -41.439  7.937  51.331 0.0000000000
93678  -40.007  7.839  51.100 0.0000000000
93693  -39.366  7.750  50.959 0.0000000000
92779  -36.676  6.455  47.634 0.0000000000
93735  -36.411  7.564  46.705 0.0000000000
154808  -35.644  8.507  46.645 0.0000000000
94625  -35.161  9.057  46.674 0.0000000000
94615  -34.383  8.885  47.090 0.0000000000
91942  -51.660  5.271  42.546 0.0000000000
91949  -53.170  5.742  41.524 0.0000000000
91950  -53.585  5.858  40.943 0.0000000000
92842  -47.433  6.491  43.236 0.0000000000
151651  -48.168  7.565  39.259 0.0000000000
93826  -50.018  7.238  39.181 0.0000000000
148915  -50.799  7.080  39.577 0.0000000000
92892  -52.039  7.143  39.556 0.0000000000
93827  -51.303  7.405  38.963 0.0000000000
93844  -53.091  7.352  38.138 0.0000000000
92929  -52.399  7.196  37.417 0.0000000000
149105  -52.596  7.853  37.585 0.0000000000
94723  -52.355  8.766  37.031 0.0000000000
97288  -50.962  10.987  36.243 0.0000000000
97302  -50.494  11.705  35.800 0.0000000000
145712  -50.920  11.910  35.366 0.0000000000
97312  -51.052  11.795  34.984 0.0000000000
97321  -50.668  11.589  34.415 0.0000000000
149504  -51.001  12.206  34.249 0.0000000000
97326  -51.010  12.690  33.946 0.0000000000
98192  -50.528  13.007  33.711 0.0000000000
98092  -39.167  12.242  44.931 0.0000000000
98093  -39.794  12.846  44.816 0.0000000000
145706  -43.111  13.820  44.977 0.0000000000
99004  -42.573  13.302  44.311 0.0000000000
99035  -44.670  13.199  41.799 0.0000000000
99932  -48.404  14.680  47.193 0.0000000000
99952  -48.146  14.168  44.754 0.0000000000
99976  -50.909  15.475  41.870 0.0000000000
99975  -49.187  14.613  41.679 0.0000000000
99974  -47.488  14.324  41.331 0.0000000000
99045  -46.180  14.111  41.020 0.0000000000
100000  -46.302  14.761  38.366 0.0000000000
100993  -47.287  15.434  37.078 0.0000000000
102834  -50.314  18.227  36.413 0.0000000000
101928  -50.593  18.006  36.371 0.0000000000
102843  -50.493  18.535  35.411 0.0000000000
148039  -50.544  18.505  34.603 0.0000000000
102851  -50.872  18.264  33.923 0.0000000000
101036  -50.255  17.011  32.684 0.0000000000
101953  -50.256  17.917  32.903 0.0000000000
101044  -48.093  16.445  32.233 0.0000000000
101043  -46.943  16.051  31.955 0.0000000000
100063  -46.535  15.346  32.020 0.0000000000
101959  -46.135  16.155  31.782 0.0000000000
101013  -44.549  15.542  35.300 0.0000000000
129548  -44.031  15.497  34.468 0.0000000000
101022  -42.564  15.356  33.885 0.0000000000
101855  -43.136  16.486  41.456 0.0000000000
128748  -43.340  16.895  40.505 0.0000000000
146003  -42.110  16.740  39.887 0.0000000000
101887  -39.366  16.263  39.819 0.0000000000
100975  -39.484  15.167  38.619 0.0000000000
99996  -39.128  14.962  37.695 0.0000000000
100988  -38.186  15.596  36.869 0.0000000000
101923  -36.496  16.501  35.254 0.0000000000
101913  -36.363  16.781  35.551 0.0000000000
101912  -35.548  17.011  36.118 0.0000000000
103545  -35.524  18.367  38.433 0.0000000000
91921  -42.081  5.919  44.729 0.0000000000
130850  -41.915  6.539  44.176 0.0000000000
93781  -41.717  7.417  43.764 0.0000000000
95581  -41.778  9.975  42.973 0.0000000000
102707  -48.172  18.476  51.131 0.0000000000
103475  -47.044  18.692  49.838 0.0000000000
102717  -45.882  17.961  48.730 0.0000000000
102729  -44.580  17.426  46.995 0.0000000000
102728  -43.851  17.512  46.490 0.0000000000
103488  -43.244  18.416  46.029 0.0000000000
104167  -43.680  19.474  45.543 0.0000000000
104831  -44.260  20.113  45.130 0.0000000000
104175  -43.313  19.778  44.938 0.0000000000
105485  -43.645  21.401  43.368 0.0000000000
105499  -43.667  21.910  42.710 0.0000000000
98976  -34.982  13.430  48.401 0.0000000000
153419  -35.561  13.645  48.475 0.0000000000
98971  -35.407  13.742  49.454 0.0000000000
99887  -35.625  14.469  51.368 0.0000000000
99888  -36.476  14.572  51.313 0.0000000000
95492  -46.350  9.076  50.171 0.0000000000
94594  -45.450  8.812  49.552 0.0000000000
94605  -44.933  8.547  48.952 0.0000000000
93710  -44.103  8.365  49.162 0.0000000000
93709  -43.247  8.166  49.352 0.0000000000
92761  -42.100  6.938  49.253 0.0000000000
88973  -40.179  3.029  53.807 0.0000000000
89955  -39.755  3.044  53.171 0.0000000000
89978  -40.004  3.602  52.720 0.0000000000
90916  -38.632  3.847  52.030 0.0000000000
90917  -39.438  4.121  52.222 0.0000000000
91821  -39.661  5.069  51.896 0.0000000000
142585  -35.073  6.791  47.983 0.0000000000
93717  -34.341  7.220  47.983 0.0000000000
93704  -33.081  7.162  48.971 0.0000000000
93715  -32.682  7.796  48.415 0.0000000000
94706  -46.824  8.328  39.299 0.0000000000
93824  -47.400  7.819  39.433 0.0000000000
94713  -47.628  8.227  38.899 0.0000000000
95617  -50.385  8.993  37.566 0.0000000000
95626  -49.080  9.689  37.323 0.0000000000
97286  -48.761  10.976  36.551 0.0000000000
145153  -47.860  10.696  36.985 0.0000000000
97301  -49.272  11.708  36.106 0.0000000000
99070  -48.773  13.362  35.638 0.0000000000
99925  -40.410  14.660  46.219 0.0000000000
99938  -40.894  14.264  45.634 0.0000000000
99939  -41.780  14.366  45.649 0.0000000000
99940  -42.811  14.327  45.728 0.0000000000
99928  -43.078  14.689  46.485 0.0000000000
98993  -43.937  13.761  45.012 0.0000000000
98994  -45.197  13.647  44.651 0.0000000000
100901  -51.714  16.001  46.255 0.0000000000
100915  -51.728  15.846  44.978 0.0000000000
99962  -51.615  15.608  43.968 0.0000000000
99968  -51.357  15.549  42.576 0.0000000000
100936  -51.661  16.167  42.325 0.0000000000
99977  -51.734  16.013  42.100 0.0000000000
100981  -50.347  17.282  38.876 0.0000000000
101905  -50.363  17.924  38.276 0.0000000000
139386  -50.212  18.156  37.940 0.0000000000
102826  -49.786  18.332  37.421 0.0000000000
101943  -47.503  16.932  34.075 0.0000000000
101933  -47.147  17.053  35.303 0.0000000000
101014  -45.400  15.853  34.993 0.0000000000
101925  -45.843  16.737  36.640 0.0000000000
128729  -44.288  15.468  36.052 0.0000000000
152507  -43.699  15.294  36.430 0.0000000000
101001  -43.034  14.965  36.782 0.0000000000
102786  -40.856  17.180  41.184 0.0000000000
102785  -40.062  17.343  41.117 0.0000000000
102773  -38.748  18.040  41.307 0.0000000000
101868  -38.840  16.830  40.318 0.0000000000
101885  -37.423  16.594  39.297 0.0000000000
103546  -36.223  18.363  39.300 0.0000000000
92808  -47.182  6.834  44.910 0.0000000000
92867  -45.350  6.883  41.732 0.0000000000
92838  -43.302  6.438  43.442 0.0000000000
153837  -43.470  6.925  42.761 0.0000000000
94698  -44.761  8.214  40.561 0.0000000000
95598  -44.604  9.075  40.173 0.0000000000
96428  -44.521  10.032  39.815 0.0000000000
97254  -44.393  11.395  39.485 0.0000000000
100856  -44.404  15.517  50.336 0.0000000000
100869  -45.491  15.466  49.583 0.0000000000
99916  -48.892  15.142  48.226 0.0000000000
100895  -51.147  15.856  47.726 0.0000000000
101786  -49.034  16.628  49.271 0.0000000000
101788  -50.399  16.114  48.304 0.0000000000
101799  -51.400  16.153  47.119 0.0000000000
101810  -51.633  16.113  46.631 0.0000000000
101823  -51.672  16.135  45.840 0.0000000000
100926  -48.898  16.251  43.616 0.0000000000
101858  -45.919  16.446  41.486 0.0000000000
101857  -44.646  16.418  41.453 0.0000000000
101843  -44.445  16.002  42.322 0.0000000000
101856  -43.773  16.200  41.872 0.0000000000
135445  -42.361  16.475  41.913 0.0000000000
101841  -41.556  16.647  42.435 0.0000000000
102736  -43.210  17.320  45.950 0.0000000000
101805  -42.892  16.874  45.373 0.0000000000
101817  -42.218  16.828  44.740 0.0000000000
102744  -41.653  17.450  44.758 0.0000000000
101832  -42.265  16.488  43.893 0.0000000000
101831  -41.449  16.712  43.484 0.0000000000
101830  -40.872  16.878  42.883 0.0000000000
102764  -40.308  17.386  42.736 0.0000000000
103520  -39.197  18.781  42.714 0.0000000000
104849  -39.864  20.074  43.298 0.0000000000
104182  -39.454  19.347  43.186 0.0000000000
104191  -38.967  19.456  42.731 0.0000000000
104190  -38.558  19.943  42.382 0.0000000000
105508  -38.607  21.303  41.400 0.0000000000
105518  -38.430  21.623  40.661 0.0000000000
142491  -37.552  9.917  45.517 0.0000000000
140468  -38.216  9.858  45.231 0.0000000000
96377  -37.837  10.600  45.379 0.0000000000
97208  -38.155  11.340  45.280 0.0000000000
98084  -37.751  12.264  45.533 0.0000000000
98085  -38.494  12.754  45.397 0.0000000000
99936  -39.283  13.890  45.639 0.0000000000
129950  -36.005  13.734  48.015 0.0000000000
99909  -37.451  14.310  47.702 0.0000000000
99922  -37.964  14.149  46.793 0.0000000000
99924  -39.559  14.500  46.227 0.0000000000
100892  -40.758  15.220  46.866 0.0000000000
145779  -41.122  15.436  47.561 0.0000000000
100878  -41.882  15.518  47.913 0.0000000000
100842  -40.172  14.760  51.996 0.0000000000
100843  -40.918  14.914  51.902 0.0000000000
100826  -41.409  15.007  51.907 0.0000000000
100844  -41.520  14.999  51.845 0.0000000000
152838  -44.093  15.465  51.206 0.0000000000
100847  -44.845  15.641  51.436 0.0000000000
101760  -45.844  16.109  51.823 0.0000000000
101738  -45.054  16.528  51.789 0.0000000000
101739  -45.728  16.310  51.909 0.0000000000
102678  -47.404  17.842  52.085 0.0000000000
128695  -47.346  19.262  51.022 0.0000000000
104116  -46.275  19.397  50.614 0.0000000000
94610  -52.088  9.891  48.859 0.0000000000
94611  -52.422  10.241  48.167 0.0000000000
95532  -52.418  10.081  47.080 0.0000000000
94632  -49.886  8.969  46.437 0.0000000000
93739  -47.875  7.891  46.069 0.0000000000
95515  -49.071  9.673  48.802 0.0000000000
95522  -49.293  9.504  48.055 0.0000000000
93755  -46.998  7.421  46.027 0.0000000000
91889  -45.690  6.328  45.819 0.0000000000
93737  -45.911  7.287  46.839 0.0000000000
92792  -45.517  6.608  46.448 0.0000000000
91906  -44.452  5.590  45.559 0.0000000000
129576  -42.952  5.425  45.675 0.0000000000
152834  -43.043  5.370  46.216 0.0000000000
91920  -41.608  5.901  45.218 0.0000000000
93754  -40.147  6.990  45.217 0.0000000000
91751  -44.383  5.738  57.659 0.0000000000
91767  -44.270  5.933  56.803 0.0000000000
91781  -44.224  6.072  55.937 0.0000000000
89936  -41.240  3.487  54.498 0.0000000000
90888  -42.519  4.615  54.738 0.0000000000
91791  -43.134  5.096  55.139 0.0000000000
91780  -43.691  5.574  55.545 0.0000000000
92691  -44.371  6.744  54.664 0.0000000000
92703  -44.274  6.968  53.964 0.0000000000
92702  -43.672  6.645  53.549 0.0000000000
94561  -42.447  8.402  51.106 0.0000000000
91861  -40.467  6.029  49.228 0.0000000000
93676  -38.744  7.555  51.013 0.0000000000
92746  -38.714  7.470  50.853 0.0000000000
92757  -38.280  6.949  50.391 0.0000000000
92758  -39.158  7.204  50.317 0.0000000000
91860  -39.665  6.107  49.352 0.0000000000
94641  -37.932  8.682  45.610 0.0000000000
155616  -37.910  9.349  45.453 0.0000000000
95535  -36.877  9.876  45.797 0.0000000000
96374  -36.449  10.564  45.999 0.0000000000
97204  -36.091  11.290  46.250 0.0000000000
98078  -35.022  12.136  46.897 0.0000000000
98074  -34.744  12.837  47.566 0.0000000000
93725  -34.398  7.939  47.404 0.0000000000
143135  -34.433  12.010  47.283 0.0000000000
98069  -34.275  13.079  48.373 0.0000000000
98969  -33.945  13.296  49.240 0.0000000000
98061  -33.212  12.980  49.160 0.0000000000
98961  -33.547  13.565  50.115 0.0000000000
128749  -34.086  13.978  51.157 0.0000000000
90073  -49.803  3.413  41.361 0.0000000000
90085  -49.900  3.732  40.755 0.0000000000
91028  -49.845  4.539  39.575 0.0000000000
93770  -48.709  7.449  44.471 0.0000000000
93784  -49.076  7.252  43.680 0.0000000000
93785  -50.254  7.685  43.532 0.0000000000
92869  -47.507  6.720  41.238 0.0000000000
93817  -48.171  7.006  40.021 0.0000000000
92871  -49.990  6.822  41.435 0.0000000000
92860  -51.177  7.202  41.736 0.0000000000
92873  -53.768  7.042  41.573 0.0000000000
92885  -53.850  6.495  41.231 0.0000000000
91956  -53.614  6.077  40.266 0.0000000000
92893  -53.159  6.799  39.513 0.0000000000
91970  -53.547  5.985  39.581 0.0000000000
91030  -52.510  5.044  39.708 0.0000000000
91968  -51.737  5.051  39.245 0.0000000000
91967  -50.419  4.939  39.030 0.0000000000
91981  -49.894  5.460  38.489 0.0000000000
133506  -49.495  6.068  38.040 0.0000000000
92914  -49.251  6.533  37.492 0.0000000000
92926  -48.993  7.007  36.884 0.0000000000
93851  -48.747  7.470  36.073 0.0000000000
93860  -48.573  7.998  35.212 0.0000000000
95628  -51.895  9.673  36.820 0.0000000000
95629  -52.061  9.424  36.729 0.0000000000
96469  -51.603  10.701  36.080 0.0000000000
95633  -51.923  9.739  36.201 0.0000000000
94738  -51.506  9.155  35.814 0.0000000000
94737  -50.498  8.462  35.597 0.0000000000
94736  -49.413  8.522  35.077 0.0000000000
94735  -48.373  8.571  34.700 0.0000000000
94743  -48.188  9.213  34.487 0.0000000000
95645  -48.141  9.847  34.442 0.0000000000
97320  -49.755  11.372  34.207 0.0000000000
96475  -48.040  10.552  34.470 0.0000000000
97318  -47.824  11.405  34.532 0.0000000000
96381  -39.996  10.619  44.345 0.0000000000
97214  -39.585  11.397  44.581 0.0000000000
96390  -41.313  10.635  43.435 0.0000000000
96401  -41.806  10.837  43.037 0.0000000000
99003  -40.899  13.300  44.671 0.0000000000
98095  -41.198  12.831  44.300 0.0000000000
98096  -41.825  12.750  43.988 0.0000000000
96402  -42.232  10.714  42.501 0.0000000000
97243  -43.414  11.235  40.850 0.0000000000
97236  -43.315  12.056  41.515 0.0000000000
97244  -43.876  11.607  40.079 0.0000000000
99913  -45.142  14.811  47.097 0.0000000000
99930  -45.731  14.496  46.437 0.0000000000
99953  -49.921  14.590  44.747 0.0000000000
99009  -47.890  13.907  43.833 0.0000000000
99018  -45.568  13.331  43.186 0.0000000000
99049  -44.572  13.153  39.976 0.0000000000
98133  -44.839  12.334  38.648 0.0000000000
98145  -46.336  13.010  36.934 0.0000000000
99061  -45.905  14.266  37.646 0.0000000000
100994  -48.231  16.224  37.502 0.0000000000
101003  -48.551  16.350  36.853 0.0000000000
101004  -49.085  16.457  36.122 0.0000000000
99083  -50.685  14.342  34.485 0.0000000000
100042  -51.117  14.609  33.918 0.0000000000
139733  -51.019  14.389  33.637 0.0000000000
99118  -49.983  14.212  33.218 0.0000000000
101046  -50.079  15.774  32.712 0.0000000000
149539  -49.780  14.821  32.926 0.0000000000
99117  -49.139  14.272  33.167 0.0000000000
99109  -48.556  13.624  33.523 0.0000000000
101950  -46.459  16.548  33.018 0.0000000000
101024  -44.422  15.768  33.066 0.0000000000
153660  -43.675  15.818  31.111 0.0000000000
102789  -45.739  17.312  40.115 0.0000000000
102800  -44.991  17.355  39.696 0.0000000000
101903  -44.445  16.887  38.541 0.0000000000
101890  -43.525  17.080  39.718 0.0000000000
101914  -43.945  16.314  38.016 0.0000000000
100009  -42.322  14.710  36.885 0.0000000000
134669  -41.257  16.515  39.946 0.0000000000
100963  -41.828  16.009  39.250 0.0000000000
100989  -41.835  15.306  38.377 0.0000000000
100017  -41.581  14.549  36.199 0.0000000000
100016  -40.550  14.460  35.759 0.0000000000
100015  -39.651  14.623  35.332 0.0000000000
136609  -39.229  14.754  36.049 0.0000000000
131575  -38.734  15.341  34.748 0.0000000000
100027  -38.416  15.368  34.088 0.0000000000
100986  -35.853  15.830  36.318 0.0000000000
101900  -35.960  17.265  37.217 0.0000000000
101911  -34.986  16.921  36.408 0.0000000000
102796  -33.397  17.675  37.874 0.0000000000
106128  -43.277  22.264  42.216 0.0000000000
128715  -40.726  22.466  41.305 0.0000000000
150017  -39.455  22.329  40.608 0.0000000000
106163  -38.871  22.147  40.262 0.0000000000
105526  -38.315  21.702  39.820 0.0000000000
149079  -38.932  21.938  38.523 0.0000000000
105525  -37.700  21.088  39.282 0.0000000000
104885  -37.112  20.385  39.301 0.0000000000
104223  -35.674  19.832  37.488 0.0000000000
91003  -53.198  5.468  40.391 0.0000000000
91016  -53.225  5.462  39.879 0.0000000000
92894  -53.501  6.485  39.597 0.0000000000
92903  -53.006  6.494  38.219 0.0000000000
92918  -53.091  7.139  37.878 0.0000000000
93723  -51.174  8.890  49.242 0.0000000000
93829  -53.387  6.904  38.912 0.0000000000
93838  -53.215  7.237  38.446 0.0000000000
94728  -52.116  9.078  36.576 0.0000000000
94742  -46.783  8.151  34.281 0.0000000000
95496  -50.792  10.875  50.883 0.0000000000
95507  -51.497  10.616  49.593 0.0000000000
95531  -50.991  9.732  47.193 0.0000000000
95619  -52.251  9.190  37.032 0.0000000000
95648  -51.437  10.536  35.336 0.0000000000
96464  -51.855  10.027  36.356 0.0000000000
100055  -51.026  15.191  33.568 0.0000000000
100075  -45.700  15.668  31.538 0.0000000000
100886  -51.037  15.818  47.730 0.0000000000
100896  -51.526  15.985  47.112 0.0000000000
101032  -43.524  15.664  32.063 0.0000000000
101033  -44.262  15.914  31.500 0.0000000000
101035  -49.105  17.069  32.564 0.0000000000
101054  -45.309  15.855  31.421 0.0000000000
101816  -41.695  16.857  44.267 0.0000000000
101893  -50.862  17.247  39.783 0.0000000000
101946  -51.109  17.577  33.317 0.0000000000
102677  -46.143  16.990  51.976 0.0000000000
102688  -48.464  17.869  52.185 0.0000000000
102824  -46.272  17.516  38.009 0.0000000000
102835  -50.855  18.278  35.731 0.0000000000
102844  -50.978  18.404  35.022 0.0000000000
103459  -45.091  18.954  50.457 0.0000000000
103484  -44.610  18.380  47.285 0.0000000000
104174  -42.480  19.477  44.766 0.0000000000
105486  -44.535  21.310  43.637 0.0000000000
105509  -39.209  21.565  41.639 0.0000000000
138256  -50.632  13.861  33.450 0.0000000000
139501  -48.783  9.763  34.473 0.0000000000
140313  -52.241  10.389  48.354 0.0000000000
142407  -47.090  16.425  51.950 0.0000000000
148897  -43.822  16.608  41.178 0.0000000000
152664  -33.008  13.204  49.651 0.0000000000
153621  -46.936  8.421  47.697 0.0000000000
153761  -43.142  16.846  39.491 0.0000000000
155145  -41.409  3.734  53.987 0.0000000000
