#!ascii label  , from subject sub-v1s9x0051356_ses-1 vox2ras=TkReg
1568
60494  -41.111  -23.117  81.253 0.0000000000
49443  -33.239  -33.998  89.695 0.0000000000
60613  -47.645  -23.265  71.507 0.0000000000
62998  -36.855  -22.018  69.191 0.0000000000
133696  -44.112  -17.333  74.437 0.0000000000
58260  -34.224  -25.804  86.561 0.0000000000
50653  -29.181  -32.554  77.092 0.0000000000
58382  -30.155  -25.205  73.685 0.0000000000
129442  -23.391  -35.577  91.001 0.0000000000
72100  -51.459  -13.325  69.179 0.0000000000
47286  -23.781  -35.609  80.631 0.0000000000
61729  -39.257  -22.278  74.686 0.0000000000
67919  -39.733  -17.900  72.037 0.0000000000
154729  -40.805  -17.216  77.599 0.0000000000
62866  -35.919  -21.890  84.822 0.0000000000
58333  -32.993  -25.742  81.010 0.0000000000
60520  -35.516  -23.517  77.995 0.0000000000
60607  -33.220  -22.987  71.836 0.0000000000
74254  -50.499  -10.990  65.423 0.0000000000
48291  -27.892  -35.035  90.338 0.0000000000
48353  -24.478  -34.602  85.477 0.0000000000
147831  -27.247  -34.416  84.644 0.0000000000
60574  -46.454  -23.754  74.781 0.0000000000
52974  -36.584  -30.714  87.282 0.0000000000
49532  -32.086  -33.055  82.700 0.0000000000
141418  -33.404  -30.245  81.221 0.0000000000
54266  -29.815  -29.340  75.457 0.0000000000
130442  -18.343  -36.568  91.065 0.0000000000
68882  -48.421  -15.806  78.792 0.0000000000
134000  -49.637  -19.110  76.543 0.0000000000
68971  -52.844  -16.417  72.338 0.0000000000
67936  -47.289  -17.958  70.596 0.0000000000
154459  -45.598  -15.905  65.728 0.0000000000
48349  -20.581  -34.248  85.453 0.0000000000
49555  -25.524  -33.450  79.473 0.0000000000
135180  -40.320  -22.388  77.738 0.0000000000
65494  -39.804  -19.663  76.822 0.0000000000
64081  -41.657  -20.419  79.471 0.0000000000
61657  -38.857  -23.009  83.678 0.0000000000
60489  -35.680  -23.174  81.430 0.0000000000
129166  -38.573  -23.563  79.086 0.0000000000
130309  -37.246  -23.275  75.848 0.0000000000
60656  -49.879  -23.225  69.581 0.0000000000
61775  -46.377  -22.481  69.369 0.0000000000
128470  -30.277  -34.375  90.474 0.0000000000
48330  -27.521  -34.910  87.451 0.0000000000
49483  -29.916  -33.195  86.971 0.0000000000
65596  -37.869  -19.647  67.342 0.0000000000
67907  -42.153  -17.725  72.871 0.0000000000
66800  -42.262  -18.755  70.836 0.0000000000
135610  -43.709  -19.524  72.491 0.0000000000
61747  -44.576  -22.479  72.415 0.0000000000
64157  -44.908  -20.492  74.269 0.0000000000
152586  -36.055  -27.781  87.147 0.0000000000
53012  -35.444  -30.389  84.364 0.0000000000
56327  -34.359  -28.008  83.641 0.0000000000
58359  -31.697  -25.688  77.073 0.0000000000
56381  -31.479  -27.512  77.705 0.0000000000
56400  -29.692  -27.329  74.860 0.0000000000
60637  -35.147  -22.778  70.010 0.0000000000
67821  -49.342  -19.223  79.634 0.0000000000
68977  -50.949  -16.912  71.532 0.0000000000
69003  -48.747  -16.151  69.571 0.0000000000
67967  -45.918  -17.067  67.758 0.0000000000
71102  -48.042  -14.512  67.394 0.0000000000
73204  -48.022  -12.755  63.271 0.0000000000
47152  -20.580  -35.590  90.451 0.0000000000
47207  -19.136  -35.710  87.798 0.0000000000
48313  -21.416  -34.761  88.419 0.0000000000
47263  -25.029  -35.389  83.486 0.0000000000
48375  -23.146  -34.658  83.728 0.0000000000
46089  -23.371  -36.568  81.572 0.0000000000
50625  -30.390  -33.077  79.758 0.0000000000
136568  -28.950  -33.003  81.410 0.0000000000
50640  -26.847  -32.784  78.220 0.0000000000
144792  -38.251  -22.163  71.916 0.0000000000
64215  -38.106  -19.673  70.034 0.0000000000
64155  -38.748  -19.634  74.006 0.0000000000
67876  -39.825  -17.846  74.731 0.0000000000
68913  -42.168  -16.271  75.411 0.0000000000
61630  -33.826  -22.856  85.727 0.0000000000
58295  -33.666  -25.885  83.679 0.0000000000
60473  -33.924  -23.610  82.755 0.0000000000
150711  -33.767  -23.836  79.400 0.0000000000
60552  -32.919  -23.720  76.062 0.0000000000
60578  -31.904  -23.604  73.584 0.0000000000
60570  -34.602  -23.055  74.524 0.0000000000
129644  -36.114  -22.659  72.830 0.0000000000
73152  -50.406  -12.101  67.370 0.0000000000
75329  -54.256  -8.468  67.686 0.0000000000
47156  -25.013  -35.598  90.763 0.0000000000
48316  -24.080  -34.906  88.101 0.0000000000
149457  -25.860  -35.793  87.543 0.0000000000
47234  -26.251  -35.679  85.803 0.0000000000
48384  -25.655  -34.670  82.662 0.0000000000
66823  -40.162  -18.461  68.709 0.0000000000
59449  -46.924  -25.267  71.890 0.0000000000
59432  -48.756  -25.065  73.769 0.0000000000
49474  -35.508  -33.231  88.323 0.0000000000
50567  -32.055  -33.000  86.325 0.0000000000
144875  -34.780  -32.762  84.367 0.0000000000
49542  -33.299  -32.829  80.947 0.0000000000
50645  -31.682  -32.358  78.479 0.0000000000
56347  -32.862  -27.872  80.929 0.0000000000
54217  -31.504  -30.121  78.155 0.0000000000
51894  -29.491  -31.813  75.512 0.0000000000
64071  -42.848  -20.677  82.304 0.0000000000
49432  -34.613  -33.054  91.056 0.0000000000
56250  -36.384  -27.914  89.929 0.0000000000
58239  -35.111  -25.263  89.405 0.0000000000
67811  -42.592  -17.488  80.631 0.0000000000
69872  -42.248  -15.141  78.924 0.0000000000
70987  -43.462  -14.549  76.448 0.0000000000
72014  -46.033  -13.557  77.160 0.0000000000
67869  -46.282  -17.182  75.963 0.0000000000
65495  -46.744  -20.318  77.444 0.0000000000
62927  -48.926  -22.892  77.783 0.0000000000
62953  -46.858  -21.633  73.986 0.0000000000
66764  -51.690  -17.900  73.587 0.0000000000
65543  -47.194  -18.874  73.134 0.0000000000
64196  -45.715  -20.401  71.311 0.0000000000
64218  -44.859  -20.036  69.008 0.0000000000
72135  -47.578  -13.344  65.362 0.0000000000
46042  -17.590  -36.268  87.784 0.0000000000
47271  -19.889  -35.491  82.575 0.0000000000
49480  -22.273  -34.041  86.188 0.0000000000
47260  -21.756  -35.081  83.601 0.0000000000
50603  -29.864  -32.998  84.004 0.0000000000
128640  -26.779  -33.422  81.931 0.0000000000
48399  -24.322  -34.454  79.847 0.0000000000
151160  -23.202  -34.824  77.691 0.0000000000
61686  -40.544  -22.990  79.582 0.0000000000
62909  -41.162  -21.440  78.493 0.0000000000
62899  -41.690  -21.596  80.155 0.0000000000
134211  -40.082  -23.544  81.856 0.0000000000
60491  -38.505  -23.516  81.682 0.0000000000
155294  -40.061  -23.531  80.505 0.0000000000
146543  -39.298  -23.444  78.672 0.0000000000
60628  -49.388  -24.065  71.781 0.0000000000
141822  -48.975  -23.423  70.488 0.0000000000
60641  -48.488  -23.185  69.751 0.0000000000
60626  -47.884  -23.318  70.445 0.0000000000
49441  -31.375  -33.914  89.545 0.0000000000
137751  -29.792  -33.577  88.175 0.0000000000
49470  -31.309  -33.350  87.914 0.0000000000
63013  -36.354  -21.688  67.492 0.0000000000
64225  -37.418  -20.390  68.073 0.0000000000
67895  -43.239  -17.760  73.721 0.0000000000
66772  -42.715  -18.308  72.406 0.0000000000
66760  -43.806  -18.373  73.559 0.0000000000
65531  -44.566  -19.856  73.694 0.0000000000
66746  -45.077  -18.692  74.613 0.0000000000
57250  -35.204  -26.882  86.735 0.0000000000
56295  -35.300  -27.661  85.606 0.0000000000
57259  -34.759  -26.995  85.666 0.0000000000
58372  -30.992  -25.102  75.412 0.0000000000
57340  -31.237  -26.260  76.667 0.0000000000
57360  -29.874  -26.022  74.243 0.0000000000
56410  -28.889  -27.027  73.132 0.0000000000
61770  -35.766  -22.704  69.375 0.0000000000
60651  -35.014  -22.929  69.031 0.0000000000
61779  -35.601  -22.626  68.501 0.0000000000
70030  -51.818  -15.437  70.520 0.0000000000
71069  -50.236  -14.766  69.375 0.0000000000
70052  -48.342  -15.296  68.502 0.0000000000
72099  -50.293  -13.691  68.617 0.0000000000
47132  -21.707  -35.583  91.381 0.0000000000
47174  -21.193  -35.246  89.826 0.0000000000
47175  -22.117  -35.169  90.050 0.0000000000
149587  -24.448  -35.699  82.040 0.0000000000
149503  -24.162  -35.835  82.538 0.0000000000
47282  -23.876  -35.992  81.410 0.0000000000
46097  -22.914  -36.928  80.984 0.0000000000
46102  -22.787  -36.668  80.152 0.0000000000
133881  -29.789  -32.788  78.231 0.0000000000
50632  -29.004  -32.677  78.863 0.0000000000
132661  -28.456  -32.565  77.588 0.0000000000
61746  -38.357  -22.326  73.081 0.0000000000
140061  -38.495  -21.095  72.545 0.0000000000
62950  -39.135  -21.736  74.153 0.0000000000
66712  -40.426  -18.529  77.527 0.0000000000
66722  -39.638  -18.805  76.292 0.0000000000
67856  -40.416  -17.496  76.489 0.0000000000
68912  -40.904  -16.817  75.101 0.0000000000
68897  -41.356  -16.421  76.557 0.0000000000
61631  -34.291  -22.289  85.293 0.0000000000
139434  -33.795  -23.282  84.225 0.0000000000
61654  -34.693  -22.556  83.689 0.0000000000
60511  -35.418  -23.390  79.687 0.0000000000
132052  -34.735  -23.426  80.068 0.0000000000
60519  -34.665  -23.551  78.341 0.0000000000
59406  -33.046  -24.058  77.485 0.0000000000
130023  -34.231  -23.643  76.961 0.0000000000
60553  -33.713  -23.475  75.686 0.0000000000
60541  -35.027  -23.473  76.752 0.0000000000
60557  -38.749  -22.946  75.365 0.0000000000
60572  -36.506  -22.830  74.400 0.0000000000
60573  -38.036  -22.837  74.089 0.0000000000
61744  -37.384  -22.489  72.354 0.0000000000
47158  -26.523  -35.565  90.836 0.0000000000
47178  -25.989  -35.515  89.116 0.0000000000
47179  -26.648  -35.431  89.351 0.0000000000
48341  -27.571  -34.672  86.523 0.0000000000
47235  -26.853  -35.431  86.102 0.0000000000
140188  -26.564  -35.239  85.103 0.0000000000
147496  -26.086  -34.923  83.870 0.0000000000
48378  -26.427  -34.428  83.523 0.0000000000
153768  -38.631  -18.694  71.042 0.0000000000
146790  -38.909  -18.567  69.655 0.0000000000
66797  -39.634  -18.346  70.108 0.0000000000
146952  -43.103  -20.256  70.171 0.0000000000
65586  -42.141  -19.744  68.710 0.0000000000
63000  -42.974  -20.978  68.827 0.0000000000
61748  -45.195  -23.093  73.022 0.0000000000
60612  -45.490  -23.881  71.697 0.0000000000
60585  -46.145  -23.847  73.789 0.0000000000
59439  -47.961  -25.383  73.560 0.0000000000
60586  -47.430  -24.617  74.677 0.0000000000
50558  -36.329  -32.011  87.660 0.0000000000
49486  -35.134  -33.220  86.412 0.0000000000
51755  -36.005  -31.581  86.044 0.0000000000
53022  -34.523  -30.619  82.931 0.0000000000
51824  -34.488  -31.668  82.565 0.0000000000
51835  -33.699  -31.828  80.887 0.0000000000
50636  -32.568  -32.710  79.688 0.0000000000
51848  -33.189  -31.689  80.088 0.0000000000
58307  -33.420  -25.454  82.395 0.0000000000
144174  -33.362  -26.880  81.951 0.0000000000
57296  -33.018  -26.634  81.239 0.0000000000
55334  -30.624  -28.324  76.492 0.0000000000
55314  -31.741  -28.766  78.413 0.0000000000
54254  -30.807  -29.158  77.037 0.0000000000
53110  -30.781  -30.984  77.061 0.0000000000
60592  -32.797  -23.203  72.529 0.0000000000
133587  -36.021  -26.726  89.642 0.0000000000
62840  -34.005  -21.735  87.678 0.0000000000
66675  -43.062  -18.725  81.740 0.0000000000
70932  -42.699  -14.440  80.283 0.0000000000
71983  -42.661  -13.788  78.909 0.0000000000
70970  -42.924  -14.271  77.319 0.0000000000
71992  -43.476  -13.458  77.661 0.0000000000
69896  -47.603  -14.241  78.344 0.0000000000
69921  -46.246  -15.389  76.430 0.0000000000
68899  -47.180  -16.834  76.823 0.0000000000
67857  -46.668  -17.947  76.510 0.0000000000
66724  -47.506  -17.876  77.522 0.0000000000
66725  -50.016  -19.804  77.902 0.0000000000
130649  -49.214  -21.294  79.079 0.0000000000
64126  -48.788  -21.459  77.617 0.0000000000
137782  -48.095  -21.992  76.224 0.0000000000
64160  -47.440  -20.902  75.382 0.0000000000
152977  -52.768  -17.044  72.995 0.0000000000
67922  -48.156  -17.793  71.146 0.0000000000
66789  -49.787  -18.024  72.258 0.0000000000
66787  -47.487  -18.380  71.673 0.0000000000
65542  -46.590  -19.316  72.559 0.0000000000
65564  -45.984  -19.027  70.928 0.0000000000
140697  -45.145  -20.164  69.801 0.0000000000
66801  -45.661  -18.806  70.004 0.0000000000
141564  -45.755  -16.250  66.461 0.0000000000
67982  -44.766  -18.067  66.832 0.0000000000
68006  -44.088  -17.789  65.391 0.0000000000
74238  -50.791  -11.179  66.309 0.0000000000
73167  -48.855  -12.629  66.392 0.0000000000
74253  -49.011  -11.848  65.163 0.0000000000
48336  -19.904  -34.907  86.653 0.0000000000
47219  -19.046  -35.573  86.400 0.0000000000
48348  -19.780  -34.728  85.821 0.0000000000
47243  -19.356  -34.956  84.223 0.0000000000
48372  -20.277  -34.746  84.008 0.0000000000
48329  -24.391  -34.855  87.343 0.0000000000
48338  -22.840  -34.305  86.918 0.0000000000
132882  -23.881  -34.354  85.995 0.0000000000
48374  -22.240  -34.550  83.893 0.0000000000
144158  -22.685  -37.837  82.583 0.0000000000
50594  -32.270  -32.859  84.124 0.0000000000
50577  -31.148  -32.620  85.202 0.0000000000
50604  -30.762  -32.778  83.775 0.0000000000
151306  -27.139  -32.826  79.892 0.0000000000
49536  -27.560  -33.113  81.531 0.0000000000
49546  -26.023  -33.327  80.343 0.0000000000
48393  -25.416  -33.853  80.948 0.0000000000
48400  -25.083  -33.834  80.172 0.0000000000
46113  -22.683  -36.342  77.986 0.0000000000
139813  -39.567  -22.454  76.214 0.0000000000
64139  -39.556  -20.916  75.565 0.0000000000
64124  -40.244  -21.188  76.975 0.0000000000
65475  -40.995  -20.275  78.038 0.0000000000
66700  -40.882  -18.810  78.197 0.0000000000
61643  -37.229  -22.369  84.037 0.0000000000
61665  -35.761  -22.727  82.782 0.0000000000
61667  -37.513  -23.188  82.721 0.0000000000
129170  -37.275  -23.496  80.317 0.0000000000
146974  -37.012  -23.534  78.928 0.0000000000
129163  -36.373  -23.501  77.499 0.0000000000
155408  -37.920  -23.550  77.921 0.0000000000
129887  -39.277  -23.088  77.063 0.0000000000
61794  -46.005  -22.132  67.673 0.0000000000
48292  -28.786  -34.901  90.772 0.0000000000
147426  -27.647  -34.954  89.526 0.0000000000
48319  -28.757  -34.263  88.888 0.0000000000
48331  -28.413  -34.004  87.197 0.0000000000
49481  -28.735  -33.618  86.357 0.0000000000
67906  -41.262  -17.653  72.677 0.0000000000
66783  -40.794  -18.166  71.157 0.0000000000
66771  -41.875  -18.090  72.140 0.0000000000
65550  -42.927  -19.210  71.235 0.0000000000
64195  -43.631  -20.635  71.511 0.0000000000
62975  -43.882  -21.549  71.290 0.0000000000
62961  -43.994  -21.223  72.099 0.0000000000
62951  -44.620  -21.576  73.443 0.0000000000
62940  -45.403  -22.009  74.946 0.0000000000
54125  -36.555  -29.412  87.221 0.0000000000
52984  -36.245  -30.282  85.907 0.0000000000
129029  -35.784  -28.864  85.372 0.0000000000
55272  -34.781  -28.794  83.829 0.0000000000
55281  -34.174  -28.771  82.989 0.0000000000
58344  -32.463  -25.390  79.136 0.0000000000
141818  -32.193  -26.992  79.024 0.0000000000
57334  -31.515  -26.587  77.387 0.0000000000
56389  -30.516  -27.412  76.103 0.0000000000
139649  -29.885  -28.600  75.424 0.0000000000
54282  -28.803  -29.246  74.271 0.0000000000
133329  -28.714  -27.840  73.510 0.0000000000
60608  -34.500  -22.708  71.247 0.0000000000
60649  -33.512  -23.117  69.127 0.0000000000
69898  -48.735  -15.304  79.010 0.0000000000
67847  -49.000  -17.667  79.453 0.0000000000
68884  -49.954  -16.281  78.288 0.0000000000
66716  -50.860  -18.347  77.762 0.0000000000
66727  -51.121  -18.402  76.613 0.0000000000
69993  -53.216  -15.426  71.770 0.0000000000
68978  -52.320  -16.838  72.155 0.0000000000
70009  -52.670  -15.815  71.105 0.0000000000
68990  -49.212  -16.580  70.318 0.0000000000
67951  -48.294  -16.765  69.981 0.0000000000
67968  -46.454  -17.459  68.966 0.0000000000
69014  -47.472  -16.224  68.611 0.0000000000
69027  -47.096  -15.908  67.890 0.0000000000
148528  -46.677  -15.267  66.604 0.0000000000
75364  -50.377  -10.835  64.478 0.0000000000
74262  -49.150  -11.772  64.211 0.0000000000
74270  -49.439  -11.763  63.310 0.0000000000
135165  -19.196  -36.343  91.147 0.0000000000
136499  -18.565  -36.338  89.720 0.0000000000
47173  -20.232  -35.503  89.602 0.0000000000
48312  -20.606  -34.961  88.207 0.0000000000
132299  -20.897  -34.422  86.890 0.0000000000
151002  -24.994  -35.091  84.108 0.0000000000
47244  -24.315  -34.537  84.552 0.0000000000
47262  -24.272  -35.607  83.037 0.0000000000
47273  -23.500  -35.849  82.835 0.0000000000
46078  -23.047  -36.461  82.504 0.0000000000
139008  -22.843  -37.597  81.961 0.0000000000
45070  -22.812  -37.580  81.243 0.0000000000
131792  -31.442  -33.202  81.077 0.0000000000
49538  -29.807  -33.088  81.705 0.0000000000
49548  -29.752  -32.994  80.716 0.0000000000
50623  -28.309  -32.732  79.822 0.0000000000
135056  -26.441  -32.957  78.623 0.0000000000
62986  -37.568  -21.848  70.580 0.0000000000
144148  -37.417  -20.925  69.496 0.0000000000
62987  -37.975  -21.283  70.911 0.0000000000
65539  -38.493  -19.300  72.390 0.0000000000
66769  -38.877  -18.636  72.649 0.0000000000
64156  -39.072  -20.017  74.931 0.0000000000
66743  -39.417  -18.334  74.200 0.0000000000
67904  -39.827  -17.687  72.881 0.0000000000
67878  -41.064  -17.011  74.184 0.0000000000
67879  -42.029  -17.037  74.222 0.0000000000
68935  -43.404  -16.659  74.744 0.0000000000
59349  -33.666  -24.347  85.998 0.0000000000
58281  -33.779  -25.585  84.995 0.0000000000
59356  -33.618  -24.448  85.052 0.0000000000
135986  -33.614  -24.133  83.262 0.0000000000
59376  -33.553  -24.310  81.348 0.0000000000
60475  -35.204  -22.913  82.140 0.0000000000
60500  -33.952  -23.707  80.988 0.0000000000
59384  -33.053  -24.656  80.180 0.0000000000
59398  -32.678  -24.698  78.694 0.0000000000
149021  -31.831  -24.652  76.327 0.0000000000
59422  -31.592  -24.361  75.033 0.0000000000
155632  -30.429  -24.590  73.256 0.0000000000
60567  -32.263  -23.728  74.506 0.0000000000
60568  -33.275  -23.401  74.121 0.0000000000
60580  -33.918  -23.111  73.396 0.0000000000
60555  -35.906  -22.963  75.104 0.0000000000
60571  -35.487  -22.835  74.206 0.0000000000
131717  -34.709  -22.714  71.971 0.0000000000
60609  -35.239  -22.680  71.418 0.0000000000
144131  -36.474  -22.529  70.731 0.0000000000
73153  -50.677  -12.369  68.021 0.0000000000
74227  -52.474  -10.778  67.899 0.0000000000
74239  -52.105  -10.554  66.948 0.0000000000
75327  -51.636  -10.407  66.037 0.0000000000
75365  -51.835  -9.754  64.750 0.0000000000
75379  -51.422  -10.166  63.658 0.0000000000
47155  -24.198  -35.601  90.880 0.0000000000
47176  -23.595  -35.310  89.629 0.0000000000
150630  -24.467  -35.501  89.900 0.0000000000
47193  -25.026  -35.382  88.031 0.0000000000
47209  -25.361  -35.465  86.965 0.0000000000
47212  -26.902  -35.619  87.712 0.0000000000
47221  -25.914  -35.798  86.313 0.0000000000
47233  -25.826  -35.597  85.603 0.0000000000
47245  -25.569  -35.164  84.267 0.0000000000
47264  -25.303  -35.306  83.119 0.0000000000
48387  -24.811  -35.027  81.673 0.0000000000
65582  -37.909  -19.627  68.380 0.0000000000
66821  -39.063  -18.766  67.903 0.0000000000
66813  -41.241  -18.588  69.727 0.0000000000
58390  -48.837  -25.307  72.613 0.0000000000
60601  -48.886  -24.026  73.282 0.0000000000
135959  -34.169  -33.623  88.568 0.0000000000
128947  -32.461  -33.507  88.140 0.0000000000
49472  -34.003  -33.486  87.494 0.0000000000
49500  -33.578  -33.172  85.430 0.0000000000
133930  -33.118  -33.092  83.939 0.0000000000
50596  -35.236  -32.147  84.448 0.0000000000
49524  -34.252  -33.063  83.162 0.0000000000
129237  -32.755  -33.107  81.931 0.0000000000
49550  -31.903  -33.251  80.292 0.0000000000
50634  -31.043  -33.191  78.928 0.0000000000
50654  -29.981  -32.641  77.436 0.0000000000
57268  -34.047  -26.670  84.084 0.0000000000
143386  -33.896  -27.840  82.892 0.0000000000
143152  -32.874  -29.131  80.807 0.0000000000
56371  -32.365  -27.817  79.356 0.0000000000
55307  -32.472  -28.548  79.735 0.0000000000
134853  -32.361  -30.073  79.463 0.0000000000
51861  -31.517  -31.393  78.224 0.0000000000
51870  -30.622  -31.870  76.849 0.0000000000
135879  -30.373  -24.234  71.815 0.0000000000
60467  -41.221  -23.153  82.985 0.0000000000
61669  -42.162  -22.248  82.230 0.0000000000
46002  -19.880  -36.250  92.110 0.0000000000
47112  -23.651  -35.688  92.781 0.0000000000
147926  -25.237  -35.581  92.394 0.0000000000
149286  -26.175  -35.615  91.609 0.0000000000
48293  -29.819  -34.774  91.393 0.0000000000
48294  -31.214  -34.497  91.095 0.0000000000
48296  -32.764  -34.405  90.986 0.0000000000
49444  -33.947  -33.930  89.995 0.0000000000
49461  -35.458  -33.133  89.291 0.0000000000
153933  -36.306  -32.176  88.497 0.0000000000
52959  -36.649  -30.632  88.755 0.0000000000
54098  -36.483  -29.370  89.925 0.0000000000
54114  -36.670  -29.579  88.188 0.0000000000
56263  -36.309  -27.535  88.755 0.0000000000
58250  -35.484  -26.346  88.217 0.0000000000
59340  -34.417  -24.961  88.357 0.0000000000
58248  -33.900  -24.570  87.462 0.0000000000
137343  -33.754  -22.933  86.632 0.0000000000
61625  -34.127  -22.111  86.065 0.0000000000
140680  -40.414  -23.103  83.894 0.0000000000
152169  -42.210  -20.151  80.557 0.0000000000
140054  -42.170  -18.930  80.213 0.0000000000
67819  -41.654  -17.583  79.252 0.0000000000
68842  -43.443  -15.868  81.548 0.0000000000
68856  -42.294  -16.339  79.825 0.0000000000
68867  -41.480  -16.456  78.307 0.0000000000
69918  -41.758  -15.811  76.969 0.0000000000
69920  -42.939  -15.133  76.098 0.0000000000
68915  -43.744  -16.048  75.137 0.0000000000
72013  -44.782  -13.592  76.901 0.0000000000
69940  -45.486  -15.827  75.853 0.0000000000
67881  -45.014  -17.046  74.879 0.0000000000
66734  -45.675  -18.777  75.410 0.0000000000
64141  -45.661  -20.653  75.712 0.0000000000
62925  -46.325  -21.616  76.654 0.0000000000
65477  -48.319  -20.326  79.097 0.0000000000
62919  -47.757  -22.197  78.268 0.0000000000
61724  -47.300  -23.550  76.464 0.0000000000
61732  -48.837  -24.011  75.803 0.0000000000
61741  -48.650  -23.840  74.788 0.0000000000
61749  -47.169  -22.728  72.978 0.0000000000
67883  -51.668  -17.610  75.103 0.0000000000
144882  -50.781  -18.310  75.171 0.0000000000
67908  -51.123  -17.773  72.488 0.0000000000
66762  -49.735  -18.550  73.674 0.0000000000
136711  -48.670  -18.841  74.464 0.0000000000
141193  -46.794  -19.803  73.562 0.0000000000
64186  -46.379  -21.077  72.893 0.0000000000
61767  -46.506  -22.485  71.191 0.0000000000
61766  -46.032  -22.119  70.264 0.0000000000
63002  -45.708  -21.760  69.247 0.0000000000
64229  -44.865  -20.802  67.757 0.0000000000
66825  -45.175  -18.565  68.364 0.0000000000
152937  -44.415  -19.494  67.449 0.0000000000
63026  -44.813  -21.092  66.395 0.0000000000
138333  -49.915  -12.759  67.611 0.0000000000
71112  -48.069  -13.797  66.678 0.0000000000
71118  -46.509  -14.351  65.289 0.0000000000
73192  -47.929  -12.638  63.997 0.0000000000
71130  -46.337  -14.156  64.424 0.0000000000
70111  -44.883  -15.783  64.060 0.0000000000
46035  -18.548  -36.064  88.031 0.0000000000
48314  -22.270  -34.705  88.521 0.0000000000
128844  -21.829  -34.331  87.063 0.0000000000
131971  -21.305  -34.076  86.079 0.0000000000
49496  -22.750  -33.955  84.708 0.0000000000
49494  -22.055  -33.740  84.886 0.0000000000
48362  -20.822  -34.303  84.607 0.0000000000
47259  -20.629  -35.209  83.320 0.0000000000
154068  -31.430  -32.890  86.659 0.0000000000
50575  -29.580  -33.094  85.780 0.0000000000
137658  -28.642  -33.469  84.777 0.0000000000
132541  -28.973  -33.157  82.206 0.0000000000
49519  -28.525  -33.406  83.407 0.0000000000
48379  -27.106  -34.079  83.789 0.0000000000
48389  -26.104  -33.942  82.292 0.0000000000
48388  -25.428  -34.406  81.757 0.0000000000
47287  -24.194  -34.972  80.497 0.0000000000
49566  -25.460  -33.264  77.312 0.0000000000
49560  -25.338  -33.444  78.148 0.0000000000
49559  -24.612  -33.795  78.462 0.0000000000
48405  -23.308  -34.855  78.483 0.0000000000
47294  -23.117  -35.453  79.149 0.0000000000
46103  -23.155  -35.906  79.989 0.0000000000
61680  -41.019  -22.791  80.311 0.0000000000
128805  -41.393  -22.135  79.773 0.0000000000
62890  -41.606  -22.175  80.579 0.0000000000
60493  -40.610  -23.439  81.569 0.0000000000
132054  -39.936  -23.605  81.074 0.0000000000
146526  -40.507  -23.364  80.676 0.0000000000
152173  -40.542  -23.160  80.128 0.0000000000
60627  -49.045  -23.644  71.223 0.0000000000
133322  -49.571  -23.812  70.645 0.0000000000
49442  -32.335  -33.935  89.665 0.0000000000
49457  -31.801  -33.636  88.837 0.0000000000
63006  -36.655  -21.819  68.371 0.0000000000
63014  -36.933  -21.123  67.838 0.0000000000
63007  -37.142  -21.215  68.816 0.0000000000
66744  -43.731  -17.800  74.027 0.0000000000
66745  -44.536  -18.990  73.905 0.0000000000
151704  -44.376  -18.183  74.167 0.0000000000
57249  -34.634  -26.450  86.390 0.0000000000
58270  -34.187  -26.129  85.710 0.0000000000
58375  -30.494  -25.228  74.540 0.0000000000
58371  -30.353  -25.917  75.183 0.0000000000
61780  -36.291  -22.372  68.860 0.0000000000
61790  -36.077  -22.205  68.058 0.0000000000
136091  -35.958  -22.119  67.528 0.0000000000
72090  -52.900  -13.490  69.939 0.0000000000
72089  -52.003  -14.026  69.720 0.0000000000
71089  -50.740  -14.123  69.265 0.0000000000
71088  -49.582  -14.353  68.602 0.0000000000
47154  -22.432  -35.476  91.027 0.0000000000
128471  -23.012  -35.353  90.219 0.0000000000
46098  -23.290  -36.296  80.785 0.0000000000
50642  -29.145  -32.610  77.919 0.0000000000
132982  -28.549  -32.550  76.883 0.0000000000
61737  -38.990  -22.315  74.073 0.0000000000
133370  -38.802  -22.085  73.464 0.0000000000
147298  -40.545  -17.669  77.369 0.0000000000
66723  -40.077  -18.192  76.849 0.0000000000
68896  -40.858  -16.888  76.063 0.0000000000
68880  -40.852  -16.943  77.059 0.0000000000
62865  -34.962  -21.938  85.023 0.0000000000
61641  -34.497  -22.443  84.474 0.0000000000
61642  -35.232  -22.213  84.248 0.0000000000
132051  -35.433  -23.440  78.848 0.0000000000
60529  -33.895  -23.754  77.748 0.0000000000
60530  -34.810  -23.559  77.514 0.0000000000
132253  -34.400  -23.461  76.193 0.0000000000
61721  -39.113  -22.618  75.160 0.0000000000
147832  -38.175  -23.049  74.871 0.0000000000
61728  -38.733  -22.694  74.536 0.0000000000
61736  -38.488  -22.529  73.726 0.0000000000
144866  -26.777  -35.460  90.154 0.0000000000
47180  -27.208  -35.297  89.829 0.0000000000
48354  -27.358  -34.673  85.543 0.0000000000
48366  -26.561  -34.756  84.233 0.0000000000
148650  -38.941  -18.477  71.723 0.0000000000
66796  -38.963  -18.427  70.676 0.0000000000
66782  -39.767  -18.078  71.091 0.0000000000
64217  -43.362  -20.954  70.047 0.0000000000
64216  -43.031  -20.630  69.496 0.0000000000
61739  -45.454  -22.980  73.979 0.0000000000
60600  -46.973  -24.804  73.536 0.0000000000
51756  -36.374  -31.441  86.953 0.0000000000
50569  -35.953  -32.134  86.647 0.0000000000
52985  -36.358  -30.885  86.373 0.0000000000
54176  -33.752  -30.048  81.816 0.0000000000
53036  -34.161  -30.837  82.138 0.0000000000
53035  -33.749  -30.969  81.397 0.0000000000
53058  -33.356  -30.914  80.691 0.0000000000
136213  -33.280  -26.039  81.775 0.0000000000
57306  -32.698  -26.381  80.422 0.0000000000
55340  -30.236  -28.876  75.902 0.0000000000
54267  -30.239  -29.719  75.973 0.0000000000
54253  -30.564  -30.113  76.607 0.0000000000
53133  -29.852  -30.276  75.576 0.0000000000
60606  -32.815  -23.038  71.235 0.0000000000
71991  -42.865  -13.803  78.109 0.0000000000
69897  -48.234  -14.827  78.775 0.0000000000
69923  -47.708  -15.229  78.205 0.0000000000
132023  -47.164  -15.759  76.921 0.0000000000
152158  -47.685  -16.090  77.763 0.0000000000
67858  -48.054  -16.828  78.053 0.0000000000
133415  -49.409  -20.928  78.523 0.0000000000
65496  -48.807  -19.992  77.096 0.0000000000
137398  -47.962  -20.248  75.907 0.0000000000
69992  -52.379  -15.468  72.485 0.0000000000
68970  -52.220  -16.296  73.090 0.0000000000
132433  -52.756  -16.986  73.069 0.0000000000
154021  -47.434  -18.143  71.102 0.0000000000
66803  -46.840  -18.455  71.048 0.0000000000
66802  -46.460  -18.344  70.295 0.0000000000
69052  -45.186  -16.514  65.750 0.0000000000
69038  -45.109  -17.165  66.455 0.0000000000
145312  -44.711  -16.618  65.202 0.0000000000
69061  -44.526  -16.448  64.515 0.0000000000
129260  -49.746  -11.628  65.801 0.0000000000
46012  -18.044  -36.589  90.220 0.0000000000
48337  -20.462  -34.443  86.282 0.0000000000
48361  -19.944  -34.599  84.869 0.0000000000
48340  -24.530  -34.778  86.433 0.0000000000
48339  -23.716  -34.452  86.747 0.0000000000
45041  -22.316  -37.195  83.645 0.0000000000
50605  -31.697  -32.864  83.524 0.0000000000
50593  -31.364  -32.667  84.369 0.0000000000
50610  -31.107  -33.000  82.926 0.0000000000
136667  -26.314  -33.039  79.341 0.0000000000
129294  -26.865  -33.143  80.981 0.0000000000
61712  -39.845  -22.458  76.879 0.0000000000
62924  -40.241  -21.930  77.013 0.0000000000
64094  -41.359  -20.537  78.662 0.0000000000
64107  -41.038  -20.897  78.070 0.0000000000
65457  -41.174  -19.654  78.385 0.0000000000
65435  -41.573  -19.710  79.148 0.0000000000
138140  -38.154  -22.801  83.850 0.0000000000
134021  -37.413  -22.856  83.305 0.0000000000
60463  -38.269  -23.218  83.106 0.0000000000
129169  -38.514  -23.541  80.082 0.0000000000
129173  -38.041  -23.518  80.987 0.0000000000
129167  -37.689  -23.547  79.439 0.0000000000
146576  -36.892  -23.508  79.600 0.0000000000
147579  -37.144  -23.536  78.129 0.0000000000
129164  -37.835  -23.567  78.629 0.0000000000
60523  -39.987  -22.985  78.179 0.0000000000
60522  -39.339  -23.266  77.891 0.0000000000
60533  -39.754  -22.842  77.443 0.0000000000
60546  -39.405  -22.795  76.539 0.0000000000
60643  -49.823  -23.632  70.041 0.0000000000
60640  -47.259  -22.868  69.223 0.0000000000
61783  -46.391  -22.414  68.484 0.0000000000
130250  -29.370  -34.575  90.371 0.0000000000
48303  -28.510  -34.643  89.749 0.0000000000
48304  -29.493  -34.266  89.619 0.0000000000
49454  -28.981  -33.834  88.147 0.0000000000
49468  -29.418  -33.500  87.519 0.0000000000
135490  -29.178  -33.468  86.887 0.0000000000
137687  -37.595  -19.985  66.409 0.0000000000
66773  -43.450  -18.696  72.777 0.0000000000
66786  -43.204  -18.947  71.997 0.0000000000
65551  -43.447  -19.764  71.725 0.0000000000
65562  -43.275  -19.985  70.935 0.0000000000
64183  -43.847  -20.396  72.277 0.0000000000
64172  -44.563  -20.731  73.561 0.0000000000
62939  -44.939  -21.356  74.206 0.0000000000
139358  -45.275  -21.103  74.958 0.0000000000
55242  -36.370  -28.531  87.179 0.0000000000
54134  -36.248  -29.000  86.231 0.0000000000
55241  -35.885  -28.167  86.090 0.0000000000
56294  -34.872  -27.559  84.940 0.0000000000
55265  -35.347  -28.180  85.142 0.0000000000
55264  -34.865  -28.110  84.384 0.0000000000
58352  -32.273  -25.294  78.272 0.0000000000
57335  -31.853  -25.921  77.861 0.0000000000
57345  -30.391  -26.670  75.686 0.0000000000
146012  -30.774  -26.707  76.302 0.0000000000
56394  -30.072  -27.363  75.433 0.0000000000
135068  -30.218  -28.099  75.733 0.0000000000
55339  -29.750  -27.978  75.124 0.0000000000
56411  -29.291  -27.765  74.353 0.0000000000
128908  -34.991  -22.728  70.780 0.0000000000
60635  -33.536  -22.997  70.029 0.0000000000
60636  -34.299  -22.936  69.546 0.0000000000
69899  -49.475  -15.297  78.522 0.0000000000
68900  -51.857  -16.149  76.057 0.0000000000
68885  -51.079  -16.252  76.994 0.0000000000
67859  -51.415  -17.347  76.630 0.0000000000
67870  -51.594  -17.709  75.821 0.0000000000
71055  -53.524  -14.304  70.977 0.0000000000
72081  -53.046  -13.366  70.860 0.0000000000
71039  -53.467  -14.243  71.124 0.0000000000
69994  -53.461  -14.791  71.274 0.0000000000
70010  -53.294  -15.304  71.365 0.0000000000
70029  -50.574  -15.365  69.922 0.0000000000
70008  -51.218  -15.938  70.612 0.0000000000
69004  -49.811  -15.937  70.053 0.0000000000
69002  -47.909  -16.458  69.306 0.0000000000
69015  -48.206  -15.805  68.903 0.0000000000
71087  -48.631  -14.770  68.259 0.0000000000
70051  -47.754  -15.568  68.262 0.0000000000
70068  -47.517  -15.263  67.595 0.0000000000
70067  -46.870  -15.543  67.187 0.0000000000
70083  -47.253  -14.964  66.877 0.0000000000
75378  -50.517  -10.761  63.615 0.0000000000
74263  -49.832  -11.262  63.862 0.0000000000
47130  -20.127  -35.949  91.153 0.0000000000
47151  -19.499  -36.040  90.252 0.0000000000
47191  -20.886  -35.117  89.000 0.0000000000
48325  -20.329  -34.875  87.364 0.0000000000
48326  -21.135  -34.582  87.655 0.0000000000
48376  -24.119  -34.869  83.707 0.0000000000
47274  -23.804  -36.198  82.144 0.0000000000
46088  -22.980  -37.054  81.803 0.0000000000
45087  -22.736  -37.420  80.405 0.0000000000
44117  -22.839  -38.138  80.739 0.0000000000
49549  -30.808  -33.172  80.591 0.0000000000
154577  -30.255  -33.102  81.129 0.0000000000
50641  -27.622  -32.629  78.111 0.0000000000
50631  -27.899  -32.646  78.998 0.0000000000
49556  -27.023  -32.749  78.881 0.0000000000
62973  -38.011  -22.042  71.281 0.0000000000
64170  -38.463  -20.184  73.133 0.0000000000
64182  -38.344  -20.299  72.075 0.0000000000
65529  -38.682  -19.107  73.258 0.0000000000
64123  -39.846  -20.565  76.458 0.0000000000
65493  -39.491  -19.826  75.924 0.0000000000
66733  -39.674  -18.215  75.487 0.0000000000
145260  -39.430  -18.467  74.874 0.0000000000
67891  -39.960  -17.661  73.830 0.0000000000
155071  -40.535  -17.327  73.948 0.0000000000
67877  -40.419  -17.316  74.534 0.0000000000
142326  -41.484  -16.477  75.676 0.0000000000
68933  -41.672  -16.689  74.908 0.0000000000
68934  -42.506  -16.661  74.804 0.0000000000
60440  -33.687  -23.570  86.275 0.0000000000
60445  -33.667  -23.682  85.559 0.0000000000
60453  -33.710  -23.467  84.866 0.0000000000
60461  -33.835  -23.444  83.563 0.0000000000
59368  -33.567  -24.432  82.337 0.0000000000
140363  -36.163  -23.076  82.112 0.0000000000
149341  -33.995  -23.713  80.117 0.0000000000
60501  -34.490  -23.454  80.639 0.0000000000
136353  -33.482  -24.217  80.545 0.0000000000
137509  -33.369  -24.209  79.815 0.0000000000
59392  -32.827  -24.718  79.525 0.0000000000
59393  -33.228  -24.205  79.062 0.0000000000
59413  -32.948  -23.934  76.805 0.0000000000
133125  -32.460  -24.466  77.145 0.0000000000
133146  -32.299  -24.250  76.430 0.0000000000
155756  -31.963  -24.343  76.070 0.0000000000
59417  -32.202  -24.009  75.603 0.0000000000
60569  -33.847  -23.290  74.821 0.0000000000
135754  -34.066  -23.197  74.089 0.0000000000
132210  -33.139  -23.257  73.239 0.0000000000
60543  -36.843  -23.431  76.619 0.0000000000
130310  -36.320  -23.250  75.884 0.0000000000
60583  -36.268  -22.707  73.559 0.0000000000
60582  -35.435  -22.776  73.194 0.0000000000
60594  -34.608  -22.852  72.758 0.0000000000
60595  -35.514  -22.680  72.264 0.0000000000
61754  -37.752  -22.376  71.757 0.0000000000
61753  -36.907  -22.457  71.617 0.0000000000
61763  -37.311  -22.277  71.053 0.0000000000
75310  -53.549  -9.594  67.848 0.0000000000
75328  -53.184  -9.445  66.893 0.0000000000
75349  -52.504  -9.510  65.875 0.0000000000
76385  -53.008  -8.900  65.640 0.0000000000
76404  -52.550  -9.187  64.563 0.0000000000
47194  -25.881  -35.689  88.203 0.0000000000
47177  -25.175  -35.482  89.002 0.0000000000
145692  -27.454  -35.034  88.211 0.0000000000
47196  -27.129  -35.276  88.821 0.0000000000
47222  -26.449  -35.793  86.594 0.0000000000
138688  -25.973  -35.511  85.000 0.0000000000
48377  -25.857  -34.779  83.343 0.0000000000
138384  -25.601  -35.106  83.789 0.0000000000
47275  -25.085  -35.267  82.391 0.0000000000
64214  -37.703  -20.306  69.744 0.0000000000
140515  -37.515  -20.291  68.967 0.0000000000
65570  -37.957  -19.582  69.248 0.0000000000
66811  -39.645  -18.402  69.326 0.0000000000
66822  -39.326  -18.520  68.696 0.0000000000
66832  -39.875  -18.579  67.922 0.0000000000
66799  -41.469  -18.480  70.555 0.0000000000
65561  -42.044  -18.913  70.007 0.0000000000
62976  -44.214  -21.910  71.982 0.0000000000
61757  -44.371  -22.442  71.471 0.0000000000
59440  -48.578  -25.329  73.386 0.0000000000
58389  -47.923  -25.494  72.579 0.0000000000
59441  -49.035  -25.025  73.156 0.0000000000
60615  -49.141  -24.390  72.745 0.0000000000
60602  -48.898  -24.660  73.646 0.0000000000
49460  -34.993  -33.597  88.828 0.0000000000
49473  -34.899  -33.581  87.871 0.0000000000
50579  -35.146  -32.988  85.680 0.0000000000
135861  -34.529  -33.271  85.940 0.0000000000
49501  -34.492  -33.055  84.942 0.0000000000
49511  -33.801  -33.223  84.341 0.0000000000
49512  -34.343  -33.104  83.929 0.0000000000
53000  -35.871  -30.327  85.128 0.0000000000
51793  -35.613  -31.143  84.750 0.0000000000
51810  -35.144  -31.275  83.959 0.0000000000
50618  -34.250  -32.443  82.160 0.0000000000
50612  -34.343  -32.789  82.746 0.0000000000
50611  -34.085  -32.936  82.072 0.0000000000
142783  -34.037  -33.141  82.530 0.0000000000
131060  -33.611  -33.014  81.761 0.0000000000
49540  -32.268  -33.132  81.135 0.0000000000
49551  -32.729  -33.038  80.584 0.0000000000
50646  -32.147  -32.547  79.077 0.0000000000
50635  -31.877  -33.099  79.465 0.0000000000
136186  -31.590  -32.930  78.805 0.0000000000
50643  -30.535  -32.863  78.189 0.0000000000
50644  -31.153  -32.810  78.281 0.0000000000
147695  -33.800  -25.966  84.361 0.0000000000
56348  -33.112  -27.367  81.413 0.0000000000
138116  -33.658  -27.103  82.707 0.0000000000
56336  -33.492  -27.691  82.087 0.0000000000
55288  -33.427  -28.460  81.782 0.0000000000
55298  -33.022  -28.514  81.174 0.0000000000
57318  -32.527  -27.082  79.843 0.0000000000
56370  -31.873  -27.818  78.547 0.0000000000
153246  -31.639  -29.365  78.293 0.0000000000
55315  -32.140  -28.591  79.041 0.0000000000
54218  -31.937  -29.517  78.821 0.0000000000
54185  -32.620  -29.412  80.109 0.0000000000
53096  -31.959  -30.652  78.869 0.0000000000
53122  -30.422  -31.171  76.367 0.0000000000
51881  -30.106  -31.995  76.163 0.0000000000
50668  -30.299  -32.354  76.857 0.0000000000
59429  -31.027  -23.938  73.232 0.0000000000
59436  -30.431  -24.346  72.585 0.0000000000
59437  -30.984  -23.816  72.218 0.0000000000
45990  -19.325  -36.517  92.978 0.0000000000
47113  -24.476  -35.621  92.595 0.0000000000
48282  -29.011  -35.210  91.619 0.0000000000
49445  -34.555  -33.574  90.173 0.0000000000
49446  -35.243  -32.902  90.368 0.0000000000
50546  -36.539  -31.423  88.649 0.0000000000
51719  -36.508  -30.771  89.614 0.0000000000
56249  -36.178  -28.055  90.308 0.0000000000
55207  -36.390  -28.579  90.087 0.0000000000
54106  -36.645  -29.453  89.022 0.0000000000
55221  -36.594  -28.749  89.249 0.0000000000
56277  -36.468  -28.100  88.291 0.0000000000
57216  -36.294  -27.397  89.412 0.0000000000
58227  -35.676  -25.976  90.039 0.0000000000
58240  -35.653  -26.118  89.067 0.0000000000
58249  -35.026  -25.730  88.314 0.0000000000
59339  -33.997  -24.037  88.331 0.0000000000
60428  -33.856  -22.997  88.424 0.0000000000
60436  -33.769  -23.551  87.276 0.0000000000
61620  -33.852  -22.567  87.497 0.0000000000
62841  -34.306  -21.594  86.901 0.0000000000
134476  -34.848  -21.214  86.751 0.0000000000
62855  -34.707  -21.689  85.950 0.0000000000
60466  -40.703  -23.264  83.302 0.0000000000
62879  -42.618  -21.543  82.703 0.0000000000
62885  -42.381  -21.498  81.763 0.0000000000
66683  -42.541  -18.403  80.811 0.0000000000
66688  -42.088  -18.113  79.918 0.0000000000
67820  -42.162  -17.172  79.872 0.0000000000
154016  -42.492  -14.792  79.791 0.0000000000
69857  -42.450  -15.308  79.814 0.0000000000
69856  -41.931  -15.863  78.909 0.0000000000
69894  -41.744  -15.789  77.885 0.0000000000
145796  -42.113  -15.303  78.277 0.0000000000
70986  -42.744  -14.866  76.717 0.0000000000
71000  -43.580  -15.063  75.886 0.0000000000
69938  -43.256  -15.553  75.578 0.0000000000
69939  -44.057  -15.461  75.530 0.0000000000
71995  -46.432  -12.719  77.951 0.0000000000
71994  -45.296  -12.897  77.535 0.0000000000
68898  -46.272  -16.295  76.253 0.0000000000
71002  -45.393  -15.033  76.090 0.0000000000
68917  -45.562  -16.631  75.587 0.0000000000
146896  -45.645  -17.355  75.427 0.0000000000
67868  -45.413  -17.932  75.046 0.0000000000
137686  -46.056  -17.993  75.666 0.0000000000
66713  -46.869  -19.074  77.286 0.0000000000
66735  -46.306  -18.828  76.146 0.0000000000
64142  -46.268  -20.541  76.617 0.0000000000
64125  -46.836  -21.434  77.548 0.0000000000
67835  -48.994  -18.862  79.710 0.0000000000
67834  -48.671  -18.542  79.322 0.0000000000
66702  -48.750  -19.538  79.556 0.0000000000
64127  -48.836  -22.201  78.396 0.0000000000
62910  -48.756  -21.813  78.763 0.0000000000
61702  -48.316  -23.017  77.995 0.0000000000
61714  -47.899  -23.474  77.349 0.0000000000
61715  -48.737  -23.437  77.420 0.0000000000
60561  -48.589  -24.213  75.997 0.0000000000
61725  -48.732  -23.823  76.601 0.0000000000
62941  -47.478  -21.816  75.194 0.0000000000
61731  -48.034  -22.955  75.068 0.0000000000
61740  -47.486  -22.708  73.967 0.0000000000
61750  -48.357  -23.580  73.748 0.0000000000
66751  -51.788  -17.677  74.111 0.0000000000
67884  -51.625  -17.323  74.817 0.0000000000
66750  -51.503  -18.004  74.721 0.0000000000
148949  -51.536  -18.122  74.080 0.0000000000
67924  -52.319  -17.261  72.773 0.0000000000
136525  -51.510  -17.345  72.153 0.0000000000
66775  -47.959  -18.524  72.505 0.0000000000
66776  -49.183  -18.408  72.765 0.0000000000
66761  -48.305  -18.668  73.421 0.0000000000
65532  -47.547  -19.178  74.043 0.0000000000
65552  -46.075  -19.714  71.767 0.0000000000
132872  -46.390  -20.182  72.703 0.0000000000
64185  -46.052  -20.635  72.071 0.0000000000
62963  -46.253  -21.449  72.229 0.0000000000
62977  -45.884  -21.183  71.545 0.0000000000
62990  -45.982  -21.758  71.095 0.0000000000
62989  -45.639  -21.117  70.807 0.0000000000
64219  -45.214  -20.821  69.141 0.0000000000
63010  -45.443  -21.487  68.291 0.0000000000
152040  -44.937  -20.608  68.485 0.0000000000
149905  -46.059  -17.394  68.371 0.0000000000
66826  -45.784  -18.025  68.724 0.0000000000
128857  -45.543  -17.828  68.016 0.0000000000
66846  -44.245  -18.612  66.408 0.0000000000
66833  -44.422  -18.840  67.183 0.0000000000
141850  -44.171  -19.497  66.640 0.0000000000
64238  -44.461  -20.193  67.243 0.0000000000
74226  -51.426  -11.716  67.989 0.0000000000
72127  -48.157  -13.183  66.036 0.0000000000
144289  -48.555  -13.287  66.719 0.0000000000
72126  -47.653  -13.717  66.070 0.0000000000
71119  -47.118  -14.011  65.718 0.0000000000
73193  -48.680  -12.292  63.522 0.0000000000
73185  -48.504  -12.280  64.560 0.0000000000
71140  -46.263  -14.059  63.493 0.0000000000
71139  -45.797  -14.630  63.986 0.0000000000
47189  -19.191  -35.791  88.445 0.0000000000
46024  -18.528  -36.194  88.832 0.0000000000
136830  -18.335  -35.984  85.934 0.0000000000
47218  -18.221  -36.149  86.727 0.0000000000
47242  -18.459  -35.407  84.457 0.0000000000
47258  -19.694  -35.102  83.364 0.0000000000
135121  -19.075  -35.417  82.780 0.0000000000
47272  -20.519  -35.739  82.544 0.0000000000
155701  -23.431  -35.078  89.099 0.0000000000
48302  -22.774  -34.991  89.327 0.0000000000
48315  -23.250  -34.803  88.487 0.0000000000
151501  -21.903  -33.809  85.500 0.0000000000
48365  -23.420  -34.307  84.300 0.0000000000
48364  -22.272  -34.058  84.395 0.0000000000
48363  -21.649  -34.120  84.437 0.0000000000
48373  -21.231  -34.671  83.945 0.0000000000
44102  -22.846  -38.272  81.606 0.0000000000
44103  -23.176  -39.106  81.538 0.0000000000
139886  -32.917  -33.424  87.088 0.0000000000
50556  -31.824  -33.141  87.196 0.0000000000
50592  -30.484  -32.701  84.631 0.0000000000
50576  -30.338  -32.740  85.499 0.0000000000
50591  -29.511  -33.049  84.914 0.0000000000
49509  -28.964  -33.291  84.114 0.0000000000
49530  -29.614  -33.143  82.615 0.0000000000
49528  -27.537  -33.355  82.378 0.0000000000
49529  -28.309  -33.321  82.674 0.0000000000
130727  -27.685  -33.579  83.229 0.0000000000
49518  -26.775  -33.761  82.906 0.0000000000
48392  -24.760  -34.476  80.894 0.0000000000
129883  -24.757  -33.429  76.846 0.0000000000
49565  -24.632  -33.637  77.607 0.0000000000
48411  -23.841  -34.205  77.903 0.0000000000
48406  -24.037  -34.262  78.892 0.0000000000
47299  -22.707  -35.941  78.579 0.0000000000
47293  -22.726  -36.304  79.322 0.0000000000
61693  -40.569  -22.642  78.730 0.0000000000
62908  -40.825  -22.062  78.319 0.0000000000
61687  -41.173  -22.086  78.974 0.0000000000
62898  -41.526  -21.310  79.363 0.0000000000
60464  -39.220  -23.295  83.167 0.0000000000
60478  -38.844  -23.444  82.425 0.0000000000
60492  -39.378  -23.547  81.735 0.0000000000
129172  -39.019  -23.557  80.971 0.0000000000
60512  -39.380  -23.508  79.498 0.0000000000
60513  -40.008  -23.266  78.974 0.0000000000
59459  -49.445  -24.479  71.261 0.0000000000
60642  -49.604  -23.366  69.943 0.0000000000
60655  -49.388  -22.898  69.438 0.0000000000
152522  -47.532  -23.138  69.795 0.0000000000
61776  -46.857  -22.966  69.897 0.0000000000
48305  -31.050  -34.198  90.196 0.0000000000
49440  -30.420  -34.032  89.522 0.0000000000
49456  -30.658  -33.633  88.644 0.0000000000
49469  -30.324  -33.319  87.710 0.0000000000
64236  -37.211  -20.449  67.154 0.0000000000
67894  -42.496  -17.488  73.620 0.0000000000
66759  -43.007  -17.980  73.121 0.0000000000
65540  -44.088  -19.249  73.208 0.0000000000
65541  -44.188  -20.123  72.991 0.0000000000
65518  -44.959  -19.641  74.399 0.0000000000
154317  -35.704  -27.266  87.157 0.0000000000
148268  -35.513  -27.460  86.367 0.0000000000
57269  -34.447  -27.036  84.750 0.0000000000
58368  -31.435  -25.292  76.333 0.0000000000
57346  -30.788  -25.949  75.998 0.0000000000
57350  -29.920  -26.679  74.992 0.0000000000
57349  -29.526  -26.913  74.301 0.0000000000
57359  -29.369  -26.544  73.584 0.0000000000
61762  -35.903  -22.669  70.127 0.0000000000
61778  -34.878  -22.878  68.119 0.0000000000
71071  -53.040  -14.305  70.543 0.0000000000
71053  -52.977  -15.171  70.783 0.0000000000
71070  -51.593  -14.736  70.030 0.0000000000
70028  -49.200  -15.293  69.136 0.0000000000
71103  -48.862  -14.202  67.880 0.0000000000
47131  -20.988  -35.680  91.230 0.0000000000
47153  -21.505  -35.411  90.656 0.0000000000
48301  -21.779  -34.921  89.203 0.0000000000
138200  -24.755  -35.652  82.791 0.0000000000
45088  -22.855  -38.040  79.904 0.0000000000
50633  -30.050  -32.940  78.925 0.0000000000
147185  -28.417  -32.589  78.310 0.0000000000
61755  -38.097  -22.410  72.438 0.0000000000
62960  -38.534  -21.958  72.581 0.0000000000
62949  -38.699  -21.369  73.312 0.0000000000
64171  -38.817  -20.672  74.066 0.0000000000
153505  -39.914  -18.929  77.123 0.0000000000
146399  -39.938  -17.968  76.138 0.0000000000
67867  -40.276  -17.459  75.491 0.0000000000
61640  -33.969  -22.834  84.729 0.0000000000
61653  -34.130  -22.878  83.961 0.0000000000
60462  -34.314  -23.006  83.187 0.0000000000
129171  -36.255  -23.411  80.049 0.0000000000
60502  -35.353  -23.295  80.584 0.0000000000
60510  -34.527  -23.512  79.307 0.0000000000
60518  -33.848  -23.767  78.682 0.0000000000
59399  -33.157  -24.134  78.248 0.0000000000
147568  -33.555  -23.807  77.093 0.0000000000
143617  -33.627  -23.666  76.483 0.0000000000
133087  -33.022  -23.571  75.142 0.0000000000
60554  -34.487  -23.219  75.360 0.0000000000
132508  -38.120  -23.198  75.667 0.0000000000
60556  -36.814  -23.051  75.184 0.0000000000
153175  -37.566  -23.143  75.223 0.0000000000
138007  -37.411  -22.951  74.576 0.0000000000
60584  -37.183  -22.736  73.787 0.0000000000
60597  -36.892  -22.583  72.988 0.0000000000
61745  -37.825  -22.590  73.193 0.0000000000
47157  -25.804  -35.599  90.768 0.0000000000
129187  -25.447  -35.528  89.914 0.0000000000
132074  -26.208  -35.514  90.005 0.0000000000
47195  -26.497  -35.598  88.373 0.0000000000
47223  -27.000  -35.634  86.919 0.0000000000
47246  -26.035  -35.253  84.387 0.0000000000
65560  -38.461  -18.969  70.434 0.0000000000
65571  -38.396  -19.092  69.610 0.0000000000
66812  -40.383  -18.420  69.507 0.0000000000
64204  -42.690  -19.446  70.438 0.0000000000
65573  -42.499  -19.739  69.549 0.0000000000
134869  -42.630  -20.327  68.971 0.0000000000
61738  -44.799  -22.345  73.279 0.0000000000
60598  -44.931  -23.185  72.082 0.0000000000
60599  -45.738  -23.902  72.728 0.0000000000
59438  -46.359  -24.592  72.302 0.0000000000
144905  -47.239  -25.239  72.815 0.0000000000
59430  -48.137  -25.064  74.336 0.0000000000
50557  -36.006  -32.743  87.947 0.0000000000
49487  -35.421  -33.144  87.285 0.0000000000
144498  -35.863  -32.582  87.203 0.0000000000
50568  -35.531  -32.763  86.458 0.0000000000
50595  -35.098  -32.691  84.980 0.0000000000
53011  -34.946  -30.462  83.659 0.0000000000
136480  -34.794  -31.257  83.275 0.0000000000
51836  -34.093  -31.798  81.702 0.0000000000
50617  -33.797  -32.577  81.417 0.0000000000
50627  -32.952  -32.762  80.271 0.0000000000
50628  -33.384  -32.403  80.560 0.0000000000
51855  -32.684  -32.068  79.479 0.0000000000
51862  -32.144  -31.722  78.885 0.0000000000
151664  -33.540  -25.872  83.005 0.0000000000
57287  -33.496  -26.344  82.514 0.0000000000
145413  -32.783  -27.203  80.691 0.0000000000
133526  -31.161  -28.277  77.295 0.0000000000
148038  -31.532  -28.290  77.944 0.0000000000
55324  -31.367  -29.130  77.776 0.0000000000
54236  -31.014  -30.049  77.390 0.0000000000
150860  -30.255  -30.517  76.028 0.0000000000
60591  -31.858  -23.484  72.595 0.0000000000
50517  -35.556  -32.011  90.853 0.0000000000
51681  -35.332  -31.405  91.224 0.0000000000
57215  -36.176  -27.428  90.112 0.0000000000
57202  -35.699  -26.827  90.562 0.0000000000
65389  -43.461  -19.846  82.923 0.0000000000
65405  -43.012  -19.725  81.965 0.0000000000
65406  -43.645  -18.950  82.725 0.0000000000
67797  -43.112  -17.757  81.549 0.0000000000
70949  -42.466  -14.552  79.385 0.0000000000
70960  -42.475  -14.582  78.311 0.0000000000
72012  -43.811  -13.826  76.968 0.0000000000
70971  -47.720  -13.463  78.489 0.0000000000
138563  -47.123  -13.419  78.061 0.0000000000
154651  -46.833  -14.074  77.505 0.0000000000
69922  -47.038  -14.837  77.249 0.0000000000
65460  -49.992  -19.924  79.111 0.0000000000
65459  -49.496  -20.389  79.395 0.0000000000
65478  -49.808  -20.444  78.925 0.0000000000
152280  -49.090  -21.669  78.623 0.0000000000
62934  -48.880  -23.272  77.059 0.0000000000
64143  -48.048  -21.217  76.379 0.0000000000
64159  -46.889  -20.766  74.349 0.0000000000
68955  -51.794  -16.759  73.783 0.0000000000
68956  -51.887  -17.398  73.645 0.0000000000
67910  -52.289  -17.291  73.311 0.0000000000
128408  -49.131  -17.526  71.166 0.0000000000
67923  -50.138  -17.507  71.740 0.0000000000
133361  -49.118  -17.824  71.644 0.0000000000
66788  -48.611  -18.199  71.965 0.0000000000
65553  -46.578  -18.909  71.736 0.0000000000
136092  -45.673  -19.755  70.996 0.0000000000
64206  -45.460  -20.289  70.556 0.0000000000
65563  -45.443  -19.533  70.336 0.0000000000
65574  -45.162  -19.418  69.528 0.0000000000
69025  -45.660  -16.838  67.077 0.0000000000
67983  -45.347  -17.557  67.281 0.0000000000
67994  -44.454  -17.842  66.100 0.0000000000
66858  -44.064  -18.389  65.771 0.0000000000
74237  -50.127  -11.817  66.638 0.0000000000
142952  -49.608  -12.423  66.908 0.0000000000
146969  -49.443  -12.120  66.324 0.0000000000
73178  -49.056  -12.115  65.856 0.0000000000
73177  -48.475  -12.518  65.502 0.0000000000
142085  -47.737  -13.270  62.690 0.0000000000
46033  -17.618  -36.275  88.634 0.0000000000
48324  -19.479  -35.388  87.259 0.0000000000
132276  -19.003  -35.284  85.246 0.0000000000
48328  -23.477  -34.590  87.577 0.0000000000
48351  -23.150  -34.120  86.081 0.0000000000
47261  -22.819  -35.222  83.412 0.0000000000
44088  -22.576  -38.212  83.379 0.0000000000
44089  -22.845  -38.722  82.363 0.0000000000
50578  -31.959  -32.774  84.926 0.0000000000
149654  -31.731  -32.778  85.615 0.0000000000
128469  -27.786  -32.874  80.696 0.0000000000
149285  -28.242  -32.960  81.241 0.0000000000
49535  -26.053  -33.601  81.404 0.0000000000
47305  -22.843  -36.114  77.276 0.0000000000
47300  -22.830  -35.513  77.914 0.0000000000
61722  -39.516  -22.256  75.524 0.0000000000
62938  -39.477  -21.706  75.015 0.0000000000
62931  -39.691  -21.696  75.714 0.0000000000
64140  -39.900  -21.386  76.272 0.0000000000
131034  -40.187  -20.331  77.105 0.0000000000
62918  -40.681  -21.541  77.739 0.0000000000
64106  -40.634  -20.641  77.577 0.0000000000
65456  -40.514  -19.600  77.591 0.0000000000
154716  -40.728  -18.088  77.983 0.0000000000
62867  -36.735  -21.940  84.587 0.0000000000
141867  -36.174  -22.260  84.099 0.0000000000
61656  -36.469  -22.579  83.401 0.0000000000
61666  -36.748  -22.929  82.718 0.0000000000
60490  -36.498  -23.277  81.537 0.0000000000
60477  -37.982  -23.425  82.310 0.0000000000
146846  -37.172  -23.413  81.233 0.0000000000
60503  -36.365  -23.353  80.854 0.0000000000
129168  -36.218  -23.468  79.267 0.0000000000
129165  -36.281  -23.508  78.459 0.0000000000
60531  -35.525  -23.494  77.288 0.0000000000
129162  -37.441  -23.501  77.326 0.0000000000
60544  -37.844  -23.361  76.507 0.0000000000
60521  -38.605  -23.521  78.248 0.0000000000
60532  -38.499  -23.390  77.309 0.0000000000
60545  -38.796  -23.151  76.299 0.0000000000
60558  -39.232  -22.757  75.829 0.0000000000
48317  -27.874  -34.713  88.887 0.0000000000
48318  -28.132  -34.436  88.129 0.0000000000
49455  -29.669  -33.885  88.832 0.0000000000
48342  -28.166  -34.043  86.505 0.0000000000
48355  -28.036  -33.989  85.943 0.0000000000
49497  -27.956  -33.872  85.121 0.0000000000
67905  -40.418  -17.687  72.423 0.0000000000
67920  -40.311  -17.891  71.715 0.0000000000
67921  -41.033  -17.939  71.906 0.0000000000
66784  -41.669  -18.323  71.362 0.0000000000
66785  -42.483  -18.576  71.638 0.0000000000
64205  -43.494  -20.823  70.714 0.0000000000
62988  -43.648  -21.526  70.400 0.0000000000
64184  -44.253  -20.979  72.830 0.0000000000
62962  -44.384  -21.756  72.668 0.0000000000
62952  -45.107  -22.179  74.110 0.0000000000
61730  -45.749  -22.868  74.878 0.0000000000
154446  -36.362  -29.680  86.303 0.0000000000
54133  -36.064  -29.603  85.583 0.0000000000
54147  -35.658  -29.577  84.812 0.0000000000
55273  -35.315  -28.825  84.574 0.0000000000
54157  -35.183  -29.590  84.069 0.0000000000
54156  -34.597  -29.664  83.360 0.0000000000
139029  -34.156  -29.829  82.569 0.0000000000
58332  -32.716  -25.392  80.114 0.0000000000
140657  -32.435  -26.232  79.531 0.0000000000
57326  -32.131  -26.105  78.677 0.0000000000
57325  -31.754  -26.804  78.236 0.0000000000
56390  -31.078  -27.307  76.841 0.0000000000
55353  -29.400  -28.742  74.818 0.0000000000
55352  -28.883  -28.440  74.124 0.0000000000
55366  -28.481  -28.781  73.559 0.0000000000
60621  -33.591  -22.819  71.023 0.0000000000
60620  -32.782  -23.097  70.495 0.0000000000
148617  -32.906  -23.272  68.727 0.0000000000
60650  -34.210  -23.026  68.644 0.0000000000
142842  -33.444  -23.195  68.270 0.0000000000
70972  -48.258  -13.877  78.657 0.0000000000
136576  -48.725  -16.779  79.153 0.0000000000
68883  -49.057  -16.298  79.265 0.0000000000
67848  -49.649  -17.324  79.113 0.0000000000
69900  -50.585  -15.320  77.251 0.0000000000
67849  -50.555  -17.295  77.974 0.0000000000
66715  -50.349  -19.105  78.704 0.0000000000
145620  -50.620  -19.140  77.750 0.0000000000
66726  -50.568  -19.026  76.998 0.0000000000
68979  -53.021  -16.148  71.923 0.0000000000
68992  -51.924  -16.391  71.353 0.0000000000
68991  -50.412  -16.459  70.792 0.0000000000
67938  -49.688  -17.026  71.011 0.0000000000
67937  -48.694  -17.224  70.605 0.0000000000
139404  -47.828  -17.390  70.302 0.0000000000
67949  -47.014  -17.636  69.752 0.0000000000
67950  -47.652  -17.031  69.675 0.0000000000
67969  -47.185  -16.895  69.107 0.0000000000
69013  -46.616  -16.710  68.321 0.0000000000
69026  -46.338  -16.263  67.351 0.0000000000
69039  -46.371  -15.733  66.737 0.0000000000
70081  -46.150  -15.423  66.086 0.0000000000
130617  -49.716  -11.375  64.829 0.0000000000
47172  -19.307  -35.908  89.272 0.0000000000
47190  -20.002  -35.411  88.759 0.0000000000
47208  -19.812  -35.370  87.973 0.0000000000
154929  -20.407  -34.649  86.801 0.0000000000
150734  -23.584  -35.282  83.324 0.0000000000
128575  -31.537  -33.098  81.943 0.0000000000
49531  -30.478  -33.079  82.322 0.0000000000
49539  -30.705  -33.139  81.470 0.0000000000
49547  -28.727  -32.867  80.617 0.0000000000
50624  -29.377  -32.850  79.782 0.0000000000
153153  -36.929  -22.132  69.723 0.0000000000
62999  -37.240  -21.694  69.747 0.0000000000
64202  -37.604  -21.090  70.177 0.0000000000
64203  -37.939  -20.435  70.477 0.0000000000
62974  -38.338  -21.439  71.747 0.0000000000
64194  -38.189  -20.446  71.215 0.0000000000
153980  -38.173  -19.755  70.712 0.0000000000
65549  -38.366  -19.358  71.380 0.0000000000
66770  -39.350  -18.187  72.509 0.0000000000
136758  -39.261  -21.050  74.730 0.0000000000
144747  -39.324  -19.050  75.373 0.0000000000
65517  -39.082  -19.047  74.577 0.0000000000
65530  -38.999  -18.868  73.890 0.0000000000
66758  -39.273  -18.296  73.316 0.0000000000
67892  -40.648  -17.427  73.324 0.0000000000
67893  -41.580  -17.357  73.475 0.0000000000
67880  -43.052  -17.247  74.237 0.0000000000
58259  -33.825  -24.979  86.672 0.0000000000
58269  -33.778  -25.250  85.826 0.0000000000
140810  -33.598  -25.052  84.141 0.0000000000
59361  -33.584  -23.998  84.095 0.0000000000
134674  -33.462  -25.016  83.201 0.0000000000
58320  -33.301  -25.120  81.609 0.0000000000
130706  -33.143  -24.871  80.806 0.0000000000
61655  -35.493  -22.469  83.511 0.0000000000
61664  -34.911  -22.671  82.902 0.0000000000
60474  -34.491  -23.161  82.372 0.0000000000
60488  -34.673  -23.282  81.424 0.0000000000
60487  -33.963  -23.686  81.864 0.0000000000
58360  -32.105  -25.132  77.487 0.0000000000
59405  -32.579  -24.619  77.879 0.0000000000
58369  -31.947  -24.898  76.815 0.0000000000
153628  -31.016  -24.644  74.648 0.0000000000
59428  -30.685  -24.537  73.961 0.0000000000
130565  -31.381  -24.068  74.191 0.0000000000
60579  -32.617  -23.482  73.718 0.0000000000
148694  -32.461  -23.385  73.134 0.0000000000
60593  -33.710  -22.978  72.562 0.0000000000
60542  -35.891  -23.403  76.658 0.0000000000
130311  -35.299  -23.243  75.861 0.0000000000
149562  -35.135  -22.983  75.022 0.0000000000
60581  -34.676  -22.961  73.677 0.0000000000
129070  -34.010  -22.782  71.833 0.0000000000
60623  -35.629  -22.689  70.765 0.0000000000
60596  -36.480  -22.573  72.247 0.0000000000
60610  -36.039  -22.645  71.503 0.0000000000
61771  -36.487  -22.429  69.746 0.0000000000
73145  -51.752  -12.327  68.765 0.0000000000
131992  -51.148  -11.418  67.143 0.0000000000
76386  -54.094  -8.269  67.003 0.0000000000
75348  -51.220  -10.356  65.077 0.0000000000
143524  -50.962  -10.361  64.239 0.0000000000
76412  -52.296  -9.622  63.501 0.0000000000
75390  -50.800  -10.802  62.973 0.0000000000
151299  -23.733  -35.496  90.313 0.0000000000
47192  -24.155  -35.237  88.905 0.0000000000
47220  -25.283  -35.300  85.939 0.0000000000
47211  -26.356  -35.823  87.557 0.0000000000
138938  -26.572  -35.847  87.145 0.0000000000
47210  -26.166  -35.914  87.025 0.0000000000
47232  -25.289  -35.124  84.944 0.0000000000
136333  -24.333  -35.292  81.200 0.0000000000
50665  -28.167  -32.554  76.271 0.0000000000
65583  -38.515  -18.950  68.763 0.0000000000
138701  -38.421  -19.196  67.884 0.0000000000
134183  -38.751  -19.082  67.036 0.0000000000
66798  -40.550  -18.316  70.355 0.0000000000
66824  -40.983  -18.642  68.899 0.0000000000
65572  -41.738  -19.091  69.197 0.0000000000
65584  -40.669  -18.816  68.102 0.0000000000
60611  -44.798  -23.274  71.151 0.0000000000
58398  -48.341  -25.476  71.830 0.0000000000
58399  -49.120  -25.149  71.939 0.0000000000
59450  -49.318  -24.773  72.304 0.0000000000
60614  -48.938  -23.779  72.245 0.0000000000
49458  -33.328  -33.676  88.840 0.0000000000
49471  -33.386  -33.527  88.034 0.0000000000
49484  -32.960  -33.238  86.142 0.0000000000
129793  -34.694  -33.430  86.887 0.0000000000
49485  -33.793  -33.358  86.476 0.0000000000
49499  -32.507  -32.989  85.518 0.0000000000
49510  -32.875  -32.965  84.713 0.0000000000
49522  -32.728  -33.043  83.243 0.0000000000
142843  -36.024  -30.996  85.535 0.0000000000
51772  -35.709  -31.651  85.260 0.0000000000
51809  -34.776  -32.124  83.302 0.0000000000
50606  -34.588  -32.711  83.623 0.0000000000
49523  -33.810  -33.212  83.328 0.0000000000
132570  -33.410  -33.120  82.514 0.0000000000
149619  -32.752  -33.071  82.590 0.0000000000
49557  -31.238  -33.208  79.758 0.0000000000
50626  -32.482  -33.079  79.995 0.0000000000
58282  -34.139  -26.442  84.915 0.0000000000
140312  -34.440  -27.429  84.210 0.0000000000
57278  -33.733  -26.554  83.255 0.0000000000
56318  -34.023  -27.260  83.475 0.0000000000
55280  -33.747  -28.345  82.383 0.0000000000
54166  -33.771  -29.104  82.154 0.0000000000
54175  -33.299  -29.336  81.400 0.0000000000
56359  -32.635  -27.833  80.163 0.0000000000
55297  -32.717  -28.522  80.490 0.0000000000
54186  -33.001  -29.937  80.747 0.0000000000
53057  -32.818  -30.545  80.101 0.0000000000
53077  -32.518  -31.137  79.487 0.0000000000
53111  -31.151  -30.855  77.670 0.0000000000
51871  -31.062  -31.723  77.491 0.0000000000
50656  -31.293  -32.255  77.933 0.0000000000
50655  -30.760  -32.466  77.521 0.0000000000
50667  -29.730  -32.415  76.576 0.0000000000
50666  -29.030  -32.500  76.346 0.0000000000
60619  -31.988  -23.384  70.160 0.0000000000
60481  -41.189  -23.190  82.128 0.0000000000
61674  -41.604  -22.736  81.793 0.0000000000
61668  -41.720  -22.760  82.633 0.0000000000
64064  -43.135  -20.717  83.210 0.0000000000
151810  -20.639  -35.916  91.820 0.0000000000
150362  -20.840  -36.140  92.648 0.0000000000
128647  -22.214  -35.700  92.046 0.0000000000
47133  -23.068  -35.649  91.915 0.0000000000
47135  -24.716  -35.629  91.651 0.0000000000
47136  -25.461  -35.619  91.555 0.0000000000
155295  -25.849  -35.591  92.228 0.0000000000
47159  -27.301  -35.420  90.856 0.0000000000
47138  -27.735  -35.536  91.940 0.0000000000
47160  -28.202  -35.250  91.301 0.0000000000
152386  -30.518  -34.567  91.210 0.0000000000
48306  -31.972  -34.271  90.437 0.0000000000
48307  -32.787  -34.228  90.268 0.0000000000
48297  -33.386  -34.136  90.534 0.0000000000
135356  -34.433  -33.664  89.434 0.0000000000
50532  -35.785  -32.347  89.948 0.0000000000
50545  -35.948  -32.638  88.879 0.0000000000
51738  -36.607  -31.136  87.886 0.0000000000
154419  -36.671  -30.512  88.057 0.0000000000
52948  -36.611  -30.045  89.477 0.0000000000
141692  -36.676  -30.036  88.587 0.0000000000
136332  -36.663  -30.071  87.694 0.0000000000
55231  -36.630  -28.952  88.230 0.0000000000
56276  -36.064  -27.380  87.959 0.0000000000
57229  -35.963  -26.889  88.696 0.0000000000
57239  -35.596  -26.822  87.667 0.0000000000
57238  -34.899  -26.250  87.337 0.0000000000
137784  -34.325  -25.438  87.461 0.0000000000
59332  -34.499  -24.455  89.157 0.0000000000
154183  -33.726  -24.209  86.710 0.0000000000
61624  -33.937  -22.292  86.686 0.0000000000
62856  -35.651  -21.544  85.620 0.0000000000
140678  -36.223  -21.117  86.379 0.0000000000
62857  -36.918  -21.530  85.484 0.0000000000
62868  -37.419  -21.928  84.732 0.0000000000
61644  -38.119  -22.310  84.531 0.0000000000
139605  -39.613  -23.087  83.852 0.0000000000
60465  -40.051  -23.375  83.243 0.0000000000
60480  -40.554  -23.417  82.511 0.0000000000
62891  -42.033  -21.503  80.858 0.0000000000
140439  -41.906  -20.765  80.226 0.0000000000
65436  -41.958  -19.769  80.000 0.0000000000
65421  -42.454  -19.461  80.917 0.0000000000
66687  -41.786  -18.953  79.564 0.0000000000
67832  -41.195  -18.060  78.628 0.0000000000
67833  -41.296  -17.188  78.571 0.0000000000
68827  -43.158  -16.767  81.337 0.0000000000
69841  -43.144  -15.237  80.942 0.0000000000
68841  -42.861  -16.057  80.646 0.0000000000
141020  -42.603  -16.765  80.450 0.0000000000
68855  -41.710  -16.744  79.171 0.0000000000
67845  -41.074  -16.914  77.851 0.0000000000
68881  -41.375  -16.389  77.434 0.0000000000
69936  -41.896  -15.965  76.098 0.0000000000
69895  -42.259  -15.127  77.404 0.0000000000
69919  -42.321  -15.386  76.464 0.0000000000
69937  -42.550  -15.699  75.776 0.0000000000
68914  -42.910  -16.136  75.229 0.0000000000
68936  -44.224  -16.601  74.810 0.0000000000
73033  -43.880  -12.781  77.982 0.0000000000
71993  -44.273  -13.151  77.443 0.0000000000
148885  -44.288  -14.193  76.496 0.0000000000
70989  -46.184  -14.475  76.665 0.0000000000
71001  -44.381  -14.814  75.993 0.0000000000
68916  -44.708  -16.130  75.312 0.0000000000
67882  -44.853  -17.817  74.547 0.0000000000
65519  -45.401  -19.601  75.140 0.0000000000
65509  -45.948  -19.659  75.897 0.0000000000
64158  -45.239  -20.289  74.877 0.0000000000
62932  -45.800  -21.812  75.796 0.0000000000
61723  -46.196  -22.727  75.714 0.0000000000
67846  -48.371  -17.755  78.644 0.0000000000
66714  -47.940  -19.009  78.509 0.0000000000
65476  -47.457  -20.136  78.226 0.0000000000
64095  -48.763  -21.333  79.219 0.0000000000
143768  -48.088  -21.094  78.859 0.0000000000
64108  -47.421  -21.199  78.268 0.0000000000
62926  -47.265  -22.490  77.498 0.0000000000
62933  -46.688  -22.684  76.649 0.0000000000
60559  -46.804  -23.634  75.643 0.0000000000
133442  -47.747  -24.386  75.540 0.0000000000
59423  -48.360  -24.604  75.114 0.0000000000
60575  -48.533  -24.278  75.160 0.0000000000
62942  -48.733  -23.336  76.154 0.0000000000
60587  -48.775  -24.303  74.242 0.0000000000
61759  -47.943  -23.390  72.659 0.0000000000
66738  -51.369  -18.069  75.583 0.0000000000
66737  -50.713  -18.648  76.041 0.0000000000
66748  -49.722  -18.674  75.216 0.0000000000
67925  -52.751  -16.734  72.699 0.0000000000
67909  -51.771  -17.718  73.064 0.0000000000
66777  -50.730  -18.279  73.017 0.0000000000
66763  -50.982  -18.340  73.701 0.0000000000
152467  -49.642  -18.630  74.374 0.0000000000
66736  -48.620  -19.314  75.679 0.0000000000
66747  -47.861  -19.476  74.940 0.0000000000
65520  -47.293  -20.036  74.639 0.0000000000
64173  -46.582  -20.662  73.468 0.0000000000
62964  -46.612  -21.922  73.052 0.0000000000
61758  -46.900  -22.677  72.045 0.0000000000
141749  -46.846  -22.946  70.638 0.0000000000
140759  -45.453  -21.028  69.980 0.0000000000
66815  -46.115  -18.164  69.475 0.0000000000
66814  -45.420  -18.707  69.148 0.0000000000
65587  -44.883  -19.302  68.715 0.0000000000
66834  -44.973  -18.340  67.601 0.0000000000
65600  -44.605  -19.071  67.954 0.0000000000
64228  -44.581  -19.930  68.133 0.0000000000
64239  -44.823  -20.966  66.935 0.0000000000
73144  -50.531  -13.025  68.317 0.0000000000
72115  -49.513  -13.551  67.917 0.0000000000
72114  -48.647  -13.720  67.313 0.0000000000
73151  -49.153  -13.070  67.144 0.0000000000
71111  -47.492  -14.317  66.467 0.0000000000
70082  -46.726  -14.708  66.124 0.0000000000
70097  -45.758  -15.352  65.301 0.0000000000
73184  -47.964  -12.790  64.884 0.0000000000
72151  -47.374  -13.050  63.545 0.0000000000
72144  -47.350  -13.095  64.444 0.0000000000
72134  -46.843  -13.652  64.887 0.0000000000
71129  -45.987  -14.760  64.864 0.0000000000
69062  -45.207  -16.008  64.994 0.0000000000
46023  -18.000  -36.427  89.222 0.0000000000
46034  -17.984  -36.324  88.329 0.0000000000
46043  -18.058  -36.259  87.507 0.0000000000
47206  -18.700  -35.886  87.283 0.0000000000
47270  -18.449  -35.618  82.191 0.0000000000
139155  -18.776  -35.284  83.619 0.0000000000
48327  -22.580  -34.526  87.747 0.0000000000
133058  -21.837  -34.567  87.880 0.0000000000
48352  -23.524  -34.112  85.177 0.0000000000
49495  -22.605  -33.863  85.394 0.0000000000
151448  -22.749  -34.258  84.180 0.0000000000
48350  -21.365  -33.866  85.119 0.0000000000
46077  -21.277  -35.580  83.374 0.0000000000
50555  -30.865  -32.936  87.003 0.0000000000
50566  -31.100  -32.698  86.108 0.0000000000
50565  -30.212  -32.909  86.303 0.0000000000
49482  -29.465  -33.254  86.383 0.0000000000
154113  -29.153  -33.344  86.019 0.0000000000
49498  -28.797  -33.464  85.560 0.0000000000
49520  -29.340  -33.196  83.369 0.0000000000
49537  -28.249  -33.124  81.918 0.0000000000
151115  -28.947  -33.273  82.857 0.0000000000
49508  -27.988  -33.683  84.166 0.0000000000
48385  -26.150  -34.270  82.961 0.0000000000
50651  -26.997  -32.709  77.525 0.0000000000
49567  -26.333  -32.886  76.982 0.0000000000
49561  -26.202  -33.083  77.930 0.0000000000
130806  -25.842  -33.238  78.727 0.0000000000
149732  -25.210  -33.535  78.834 0.0000000000
49554  -24.770  -33.853  79.302 0.0000000000
153936  -22.940  -35.418  78.522 0.0000000000
48398  -23.668  -34.780  79.257 0.0000000000
137329  -23.721  -35.180  79.891 0.0000000000
45100  -22.654  -37.189  79.453 0.0000000000
49459  -33.872  -33.765  89.375 0.0000000000
49521  -30.182  -33.022  83.178 0.0000000000
49541  -33.029  -33.027  81.217 0.0000000000
50580  -35.570  -32.321  85.615 0.0000000000
51847  -33.044  -32.379  79.966 0.0000000000
54202  -32.296  -29.208  79.426 0.0000000000
56264  -36.492  -28.042  89.363 0.0000000000
58409  -48.766  -25.276  71.332 0.0000000000
59416  -31.633  -24.590  75.825 0.0000000000
59424  -48.552  -24.757  74.327 0.0000000000
59431  -48.494  -25.190  73.948 0.0000000000
60476  -37.117  -23.297  82.059 0.0000000000
60479  -39.704  -23.485  82.490 0.0000000000
60504  -39.548  -23.539  80.338 0.0000000000
60547  -48.480  -24.001  76.803 0.0000000000
60560  -47.952  -24.235  76.245 0.0000000000
60622  -34.351  -22.798  70.439 0.0000000000
61703  -48.775  -22.905  77.997 0.0000000000
61713  -39.889  -22.017  76.294 0.0000000000
61772  -37.029  -22.206  70.265 0.0000000000
62884  -41.923  -22.189  81.371 0.0000000000
62920  -48.555  -22.401  78.397 0.0000000000
62978  -46.278  -21.928  71.714 0.0000000000
64076  -42.435  -20.564  81.204 0.0000000000
64109  -48.309  -21.803  78.798 0.0000000000
65437  -49.586  -19.758  79.504 0.0000000000
65458  -49.102  -20.587  79.611 0.0000000000
65479  -50.146  -19.715  78.539 0.0000000000
65510  -46.390  -19.651  76.625 0.0000000000
66701  -41.407  -18.929  78.838 0.0000000000
66703  -49.166  -19.783  79.755 0.0000000000
66704  -49.836  -19.322  79.322 0.0000000000
66749  -50.595  -18.413  74.379 0.0000000000
66774  -47.051  -18.708  72.343 0.0000000000
67836  -49.594  -18.490  79.349 0.0000000000
67844  -40.877  -17.492  78.049 0.0000000000
69051  -44.589  -17.141  65.664 0.0000000000
70069  -48.031  -15.066  68.012 0.0000000000
70112  -45.475  -15.259  64.483 0.0000000000
70988  -45.183  -14.251  76.448 0.0000000000
72143  -46.725  -13.476  63.967 0.0000000000
130025  -40.125  -23.410  79.942 0.0000000000
132848  -30.474  -29.220  76.412 0.0000000000
133657  -36.517  -30.178  86.775 0.0000000000
134734  -41.461  -22.642  81.066 0.0000000000
135673  -46.535  -22.125  72.366 0.0000000000
136077  -33.188  -27.948  81.484 0.0000000000
139588  -50.289  -18.139  78.729 0.0000000000
143674  -29.154  -27.208  73.764 0.0000000000
145042  -32.659  -33.725  89.062 0.0000000000
145423  -34.972  -33.470  89.594 0.0000000000
145531  -48.636  -22.269  77.153 0.0000000000
146038  -44.801  -15.436  75.686 0.0000000000
148492  -40.956  -22.542  79.454 0.0000000000
151074  -37.758  -23.469  81.657 0.0000000000
151931  -41.627  -18.324  79.247 0.0000000000
152638  -46.223  -14.918  65.546 0.0000000000
152754  -34.274  -22.804  72.290 0.0000000000
152991  -39.583  -22.789  76.977 0.0000000000
153614  -48.047  -12.979  65.446 0.0000000000
153737  -33.552  -24.522  83.663 0.0000000000
154066  -39.677  -23.250  78.421 0.0000000000
154199  -34.486  -32.329  82.673 0.0000000000
154566  -40.085  -21.675  76.632 0.0000000000
