#!ascii label  , from subject sub-v1s9x0051354_ses-1 vox2ras=TkReg
511
12711  -31.258  -65.927  13.703 0.6999999881
12709  -29.652  -65.597  12.778 0.6000000238
12733  -29.332  -66.147  11.647 0.6000000238
12753  -28.749  -66.315  9.866 0.4000000060
11857  -28.074  -66.922  20.309 0.6999999881
11863  -28.002  -66.063  20.256 0.6999999881
122695  -28.501  -67.370  19.805 0.6999999881
11864  -28.419  -66.512  19.623 0.6000000238
11099  -28.850  -67.035  19.099 0.6999999881
11876  -28.600  -66.264  18.712 0.6000000238
11100  -29.373  -67.464  18.765 0.6000000238
11877  -29.106  -66.793  18.362 0.6000000238
11888  -30.625  -66.827  17.939 0.6000000238
11886  -28.688  -66.269  17.847 0.6000000238
11893  -28.833  -66.165  17.239 0.5000000000
11894  -29.466  -65.988  16.922 0.5000000000
12658  -28.624  -65.824  16.633 0.5000000000
13488  -29.245  -65.197  15.335 0.6000000238
121534  -30.330  -65.332  14.724 0.6000000238
13501  -29.261  -64.798  14.484 0.6000000238
13511  -29.120  -64.831  13.301 0.6000000238
128217  -27.448  -65.895  20.767 0.6000000238
13443  -27.534  -64.493  19.617 0.6000000238
12612  -28.112  -65.509  19.357 0.6000000238
12627  -27.644  -64.920  18.668 0.6000000238
126815  -27.468  -65.225  17.894 0.6000000238
12628  -28.123  -65.607  18.189 0.6000000238
12642  -28.118  -65.824  17.250 0.6000000238
121019  -27.183  -65.676  16.986 0.6000000238
126556  -27.073  -65.404  16.563 0.6000000238
12677  -28.502  -65.328  15.924 0.6000000238
12676  -27.598  -64.937  15.853 0.6999999881
13486  -27.844  -63.947  14.939 0.6000000238
13526  -29.096  -65.457  12.224 0.5000000000
12732  -28.649  -65.813  11.090 0.5000000000
12584  -27.104  -65.309  21.045 0.6000000238
12599  -27.647  -65.258  20.311 0.6000000238
14282  -27.102  -63.650  19.364 0.6000000238
13456  -27.125  -64.187  18.738 0.6000000238
13455  -26.236  -64.041  18.039 0.6000000238
13454  -25.438  -64.297  17.503 0.6000000238
12625  -26.021  -64.731  17.413 0.6000000238
12640  -26.716  -65.320  17.266 0.6000000238
12655  -25.819  -65.043  17.035 0.6000000238
12674  -25.826  -64.935  16.731 0.6999999881
13500  -28.632  -64.234  14.203 0.6000000238
14342  -28.314  -64.201  13.121 0.6000000238
13546  -28.041  -65.417  10.053 0.4000000060
13415  -26.742  -64.643  21.338 0.6000000238
13429  -27.247  -64.414  20.631 0.6000000238
112687  -27.289  -63.690  20.082 0.6000000238
128599  -26.675  -63.585  18.724 0.6000000238
15151  -25.287  -63.047  17.951 0.5000000000
14280  -25.318  -63.695  17.740 0.6000000238
13465  -24.431  -64.370  17.008 0.6999999881
14321  -26.280  -63.641  15.359 0.6000000238
12675  -26.609  -65.003  16.311 0.6000000238
13485  -26.925  -64.256  15.590 0.6000000238
14331  -27.371  -63.283  14.174 0.6000000238
121233  -27.014  -63.661  11.445 0.6000000238
14361  -27.828  -64.286  11.946 0.6000000238
13557  -27.584  -64.521  9.721 0.4000000060
13545  -27.513  -64.473  10.699 0.5000000000
13428  -26.842  -63.865  21.188 0.5000000000
119338  -27.214  -62.950  20.350 0.6000000238
14261  -27.106  -63.590  20.650 0.6000000238
15140  -26.955  -62.601  19.052 0.6000000238
14269  -26.650  -63.094  18.985 0.5000000000
15165  -26.253  -62.096  17.795 0.5000000000
15152  -26.163  -62.713  18.355 0.5000000000
15163  -24.673  -62.745  17.454 0.6000000238
16045  -24.102  -62.327  16.871 0.6000000238
15150  -24.463  -63.495  17.416 0.6999999881
14306  -23.906  -63.967  16.767 0.6999999881
128953  -25.265  -64.543  16.503 0.6999999881
14318  -23.537  -63.039  15.654 0.6000000238
13484  -25.978  -64.454  16.084 0.6999999881
15185  -24.569  -63.126  15.340 0.6000000238
14329  -25.673  -63.053  15.002 0.6000000238
14322  -27.073  -63.522  14.977 0.6000000238
15199  -26.655  -62.845  13.343 0.6000000238
14379  -26.917  -63.701  10.354 0.4000000060
14248  -27.052  -62.914  20.993 0.6000000238
131804  -28.051  -61.888  19.543 0.6000000238
15141  -27.648  -62.432  19.783 0.5000000000
110753  -26.906  -62.084  18.246 0.6000000238
116820  -26.860  -61.350  17.456 0.5000000000
16047  -25.888  -61.681  17.217 0.6000000238
16062  -26.218  -60.838  16.816 0.5000000000
15164  -25.526  -62.446  17.681 0.6000000238
16061  -25.402  -61.163  16.669 0.5000000000
16046  -25.057  -62.007  17.017 0.5000000000
126797  -23.427  -62.264  16.458 0.5000000000
15162  -23.422  -62.928  16.691 0.6000000238
16982  -22.714  -60.884  15.575 0.5000000000
15161  -22.943  -62.380  16.134 0.5000000000
15174  -23.146  -62.933  16.240 0.6000000238
16077  -22.210  -61.513  15.208 0.4000000060
14305  -23.465  -63.376  16.305 0.6999999881
15194  -22.549  -61.930  15.270 0.4000000060
15196  -24.071  -62.290  14.732 0.5000000000
16093  -23.641  -61.499  14.145 0.5000000000
15197  -25.222  -62.327  14.292 0.6000000238
16094  -24.489  -61.615  13.512 0.5000000000
15198  -25.958  -62.418  13.728 0.6000000238
14391  -26.519  -62.871  10.216 0.5000000000
15209  -25.142  -61.921  12.867 0.6000000238
15210  -25.740  -62.464  12.429 0.6000000238
14378  -26.235  -63.055  10.922 0.6000000238
16019  -28.242  -61.864  19.983 0.5000000000
16033  -27.672  -61.892  18.938 0.5000000000
16048  -27.526  -61.461  18.125 0.5000000000
16985  -25.657  -60.333  16.402 0.4000000060
16984  -24.858  -60.610  16.235 0.5000000000
129126  -23.841  -61.712  16.475 0.5000000000
17864  -24.162  -60.011  15.796 0.5000000000
17007  -21.376  -60.159  14.864 0.4000000060
116710  -22.006  -60.953  15.327 0.4000000060
16076  -21.675  -60.884  15.047 0.4000000060
16109  -22.349  -60.811  14.313 0.5000000000
119082  -22.635  -61.525  14.636 0.5000000000
17024  -22.864  -60.184  13.579 0.5000000000
16110  -23.244  -60.849  13.762 0.5000000000
16111  -24.100  -60.909  12.881 0.5000000000
16144  -25.567  -61.705  10.742 0.5000000000
15237  -25.796  -62.391  10.733 0.5000000000
15222  -25.109  -61.982  11.602 0.6000000238
15223  -25.611  -62.516  11.324 0.5000000000
17865  -25.163  -59.765  15.920 0.4000000060
121127  -23.099  -60.005  15.532 0.5000000000
17863  -22.326  -59.206  15.418 0.5000000000
17903  -21.463  -59.901  14.368 0.4000000060
122027  -23.725  -60.418  13.145 0.5000000000
17049  -25.260  -61.235  11.234 0.5000000000
126412  -22.889  -59.473  13.427 0.5000000000
17025  -24.220  -60.539  12.663 0.5000000000
16130  -24.952  -61.404  11.558 0.5000000000
121795  -23.581  -59.098  15.507 0.4000000060
130585  -21.545  -59.731  15.222 0.4000000060
18699  -23.015  -58.238  15.465 0.4000000060
19537  -21.304  -57.722  14.110 0.4000000060
18721  -21.085  -58.879  14.791 0.4000000060
123239  -22.245  -58.957  13.518 0.4000000060
19538  -21.910  -57.545  13.602 0.4000000060
18734  -23.303  -58.805  13.347 0.5000000000
17043  -25.607  -60.741  11.788 0.4000000060
16131  -26.039  -60.983  11.343 0.4000000060
17042  -24.923  -60.872  11.689 0.5000000000
17905  -23.689  -59.775  13.170 0.5000000000
17906  -24.361  -59.880  13.040 0.5000000000
16129  -24.482  -60.986  12.009 0.5000000000
20364  -21.660  -56.872  13.893 0.4000000060
19539  -22.871  -57.448  13.419 0.4000000060
17908  -26.212  -59.721  13.656 0.4000000060
17907  -25.211  -59.759  13.211 0.5000000000
115412  -23.967  -58.179  13.356 0.5000000000
113390  -22.340  -56.784  13.549 0.4000000060
122330  -25.814  -58.901  13.689 0.4000000060
18737  -26.835  -58.867  14.140 0.3000000119
19540  -23.747  -57.454  13.391 0.5000000000
115574  -24.605  -58.287  13.392 0.5000000000
111924  -22.800  -56.037  13.501 0.4000000060
112290  -26.403  -58.072  13.771 0.3000000119
20366  -23.328  -56.760  13.410 0.4000000060
18736  -24.916  -58.954  13.363 0.5000000000
112023  -24.250  -56.771  13.396 0.4000000060
19541  -24.546  -57.534  13.407 0.5000000000
19542  -25.500  -57.783  13.521 0.5000000000
21982  -23.848  -54.687  13.391 0.4000000060
112582  -26.661  -57.135  13.669 0.3000000119
125842  -27.177  -57.777  13.945 0.3000000119
111047  -23.823  -56.048  13.398 0.4000000060
128104  -25.956  -56.747  13.481 0.4000000060
111045  -24.277  -55.337  13.378 0.4000000060
112394  -25.137  -56.792  13.415 0.4000000060
113009  -23.355  -54.003  13.533 0.5000000000
20367  -26.680  -56.186  13.481 0.3000000119
20368  -27.403  -56.539  13.640 0.4000000060
112274  -28.046  -56.082  13.572 0.4000000060
19544  -28.108  -56.833  13.846 0.4000000060
21983  -24.630  -54.674  13.396 0.4000000060
21170  -25.725  -55.947  13.413 0.5000000000
131410  -26.435  -55.527  13.400 0.4000000060
111044  -25.121  -55.253  13.403 0.5000000000
111046  -24.744  -56.027  13.403 0.5000000000
111043  -25.936  -55.076  13.399 0.5000000000
21986  -26.732  -54.914  13.298 0.4000000060
21171  -27.106  -55.482  13.360 0.4000000060
126279  -27.839  -55.468  13.310 0.4000000060
20369  -28.831  -56.237  13.821 0.3000000119
112032  -24.296  -54.104  13.397 0.5000000000
130843  -24.814  -54.225  13.404 0.5000000000
21997  -27.983  -53.645  12.877 0.4000000060
22831  -28.892  -53.429  12.673 0.3000000119
24451  -24.335  -51.993  14.013 0.5000000000
122767  -27.134  -53.115  13.163 0.4000000060
22822  -27.145  -54.133  13.139 0.4000000060
130907  -27.914  -54.342  12.954 0.4000000060
21998  -28.625  -54.188  12.814 0.4000000060
21988  -29.186  -54.767  13.111 0.3000000119
121717  -24.117  -53.397  13.510 0.5000000000
22820  -25.784  -53.727  13.381 0.5000000000
21985  -26.242  -54.337  13.344 0.5000000000
22819  -24.958  -53.673  13.422 0.5000000000
120735  -27.433  -52.181  13.351 0.4000000060
23640  -28.256  -52.728  12.918 0.4000000060
134097  -24.626  -51.479  14.133 0.5000000000
21999  -29.411  -53.959  12.824 0.3000000119
24452  -25.161  -51.781  13.892 0.5000000000
23638  -25.698  -52.460  13.552 0.5000000000
23639  -26.543  -52.355  13.458 0.5000000000
117096  -26.182  -53.077  13.359 0.5000000000
119110  -25.485  -53.129  13.440 0.5000000000
24455  -28.248  -51.834  13.314 0.4000000060
25214  -24.280  -50.175  14.561 0.5000000000
25231  -26.402  -50.902  14.093 0.5000000000
24467  -28.946  -52.189  12.912 0.3000000119
23649  -29.310  -52.734  12.675 0.3000000119
114623  -25.095  -50.100  14.434 0.5000000000
25215  -25.683  -50.445  14.301 0.5000000000
25230  -25.634  -51.154  14.053 0.5000000000
12693  -29.923  -65.198  13.944 0.6000000238
12754  -28.938  -66.386  10.685 0.5000000000
11887  -29.572  -66.472  17.717 0.6000000238
13453  -24.703  -64.165  17.303 0.6999999881
14341  -27.426  -63.521  12.903 0.6000000238
14294  -23.957  -63.994  17.077 0.6999999881
14360  -26.415  -63.004  12.039 0.6000000238
14319  -24.111  -63.793  16.138 0.6999999881
15195  -23.057  -62.246  15.136 0.5000000000
127668  -25.938  -62.636  14.414 0.6000000238
16983  -23.467  -60.678  15.809 0.5000000000
16981  -22.113  -60.223  15.367 0.5000000000
15184  -23.003  -62.674  15.782 0.4000000060
16112  -24.667  -61.406  12.205 0.5000000000
16143  -25.157  -61.756  11.128 0.5000000000
18731  -21.161  -58.655  14.307 0.4000000060
17904  -22.034  -59.689  13.766 0.5000000000
18709  -21.355  -58.995  15.146 0.4000000060
131648  -27.424  -55.947  13.475 0.4000000060
21172  -28.610  -55.498  13.384 0.3000000119
24437  -24.928  -50.900  14.247 0.5000000000
8542  -29.607  -71.766  11.909 0.5000000000
8557  -30.873  -71.956  10.934 0.5000000000
7903  -29.968  -72.067  11.123 0.5000000000
8559  -32.691  -71.501  10.663 0.5000000000
7920  -32.123  -71.994  10.005 0.5000000000
8558  -31.773  -71.770  10.770 0.4000000060
8529  -29.339  -71.529  12.720 0.5000000000
8531  -31.180  -71.346  12.362 0.6000000238
8530  -30.205  -71.396  12.520 0.6000000238
8545  -32.330  -71.320  11.368 0.5000000000
8544  -31.475  -71.575  11.551 0.5000000000
9223  -34.474  -69.923  10.256 0.4000000060
8478  -28.639  -71.788  15.586 0.6999999881
8490  -29.179  -71.333  15.102 0.6999999881
9182  -29.697  -70.946  13.946 0.6999999881
9198  -31.768  -70.795  12.874 0.5000000000
9197  -30.815  -71.002  13.100 0.6999999881
9211  -33.411  -70.433  11.285 0.5000000000
9210  -32.800  -70.704  11.734 0.5000000000
8532  -32.108  -71.114  12.131 0.5000000000
9842  -34.055  -69.450  10.525 0.5000000000
9222  -34.002  -70.163  10.780 0.5000000000
7803  -26.983  -72.469  17.131 0.5000000000
7804  -27.785  -72.239  16.876 0.6999999881
8466  -29.153  -71.356  16.956 0.6999999881
7817  -27.998  -72.329  15.995 0.6999999881
8479  -29.238  -71.385  16.011 0.6999999881
9169  -29.582  -70.960  14.608 0.6000000238
9184  -31.390  -70.470  13.558 0.6999999881
9171  -31.088  -70.232  14.239 0.6000000238
9816  -33.236  -69.542  11.949 0.5000000000
9199  -32.725  -70.162  12.487 0.6000000238
9185  -32.151  -70.215  13.243 0.6000000238
9817  -33.593  -69.629  11.313 0.5000000000
10508  -32.297  -68.043  9.262 0.5000000000
8453  -27.242  -71.540  18.313 0.5000000000
8465  -28.347  -71.688  17.350 0.6999999881
9161  -29.826  -70.780  15.400 0.6999999881
9151  -30.384  -70.311  16.950 0.6999999881
9132  -29.717  -70.770  17.410 0.6999999881
9170  -30.248  -70.542  14.537 0.8000000119
9788  -31.035  -69.791  15.477 0.6999999881
9797  -32.389  -69.071  13.933 0.6000000238
10478  -33.098  -68.998  12.335 0.6999999881
117509  -32.704  -68.629  13.085 0.6000000238
10493  -32.715  -68.397  10.071 0.6000000238
116995  -33.089  -68.581  11.379 0.6000000238
11210  -31.697  -67.981  9.606 0.6000000238
9113  -25.972  -70.882  18.829 0.5000000000
9114  -26.903  -71.049  18.954 0.6000000238
8452  -26.381  -71.480  18.303 0.5000000000
9115  -27.794  -71.032  18.876 0.6000000238
9116  -28.636  -70.840  18.629 0.6000000238
9131  -28.932  -71.143  17.831 0.6999999881
9778  -30.720  -69.615  17.338 0.6999999881
9133  -30.206  -70.148  17.776 0.6000000238
117841  -30.431  -70.320  16.002 0.6999999881
9779  -31.335  -68.891  16.973 0.6999999881
9796  -31.630  -69.503  14.712 0.6999999881
127460  -32.690  -68.095  12.060 0.6999999881
11191  -32.305  -68.125  10.660 0.6999999881
115703  -32.007  -67.732  11.226 0.6999999881
9100  -26.539  -70.376  19.470 0.5000000000
9730  -28.045  -69.810  20.028 0.6000000238
9103  -29.056  -70.202  19.003 0.6000000238
127580  -29.593  -69.886  18.686 0.6000000238
9789  -31.480  -69.070  15.889 0.8000000119
10419  -31.694  -67.884  17.018 0.5000000000
9763  -30.894  -68.994  17.711 0.6000000238
10447  -32.304  -68.536  14.699 0.6999999881
11134  -32.487  -67.344  15.376 0.6999999881
11176  -32.155  -67.434  12.411 0.6999999881
11158  -32.518  -67.415  13.516 0.6999999881
11209  -31.367  -67.699  9.812 0.5000000000
11190  -31.268  -67.849  10.091 0.6999999881
11189  -30.811  -67.392  10.183 0.5000000000
9728  -25.570  -69.421  19.749 0.5000000000
130636  -26.225  -69.660  19.872 0.5000000000
9719  -27.529  -69.223  20.260 0.6000000238
9729  -27.137  -69.831  20.061 0.6000000238
9720  -28.088  -69.027  20.236 0.6000000238
9731  -28.636  -69.182  19.763 0.6000000238
10359  -28.484  -68.284  19.981 0.6000000238
9732  -29.290  -69.407  19.136 0.6000000238
125156  -29.454  -68.100  18.961 0.6000000238
11896  -31.757  -66.247  16.510 0.6000000238
11126  -31.926  -66.980  16.913 0.5000000000
11101  -30.033  -67.886  18.523 0.5000000000
11917  -32.109  -66.225  14.243 0.6000000238
11907  -32.372  -66.402  15.267 0.6000000238
11952  -31.384  -66.969  12.444 0.6000000238
11932  -31.611  -66.445  13.323 0.6000000238
11950  -29.571  -66.680  11.153 0.5000000000
127796  -25.918  -69.105  20.109 0.5000000000
10357  -26.652  -68.223  20.573 0.6000000238
11066  -28.082  -67.657  20.320 0.6000000238
11121  -31.345  -67.279  17.608 0.5000000000
11878  -29.841  -67.118  18.309 0.5000000000
12661  -31.524  -65.696  15.939 0.4000000060
122017  -31.104  -65.785  16.681 0.5000000000
11895  -30.465  -66.095  17.264 0.5000000000
11931  -30.794  -66.420  12.737 0.6000000238
10356  -24.952  -68.329  20.325 0.5000000000
9717  -25.847  -68.442  20.433 0.6000000238
121450  -26.977  -67.723  20.733 0.6000000238
10358  -27.535  -68.330  20.469 0.6000000238
12678  -30.103  -65.445  15.516 0.5000000000
12660  -30.246  -65.697  16.460 0.4000000060
11039  -24.589  -67.724  20.616 0.5000000000
11063  -25.334  -67.858  20.668 0.5000000000
11041  -26.084  -66.764  21.210 0.6000000238
11856  -27.473  -66.599  20.732 0.6000000238
11062  -23.683  -67.664  20.399 0.5000000000
11854  -24.185  -67.105  21.033 0.5000000000
131836  -25.395  -66.485  21.370 0.6000000238
11855  -26.885  -67.061  20.996 0.6000000238
11853  -23.310  -66.888  20.898 0.5000000000
11838  -23.814  -66.389  21.369 0.5000000000
123879  -24.662  -66.496  21.379 0.5000000000
11839  -25.941  -66.021  21.480 0.6000000238
11840  -26.813  -66.170  21.207 0.6000000238
11837  -22.998  -66.188  21.262 0.5000000000
12581  -24.346  -65.807  21.717 0.5000000000
12579  -22.568  -65.488  21.524 0.5000000000
12583  -26.379  -65.308  21.531 0.5000000000
12565  -24.033  -65.149  22.155 0.5000000000
12582  -25.680  -65.448  21.772 0.5000000000
13412  -22.393  -64.616  21.908 0.5000000000
13413  -23.181  -64.956  22.078 0.5000000000
12566  -24.984  -65.177  22.096 0.5000000000
131570  -26.349  -64.726  21.703 0.4000000060
14231  -22.209  -63.742  22.204 0.5000000000
13398  -24.497  -64.586  22.374 0.5000000000
13399  -25.190  -64.333  22.393 0.4000000060
12567  -25.868  -64.763  22.045 0.4000000060
14232  -23.584  -63.632  22.565 0.4000000060
129101  -25.364  -63.527  22.503 0.4000000060
15101  -26.273  -62.808  22.146 0.4000000060
12695  -31.513  -65.675  14.526 0.6000000238
12734  -29.955  -66.367  12.155 0.5000000000
11973  -30.068  -67.102  10.467 0.4000000060
11120  -30.779  -67.667  18.151 0.6000000238
14247  -26.548  -63.278  21.678 0.4000000060
15115  -27.493  -62.033  21.080 0.4000000060
127706  -30.481  -70.323  15.229 0.6999999881
10431  -32.139  -68.287  15.557 0.6999999881
127007  -32.645  -67.897  13.007 0.6999999881
10460  -32.574  -68.202  13.815 0.6999999881
10404  -31.193  -68.223  17.722 0.6000000238
9744  -29.976  -69.357  18.572 0.6000000238
11175  -30.997  -67.507  11.008 0.6999999881
11133  -32.162  -67.587  16.263 0.6999999881
126263  -32.459  -66.875  14.023 0.6999999881
11951  -30.370  -66.953  11.545 0.6000000238
7816  -27.220  -72.719  16.364 0.6999999881
7919  -31.185  -72.153  10.132 0.4000000060
8454  -28.096  -71.425  18.151 0.6000000238
8464  -27.523  -71.921  17.618 0.5000000000
8489  -28.689  -71.690  14.849 0.6999999881
8517  -29.909  -71.126  13.257 0.5000000000
8543  -30.546  -71.695  11.729 0.6000000238
8546  -33.015  -71.049  11.197 0.5000000000
9099  -25.534  -70.048  19.267 0.5000000000
9101  -27.477  -70.473  19.524 0.6000000238
9102  -28.307  -70.420  19.332 0.6000000238
9150  -29.822  -70.856  16.469 0.6999999881
9183  -30.469  -70.682  13.773 0.6999999881
9200  -33.220  -70.081  11.818 0.5000000000
9718  -26.693  -68.999  20.311 0.5000000000
9762  -30.455  -69.481  18.058 0.6000000238
9795  -30.903  -70.133  14.828 0.8000000119
9804  -31.939  -69.861  13.862 0.6999999881
9805  -32.536  -69.512  13.177 0.6000000238
10355  -24.263  -68.196  20.194 0.5000000000
10371  -25.271  -68.919  20.023 0.5000000000
10372  -29.125  -68.584  19.365 0.6000000238
10382  -29.737  -68.682  18.796 0.5000000000
10383  -30.505  -68.624  18.274 0.6000000238
10430  -31.772  -68.357  16.336 0.8000000119
10446  -31.788  -68.972  15.219 0.6999999881
10494  -33.564  -68.929  10.878 0.6000000238
11040  -25.184  -67.183  21.078 0.6000000238
11064  -26.148  -67.604  20.830 0.6000000238
11065  -27.514  -67.384  20.603 0.6000000238
11080  -28.982  -67.807  19.339 0.6999999881
11127  -32.272  -66.731  16.102 0.6000000238
11143  -32.548  -67.591  14.466 0.6999999881
11889  -31.290  -66.435  17.266 0.5000000000
11906  -32.069  -66.079  15.845 0.6000000238
11933  -32.163  -66.820  13.350 0.6999999881
11972  -29.330  -66.627  10.036 0.4000000060
12578  -21.753  -64.990  21.454 0.5000000000
12580  -23.478  -65.670  21.681 0.5000000000
12626  -26.924  -64.737  17.957 0.6000000238
12641  -27.564  -65.544  17.451 0.6000000238
12656  -26.485  -65.345  16.875 0.6000000238
12657  -27.799  -65.568  16.529 0.6000000238
12659  -29.336  -65.602  16.125 0.6000000238
12679  -31.086  -65.394  15.180 0.4000000060
12680  -31.924  -65.740  15.182 0.6000000238
12694  -30.760  -65.486  14.222 0.6000000238
12710  -30.388  -65.771  13.250 0.6999999881
13397  -22.978  -64.174  22.365 0.5000000000
13400  -25.805  -64.034  22.291 0.4000000060
13414  -26.363  -64.126  21.844 0.5000000000
13466  -25.166  -64.621  17.138 0.6999999881
13472  -24.543  -64.321  16.648 0.6999999881
13473  -25.094  -64.708  16.940 0.6999999881
13487  -28.558  -64.655  15.162 0.6000000238
13525  -28.565  -64.909  12.176 0.5000000000
14233  -24.496  -63.783  22.596 0.4000000060
14235  -26.047  -63.422  22.246 0.4000000060
14270  -27.115  -63.037  19.717 0.6000000238
14279  -23.753  -63.501  17.034 0.6000000238
14281  -26.042  -63.288  18.314 0.6000000238
14293  -23.629  -63.500  16.682 0.6000000238
14320  -25.136  -63.956  15.867 0.6999999881
14330  -26.514  -62.964  14.497 0.6000000238
14332  -28.040  -63.697  13.923 0.6000000238
15114  -26.756  -62.448  21.618 0.4000000060
15130  -27.679  -62.277  20.476 0.6000000238
15183  -22.799  -62.207  15.631 0.4000000060
15236  -25.243  -62.133  10.971 0.5000000000
16057  -21.920  -61.095  15.225 0.4000000060
16058  -22.505  -61.604  15.496 0.5000000000
16059  -23.211  -61.556  16.052 0.5000000000
16060  -24.571  -61.455  16.577 0.5000000000
16092  -21.961  -61.332  14.902 0.4000000060
16995  -21.534  -60.453  15.103 0.4000000060
17023  -21.970  -60.247  14.130 0.5000000000
17026  -24.611  -60.541  12.366 0.5000000000
17027  -25.597  -60.372  12.738 0.5000000000
17878  -21.185  -59.643  14.967 0.4000000060
17890  -21.222  -59.416  14.599 0.4000000060
18698  -21.900  -58.235  15.345 0.4000000060
18732  -21.564  -58.377  13.737 0.4000000060
18733  -22.525  -58.175  13.444 0.4000000060
18735  -24.140  -58.997  13.277 0.5000000000
19543  -27.436  -57.113  13.830 0.3000000119
21169  -23.347  -55.338  13.439 0.4000000060
21984  -25.357  -54.431  13.401 0.5000000000
21987  -28.294  -54.886  13.042 0.4000000060
22821  -26.496  -53.683  13.286 0.5000000000
23637  -24.807  -52.724  13.604 0.5000000000
24453  -26.032  -51.692  13.718 0.5000000000
24456  -29.195  -51.450  13.258 0.3000000119
25216  -26.413  -50.012  14.399 0.5000000000
111437  -25.161  -65.912  21.630 0.5000000000
113210  -28.157  -64.981  11.173 0.5000000000
116884  -21.360  -59.210  13.953 0.4000000060
116972  -28.531  -71.814  16.482 0.6999999881
117456  -30.913  -69.695  16.445 0.6999999881
118405  -23.981  -63.044  17.181 0.6999999881
119021  -27.511  -54.878  13.145 0.4000000060
119925  -32.519  -66.826  14.669 0.6999999881
121044  -24.011  -60.976  16.211 0.5000000000
122282  -29.771  -65.197  14.794 0.6000000238
125081  -23.784  -64.403  22.408 0.5000000000
125544  -28.677  -69.829  19.488 0.6000000238
127273  -22.896  -63.494  22.474 0.5000000000
127285  -29.495  -70.464  18.278 0.6000000238
129444  -30.870  -65.511  16.002 0.5000000000
130510  -21.658  -60.581  14.688 0.5000000000
131212  -33.361  -69.079  11.634 0.6000000238
131970  -30.015  -69.909  18.323 0.6000000238
132295  -32.437  -67.958  15.037 0.6999999881
132446  -30.353  -67.377  18.243 0.6000000238
132503  -31.457  -69.343  15.305 0.6999999881
132973  -23.325  -58.008  13.390 0.5000000000
