#!ascii label  , from subject sub-v1s9x0051354_ses-1 vox2ras=TkReg
1708
19523  -21.256  -58.206  14.978 0.5000000000
123687  -21.644  -57.472  15.183 0.4000000060
19511  -22.493  -57.455  15.404 0.6000000238
20338  -22.054  -56.904  15.322 0.6000000238
21167  -21.641  -55.442  14.205 0.6000000238
20356  -21.477  -56.520  14.591 0.5000000000
21981  -22.284  -54.368  13.851 0.6000000238
20339  -22.860  -56.696  15.417 0.6999999881
19512  -23.622  -57.336  15.447 0.6999999881
112521  -22.024  -55.494  15.210 0.6999999881
21163  -21.549  -55.637  14.494 0.6999999881
21971  -21.465  -54.741  14.562 0.6999999881
22816  -21.549  -53.954  14.468 0.6999999881
126838  -23.016  -54.714  13.521 0.5000000000
18641  -24.516  -57.995  21.773 0.5000000000
121793  -22.954  -55.896  15.393 0.6999999881
21961  -21.553  -54.881  14.829 0.6999999881
114470  -22.333  -54.094  15.288 0.6999999881
22799  -21.043  -53.971  14.826 0.6999999881
126448  -21.877  -54.711  15.149 0.6999999881
21950  -21.292  -53.850  15.228 0.6999999881
23635  -22.841  -52.806  14.151 0.6000000238
21946  -27.710  -55.049  16.549 0.6999999881
21945  -27.174  -54.535  15.986 0.6999999881
21145  -23.898  -55.535  15.445 0.6999999881
133632  -24.483  -55.290  15.456 0.6999999881
19460  -24.423  -57.370  21.430 0.6000000238
129927  -22.126  -57.952  20.181 0.4000000060
21144  -22.925  -54.989  15.390 0.6999999881
22808  -21.222  -54.139  14.683 0.6999999881
23634  -21.670  -53.080  14.529 0.6999999881
24434  -21.442  -51.395  14.986 0.6999999881
24450  -23.347  -52.010  14.281 0.6000000238
21947  -28.459  -54.752  17.297 0.6999999881
21140  -28.231  -55.685  17.015 0.6999999881
21953  -26.497  -54.942  15.619 0.6999999881
123973  -27.795  -54.194  16.596 0.6999999881
113294  -25.169  -56.635  22.127 0.6000000238
22788  -26.466  -53.942  15.593 0.6999999881
21951  -24.744  -54.124  15.419 0.6999999881
21952  -25.692  -54.542  15.452 0.6999999881
128194  -27.243  -53.775  16.034 0.6999999881
22779  -27.722  -53.314  16.577 0.6999999881
132499  -22.821  -56.823  19.892 0.5000000000
19476  -22.824  -57.543  20.344 0.5000000000
22785  -21.884  -53.306  15.592 0.6999999881
22786  -22.995  -53.519  15.463 0.6999999881
22778  -26.881  -52.919  15.869 0.6999999881
19492  -22.062  -57.201  19.852 0.4000000060
115068  -20.573  -52.787  15.123 0.6999999881
22787  -23.989  -53.348  15.439 0.6999999881
117508  -25.934  -53.076  15.502 0.6999999881
23612  -26.126  -52.355  15.714 0.6999999881
19491  -21.130  -57.331  19.632 0.4000000060
23609  -23.015  -52.695  15.606 0.6999999881
23611  -25.314  -52.384  15.596 0.6999999881
24448  -20.782  -52.398  14.905 0.6999999881
22784  -20.985  -53.005  15.651 0.6999999881
24402  -24.065  -50.974  16.289 0.6999999881
24418  -24.664  -51.667  15.864 0.6999999881
24449  -22.066  -52.148  14.571 0.6999999881
24417  -23.409  -51.760  15.907 0.6999999881
24436  -23.961  -51.179  14.320 0.6000000238
25212  -22.323  -50.380  15.122 0.6999999881
25211  -21.373  -50.633  15.653 0.6999999881
27713  -25.347  -47.915  15.021 0.5000000000
26018  -24.926  -49.422  14.624 0.5000000000
123720  -27.192  -49.686  14.492 0.4000000060
26020  -26.475  -49.027  14.632 0.5000000000
23599  -28.351  -52.889  17.253 0.6999999881
21067  -25.459  -55.225  22.600 0.6000000238
126435  -25.015  -53.180  15.425 0.6999999881
19478  -24.027  -57.055  20.828 0.5000000000
23598  -27.612  -52.361  16.600 0.6999999881
23608  -21.686  -52.437  15.940 0.6999999881
24433  -20.950  -51.671  15.312 0.6999999881
24401  -22.923  -50.960  16.359 0.6999999881
26837  -23.985  -48.505  15.177 0.6999999881
24435  -22.691  -51.241  14.583 0.6999999881
26017  -24.173  -49.290  14.853 0.6999999881
25213  -23.400  -49.813  14.877 0.6999999881
26838  -24.764  -48.612  14.896 0.6999999881
21897  -28.782  -54.621  21.958 0.6999999881
120081  -29.239  -54.073  21.335 0.6999999881
23589  -29.656  -52.712  20.662 0.8000000119
116201  -29.783  -53.002  19.942 0.8000000119
21879  -28.188  -54.380  22.597 0.6000000238
22748  -28.779  -53.655  22.153 0.6000000238
112316  -29.662  -52.883  19.180 0.8000000119
21878  -27.414  -54.226  23.056 0.6000000238
22717  -27.117  -53.356  23.365 0.6000000238
23595  -29.015  -52.467  17.843 0.6999999881
21068  -26.445  -55.537  22.767 0.6000000238
21100  -24.311  -55.493  21.061 0.6000000238
21066  -24.805  -54.827  22.162 0.6000000238
20299  -23.907  -56.116  20.431 0.5000000000
115928  -28.318  -51.961  17.273 0.6999999881
24420  -26.683  -51.791  16.156 0.6999999881
24415  -21.374  -51.710  16.052 0.6999999881
130302  -22.531  -52.137  15.932 0.6999999881
116872  -25.668  -51.666  15.917 0.6999999881
26835  -22.175  -48.692  15.541 0.8000000119
26016  -22.712  -49.370  15.286 0.6999999881
24400  -21.836  -50.927  16.343 0.6999999881
24403  -25.092  -50.980  16.255 0.6999999881
27711  -23.574  -47.669  15.377 0.8000000119
25198  -21.171  -51.060  15.666 0.6999999881
25175  -21.627  -50.116  16.323 0.6999999881
26839  -26.148  -48.097  14.927 0.5000000000
124161  -27.446  -48.911  14.697 0.5000000000
27716  -27.512  -47.613  15.138 0.5000000000
26841  -28.331  -48.810  14.769 0.4000000060
22735  -29.008  -52.876  21.965 0.6000000238
22749  -29.342  -53.223  21.357 0.6999999881
24386  -29.684  -51.887  20.876 0.8000000119
22733  -28.001  -53.605  22.949 0.6000000238
23592  -29.805  -52.143  19.857 0.8000000119
23596  -29.526  -52.038  18.670 0.8000000119
24395  -29.353  -51.045  18.435 0.8000000119
21861  -26.544  -54.093  23.210 0.6000000238
21877  -25.280  -54.193  22.422 0.6000000238
24394  -28.994  -51.573  17.832 0.8000000119
21118  -23.499  -55.476  19.893 0.6000000238
21086  -24.561  -54.917  21.527 0.6000000238
21895  -24.789  -53.988  21.286 0.6000000238
24406  -28.362  -51.091  17.358 0.6999999881
20314  -22.447  -56.312  19.633 0.5000000000
25181  -27.122  -50.497  16.733 0.6999999881
133207  -27.831  -50.613  17.054 0.6999999881
21115  -21.116  -55.553  19.438 0.5000000000
21117  -22.756  -55.368  19.564 0.5000000000
24404  -26.734  -51.006  16.481 0.6999999881
24419  -25.995  -51.025  16.303 0.6999999881
122927  -22.532  -47.857  15.518 0.8000000119
26015  -21.764  -49.580  15.628 0.8000000119
25190  -21.239  -50.825  15.987 0.6999999881
25176  -22.496  -50.199  16.502 0.6999999881
133596  -23.932  -49.700  16.530 0.6999999881
26002  -21.365  -49.619  15.935 0.6999999881
23579  -28.563  -52.133  22.759 0.6999999881
24378  -28.919  -51.623  22.488 0.6999999881
23580  -28.977  -52.269  22.193 0.6999999881
24379  -29.359  -51.716  21.731 0.8000000119
123236  -29.654  -51.095  21.226 0.8000000119
22718  -27.851  -52.935  23.221 0.6999999881
124022  -29.301  -51.001  22.115 0.8000000119
25158  -29.856  -50.419  20.685 0.8000000119
24391  -29.743  -51.231  19.341 0.8000000119
22716  -26.154  -53.289  23.141 0.6000000238
25166  -29.608  -50.395  18.947 0.6999999881
21099  -23.969  -55.024  20.219 0.6000000238
21914  -24.381  -54.473  20.670 0.6000000238
25182  -28.425  -50.202  17.506 0.8000000119
25165  -29.149  -50.228  18.178 0.6999999881
21929  -23.328  -54.635  19.854 0.6000000238
26804  -28.498  -48.676  17.797 0.8000000119
21926  -21.033  -54.351  19.593 0.4000000060
127462  -25.491  -50.356  16.468 0.6999999881
25180  -26.303  -50.399  16.563 0.6999999881
124337  -27.542  -49.919  17.070 0.6999999881
21113  -18.909  -54.156  19.373 0.4000000060
132856  -25.141  -49.761  16.552 0.6999999881
113133  -26.681  -49.786  16.792 0.6999999881
124194  -21.797  -48.063  15.752 0.8000000119
26809  -21.602  -48.826  16.187 0.8000000119
25178  -24.567  -50.209  16.466 0.6999999881
128146  -23.104  -49.549  16.576 0.6999999881
129986  -24.092  -47.255  15.299 0.8000000119
27712  -24.506  -47.690  15.198 0.6999999881
120100  -25.149  -46.986  15.143 0.5000000000
27703  -28.139  -47.040  15.322 0.5000000000
27715  -26.675  -47.402  15.122 0.5000000000
27717  -28.535  -47.971  15.123 0.4000000060
24366  -28.401  -51.635  23.134 0.6000000238
124618  -28.791  -50.980  22.905 0.6999999881
25155  -29.590  -50.295  21.627 0.8000000119
25963  -29.872  -49.579  21.031 0.8000000119
23564  -27.376  -52.442  23.423 0.6999999881
23563  -26.517  -52.536  23.317 0.6999999881
114733  -29.952  -49.770  20.140 0.8000000119
23562  -25.801  -52.409  22.730 0.6000000238
25966  -29.916  -48.961  20.330 0.8000000119
22747  -25.116  -52.595  21.392 0.6000000238
25969  -29.733  -49.215  19.524 0.8000000119
25978  -29.415  -49.513  18.731 0.8000000119
21913  -23.895  -53.956  20.207 0.6000000238
118785  -24.411  -53.624  20.613 0.6000000238
25990  -28.071  -49.310  17.395 0.8999999762
26791  -29.118  -48.723  18.390 0.8000000119
25988  -26.202  -49.085  16.830 0.8000000119
25989  -27.128  -49.154  17.078 0.8000000119
21927  -21.653  -53.871  19.763 0.5000000000
114675  -25.084  -47.534  16.972 0.8000000119
129524  -20.352  -53.926  19.857 0.4000000060
28656  -23.086  -46.165  15.355 0.8000000119
123237  -21.640  -48.103  15.922 0.8000000119
27689  -21.607  -48.009  16.092 0.8000000119
26798  -22.835  -48.722  16.638 0.8000000119
120786  -24.468  -48.816  16.644 0.6999999881
116016  -23.701  -46.833  15.337 0.8000000119
26797  -22.111  -48.983  16.524 0.8000000119
123389  -23.784  -49.075  16.603 0.6999999881
128010  -22.047  -47.555  16.464 0.8000000119
28657  -24.013  -46.066  15.200 0.8000000119
127617  -21.550  -46.623  16.174 0.8000000119
28659  -25.697  -46.315  15.129 0.6000000238
130225  -25.565  -45.545  15.040 0.6000000238
28661  -27.204  -46.790  15.291 0.5000000000
124238  -28.137  -50.992  23.488 0.6000000238
25152  -29.145  -50.257  22.551 0.6999999881
24364  -26.727  -51.635  23.499 0.6000000238
126846  -29.442  -49.364  22.085 0.6999999881
26776  -29.749  -48.626  21.255 0.6999999881
119829  -26.042  -51.835  23.042 0.6000000238
120795  -27.308  -50.899  23.683 0.6000000238
25139  -27.831  -50.267  23.777 0.6000000238
116499  -25.463  -51.489  22.156 0.6000000238
26783  -29.693  -48.423  19.630 0.8000000119
22746  -24.742  -52.913  20.912 0.6000000238
23578  -25.323  -52.054  21.700 0.6000000238
26778  -29.799  -48.163  20.451 0.6999999881
22759  -23.402  -53.325  20.458 0.5000000000
26792  -29.486  -48.743  18.984 0.8000000119
121863  -22.544  -53.341  20.627 0.3000000119
27669  -28.110  -47.199  17.672 0.8000000119
26790  -28.258  -47.949  17.693 0.8000000119
26802  -26.630  -48.322  17.069 0.8000000119
27680  -27.409  -47.719  17.363 0.8000000119
27677  -24.866  -46.833  17.079 0.8000000119
28644  -21.471  -46.565  15.935 0.8000000119
27676  -23.214  -47.838  16.719 0.8000000119
26800  -24.915  -48.240  16.798 0.8000000119
120420  -25.254  -49.069  16.685 0.6999999881
27667  -22.604  -47.306  16.655 0.8000000119
28619  -21.987  -46.775  16.476 0.8000000119
28658  -24.914  -45.985  15.066 0.6999999881
29629  -26.695  -45.125  15.310 0.6000000238
28648  -29.763  -46.616  15.336 0.3000000119
25954  -28.247  -49.581  23.676 0.6000000238
25959  -28.894  -49.520  23.031 0.6999999881
26770  -29.102  -48.805  22.765 0.6999999881
26771  -29.372  -48.398  22.144 0.6999999881
23550  -22.982  -52.787  23.814 0.5000000000
113342  -26.410  -50.651  23.511 0.6000000238
119531  -29.758  -47.910  21.066 0.6999999881
23585  -24.378  -52.393  20.977 0.5000000000
24385  -25.055  -51.445  21.502 0.5000000000
24363  -25.772  -51.082  22.914 0.6000000238
27656  -29.728  -47.436  20.645 0.6999999881
22745  -22.953  -53.079  21.164 0.3000000119
22760  -24.106  -53.071  20.554 0.5000000000
27662  -29.656  -47.601  19.820 0.8000000119
28612  -29.369  -46.161  19.057 0.8000000119
27671  -29.364  -47.851  18.832 0.8000000119
27679  -26.510  -47.431  17.193 0.8999999762
28610  -28.043  -46.392  17.762 0.8999999762
27670  -28.782  -47.467  18.147 0.8000000119
112282  -29.200  -46.867  18.591 0.8000000119
133188  -21.517  -53.451  20.030 0.4000000060
28621  -25.622  -46.340  17.208 0.8999999762
27678  -25.694  -47.119  17.135 0.8999999762
28623  -27.268  -46.903  17.413 0.8999999762
29639  -22.533  -45.497  15.400 0.8000000119
29638  -21.941  -46.156  15.624 0.8000000119
26799  -23.887  -48.363  16.679 0.8000000119
29640  -23.408  -45.380  15.183 0.8000000119
29641  -24.292  -45.224  14.970 0.6999999881
29630  -27.525  -45.438  15.517 0.6000000238
28646  -27.781  -46.225  15.468 0.6000000238
25953  -27.614  -49.619  24.002 0.6000000238
26763  -28.552  -48.707  23.448 0.6000000238
25126  -26.943  -49.994  23.954 0.6000000238
26764  -29.048  -47.979  22.904 0.6999999881
116288  -29.332  -47.636  22.148 0.8000000119
23577  -24.350  -51.763  21.830 0.6000000238
24377  -25.138  -50.905  22.083 0.5000000000
25137  -25.410  -50.357  22.910 0.6000000238
114604  -29.535  -47.979  21.608 0.6999999881
28595  -29.707  -46.812  20.933 0.8000000119
131600  -23.546  -52.599  21.351 0.4000000060
111563  -29.661  -46.817  20.229 0.6999999881
117218  -29.508  -46.899  19.360 0.8000000119
28609  -27.166  -46.032  17.512 0.8000000119
29603  -29.178  -45.563  18.858 0.8000000119
28620  -24.962  -46.055  17.189 0.8999999762
29615  -26.314  -45.764  17.358 0.8000000119
28611  -28.780  -46.065  18.381 0.8000000119
29614  -25.524  -45.526  17.290 0.8000000119
28618  -21.476  -46.001  16.223 0.8000000119
29598  -22.872  -45.743  16.915 0.8000000119
133069  -24.227  -46.903  16.977 0.6999999881
119855  -21.621  -45.032  15.729 0.8000000119
28607  -23.409  -46.208  16.962 0.8000000119
28606  -22.732  -46.500  16.764 0.8000000119
30639  -23.616  -44.562  14.962 0.8000000119
30623  -21.057  -44.924  16.035 0.8000000119
30642  -25.881  -44.795  15.053 0.6999999881
30625  -26.499  -44.290  15.302 0.6999999881
31511  -27.771  -43.236  16.182 0.6000000238
31512  -28.488  -43.643  16.289 0.6000000238
30613  -28.931  -44.276  16.271 0.6000000238
25942  -26.319  -49.222  24.047 0.6000000238
27623  -28.275  -47.346  23.849 0.8000000119
27624  -28.793  -47.244  23.286 0.6999999881
133416  -23.122  -51.617  24.241 0.5000000000
25150  -25.077  -50.339  22.687 0.5000000000
28590  -29.563  -46.541  21.588 0.8000000119
27653  -29.583  -47.327  21.432 0.6999999881
124896  -24.344  -51.328  22.557 0.5000000000
28573  -29.351  -46.467  22.353 0.8000000119
29567  -29.599  -45.724  21.974 0.8000000119
23561  -23.694  -52.061  22.984 0.5000000000
29591  -29.657  -45.310  20.270 0.8000000119
28602  -29.572  -46.115  19.866 0.8000000119
29595  -29.434  -45.478  19.478 0.8000000119
115409  -29.517  -44.846  19.761 0.8000000119
29601  -27.969  -45.400  17.970 0.8000000119
30604  -26.168  -44.896  17.475 0.8000000119
29602  -28.690  -45.289  18.524 0.8000000119
128200  -21.514  -44.318  16.243 0.8000000119
30602  -24.123  -44.308  17.328 0.8000000119
29599  -23.646  -45.558  17.126 0.8999999762
31540  -21.961  -44.119  15.635 0.8000000119
30641  -25.255  -44.032  14.769 0.6999999881
122795  -24.604  -43.667  14.701 0.6999999881
31528  -27.085  -43.764  15.650 0.6999999881
31544  -24.980  -43.291  14.706 0.6999999881
31526  -25.577  -43.241  14.965 0.6999999881
32373  -26.044  -42.830  15.321 0.6999999881
32374  -26.787  -42.820  15.831 0.6999999881
28537  -27.133  -46.858  24.461 0.8000000119
26745  -27.364  -48.325  24.305 0.6000000238
27600  -27.618  -47.510  24.283 0.6000000238
28538  -27.903  -46.712  24.234 0.8000000119
119192  -22.121  -48.471  23.652 0.6000000238
118943  -23.314  -49.155  23.851 0.5000000000
26761  -25.871  -48.550  23.971 0.6000000238
28555  -29.059  -46.538  23.078 0.8000000119
125103  -20.822  -47.845  22.889 0.6000000238
124119  -21.675  -47.880  22.955 0.6000000238
27639  -22.948  -47.213  22.624 0.6000000238
124787  -24.806  -48.137  23.155 0.5000000000
117430  -25.047  -48.890  23.139 0.5000000000
133576  -20.045  -45.200  21.705 0.5000000000
27651  -20.722  -46.998  21.684 0.5000000000
27652  -21.593  -46.858  21.866 0.6000000238
25135  -23.909  -50.391  23.708 0.5000000000
119787  -24.568  -48.846  23.252 0.5000000000
124659  -29.700  -44.901  22.189 0.8000000119
30574  -29.825  -44.939  21.239 0.8000000119
29563  -21.300  -45.607  22.040 0.5000000000
25952  -25.193  -49.622  23.082 0.5000000000
131263  -19.069  -45.247  21.281 0.4000000060
30592  -28.364  -44.638  18.480 0.8000000119
30587  -29.387  -44.099  19.609 0.8000000119
125347  -25.452  -44.777  17.379 0.8000000119
29600  -27.007  -45.106  17.621 0.8000000119
30586  -28.800  -44.040  18.913 0.8000000119
110824  -27.557  -44.459  18.089 0.8000000119
31487  -27.231  -43.651  18.267 0.8000000119
31541  -22.112  -43.228  15.643 0.8999999762
31525  -21.551  -43.651  15.990 0.8999999762
30601  -23.159  -44.243  17.143 0.8000000119
30603  -24.985  -44.243  17.386 0.8000000119
31495  -22.226  -43.988  16.572 1.0000000000
122581  -23.746  -43.673  17.246 0.8000000119
118020  -23.838  -43.749  14.833 0.8000000119
31543  -24.220  -42.935  14.891 0.6999999881
29531  -26.605  -46.175  24.432 0.8000000119
29532  -27.450  -46.046  24.432 0.8000000119
29533  -28.217  -45.942  24.139 0.8000000119
117774  -22.730  -45.977  22.222 0.6000000238
27622  -25.659  -47.169  23.927 0.6000000238
28536  -26.342  -47.013  24.348 0.6000000238
28554  -28.517  -46.579  23.699 0.8000000119
118521  -28.466  -45.271  24.025 0.8000000119
28588  -21.047  -46.372  21.686 0.5000000000
27638  -22.091  -47.335  22.390 0.6000000238
27640  -23.873  -47.131  22.679 0.6000000238
29547  -28.857  -45.778  23.474 0.8000000119
29548  -29.376  -45.274  22.848 0.8000000119
30539  -29.450  -44.367  22.910 0.6999999881
28589  -21.935  -46.163  21.913 0.5000000000
27641  -24.525  -46.800  23.019 0.6000000238
27598  -26.093  -47.828  24.242 0.6000000238
29582  -19.598  -45.731  21.437 0.4000000060
113171  -20.739  -44.275  22.586 0.4000000060
30550  -21.411  -44.805  22.509 0.4000000060
30551  -22.574  -44.703  22.829 0.4000000060
123073  -29.999  -43.974  21.126 0.6999999881
31447  -20.663  -43.448  22.933 0.4000000060
31448  -21.483  -44.012  23.071 0.4000000060
29566  -23.790  -44.997  22.853 0.4000000060
31475  -29.771  -43.508  20.414 0.6999999881
32282  -21.804  -42.495  23.518 0.4000000060
31430  -22.846  -43.578  23.425 0.5000000000
31481  -29.280  -43.297  19.630 0.6999999881
32281  -20.924  -42.552  23.315 0.3000000119
32283  -22.607  -42.842  23.597 0.5000000000
31431  -23.630  -43.598  23.474 0.5000000000
30590  -25.849  -44.015  17.603 0.8000000119
30591  -26.738  -44.230  17.800 0.8000000119
31479  -27.722  -43.069  18.586 0.8000000119
32330  -28.962  -42.541  19.451 0.8000000119
31480  -28.587  -43.255  18.987 0.8000000119
32371  -21.600  -42.365  15.931 0.8000000119
31510  -21.683  -43.602  16.121 1.0000000000
120765  -22.995  -43.316  16.915 0.8000000119
31496  -23.999  -43.004  17.228 0.8000000119
31497  -24.490  -43.615  17.404 0.8000000119
31485  -25.739  -43.021  17.836 0.8000000119
127660  -26.369  -42.759  18.181 0.8000000119
130897  -21.742  -43.047  15.864 1.0000000000
32334  -25.314  -42.335  17.708 0.8000000119
31542  -23.093  -43.033  15.281 0.8000000119
32343  -22.679  -42.516  16.512 0.8000000119
127482  -24.608  -42.481  17.400 0.8000000119
122591  -23.228  -42.162  15.287 0.8999999762
32386  -24.965  -42.622  14.904 0.6999999881
32372  -25.536  -42.436  15.209 0.6999999881
33233  -26.131  -42.065  15.565 0.6999999881
33234  -26.951  -41.812  16.177 0.6999999881
32359  -27.675  -42.386  16.348 0.6999999881
121850  -28.669  -42.985  16.420 0.6000000238
33217  -27.957  -41.495  16.497 0.6999999881
124579  -26.451  -41.266  15.800 0.6999999881
32361  -29.546  -42.690  16.507 0.6000000238
32360  -28.700  -42.169  16.530 0.6000000238
117133  -27.808  -45.248  24.369 0.8000000119
28571  -23.257  -46.487  22.427 0.5000000000
29545  -25.322  -45.685  23.681 0.8000000119
29546  -26.072  -45.472  24.235 0.8000000119
111549  -26.919  -45.322  24.479 0.8000000119
30522  -28.299  -44.464  24.174 0.8000000119
29564  -22.242  -45.328  22.417 0.5000000000
28572  -24.016  -46.292  22.613 0.6000000238
128197  -24.112  -45.603  22.800 0.5000000000
28553  -25.837  -46.343  24.116 0.8000000119
30538  -28.975  -44.897  23.608 0.6999999881
121626  -22.008  -44.600  22.823 0.4000000060
30535  -23.185  -44.358  23.144 0.5000000000
30537  -25.526  -44.762  23.871 0.6999999881
28552  -25.172  -46.556  23.520 0.6999999881
31417  -28.561  -43.624  23.951 0.6999999881
31435  -29.656  -43.546  22.555 0.6999999881
31428  -21.379  -43.199  23.320 0.3000000119
30552  -29.873  -44.198  21.960 0.6999999881
31449  -29.986  -43.440  21.745 0.6999999881
32325  -29.941  -42.715  20.819 0.6999999881
113933  -23.184  -42.263  23.803 0.5000000000
32331  -29.592  -42.670  20.127 0.6999999881
34029  -21.581  -40.878  23.289 0.4000000060
132994  -22.701  -41.655  23.729 0.4000000060
32337  -27.405  -42.346  18.576 0.8000000119
116495  -26.956  -42.918  18.381 0.8000000119
33187  -26.420  -41.579  18.199 0.8000000119
34093  -27.014  -40.879  18.299 0.6999999881
33203  -23.174  -41.793  16.529 0.8000000119
32335  -26.025  -42.242  18.069 0.8000000119
32385  -22.119  -42.245  15.545 0.8999999762
33231  -21.526  -41.424  15.715 0.8999999762
118087  -21.481  -41.471  15.887 0.8000000119
33202  -21.855  -41.647  16.196 0.8000000119
133585  -23.673  -41.375  16.580 0.8000000119
33245  -23.323  -41.390  14.934 0.8999999762
33244  -22.172  -41.384  15.160 0.8000000119
127245  -24.217  -42.018  15.131 0.8999999762
121486  -24.224  -41.250  14.973 0.8000000119
30614  -29.942  -44.160  16.396 0.4000000060
120883  -25.013  -41.777  15.195 0.8000000119
33232  -25.692  -41.258  15.453 0.6999999881
34125  -29.998  -40.845  16.421 0.5000000000
30520  -26.356  -44.588  24.343 0.6999999881
30521  -27.279  -44.398  24.466 0.8000000119
31433  -25.794  -43.802  24.173 0.6999999881
31416  -27.730  -43.577  24.381 0.6999999881
31429  -22.068  -43.407  23.417 0.4000000060
32286  -24.722  -42.757  24.044 0.6000000238
117134  -26.650  -43.824  24.438 0.6999999881
31434  -29.219  -43.588  23.363 0.6999999881
32287  -29.408  -42.785  23.065 0.6999999881
33152  -29.699  -42.162  22.269 0.6999999881
32298  -29.816  -42.928  22.253 0.6999999881
32285  -24.097  -41.927  24.155 0.5000000000
32318  -29.983  -42.742  21.557 0.6999999881
133473  -23.229  -40.700  23.778 0.4000000060
122033  -29.756  -42.118  20.526 0.6999999881
34929  -22.522  -39.450  22.975 0.3000000119
34907  -22.855  -40.108  23.468 0.3000000119
33113  -23.892  -40.959  24.131 0.5000000000
33188  -27.136  -41.663  18.484 0.6999999881
33182  -28.598  -41.799  19.225 0.6999999881
34077  -29.578  -40.825  19.994 0.6999999881
34031  -23.690  -40.176  23.780 0.4000000060
114944  -27.586  -41.228  18.620 0.6999999881
34082  -28.240  -41.184  18.909 0.6999999881
34107  -22.636  -40.978  16.342 0.8000000119
33204  -24.295  -41.647  16.831 0.8000000119
33185  -24.840  -41.892  17.446 0.8000000119
33186  -25.658  -41.651  17.833 0.8000000119
34109  -24.938  -40.349  16.645 0.8000000119
126273  -21.380  -40.931  15.876 0.8000000119
34153  -22.560  -40.554  14.808 0.8000000119
34152  -22.025  -39.765  14.920 0.8000000119
114159  -21.784  -40.471  15.425 0.8999999762
131107  -23.590  -40.817  14.678 0.8999999762
34154  -24.241  -40.514  14.687 0.8000000119
35044  -25.792  -39.692  15.245 0.8000000119
34124  -28.306  -40.685  16.501 0.6999999881
33219  -29.773  -41.810  16.503 0.6000000238
34142  -26.380  -40.378  15.616 0.6999999881
34143  -27.293  -40.768  16.231 0.6999999881
36730  -25.796  -37.385  14.600 0.6999999881
133782  -27.160  -43.755  24.491 0.6999999881
114574  -25.916  -42.047  24.471 0.6000000238
33116  -26.503  -41.544  24.537 0.6000000238
32265  -26.612  -42.475  24.510 0.6999999881
32266  -27.520  -42.676  24.432 0.6999999881
126071  -28.270  -42.896  24.151 0.6999999881
128560  -25.114  -43.384  23.936 0.6000000238
32267  -28.132  -42.090  24.267 0.6999999881
124462  -28.784  -42.378  23.754 0.6999999881
133881  -28.856  -43.050  23.680 0.6999999881
32263  -25.139  -42.022  24.354 0.6000000238
34049  -22.035  -40.137  23.125 0.3000000119
33114  -24.779  -41.202  24.360 0.5000000000
34016  -26.242  -40.701  24.536 0.6000000238
133246  -29.730  -41.616  21.916 0.6999999881
34909  -24.406  -39.463  23.766 0.4000000060
34014  -24.512  -40.365  24.188 0.5000000000
34015  -25.371  -40.550  24.432 0.6000000238
114133  -29.702  -41.079  21.547 0.6999999881
33176  -29.710  -41.409  20.629 0.6999999881
34083  -29.030  -41.056  19.406 0.6999999881
35723  -23.889  -38.754  23.266 0.3000000119
120509  -28.610  -40.536  18.934 0.6999999881
34091  -25.185  -41.125  17.333 0.8000000119
34992  -25.819  -40.254  17.335 0.8000000119
34993  -26.719  -40.109  17.781 0.6999999881
132296  -27.206  -39.752  17.882 0.6999999881
34995  -28.250  -39.569  18.386 0.6999999881
35008  -23.527  -40.091  16.364 0.8000000119
34139  -21.702  -39.464  15.197 0.8000000119
34106  -21.381  -40.924  15.980 0.8000000119
34123  -22.115  -40.240  15.854 0.8000000119
35009  -24.578  -39.605  16.513 0.8000000119
34165  -22.565  -39.773  14.667 0.8000000119
36711  -22.174  -38.187  15.127 0.8000000119
35846  -24.052  -38.378  15.781 0.8000000119
36713  -24.317  -37.515  15.662 0.8000000119
37578  -23.387  -36.759  15.259 0.8000000119
127370  -29.153  -40.070  16.462 0.6000000238
35032  -28.101  -40.003  16.451 0.6999999881
35061  -25.316  -39.133  14.792 0.8000000119
119364  -26.652  -39.365  15.538 0.6000000238
126079  -25.674  -36.846  14.426 0.6999999881
37598  -26.223  -36.766  14.443 0.6000000238
35857  -26.945  -38.551  15.412 0.6000000238
33115  -25.667  -41.355  24.470 0.6000000238
33135  -28.666  -41.562  23.864 0.6999999881
124412  -29.099  -41.161  23.386 0.6999999881
117463  -26.775  -40.020  24.521 0.6000000238
113303  -29.488  -41.255  22.544 0.6999999881
34881  -25.130  -39.850  24.261 0.4000000060
34032  -28.603  -40.625  23.905 0.6999999881
34050  -29.545  -40.423  22.268 0.6999999881
34882  -25.908  -39.881  24.458 0.5000000000
34883  -26.486  -39.243  24.294 0.5000000000
127096  -29.698  -40.296  21.524 0.6999999881
112552  -29.721  -40.545  20.761 0.6999999881
35724  -24.747  -38.600  23.519 0.3000000119
34081  -27.840  -40.671  18.602 0.6999999881
35748  -24.245  -38.076  23.051 0.3000000119
36614  -24.549  -37.509  22.866 0.3000000119
113749  -29.332  -40.275  19.396 0.6999999881
121684  -29.847  -39.875  20.115 0.6999999881
34978  -28.928  -39.866  18.824 0.6999999881
35794  -30.107  -39.005  18.980 0.6999999881
116501  -27.594  -39.405  17.958 0.6999999881
34994  -27.519  -40.067  18.244 0.6999999881
35805  -29.925  -38.407  18.544 0.6999999881
35804  -28.231  -38.893  18.021 0.6999999881
36676  -29.027  -38.220  17.867 0.6999999881
35029  -21.878  -39.248  15.357 0.8000000119
35031  -23.785  -39.197  16.103 0.8000000119
117664  -26.989  -39.358  17.612 0.6999999881
36702  -29.156  -37.287  17.690 0.6999999881
126854  -21.814  -40.185  15.417 0.8000000119
35030  -22.795  -39.543  15.806 0.8000000119
35825  -24.849  -38.903  16.401 0.8000000119
35010  -25.463  -39.548  16.764 0.8000000119
35826  -25.830  -38.632  16.725 0.8000000119
36674  -27.309  -37.874  17.253 0.8000000119
37569  -28.464  -36.597  17.317 0.6999999881
35856  -21.801  -38.591  15.062 0.8000000119
36714  -25.277  -37.329  16.126 0.8000000119
37567  -26.853  -37.120  16.746 0.8000000119
35074  -22.045  -39.128  14.665 0.8000000119
36727  -22.297  -38.083  14.834 0.8000000119
36712  -23.027  -37.689  15.297 0.8000000119
37579  -24.676  -36.723  15.637 0.8000000119
37581  -26.451  -36.334  16.389 0.8000000119
35075  -23.003  -39.269  14.503 0.8000000119
36720  -22.667  -37.289  15.067 0.8000000119
121703  -25.007  -36.059  15.634 0.8000000119
117667  -26.361  -34.835  16.030 0.8000000119
36744  -22.993  -37.642  14.619 0.8000000119
116021  -24.089  -36.059  15.334 0.8000000119
35890  -23.799  -37.991  14.468 0.8000000119
35047  -29.553  -39.186  16.076 0.5000000000
35858  -27.969  -38.319  15.430 0.6000000238
36745  -23.989  -37.057  14.273 0.8000000119
36729  -24.790  -37.701  14.422 0.8000000119
35046  -28.434  -39.119  16.200 0.6000000238
35875  -28.724  -37.886  14.786 0.6000000238
36721  -27.180  -37.900  15.197 0.6000000238
36732  -27.824  -37.584  14.770 0.6000000238
128541  -27.207  -40.844  24.538 0.6999999881
33118  -28.033  -41.236  24.353 0.6999999881
34885  -28.141  -39.730  24.225 0.6999999881
114476  -28.865  -39.756  23.531 0.6999999881
34033  -29.242  -40.489  23.143 0.6999999881
34884  -27.313  -39.449  24.373 0.5000000000
34912  -28.473  -39.008  23.725 0.6999999881
35725  -25.451  -38.359  23.609 0.4000000060
36593  -26.158  -37.383  23.338 0.4000000060
35726  -26.353  -38.338  23.752 0.5000000000
34930  -29.674  -39.663  22.002 0.6999999881
34070  -29.853  -39.773  21.092 0.6999999881
36615  -25.292  -37.224  22.975 0.3000000119
36616  -25.907  -36.740  22.951 0.3000000119
36594  -27.065  -37.552  23.476 0.5000000000
35768  -30.047  -38.664  21.482 0.6999999881
34964  -30.204  -39.073  20.699 0.6999999881
128516  -24.515  -36.868  22.545 0.3000000119
110649  -26.180  -36.137  22.679 0.3000000119
35781  -30.529  -38.527  20.110 0.6999999881
38388  -25.685  -35.480  22.484 0.3000000119
112400  -30.646  -37.308  19.252 0.6999999881
35827  -26.696  -38.642  17.257 0.8000000119
36675  -28.077  -38.254  17.613 0.6999999881
36677  -29.790  -37.675  18.182 0.6999999881
36701  -28.279  -37.538  17.454 0.6999999881
37570  -29.350  -36.508  17.688 0.6999999881
35845  -22.739  -38.678  15.453 0.8000000119
36698  -25.070  -38.113  16.214 0.8000000119
37568  -27.630  -36.958  17.041 0.8000000119
35844  -21.621  -38.658  15.022 0.8000000119
37583  -27.754  -36.177  16.808 0.8000000119
36719  -22.267  -38.056  15.102 0.8000000119
38456  -25.765  -35.618  15.874 0.8000000119
125505  -26.563  -35.541  16.252 0.8000000119
36728  -22.672  -37.425  14.880 0.8000000119
119766  -23.261  -36.053  15.063 0.8000000119
38455  -24.552  -35.238  15.493 0.8000000119
39282  -24.559  -34.312  15.536 0.8000000119
112931  -23.863  -36.193  14.227 0.8000000119
118623  -23.425  -36.086  14.528 0.8000000119
38454  -23.336  -35.378  15.187 0.8000000119
39281  -23.409  -34.423  15.368 0.8000000119
111742  -25.931  -32.929  15.802 0.8000000119
36746  -25.011  -36.916  14.292 0.8000000119
123753  -27.493  -40.100  24.449 0.6000000238
34911  -27.795  -38.919  24.131 0.6000000238
36591  -24.980  -37.911  23.300 0.3000000119
35728  -28.083  -38.439  23.765 0.6000000238
35727  -27.400  -38.313  23.797 0.5000000000
35749  -28.626  -38.281  23.351 0.6999999881
34913  -29.160  -38.997  23.046 0.6999999881
122136  -29.642  -38.853  22.195 0.6999999881
36595  -27.954  -37.771  23.518 0.6000000238
36617  -28.632  -37.458  22.981 0.6999999881
35750  -29.233  -38.145  22.678 0.6999999881
115325  -29.818  -38.037  21.915 0.6999999881
37499  -25.260  -36.298  22.568 0.3000000119
36618  -29.354  -37.328  22.341 0.6999999881
38387  -24.785  -35.384  22.348 0.3000000119
113859  -26.846  -34.060  22.533 0.3000000119
36638  -30.051  -37.177  21.579 0.6999999881
35769  -30.372  -38.105  20.975 0.6999999881
116058  -25.073  -32.148  22.516 0.3000000119
125348  -25.175  -32.885  22.519 0.3000000119
112030  -26.067  -33.925  22.483 0.3000000119
40048  -26.398  -33.238  22.542 0.3000000119
42613  -24.887  -31.450  22.447 0.3000000119
131568  -30.358  -37.826  18.682 0.6999999881
113061  -29.815  -37.026  17.957 0.6999999881
38459  -28.305  -35.735  17.083 0.8000000119
38457  -27.063  -35.069  16.376 0.8000000119
39284  -26.935  -34.211  16.278 0.8000000119
37596  -22.961  -36.426  14.970 0.8000000119
38463  -22.961  -35.561  14.880 0.8000000119
39302  -22.551  -34.648  14.647 0.8000000119
39294  -22.620  -34.684  15.046 0.8000000119
40976  -23.357  -32.938  15.396 0.8000000119
40977  -24.302  -32.796  15.491 0.8000000119
122291  -25.139  -33.556  15.612 0.8000000119
40125  -22.629  -33.206  15.216 0.8000000119
37608  -24.638  -36.264  14.107 0.8000000119
38476  -25.416  -34.984  13.596 0.6999999881
37597  -25.586  -36.409  14.232 0.6000000238
111934  -26.860  -34.855  22.473 0.4000000060
131109  -28.719  -35.775  22.427 0.6000000238
124758  -29.526  -36.654  22.094 0.6999999881
39216  -28.896  -34.668  22.330 0.4000000060
37518  -30.499  -36.554  21.017 0.6999999881
36650  -30.692  -37.779  20.070 0.6999999881
41778  -27.055  -31.750  22.232 0.3000000119
37517  -30.000  -36.251  21.639 0.6000000238
38413  -30.607  -35.888  20.371 0.6999999881
37554  -30.477  -36.618  18.854 0.6999999881
38428  -30.576  -35.562  19.588 0.6999999881
37553  -30.058  -36.343  18.259 0.6999999881
39273  -29.483  -34.937  17.830 0.6999999881
130563  -27.176  -36.482  16.676 0.8000000119
37582  -27.130  -35.839  16.509 0.8000000119
38458  -27.697  -35.393  16.685 0.8000000119
39283  -25.482  -34.596  15.699 0.8000000119
112593  -27.549  -33.613  16.554 0.8000000119
40993  -25.581  -32.010  15.697 0.8000000119
129376  -23.009  -34.151  13.659 0.8000000119
40145  -22.119  -33.420  14.506 0.8000000119
40991  -22.880  -32.546  15.072 0.8000000119
41850  -23.645  -32.265  15.237 0.8000000119
41000  -22.317  -32.912  14.786 0.8000000119
130206  -26.950  -36.688  14.263 0.6000000238
38475  -24.378  -35.484  13.840 0.8000000119
38477  -26.390  -35.265  13.643 0.6000000238
39311  -25.263  -34.126  13.488 0.6999999881
111701  -25.939  -33.531  13.298 0.6999999881
37487  -27.755  -36.818  23.136 0.6000000238
111319  -27.985  -35.961  22.601 0.6000000238
111971  -28.760  -36.559  22.557 0.6000000238
40049  -27.788  -33.835  22.535 0.3000000119
122420  -27.252  -33.171  22.539 0.3000000119
40050  -28.508  -33.714  22.370 0.3000000119
39227  -29.520  -34.600  21.998 0.5000000000
40064  -29.072  -33.254  21.969 0.3000000119
40065  -29.683  -33.875  21.719 0.5000000000
122809  -30.481  -35.125  20.917 0.6999999881
42630  -26.603  -30.421  21.616 0.3000000119
120891  -27.253  -31.077  21.780 0.3000000119
40082  -30.564  -33.517  20.383 0.4000000060
43612  -26.275  -29.647  21.314 0.3000000119
39266  -30.482  -34.782  19.079 0.6000000238
117584  -29.598  -34.116  17.877 0.6000000238
121835  -30.256  -33.949  18.550 0.6000000238
39272  -28.884  -34.449  17.406 0.8000000119
40117  -29.895  -33.292  17.987 0.6000000238
39286  -28.257  -34.908  17.003 0.8000000119
40116  -29.041  -33.460  17.330 0.6999999881
39285  -27.628  -34.542  16.615 0.8000000119
40129  -28.234  -34.005  16.978 0.8000000119
129092  -28.239  -33.100  16.814 0.6999999881
40966  -28.881  -32.685  16.984 0.6999999881
40967  -29.627  -32.528  17.436 0.6999999881
40128  -26.771  -33.253  16.218 0.8000000119
110746  -28.302  -32.244  16.680 0.6999999881
40979  -26.549  -32.354  16.070 0.8000000119
41851  -27.055  -31.914  16.139 0.8000000119
117745  -27.715  -31.731  16.343 0.6999999881
41852  -28.549  -31.501  16.430 0.6999999881
113787  -22.647  -34.661  14.007 0.8000000119
39309  -22.408  -33.706  13.870 0.8000000119
40978  -25.132  -32.637  15.589 0.8000000119
41863  -26.398  -31.650  15.805 0.8000000119
40152  -22.459  -32.897  13.892 0.8000000119
41861  -23.903  -31.741  14.992 0.8000000119
124386  -25.692  -31.468  15.436 0.8000000119
38474  -23.416  -35.476  14.137 0.8000000119
40153  -23.112  -33.283  13.619 0.8000000119
41874  -23.409  -31.723  14.360 0.8000000119
42696  -24.228  -31.279  14.572 0.8000000119
115308  -23.605  -34.798  13.750 0.8000000119
39310  -24.108  -33.897  13.513 0.8000000119
40154  -24.878  -33.199  13.282 0.6999999881
38478  -27.356  -35.617  13.563 0.6000000238
39314  -28.274  -35.167  13.210 0.6000000238
132232  -24.592  -34.696  13.603 0.8000000119
40155  -26.480  -32.914  13.073 0.6999999881
39228  -30.149  -34.483  21.371 0.5000000000
40903  -27.608  -32.414  22.314 0.3000000119
117040  -29.803  -33.235  21.448 0.4000000060
40066  -30.237  -33.721  21.086 0.5000000000
113058  -30.640  -34.958  20.060 0.6000000238
110410  -28.123  -30.989  21.566 0.3000000119
39257  -30.683  -34.112  19.819 0.6000000238
127014  -28.273  -30.394  21.249 0.3000000119
42632  -28.979  -30.862  21.220 0.3000000119
40102  -30.677  -33.281  19.674 0.6000000238
112043  -30.575  -33.838  19.192 0.6000000238
43630  -27.397  -29.217  20.767 0.3000000119
42651  -29.803  -30.659  20.589 0.3000000119
43629  -26.688  -29.121  20.839 0.3000000119
40109  -30.471  -33.070  18.812 0.6000000238
44630  -25.783  -28.372  20.524 0.3000000119
40981  -29.135  -31.995  16.824 0.6999999881
41864  -27.186  -31.399  15.823 0.6999999881
41865  -28.005  -31.117  15.996 0.6999999881
42698  -26.410  -31.085  15.255 0.6999999881
42697  -25.267  -31.163  14.863 0.8000000119
42711  -25.873  -30.703  14.335 0.6999999881
41006  -22.869  -32.285  14.081 0.8000000119
41881  -23.681  -31.476  13.714 0.6999999881
42709  -23.927  -30.958  13.780 0.8000000119
42710  -24.684  -30.749  14.026 0.6000000238
38488  -29.189  -35.480  12.745 0.6000000238
124673  -23.962  -32.888  13.413 0.6999999881
41008  -24.456  -32.003  12.992 0.6999999881
40161  -27.449  -33.068  13.059 0.6999999881
41009  -25.537  -32.770  13.033 0.6999999881
43728  -27.899  -29.043  10.917 0.5000000000
43718  -28.635  -29.859  11.416 0.5000000000
40952  -30.665  -32.433  19.498 0.6000000238
40959  -30.495  -32.162  18.686 0.6000000238
119911  -30.234  -31.926  17.874 0.6000000238
41842  -29.810  -31.613  17.199 0.6999999881
45610  -24.577  -27.297  19.668 0.3000000119
41853  -29.388  -31.242  16.583 0.6999999881
42688  -28.887  -30.884  16.098 0.6999999881
43684  -24.074  -30.084  13.195 0.6999999881
42712  -27.052  -30.648  14.489 0.6999999881
42713  -28.101  -30.495  14.620 0.6000000238
41007  -23.389  -32.216  13.578 0.6999999881
41013  -23.842  -31.090  13.146 0.6999999881
42723  -23.909  -30.482  13.165 0.6999999881
43700  -24.528  -29.600  12.540 0.6000000238
41885  -24.232  -30.975  12.631 0.6999999881
39320  -28.023  -34.004  13.093 0.6000000238
39321  -28.953  -34.556  12.848 0.5000000000
41014  -25.813  -32.141  12.742 0.6999999881
41886  -26.342  -31.515  12.379 0.6999999881
41887  -27.488  -31.673  12.528 0.6999999881
41892  -28.021  -31.112  12.214 0.6000000238
41829  -30.626  -31.581  19.337 0.5000000000
42668  -30.575  -30.799  19.085 0.4000000060
41835  -30.484  -31.368  18.482 0.6000000238
42674  -30.525  -30.585  18.272 0.5000000000
42681  -30.045  -30.834  16.930 0.6000000238
46612  -24.364  -26.830  19.017 0.3000000119
46613  -25.093  -26.860  19.169 0.3000000119
42701  -29.372  -30.402  15.610 0.6000000238
42700  -28.477  -30.676  15.453 0.6000000238
43701  -25.920  -29.454  12.939 0.6000000238
43687  -27.706  -30.199  13.811 0.6000000238
42726  -23.969  -30.323  12.756 0.6999999881
123877  -24.681  -29.602  12.915 0.6000000238
43686  -26.575  -30.209  13.656 0.6000000238
120846  -23.997  -29.974  12.845 0.6999999881
127239  -24.726  -29.231  12.182 0.6000000238
42728  -25.651  -30.655  11.796 0.6999999881
41888  -28.441  -31.837  12.600 0.6999999881
124543  -28.271  -33.166  12.927 0.6000000238
40162  -29.607  -33.475  12.405 0.5000000000
41889  -29.176  -31.995  12.501 0.6000000238
41019  -29.710  -32.599  12.263 0.6000000238
41020  -30.325  -32.380  11.700 0.5000000000
42734  -26.607  -30.194  11.506 0.6000000238
41893  -28.898  -31.304  12.246 0.5000000000
42735  -27.692  -30.435  11.660 0.5000000000
42737  -29.426  -30.790  11.784 0.5000000000
42738  -30.306  -30.685  11.437 0.5000000000
129241  -29.648  -30.103  11.439 0.5000000000
43719  -29.509  -29.511  11.173 0.5000000000
43653  -30.404  -29.635  19.356 0.4000000060
123907  -30.587  -30.071  18.836 0.4000000060
43660  -30.527  -29.361  18.666 0.4000000060
44650  -28.709  -28.351  19.796 0.4000000060
42682  -30.388  -30.322  17.483 0.6000000238
46626  -25.566  -26.533  18.636 0.3000000119
45619  -27.057  -27.121  19.291 0.3000000119
42702  -30.004  -30.091  15.897 0.6000000238
47746  -25.094  -25.622  17.445 0.3000000119
43676  -29.890  -29.777  15.196 0.6000000238
43688  -28.665  -30.002  14.001 0.5000000000
42714  -29.045  -30.239  14.823 0.6000000238
43702  -27.283  -29.539  13.221 0.6000000238
43703  -28.277  -29.544  13.396 0.6000000238
110482  -25.055  -29.123  12.421 0.6000000238
45667  -26.524  -28.011  12.213 0.6000000238
44716  -25.307  -27.999  11.904 0.6000000238
127724  -25.704  -29.894  11.476 0.6999999881
43729  -28.920  -28.902  10.824 0.5000000000
43652  -30.005  -29.253  19.869 0.4000000060
124964  -30.560  -29.832  18.106 0.4000000060
44652  -30.288  -28.871  19.207 0.4000000060
44660  -30.015  -28.111  18.929 0.4000000060
43666  -30.485  -29.517  17.382 0.4000000060
42690  -30.277  -30.012  16.626 0.5000000000
133338  -25.992  -26.223  18.190 0.3000000119
125107  -26.690  -26.184  18.023 0.3000000119
46627  -27.296  -26.614  18.580 0.4000000060
43677  -30.290  -29.475  15.944 0.4000000060
47748  -27.005  -25.626  17.409 0.3000000119
46638  -27.587  -26.181  17.844 0.4000000060
43689  -29.485  -29.621  14.324 0.5000000000
43704  -29.148  -29.281  13.499 0.5000000000
133995  -28.660  -29.127  13.107 0.5000000000
44703  -26.956  -28.861  12.568 0.6000000238
44705  -29.053  -28.662  12.817 0.5000000000
45666  -25.512  -27.893  12.058 0.6000000238
45682  -26.088  -27.367  11.715 0.6000000238
43726  -25.903  -29.017  11.042 0.6000000238
44723  -25.326  -27.982  11.425 0.6000000238
43716  -26.247  -29.365  11.197 0.5000000000
43717  -27.368  -29.653  11.283 0.5000000000
118372  -27.003  -29.001  10.980 0.5000000000
44731  -28.140  -28.459  10.567 0.5000000000
119115  -28.755  -28.122  10.376 0.5000000000
44732  -29.621  -28.384  10.555 0.5000000000
129647  -30.536  -29.188  18.007 0.4000000060
44661  -30.404  -28.655  18.408 0.4000000060
44669  -30.494  -28.627  17.462 0.4000000060
43671  -30.481  -29.134  16.657 0.4000000060
45623  -30.212  -27.908  18.028 0.4000000060
116742  -30.477  -28.709  15.967 0.4000000060
47747  -26.024  -25.696  17.566 0.3000000119
44690  -30.247  -28.454  14.124 0.4000000060
129793  -30.301  -29.079  15.376 0.5000000000
47761  -25.610  -25.153  17.021 0.3000000119
44706  -29.817  -28.599  13.340 0.4000000060
128522  -28.490  -28.428  12.561 0.5000000000
45670  -29.788  -27.935  12.749 0.4000000060
45668  -27.803  -28.103  12.358 0.5000000000
45669  -28.888  -27.923  12.400 0.5000000000
45681  -25.536  -27.428  11.510 0.6000000238
46697  -26.410  -26.602  11.472 0.5000000000
45683  -27.155  -27.316  11.867 0.5000000000
43727  -26.226  -28.630  10.797 0.5000000000
44728  -25.544  -28.079  10.896 0.6000000238
46708  -25.341  -26.445  11.019 0.6000000238
46696  -25.635  -26.812  11.294 0.6000000238
45703  -25.869  -27.165  10.554 0.6000000238
44730  -27.172  -28.358  10.592 0.5000000000
45704  -27.841  -27.752  10.332 0.5000000000
44733  -30.489  -28.569  10.489 0.5000000000
44729  -26.218  -27.970  10.546 0.5000000000
123618  -24.756  -21.955  16.641 0.3000000119
127837  -26.199  -22.841  16.641 0.4000000060
50629  -26.855  -22.453  16.534 0.4000000060
47843  -25.427  -25.508  10.738 0.5000000000
52436  -24.654  -20.399  16.427 0.4000000060
46738  -25.610  -26.172  10.459 0.5000000000
48796  -26.731  -24.791  11.087 0.5000000000
48797  -27.775  -24.631  11.467 0.5000000000
46740  -26.443  -25.387  9.748 0.5000000000
48811  -26.120  -24.343  10.436 0.5000000000
127812  -27.420  -26.628  10.056 0.6000000238
45707  -31.042  -27.869  10.201 0.5000000000
45705  -29.464  -27.626  10.341 0.6000000238
45715  -29.332  -26.805  10.105 0.5000000000
45716  -30.200  -27.234  10.148 0.6000000238
46744  -30.991  -26.951  9.865 0.4000000060
52438  -26.159  -21.234  16.537 0.4000000060
50630  -27.473  -22.846  16.377 0.4000000060
114809  -25.656  -24.727  9.897 0.5000000000
130738  -27.198  -24.822  9.620 0.5000000000
132064  -27.541  -25.737  9.713 0.5000000000
47857  -28.261  -25.446  9.619 0.5000000000
45714  -28.556  -27.235  10.217 0.5000000000
46741  -28.409  -26.340  9.913 0.5000000000
127272  -31.741  -26.624  9.989 0.4000000060
46743  -30.116  -26.417  9.882 0.5000000000
123331  -27.484  -21.213  16.215 0.4000000060
52451  -25.388  -19.926  16.363 0.4000000060
111863  -26.221  -24.414  9.759 0.5000000000
48812  -27.120  -24.244  10.780 0.4000000060
46742  -29.197  -25.972  9.815 0.4000000060
111879  -29.957  -25.423  9.684 0.4000000060
113041  -30.931  -26.060  9.752 0.5000000000
47859  -31.795  -25.765  10.001 0.3000000119
49763  -27.557  -23.727  10.285 0.4000000060
47858  -28.991  -25.191  9.578 0.4000000060
48837  -30.971  -24.961  9.759 0.5000000000
119959  -31.956  -24.893  10.090 0.4000000060
48836  -29.259  -24.586  9.568 0.4000000060
48841  -35.151  -24.415  9.296 0.4000000060
125921  -30.062  -24.587  9.626 0.4000000060
48839  -32.796  -24.405  10.142 0.4000000060
49765  -29.784  -23.146  9.503 0.4000000060
49768  -33.340  -23.674  9.843 0.4000000060
48840  -34.064  -24.404  10.004 0.4000000060
49769  -34.383  -23.556  9.552 0.4000000060
49770  -35.615  -23.667  8.647 0.4000000060
49766  -30.504  -23.009  9.280 0.4000000060
48838  -31.500  -23.917  9.835 0.3000000119
49767  -32.322  -23.289  9.708 0.4000000060
50699  -30.656  -22.256  8.655 0.4000000060
50698  -29.927  -22.291  8.878 0.4000000060
50700  -31.687  -22.328  8.821 0.3000000119
50701  -33.277  -22.655  9.498 0.4000000060
50703  -35.615  -22.834  8.585 0.4000000060
125024  -31.322  -22.920  9.314 0.3000000119
51627  -32.462  -21.729  8.839 0.4000000060
51628  -33.865  -21.842  9.025 0.5000000000
50709  -30.996  -21.941  8.527 0.4000000060
117908  -24.135  -54.844  15.443 0.6999999881
22775  -29.478  -53.540  18.697 0.6999999881
23587  -29.380  -52.440  21.461 0.6999999881
118281  -28.914  -50.826  17.811 0.8000000119
25161  -29.866  -50.497  19.808 0.8000000119
24365  -27.705  -51.679  23.479 0.6000000238
25151  -28.552  -50.289  23.307 0.6000000238
128231  -28.842  -48.134  18.157 0.8000000119
22729  -23.117  -53.165  22.229 0.4000000060
29628  -21.208  -45.657  15.981 0.8000000119
25950  -24.083  -49.452  23.592 0.5000000000
29584  -29.692  -46.025  20.850 0.8000000119
30593  -29.128  -44.847  19.054 0.8000000119
125386  -29.297  -45.955  22.762 0.8000000119
29562  -20.654  -45.033  22.146 0.4000000060
131359  -22.876  -45.541  22.430 0.5000000000
30536  -24.616  -45.057  23.336 0.6000000238
34092  -26.112  -40.919  17.891 0.6999999881
33136  -29.248  -41.881  23.195 0.6999999881
34017  -27.933  -40.497  24.376 0.6999999881
38449  -29.483  -35.747  17.786 0.6999999881
124572  -29.931  -35.349  21.705 0.6000000238
38441  -30.420  -35.844  18.923 0.6999999881
38440  -30.020  -35.385  18.373 0.6000000238
42652  -30.530  -30.943  19.924 0.4000000060
45706  -30.172  -27.897  10.485 0.5000000000
44675  -30.528  -28.402  16.640 0.4000000060
48835  -28.165  -24.429  9.593 0.4000000060
116885  -21.460  -56.948  14.274 0.5000000000
20365  -21.899  -56.099  13.812 0.5000000000
23636  -23.835  -52.686  13.780 0.5000000000
128080  -25.089  -58.126  22.163 0.5000000000
22780  -28.397  -53.787  17.235 0.6999999881
23610  -24.282  -52.485  15.602 0.6999999881
25177  -23.547  -50.260  16.483 0.6999999881
128626  -23.340  -50.540  14.632 0.6999999881
26019  -25.680  -49.616  14.493 0.5000000000
27714  -25.906  -47.205  15.114 0.5000000000
113271  -26.006  -54.679  23.006 0.6000000238
24405  -27.560  -51.333  16.753 0.6999999881
26836  -23.119  -48.543  15.359 0.6999999881
115854  -27.674  -54.868  22.734 0.6000000238
124996  -27.733  -48.296  14.928 0.4000000060
24388  -29.822  -51.219  20.299 0.8000000119
22731  -25.472  -53.149  22.407 0.6000000238
21896  -25.057  -53.323  21.629 0.6000000238
27710  -21.895  -47.187  15.677 0.8000000119
23565  -28.110  -52.306  23.215 0.6999999881
124064  -29.759  -49.878  19.412 0.6999999881
22768  -22.944  -53.746  20.086 0.5000000000
26803  -27.700  -48.520  17.368 0.8000000119
28660  -26.422  -46.550  15.212 0.5000000000
23586  -24.887  -52.076  21.191 0.6000000238
133657  -25.748  -48.506  16.857 0.8000000119
29642  -25.097  -44.986  14.866 0.6999999881
28645  -26.939  -45.961  15.315 0.6000000238
28608  -24.193  -46.256  17.069 0.8999999762
29611  -22.125  -45.928  16.554 0.8000000119
30626  -27.324  -44.612  15.561 0.6000000238
29632  -29.574  -45.889  15.654 0.4000000060
22714  -22.819  -53.542  23.299 0.3000000119
24384  -24.751  -51.849  21.372 0.5000000000
23584  -24.126  -52.239  21.293 0.5000000000
23583  -23.576  -52.779  20.876 0.5000000000
132679  -22.694  -53.614  21.813 0.4000000060
28622  -26.406  -46.617  17.280 0.8999999762
119163  -22.857  -43.909  15.177 0.8000000119
26762  -27.858  -48.941  24.069 0.6000000238
119232  -27.110  -49.151  24.241 0.6000000238
119100  -28.563  -47.884  23.497 0.6000000238
27642  -29.176  -47.144  22.668 0.8000000119
25138  -25.957  -49.813  23.496 0.5000000000
22730  -23.704  -52.355  22.052 0.4000000060
24376  -24.922  -51.082  21.836 0.5000000000
31527  -26.288  -43.492  15.328 0.6999999881
132104  -28.173  -42.709  16.402 0.6000000238
31514  -30.185  -43.287  16.431 0.4000000060
26744  -26.569  -48.483  24.308 0.6000000238
25125  -23.202  -50.909  24.283 0.5000000000
24352  -23.774  -51.293  23.574 0.5000000000
25136  -24.649  -50.047  23.218 0.5000000000
27599  -26.838  -47.677  24.426 0.6000000238
26758  -22.995  -48.506  23.640 0.5000000000
26759  -23.892  -48.547  23.414 0.6000000238
27619  -23.416  -47.854  23.087 0.6000000238
25941  -23.157  -49.942  24.258 0.5000000000
27617  -21.225  -47.402  22.207 0.6000000238
27620  -24.463  -47.430  23.077 0.6000000238
25951  -24.919  -49.424  23.073 0.5000000000
26760  -25.314  -48.525  23.385 0.5000000000
30549  -19.958  -44.465  22.147 0.4000000060
31468  -30.060  -43.270  21.105 0.6999999881
31498  -25.211  -43.562  17.540 0.8000000119
119331  -22.178  -43.168  16.399 0.8999999762
29565  -23.429  -45.714  22.516 0.5000000000
124812  -24.118  -47.815  23.067 0.6000000238
27621  -25.053  -47.339  23.319 0.6000000238
29544  -24.607  -46.003  23.172 0.6000000238
30534  -22.342  -44.139  23.203 0.4000000060
112761  -24.112  -44.266  23.328 0.5000000000
33133  -22.055  -41.608  23.532 0.4000000060
32284  -23.899  -42.849  23.779 0.5000000000
32329  -28.184  -42.450  18.880 0.6999999881
32358  -21.768  -42.491  16.068 0.8000000119
114638  -24.943  -44.110  23.670 0.6000000238
116017  -29.852  -41.977  21.302 0.6999999881
33134  -23.254  -41.399  23.911 0.5000000000
33183  -29.411  -41.791  19.890 0.6999999881
34030  -22.519  -40.898  23.567 0.4000000060
34140  -24.890  -40.885  15.203 0.8000000119
31414  -26.339  -43.220  24.412 0.6000000238
32264  -25.660  -42.812  24.294 0.6000000238
31415  -27.002  -43.245  24.530 0.6999999881
31432  -24.420  -43.491  23.664 0.5000000000
34908  -23.362  -39.444  23.378 0.3000000119
35059  -23.387  -40.143  14.573 0.8999999762
34155  -24.954  -39.991  14.813 0.8000000119
35060  -24.083  -39.714  14.525 0.8000000119
35062  -26.085  -38.835  15.177 0.6000000238
35045  -27.348  -39.738  16.006 0.6000000238
35874  -26.395  -38.019  15.033 0.6000000238
33117  -27.351  -41.810  24.499 0.6999999881
34910  -25.494  -39.087  24.013 0.4000000060
35011  -26.269  -39.419  17.274 0.8000000119
35889  -22.777  -38.373  14.583 0.8000000119
35872  -24.692  -38.551  14.533 0.8000000119
35698  -27.081  -38.820  24.159 0.5000000000
34951  -29.926  -39.214  21.507 0.6999999881
35793  -29.201  -39.094  18.544 0.6999999881
34965  -30.230  -39.089  19.691 0.6999999881
36659  -30.516  -38.344  19.271 0.6999999881
36699  -25.748  -37.841  16.481 0.8000000119
36700  -26.429  -37.901  16.779 0.8000000119
37566  -26.047  -37.185  16.468 0.8000000119
134047  -29.463  -39.314  22.527 0.6999999881
36592  -25.645  -37.834  23.428 0.3000000119
37486  -26.690  -36.746  23.116 0.4000000060
39214  -27.568  -34.611  22.487 0.3000000119
36639  -30.531  -37.308  20.783 0.6999999881
40902  -26.755  -32.463  22.479 0.3000000119
39312  -26.233  -34.401  13.469 0.6999999881
38391  -28.285  -35.141  22.436 0.6000000238
38392  -29.157  -35.244  22.255 0.6000000238
37501  -29.377  -35.968  22.163 0.6000000238
39215  -28.361  -34.334  22.445 0.4000000060
38403  -30.412  -35.823  21.179 0.6999999881
37526  -30.675  -36.871  20.175 0.6999999881
37537  -30.600  -36.352  19.518 0.6999999881
40980  -27.446  -32.579  16.447 0.8000000119
41862  -24.849  -31.598  15.192 0.8000000119
40156  -26.933  -33.758  13.297 0.6000000238
39313  -27.228  -34.700  13.399 0.6000000238
40904  -28.156  -33.123  22.375 0.3000000119
39239  -30.521  -34.312  20.609 0.5000000000
40936  -30.591  -32.708  20.224 0.5000000000
40118  -30.186  -32.605  18.136 0.6000000238
40160  -26.953  -32.276  12.797 0.6999999881
41797  -28.853  -31.625  21.590 0.3000000119
42631  -27.527  -30.380  21.411 0.3000000119
41798  -29.687  -31.508  21.055 0.3000000119
43631  -28.137  -28.890  20.444 0.3000000119
116655  -25.050  -31.301  12.344 0.6999999881
41843  -30.312  -31.126  17.664 0.6000000238
42727  -24.595  -30.466  12.206 0.6999999881
128186  -28.903  -33.662  12.800 0.5000000000
131868  -30.463  -30.304  19.449 0.4000000060
43714  -24.798  -29.227  11.838 0.6000000238
44715  -24.940  -28.680  11.881 0.6000000238
41894  -29.686  -31.710  12.105 0.6000000238
45613  -28.343  -27.656  19.442 0.4000000060
46614  -26.371  -26.658  18.797 0.3000000119
46637  -25.346  -26.133  17.995 0.3000000119
43690  -30.106  -29.086  14.663 0.5000000000
44704  -28.106  -28.929  12.813 0.5000000000
42733  -24.906  -29.871  11.732 0.5000000000
43705  -29.815  -29.046  13.952 0.5000000000
45671  -30.326  -27.854  13.499 0.4000000060
45684  -28.320  -27.200  11.986 0.5000000000
119644  -26.229  -26.361  10.159 0.6000000238
50628  -25.326  -22.625  16.688 0.3000000119
47844  -25.612  -24.748  10.292 0.5000000000
51567  -26.850  -21.651  16.462 0.4000000060
119306  -30.419  -23.940  9.650 0.4000000060
117037  -29.538  -23.909  9.614 0.4000000060
50702  -34.680  -22.707  9.172 0.4000000060
50708  -30.478  -21.811  8.692 0.4000000060
50711  -35.046  -22.130  8.466 0.3000000119
16971  -27.062  -60.267  16.862 0.5000000000
16986  -26.322  -60.109  16.538 0.5000000000
15995  -28.382  -61.058  20.736 0.4000000060
16944  -28.787  -60.492  19.491 0.5000000000
16960  -28.518  -60.565  18.584 0.5000000000
17851  -27.818  -59.564  17.066 0.5000000000
131639  -27.251  -59.576  16.663 0.6000000238
18702  -26.377  -58.763  16.043 0.6000000238
17822  -28.997  -59.593  19.745 0.5000000000
17806  -28.707  -59.334  20.538 0.5000000000
17837  -28.970  -59.765  18.816 0.5000000000
18692  -28.432  -58.929  17.487 0.5000000000
17789  -28.246  -59.591  21.214 0.5000000000
18691  -27.569  -58.128  16.595 0.6000000238
18690  -27.055  -57.521  16.224 0.6000000238
17850  -27.277  -58.942  16.480 0.6000000238
126952  -26.941  -58.238  16.204 0.6000000238
114888  -26.377  -57.855  15.820 0.6000000238
19515  -26.455  -56.955  15.720 0.6000000238
112364  -25.537  -57.391  15.516 0.6000000238
20341  -24.808  -56.721  15.428 0.6000000238
124172  -29.115  -58.611  20.072 0.5000000000
18681  -28.795  -58.406  17.849 0.5000000000
117065  -28.303  -58.046  17.220 0.6000000238
18643  -28.469  -58.574  21.095 0.5000000000
19505  -27.787  -57.328  16.734 0.6000000238
18620  -27.165  -58.097  22.183 0.5000000000
118364  -27.887  -58.124  21.686 0.5000000000
20333  -27.232  -56.677  16.288 0.6000000238
20342  -25.693  -56.366  15.471 0.6000000238
20340  -23.913  -56.410  15.441 0.6000000238
18682  -29.182  -58.310  18.523 0.5000000000
19500  -28.933  -57.706  17.926 0.5000000000
19479  -28.872  -57.776  20.665 0.5000000000
18659  -29.294  -57.659  19.850 0.5000000000
19501  -29.309  -57.448  18.871 0.5000000000
19506  -28.448  -57.131  17.363 0.6000000238
19462  -28.336  -57.636  21.363 0.5000000000
20334  -28.010  -56.502  16.842 0.6000000238
18619  -26.311  -58.389  22.388 0.5000000000
19446  -27.058  -57.179  22.311 0.5000000000
21148  -27.114  -55.267  16.024 0.6000000238
20343  -26.633  -55.931  15.771 0.6000000238
21146  -24.809  -55.812  15.443 0.6000000238
20301  -29.104  -57.024  20.411 0.5000000000
21130  -29.247  -55.715  18.616 0.5000000000
127186  -29.040  -56.210  18.143 0.6000000238
20285  -28.867  -56.493  20.955 0.5000000000
20335  -28.597  -56.336  17.518 0.6000000238
21129  -28.817  -55.595  17.783 0.6000000238
19445  -26.419  -57.615  22.412 0.5000000000
19443  -25.024  -57.392  21.976 0.5000000000
21147  -25.745  -55.429  15.457 0.6000000238
123383  -24.962  -55.002  15.460 0.6000000238
21088  -29.105  -55.673  20.891 0.5000000000
21101  -29.270  -56.254  20.249 0.5000000000
21119  -29.367  -55.989  19.445 0.5000000000
21930  -29.431  -55.152  19.214 0.6000000238
20269  -27.653  -56.573  22.217 0.5000000000
115164  -26.389  -56.926  22.471 0.5000000000
20268  -26.839  -56.373  22.527 0.6000000238
134165  -29.361  -55.015  20.539 0.6000000238
21915  -29.436  -55.456  20.045 0.5000000000
114486  -29.512  -54.305  18.960 0.5000000000
20270  -28.254  -55.978  22.103 0.6000000238
21087  -28.719  -55.419  21.703 0.6000000238
21939  -29.160  -54.830  18.261 0.6000000238
20267  -25.809  -56.251  22.537 0.5000000000
126044  -27.484  -55.641  22.560 0.6000000238
20283  -24.516  -56.568  21.427 0.4000000060
21898  -29.148  -54.893  21.212 0.6000000238
22761  -29.592  -53.650  20.489 0.6000000238
115305  -29.587  -54.542  19.905 0.5000000000
22769  -29.663  -53.658  19.515 0.6000000238
22774  -29.035  -53.407  17.909 0.6000000238
31529  -27.944  -44.108  15.982 0.5000000000
118835  -28.880  -35.976  17.450 0.6000000238
37609  -26.503  -36.098  14.011 0.5000000000
37610  -27.497  -36.370  13.814 0.5000000000
41015  -27.948  -32.428  12.846 0.5000000000
51635  -35.429  -21.609  7.725 0.3000000119
51641  -35.994  -21.198  7.466 0.3000000119
128313  -36.454  -20.187  7.533 0.3000000119
16006  -28.138  -61.646  20.583 0.4000000060
16034  -28.392  -61.350  19.311 0.5000000000
16972  -27.866  -60.645  17.704 0.5000000000
17865  -25.163  -59.765  15.920 0.5000000000
16927  -28.633  -60.278  20.480 0.4000000060
17866  -25.954  -59.566  16.192 0.6000000238
19514  -25.766  -58.236  15.682 0.6000000238
18701  -25.499  -58.938  15.775 0.5000000000
121610  -25.032  -58.225  15.503 0.5000000000
16906  -27.442  -60.779  21.590 0.4000000060
17788  -27.357  -59.876  21.787 0.5000000000
121125  -26.138  -59.043  22.446 0.5000000000
18642  -27.665  -58.875  21.706 0.5000000000
18618  -25.495  -58.712  22.418 0.3000000119
18658  -23.257  -58.100  21.005 0.4000000060
129481  -28.248  -45.738  15.644 0.4000000060
30628  -29.523  -45.096  16.083 0.4000000060
30627  -28.323  -44.991  15.834 0.4000000060
38390  -27.363  -35.362  22.514 0.4000000060
37599  -27.651  -36.987  14.211 0.5000000000
130195  -28.282  -36.724  13.668 0.5000000000
112163  -28.179  -36.049  13.403 0.5000000000
51640  -34.964  -20.730  7.486 0.3000000119
54438  -36.138  -18.705  6.784 0.3000000119
15994  -27.879  -61.310  21.178 0.4000000060
20266  -24.827  -55.723  22.043 0.5000000000
19444  -25.746  -57.134  22.395 0.5000000000
36733  -28.455  -37.326  14.118 0.5000000000
117657  -25.687  -57.893  22.355 0.4000000060
17867  -26.717  -59.532  16.450 0.6000000238
16007  -28.586  -61.218  20.110 0.4000000060
17852  -28.520  -59.778  17.928 0.5000000000
128507  -27.919  -58.723  16.910 0.6000000238
18669  -29.271  -58.957  19.092 0.5000000000
20324  -29.282  -56.510  18.811 0.5000000000
20315  -29.332  -56.816  19.627 0.5000000000
20284  -28.305  -56.764  21.613 0.5000000000
113824  -28.644  -56.073  21.463 0.5000000000
130101  -34.454  -20.972  7.777 0.4000000060
16905  -26.725  -60.627  22.066 0.4000000060
122527  -24.617  -59.037  15.629 0.4000000060
18700  -24.090  -58.219  15.478 0.4000000060
17764  -26.331  -59.788  22.340 0.4000000060
24351  -22.536  -51.404  24.531 0.4000000060
23551  -23.301  -52.057  23.913 0.4000000060
22715  -23.322  -52.844  22.947 0.4000000060
25940  -22.099  -49.826  24.431 0.4000000060
25124  -22.431  -50.641  24.515 0.4000000060
26742  -19.959  -48.763  24.319 0.4000000060
26743  -20.790  -48.901  24.250 0.4000000060
25939  -21.178  -49.680  24.513 0.4000000060
25949  -22.578  -49.155  24.108 0.4000000060
27597  -18.023  -47.827  24.358 0.3000000119
122427  -19.248  -48.499  24.377 0.3000000119
27635  -18.864  -47.206  22.458 0.4000000060
26757  -21.242  -48.396  23.623 0.4000000060
26741  -18.609  -48.152  24.377 0.4000000060
26755  -19.704  -48.116  23.698 0.5000000000
27650  -19.882  -47.039  21.601 0.4000000060
27637  -20.380  -47.432  22.105 0.5000000000
28586  -19.341  -46.435  21.515 0.4000000060
38389  -26.528  -35.454  22.526 0.3000000119
40920  -30.250  -32.960  20.889 0.3000000119
40919  -29.566  -32.424  21.441 0.3000000119
40935  -30.235  -32.147  20.714 0.3000000119
41815  -30.639  -31.855  20.084 0.3000000119
47811  -25.581  -25.932  11.135 0.4000000060
44651  -29.644  -28.530  19.587 0.3000000119
47812  -26.544  -25.674  11.334 0.4000000060
45614  -29.249  -27.812  19.248 0.3000000119
45620  -27.872  -27.111  19.026 0.3000000119
46699  -28.753  -26.265  11.789 0.4000000060
47813  -27.771  -25.544  11.533 0.3000000119
48834  -26.939  -23.961  9.848 0.4000000060
112085  -28.023  -23.683  9.875 0.3000000119
45622  -29.562  -27.448  18.507 0.3000000119
45630  -29.842  -27.136  17.672 0.3000000119
46628  -28.221  -26.619  18.398 0.3000000119
45621  -28.744  -27.200  18.824 0.3000000119
45631  -30.408  -27.686  17.047 0.3000000119
46639  -28.532  -26.199  17.700 0.3000000119
46640  -29.404  -26.379  17.420 0.3000000119
120234  -29.631  -26.039  16.793 0.3000000119
131772  -30.410  -27.299  16.502 0.3000000119
122560  -30.563  -27.822  16.076 0.3000000119
44681  -30.468  -28.328  15.105 0.3000000119
48762  -26.995  -24.676  16.704 0.3000000119
113604  -26.129  -24.618  16.839 0.3000000119
130124  -26.646  -24.069  16.724 0.3000000119
115139  -30.336  -27.108  13.050 0.3000000119
46683  -29.532  -26.967  12.296 0.3000000119
46700  -29.731  -26.032  11.987 0.3000000119
51554  -25.407  -21.654  16.611 0.3000000119
51555  -26.143  -22.071  16.624 0.3000000119
52452  -26.280  -20.326  16.405 0.3000000119
48824  -26.744  -24.003  10.256 0.3000000119
126462  -28.768  -23.948  9.646 0.3000000119
46645  -30.119  -26.757  16.823 0.3000000119
47750  -28.934  -25.730  17.092 0.3000000119
119737  -30.414  -26.967  15.999 0.3000000119
45646  -30.541  -27.386  15.189 0.3000000119
45654  -30.537  -27.684  14.332 0.3000000119
47749  -27.965  -25.639  17.242 0.3000000119
47764  -28.391  -25.267  16.559 0.3000000119
46656  -30.409  -26.550  15.219 0.3000000119
46668  -30.646  -26.889  14.399 0.3000000119
47763  -27.410  -25.179  16.810 0.3000000119
48763  -28.013  -24.679  16.343 0.3000000119
47765  -29.377  -25.504  16.348 0.3000000119
49699  -25.860  -23.678  16.751 0.3000000119
46684  -30.346  -26.215  12.641 0.3000000119
49700  -26.834  -23.320  16.601 0.3000000119
47814  -28.931  -25.246  11.788 0.3000000119
131683  -26.794  -20.974  16.387 0.3000000119
52453  -27.175  -20.457  16.277 0.3000000119
49731  -27.960  -24.008  11.286 0.3000000119
49746  -27.598  -23.830  10.750 0.3000000119
127730  -28.226  -23.439  10.313 0.3000000119
49764  -28.956  -23.301  9.872 0.3000000119
46644  -30.093  -26.088  16.053 0.3000000119
47773  -30.220  -25.855  15.228 0.3000000119
47783  -30.509  -26.057  14.461 0.3000000119
49702  -28.204  -23.951  16.141 0.3000000119
47771  -28.984  -25.003  15.905 0.3000000119
47772  -29.815  -25.383  15.595 0.3000000119
49701  -27.434  -23.920  16.513 0.3000000119
49710  -27.920  -23.340  16.256 0.3000000119
46685  -30.636  -26.470  13.607 0.3000000119
48786  -29.851  -24.389  13.211 0.3000000119
47815  -30.019  -25.300  12.387 0.3000000119
51568  -27.567  -22.045  16.249 0.3000000119
48799  -29.291  -24.382  12.252 0.3000000119
52454  -27.952  -20.602  16.018 0.3000000119
48798  -28.489  -24.315  11.739 0.3000000119
130827  -27.555  -19.934  16.156 0.3000000119
49732  -28.691  -23.642  11.959 0.3000000119
49738  -28.196  -23.607  11.262 0.3000000119
49747  -28.097  -23.434  10.839 0.3000000119
47782  -30.225  -25.227  14.783 0.3000000119
49711  -28.639  -23.388  15.604 0.3000000119
49712  -29.428  -23.761  15.134 0.3000000119
47796  -30.434  -25.388  13.617 0.3000000119
49718  -29.435  -23.128  14.376 0.3000000119
48777  -29.995  -24.239  14.363 0.3000000119
50639  -28.170  -22.609  15.954 0.3000000119
50640  -28.796  -22.475  15.388 0.3000000119
130782  -28.395  -21.576  15.728 0.3000000119
52455  -28.697  -20.578  15.553 0.3000000119
52467  -29.374  -20.494  14.991 0.3000000119
130680  -29.290  -23.064  12.701 0.3000000119
117259  -28.223  -19.793  15.868 0.3000000119
53358  -28.983  -19.751  15.420 0.3000000119
49739  -28.719  -23.145  11.569 0.3000000119
50669  -29.264  -22.709  11.141 0.3000000119
49748  -28.693  -23.111  10.683 0.3000000119
50697  -29.694  -22.921  9.595 0.3000000119
123267  -29.146  -23.033  15.085 0.3000000119
116303  -29.619  -23.521  13.557 0.3000000119
50641  -29.227  -22.407  14.773 0.3000000119
51569  -29.126  -21.227  15.114 0.3000000119
54359  -29.058  -18.491  14.804 0.3000000119
54347  -28.442  -18.867  15.549 0.3000000119
53371  -29.670  -19.785  14.812 0.3000000119
52468  -30.067  -20.453  14.474 0.3000000119
50662  -29.454  -22.657  12.106 0.3000000119
120605  -29.825  -22.502  10.552 0.3000000119
50684  -29.896  -22.548  9.445 0.3000000119
51615  -30.113  -21.779  8.891 0.3000000119
119556  -29.376  -21.743  14.533 0.3000000119
50648  -29.429  -22.308  13.989 0.3000000119
131645  -29.523  -22.828  13.554 0.3000000119
51586  -29.802  -21.674  13.786 0.3000000119
50655  -29.747  -22.462  13.130 0.3000000119
53370  -29.236  -19.172  15.131 0.3000000119
51578  -29.659  -21.113  14.518 0.3000000119
50663  -30.033  -22.256  12.488 0.3000000119
53372  -30.507  -19.678  14.330 0.3000000119
51579  -30.207  -21.019  14.057 0.3000000119
50670  -30.072  -22.248  11.565 0.3000000119
51602  -30.540  -22.040  10.425 0.3000000119
51632  -31.193  -21.446  8.661 0.3000000119
52540  -31.461  -21.174  8.674 0.3000000119
51626  -30.858  -21.443  8.746 0.3000000119
54360  -29.851  -19.035  14.667 0.3000000119
50656  -30.210  -21.944  13.075 0.3000000119
117342  -30.668  -21.284  13.348 0.3000000119
51594  -30.542  -21.770  12.452 0.3000000119
127839  -30.771  -21.690  11.636 0.3000000119
51603  -31.334  -21.354  11.170 0.3000000119
52531  -31.546  -20.965  9.236 0.3000000119
51616  -31.183  -21.527  9.835 0.3000000119
52532  -31.947  -20.622  8.776 0.3000000119
55530  -29.847  -18.161  14.266 0.3000000119
54361  -30.456  -18.862  14.298 0.3000000119
53383  -30.991  -19.083  13.917 0.3000000119
52481  -31.202  -19.838  13.699 0.3000000119
52489  -31.328  -20.567  13.256 0.3000000119
51595  -31.294  -21.175  12.404 0.3000000119
52490  -31.735  -19.880  13.049 0.3000000119
52502  -32.438  -20.065  11.302 0.3000000119
52501  -31.876  -20.669  11.800 0.3000000119
52517  -32.271  -20.358  9.960 0.3000000119
52516  -31.853  -20.836  10.598 0.3000000119
52541  -31.956  -20.930  8.453 0.3000000119
120426  -32.375  -19.869  9.124 0.3000000119
51634  -33.110  -21.057  8.524 0.3000000119
51633  -31.968  -21.132  8.463 0.3000000119
54373  -30.688  -18.340  13.885 0.3000000119
133887  -31.208  -18.565  13.560 0.3000000119
53394  -32.073  -19.126  12.680 0.3000000119
52491  -32.175  -19.989  12.324 0.3000000119
53426  -32.369  -20.300  8.129 0.3000000119
52542  -32.548  -20.355  7.942 0.3000000119
52543  -33.535  -20.604  7.828 0.3000000119
54381  -31.620  -18.405  13.075 0.3000000119
18699  -23.015  -58.238  15.465 0.4000000060
119619  -18.667  -48.840  24.723 0.3000000119
25948  -21.674  -49.046  24.189 0.4000000060
26756  -20.417  -48.282  23.619 0.4000000060
28587  -20.175  -46.503  21.514 0.4000000060
37500  -27.074  -36.084  22.695 0.3000000119
41814  -30.263  -31.424  20.487 0.3000000119
46698  -27.556  -26.462  11.613 0.4000000060
52437  -25.423  -20.790  16.514 0.3000000119
130863  -27.409  -23.360  16.463 0.3000000119
25937  -19.289  -49.406  24.816 0.4000000060
25938  -20.278  -49.560  24.636 0.4000000060
27613  -17.650  -47.346  23.877 0.3000000119
27615  -19.322  -47.630  23.109 0.4000000060
46629  -29.118  -26.705  18.191 0.3000000119
53357  -26.892  -19.713  16.225 0.3000000119
48770  -28.823  -24.303  15.685 0.3000000119
48771  -29.703  -24.624  15.292 0.3000000119
131906  -29.410  -23.728  12.754 0.3000000119
123233  -29.050  -21.880  15.156 0.3000000119
52480  -30.754  -20.509  13.946 0.3000000119
53384  -31.501  -19.163  13.358 0.3000000119
129253  -31.716  -20.461  12.606 0.3000000119
53395  -32.480  -19.447  12.036 0.3000000119
54394  -32.523  -18.712  12.093 0.3000000119
25936  -18.300  -49.517  25.016 0.4000000060
28647  -28.802  -46.373  15.577 0.4000000060
21114  -20.178  -54.752  19.517 0.3000000119
20312  -20.709  -56.546  19.475 0.3000000119
21925  -19.480  -53.838  19.799 0.3000000119
20313  -21.606  -56.478  19.546 0.3000000119
28569  -18.446  -46.630  22.025 0.3000000119
27649  -19.137  -46.927  21.691 0.3000000119
28585  -18.630  -46.191  21.525 0.3000000119
24349  -20.302  -51.122  25.050 0.3000000119
25121  -19.782  -50.311  24.997 0.3000000119
25122  -20.710  -50.366  24.769 0.3000000119
125074  -21.925  -51.093  24.704 0.3000000119
122295  -21.211  -51.125  24.813 0.3000000119
24348  -19.346  -51.143  25.241 0.3000000119
16907  -28.098  -60.520  21.222 0.4000000060
16959  -28.115  -61.231  18.487 0.5000000000
17763  -25.668  -59.404  22.520 0.5000000000
17765  -26.837  -59.003  22.194 0.5000000000
18670  -29.321  -58.216  19.283 0.5000000000
19459  -23.946  -57.759  21.223 0.5000000000
19461  -27.735  -57.405  21.925 0.5000000000
19477  -23.521  -57.472  20.698 0.5000000000
19513  -24.568  -57.467  15.435 0.6000000238
20298  -23.220  -56.185  19.821 0.5000000000
20300  -28.693  -57.137  21.020 0.5000000000
20323  -29.020  -56.887  18.065 0.6000000238
20349  -21.612  -56.761  15.030 0.6000000238
21069  -28.248  -55.180  22.359 0.6000000238
21116  -21.865  -54.857  19.504 0.5000000000
21139  -27.490  -55.855  16.412 0.6000000238
21156  -21.682  -55.970  14.892 0.6999999881
21168  -22.255  -55.238  13.759 0.5000000000
21928  -22.461  -54.270  19.700 0.5000000000
21938  -28.899  -54.169  17.789 0.6999999881
21980  -21.609  -54.677  14.325 0.6999999881
22732  -25.817  -53.920  22.988 0.6000000238
22734  -28.480  -52.832  22.670 0.6999999881
22766  -20.962  -53.517  19.994 0.4000000060
22767  -22.046  -53.527  20.049 0.5000000000
22817  -22.486  -53.596  13.974 0.5000000000
22818  -23.361  -53.290  13.705 0.5000000000
23607  -21.022  -52.381  15.771 0.6999999881
23624  -20.727  -52.636  15.400 0.6999999881
24362  -24.566  -50.713  22.913 0.5000000000
24416  -22.189  -51.673  16.220 0.6999999881
24428  -20.991  -51.849  15.545 0.6999999881
25123  -21.586  -50.460  24.642 0.3000000119
25179  -25.840  -49.740  16.637 0.6999999881
25977  -28.834  -49.436  17.946 0.6999999881
25985  -21.598  -49.464  16.265 0.8000000119
25986  -22.141  -49.452  16.509 0.6999999881
25987  -24.530  -49.420  16.570 0.6999999881
25994  -21.393  -49.532  16.055 0.8000000119
26746  -28.082  -48.134  23.984 0.6000000238
26754  -19.116  -47.921  23.881 0.3000000119
26801  -25.755  -47.863  17.007 0.8000000119
26823  -21.487  -48.859  16.045 0.8000000119
26834  -21.574  -48.825  15.863 0.8000000119
26840  -26.977  -48.215  14.892 0.5000000000
27614  -18.542  -47.523  23.616 0.4000000060
27616  -20.039  -47.768  22.893 0.5000000000
27618  -22.550  -47.883  23.067 0.6000000238
27636  -19.596  -47.384  22.148 0.4000000060
27668  -23.519  -46.956  16.862 0.8000000119
27674  -21.723  -47.353  16.252 0.8000000119
27675  -22.353  -48.069  16.551 0.8000000119
27702  -21.550  -47.509  15.945 0.8000000119
28570  -22.443  -46.672  22.175 0.6000000238
28635  -21.333  -46.150  16.037 0.8000000119
29581  -18.657  -45.518  21.271 0.3000000119
29583  -20.496  -45.769  21.647 0.4000000060
29610  -21.514  -45.348  16.326 0.8000000119
29612  -23.716  -44.874  17.252 0.8999999762
29613  -24.592  -45.209  17.252 0.8999999762
29621  -21.181  -45.442  16.074 0.8000000119
29631  -28.906  -45.643  15.816 0.4000000060
29643  -26.191  -45.701  15.180 0.6000000238
30573  -19.413  -44.962  21.451 0.4000000060
30582  -29.746  -44.457  20.404 0.8000000119
30589  -23.020  -45.041  17.102 0.8000000119
30599  -21.908  -44.796  16.496 1.0000000000
30600  -22.298  -45.238  16.699 0.8000000119
30612  -21.213  -44.866  16.179 0.8000000119
30624  -25.892  -43.967  15.057 0.6999999881
30638  -22.660  -44.743  15.297 0.8000000119
30640  -24.483  -44.369  14.755 0.6999999881
31484  -24.891  -42.969  17.545 0.8000000119
31486  -26.484  -43.416  18.026 0.8000000119
31488  -28.056  -43.834  18.502 0.8000000119
31513  -29.314  -43.499  16.445 0.6000000238
31524  -21.327  -44.352  16.059 0.8999999762
32336  -26.700  -42.244  18.349 0.8000000119
32344  -23.918  -42.333  16.916 0.8000000119
33181  -27.838  -41.771  18.765 0.6999999881
33218  -29.023  -41.165  16.555 0.6999999881
34108  -24.183  -40.972  16.589 0.8000000119
34141  -25.516  -40.465  15.287 0.6999999881
34977  -28.216  -40.138  18.596 0.6999999881
34979  -29.671  -39.554  19.248 0.6999999881
35043  -21.471  -39.111  15.050 0.8000000119
35058  -21.563  -38.992  14.894 0.8000000119
35076  -23.863  -38.864  14.502 0.8000000119
35803  -27.465  -38.748  17.609 0.6999999881
35871  -21.978  -38.664  14.776 0.8000000119
35873  -25.537  -38.285  14.719 0.8000000119
36678  -30.277  -37.159  18.483 0.6999999881
36731  -26.856  -37.298  14.715 0.6000000238
36743  -22.631  -37.972  14.694 0.8000000119
37580  -25.569  -36.558  16.058 0.8000000119
37588  -22.777  -36.437  14.943 0.8000000119
37607  -23.283  -36.833  14.542 0.8000000119
38448  -28.860  -35.294  17.423 0.6000000238
38468  -23.050  -35.445  14.592 0.8000000119
39280  -22.546  -33.934  15.194 0.8000000119
39293  -22.214  -34.037  14.788 0.8000000119
39301  -22.245  -33.927  14.263 0.8000000119
40047  -25.619  -33.393  22.502 0.3000000119
40051  -29.055  -34.056  22.236 0.4000000060
40126  -23.100  -33.618  15.415 0.8000000119
40127  -23.977  -33.609  15.502 0.8000000119
40137  -22.250  -33.490  14.961 0.8000000119
40151  -22.309  -32.871  14.263 0.8000000119
40992  -24.540  -32.080  15.406 0.8000000119
41001  -22.768  -32.412  14.559 0.8000000119
41016  -28.919  -32.707  12.735 0.6000000238
42689  -29.700  -30.580  16.283 0.6000000238
42699  -27.530  -30.893  15.321 0.6999999881
42729  -26.978  -30.957  11.984 0.6999999881
42732  -24.462  -29.770  12.351 0.6999999881
42736  -28.530  -30.686  11.854 0.6000000238
43685  -25.232  -30.140  13.495 0.6000000238
43715  -25.350  -29.303  11.454 0.6000000238
43725  -25.231  -28.700  11.452 0.6000000238
44631  -26.420  -28.463  20.483 0.3000000119
44701  -24.855  -28.850  12.125 0.6000000238
44702  -25.793  -28.629  12.383 0.6000000238
45693  -25.419  -27.304  11.293 0.6000000238
45702  -25.408  -26.972  10.954 0.6000000238
46721  -25.384  -25.979  10.804 0.6000000238
46739  -25.820  -25.555  9.936 0.5000000000
47828  -25.867  -24.999  10.895 0.5000000000
47856  -25.537  -25.313  10.371 0.5000000000
48823  -25.997  -24.218  9.982 0.5000000000
50683  -29.374  -22.881  10.207 0.3000000119
50710  -31.537  -21.718  8.571 0.3000000119
110422  -26.937  -54.864  22.962 0.6000000238
111747  -24.245  -47.537  16.859 0.6999999881
111828  -28.933  -59.035  18.255 0.5000000000
112262  -26.165  -33.909  15.857 0.8000000119
113490  -23.559  -54.151  15.408 0.6999999881
113830  -29.363  -39.765  22.796 0.6999999881
114323  -27.463  -38.997  15.745 0.6000000238
114599  -29.374  -52.876  18.450 0.6999999881
114782  -23.041  -45.106  22.650 0.5000000000
115411  -24.428  -46.806  15.233 0.8000000119
116386  -24.638  -39.275  14.596 0.8000000119
116669  -22.079  -56.281  15.275 0.6999999881
116896  -21.319  -57.414  14.700 0.5000000000
117115  -20.247  -55.794  19.422 0.3000000119
117217  -21.578  -56.248  14.167 0.6000000238
117971  -23.419  -56.867  20.288 0.5000000000
118174  -21.846  -48.127  16.328 0.8000000119
118209  -25.485  -35.747  13.883 0.6999999881
118311  -20.733  -53.212  15.207 0.6999999881
118479  -20.791  -53.386  14.866 0.6999999881
119126  -21.546  -47.000  16.075 0.8000000119
119663  -21.240  -50.297  15.939 0.6999999881
119812  -22.787  -46.979  15.465 0.8000000119
119908  -21.998  -55.745  19.483 0.5000000000
119960  -26.798  -27.407  10.357 0.5000000000
120327  -25.513  -47.924  23.631 0.5000000000
121031  -21.124  -58.200  14.581 0.5000000000
121782  -34.266  -21.338  8.339 0.4000000060
121812  -21.321  -50.035  16.100 0.6999999881
122464  -29.379  -46.998  22.037 0.8000000119
122780  -25.552  -48.779  14.727 0.5000000000
123306  -28.944  -44.185  23.660 0.6999999881
123417  -30.609  -27.196  13.752 0.3000000119
126401  -20.683  -52.335  15.173 0.6999999881
126963  -25.144  -28.462  12.144 0.6000000238
127568  -23.242  -43.036  23.627 0.5000000000
128591  -22.168  -33.333  14.093 0.8000000119
128733  -25.570  -49.110  23.463 0.5000000000
128765  -22.518  -44.644  16.835 1.0000000000
129000  -22.476  -42.165  23.659 0.5000000000
129212  -29.031  -43.668  19.252 0.8000000119
129652  -25.593  -53.784  15.447 0.6999999881
130045  -21.324  -44.375  15.948 0.8000000119
130140  -20.276  -43.922  22.554 0.4000000060
130210  -29.268  -54.056  18.306 0.6000000238
130374  -25.468  -26.996  11.222 0.6000000238
130522  -23.262  -32.088  14.863 0.8000000119
130772  -28.624  -46.799  18.094 0.8000000119
130938  -19.516  -54.506  19.464 0.4000000060
131270  -25.577  -41.909  15.362 0.6999999881
131492  -24.247  -56.968  15.433 0.6000000238
131944  -23.378  -42.794  16.904 0.8000000119
132228  -23.517  -49.118  15.129 0.6999999881
132944  -29.417  -54.446  20.691 0.6000000238
133455  -29.979  -34.629  18.334 0.6000000238
133791  -22.328  -38.843  14.596 0.8000000119
