#!ascii label  , from subject sub-v1s9x0051354_ses-1 vox2ras=TkReg
1845
5555  -11.126  -76.116  6.396 0.5000000000
113494  -11.093  -78.318  8.713 0.5000000000
126231  -11.588  -78.291  10.003 0.5000000000
123050  -11.879  -78.390  10.948 0.5000000000
6152  -13.551  -75.591  8.632 0.5000000000
6151  -12.660  -75.669  8.311 0.5000000000
118145  -13.146  -75.660  7.698 0.5000000000
6169  -12.289  -75.833  6.740 0.5000000000
6181  -12.695  -75.963  5.586 0.6000000238
5567  -11.604  -76.826  5.413 0.5000000000
4347  -11.700  -78.833  12.432 0.5000000000
4404  -10.935  -78.262  7.374 0.5000000000
129823  -12.419  -78.684  12.589 0.5000000000
4405  -11.789  -78.123  7.917 0.6000000238
4362  -12.281  -78.505  11.767 0.6000000238
4389  -12.704  -77.918  8.679 0.6000000238
132101  -12.444  -78.296  11.155 0.6000000238
4349  -13.674  -78.366  13.066 0.6999999881
4390  -13.576  -77.927  9.408 0.6999999881
118588  -13.077  -78.218  11.351 0.6999999881
118710  -14.026  -78.060  11.145 0.6999999881
4363  -13.850  -78.302  12.068 0.6999999881
4337  -14.347  -78.214  13.837 0.6999999881
117914  -14.505  -75.483  8.668 0.5000000000
6171  -14.161  -75.598  6.764 0.6000000238
6153  -14.951  -75.456  7.534 0.6000000238
130443  -15.210  -75.838  5.969 0.6000000238
4999  -11.856  -77.489  5.772 0.5000000000
116886  -13.476  -78.545  14.132 0.5000000000
3740  -13.590  -79.681  15.461 0.5000000000
3277  -15.658  -80.539  15.048 0.6999999881
4304  -14.127  -79.084  15.445 0.6999999881
3742  -15.457  -79.435  15.816 0.6999999881
4985  -11.337  -77.984  6.552 0.6000000238
4986  -12.510  -77.953  7.105 0.6999999881
4326  -14.317  -78.449  14.987 0.6999999881
4978  -13.325  -77.893  8.308 0.6999999881
4377  -14.229  -78.033  10.269 0.6999999881
4922  -15.741  -77.885  15.021 0.6999999881
117915  -14.880  -78.048  10.922 0.6999999881
4351  -15.319  -78.003  12.447 0.6999999881
4338  -15.151  -78.012  13.418 0.6999999881
4923  -16.381  -77.589  14.992 0.6999999881
4352  -16.116  -77.860  12.365 0.6999999881
4956  -16.897  -77.664  12.519 0.6999999881
4939  -16.746  -77.437  14.155 0.6999999881
113837  -17.090  -77.438  13.354 0.6999999881
119563  -15.481  -75.408  8.697 0.5000000000
124411  -16.350  -75.440  8.824 0.6000000238
125376  -17.020  -75.493  9.001 0.6000000238
6154  -15.937  -75.433  7.819 0.6000000238
6174  -17.063  -76.032  7.680 0.6000000238
5570  -13.992  -76.351  5.309 0.6000000238
6184  -15.834  -75.989  6.170 0.6000000238
5012  -13.260  -77.230  5.410 0.6000000238
129681  -16.554  -80.662  14.129 0.6999999881
5000  -12.887  -77.679  5.949 0.6999999881
3259  -15.838  -80.015  15.755 0.6999999881
3291  -17.479  -80.674  13.830 0.6999999881
2846  -17.890  -81.166  13.167 0.6999999881
5001  -13.902  -77.798  6.102 0.6999999881
124031  -17.161  -80.332  14.651 0.6999999881
2847  -18.675  -81.296  13.274 0.6999999881
4987  -13.734  -77.908  7.425 0.6999999881
122207  -14.752  -78.093  7.197 0.6999999881
119121  -16.046  -78.751  15.913 0.6999999881
3743  -16.471  -79.374  15.864 0.6999999881
3279  -17.869  -80.229  14.514 0.6999999881
3293  -18.990  -80.959  14.010 0.6999999881
4407  -14.615  -78.100  8.450 0.6999999881
4392  -15.264  -78.237  9.267 0.6999999881
4307  -16.777  -78.445  15.950 0.6999999881
3280  -18.608  -80.305  14.571 0.6999999881
113030  -16.453  -78.209  10.766 0.6999999881
4909  -16.917  -77.721  15.558 0.6999999881
3744  -17.553  -78.888  15.820 0.6999999881
4366  -16.637  -77.959  11.685 0.6999999881
4924  -17.050  -77.311  14.945 0.6999999881
4309  -18.371  -78.290  15.816 0.6999999881
4957  -17.659  -77.417  12.824 0.6999999881
4910  -18.405  -77.513  15.566 0.6999999881
4958  -18.504  -77.206  13.089 0.6999999881
6125  -16.443  -75.261  10.480 0.5000000000
6139  -16.857  -75.344  9.688 0.6000000238
6140  -17.827  -75.632  9.733 0.6000000238
6710  -18.277  -75.062  11.247 0.5000000000
6141  -19.145  -75.995  9.976 0.6000000238
115951  -17.372  -74.683  12.162 0.5000000000
6698  -17.453  -74.922  11.426 0.5000000000
6156  -17.481  -75.880  8.727 0.6000000238
5532  -19.631  -76.458  9.303 0.6000000238
5558  -17.475  -76.783  7.245 0.6000000238
5545  -19.110  -76.876  8.683 0.6000000238
5571  -15.141  -76.436  5.605 0.6000000238
5013  -14.142  -77.342  5.544 0.6999999881
5026  -15.889  -77.507  5.770 0.6999999881
4421  -14.838  -77.992  5.993 0.6999999881
4433  -15.561  -77.992  5.919 0.6999999881
2386  -19.751  -82.312  13.171 0.6999999881
4408  -15.411  -78.367  8.278 0.6999999881
4422  -15.636  -78.429  6.288 0.6999999881
2830  -19.674  -81.407  14.345 0.6999999881
2387  -20.399  -82.827  13.624 0.6999999881
4409  -16.227  -78.809  8.012 0.6999999881
3281  -19.406  -80.549  14.932 0.6999999881
131667  -20.558  -82.552  14.288 0.6999999881
1992  -20.924  -83.597  13.256 0.6999999881
4378  -16.800  -78.534  9.804 0.6000000238
3765  -18.905  -79.681  15.337 0.6999999881
3282  -20.014  -81.232  15.069 0.6999999881
2377  -21.074  -82.480  14.809 0.6999999881
1993  -21.660  -83.497  13.797 0.6999999881
2005  -21.776  -83.985  13.112 0.6999999881
4367  -17.259  -78.183  11.185 0.6999999881
3746  -19.190  -78.817  15.840 0.6999999881
3260  -19.569  -79.743  15.787 0.6000000238
2813  -20.894  -81.405  16.081 0.6999999881
2365  -20.842  -81.883  15.337 0.6999999881
4965  -18.279  -77.616  12.130 0.6000000238
4925  -18.526  -76.871  15.044 0.6999999881
4911  -19.326  -77.130  15.411 0.6999999881
4310  -19.192  -77.913  15.827 0.6999999881
3725  -20.007  -78.501  16.167 0.6000000238
2801  -20.845  -80.420  16.579 0.6000000238
129577  -19.318  -77.121  13.236 0.6000000238
4941  -18.866  -76.827  14.099 0.6000000238
4311  -19.921  -77.710  15.892 0.6000000238
4290  -20.688  -78.314  16.260 0.5000000000
133202  -20.674  -78.892  16.477 0.5000000000
3726  -21.060  -79.473  16.790 0.5000000000
4942  -19.889  -76.885  13.986 0.6000000238
4927  -20.628  -77.249  14.573 0.5000000000
4913  -21.163  -77.647  15.334 0.5000000000
6128  -19.804  -75.477  10.600 0.6000000238
6699  -19.981  -74.956  11.354 0.6000000238
6723  -20.513  -74.551  9.105 0.5000000000
7270  -20.480  -73.612  9.084 0.6999999881
122495  -18.124  -74.667  11.983 0.5000000000
114266  -19.710  -74.363  12.132 0.6000000238
6700  -20.227  -74.183  11.709 0.6000000238
7219  -19.006  -73.605  14.369 0.6000000238
6686  -18.870  -74.356  12.690 0.6000000238
5533  -20.293  -76.296  8.986 0.4000000060
7231  -19.687  -73.455  13.479 0.6000000238
5546  -20.026  -76.952  8.680 0.5000000000
5559  -18.552  -77.263  7.856 0.6000000238
5002  -17.908  -77.612  6.768 0.6000000238
4444  -16.069  -78.085  5.924 0.6999999881
5027  -16.542  -77.968  5.997 0.6000000238
126832  -16.772  -79.368  6.398 0.6999999881
4394  -17.449  -79.042  9.168 0.6000000238
115205  -17.425  -79.914  7.517 0.6000000238
132440  -17.676  -78.335  10.882 0.6000000238
2814  -21.749  -81.535  16.098 0.6000000238
2367  -22.180  -82.132  15.507 0.6000000238
2378  -22.544  -82.718  14.813 0.6999999881
1983  -22.400  -83.287  14.080 0.6999999881
2006  -22.590  -83.890  12.875 0.6999999881
122669  -18.793  -77.897  11.603 0.6000000238
2802  -21.415  -80.903  16.513 0.6000000238
2015  -22.941  -84.056  11.937 0.6999999881
4959  -20.050  -77.391  12.855 0.6000000238
4291  -21.284  -78.771  16.553 0.4000000060
3248  -22.435  -79.938  17.068 0.4000000060
2803  -22.166  -80.829  16.598 0.5000000000
2815  -22.646  -81.571  16.047 0.6000000238
122690  -23.509  -82.488  14.744 0.6000000238
2007  -23.427  -83.478  12.658 0.6000000238
4943  -20.925  -77.638  13.398 0.5000000000
118439  -22.474  -78.628  14.057 0.5000000000
4328  -22.146  -78.389  15.149 0.5000000000
4312  -21.449  -78.204  16.129 0.5000000000
2804  -23.196  -80.805  16.594 0.4000000060
2816  -23.530  -81.611  15.850 0.6000000238
7932  -20.462  -72.611  9.133 0.6000000238
112811  -20.495  -74.373  9.934 0.6000000238
111853  -20.267  -72.703  6.939 0.6000000238
7244  -20.361  -73.357  12.083 0.6000000238
7898  -20.488  -72.587  11.456 0.5000000000
8554  -20.564  -71.627  10.715 0.6000000238
112081  -20.741  -70.846  11.512 0.6000000238
6735  -20.465  -74.678  7.942 0.6000000238
7220  -19.627  -72.899  14.348 0.6999999881
8525  -20.505  -71.598  12.823 0.6000000238
9206  -20.594  -70.175  12.215 0.6000000238
5547  -20.413  -76.618  8.105 0.5000000000
6742  -20.325  -74.830  6.739 0.6000000238
8501  -19.105  -71.398  14.437 0.6000000238
9194  -20.242  -70.633  13.067 0.6999999881
5004  -19.853  -77.978  7.452 0.5000000000
9179  -19.163  -70.672  13.941 0.6999999881
5003  -19.027  -77.976  7.311 0.6000000238
9801  -18.953  -69.851  13.410 0.6000000238
3829  -17.235  -79.282  6.055 0.6000000238
4435  -17.677  -78.969  5.942 0.6000000238
3823  -18.203  -80.053  5.897 0.6000000238
3314  -17.331  -79.949  6.420 0.6000000238
3804  -18.138  -79.508  8.918 0.6000000238
4396  -18.810  -79.357  9.417 0.6000000238
3788  -21.737  -79.380  11.132 0.6000000238
4369  -19.539  -78.030  11.506 0.6000000238
3789  -22.386  -79.539  11.515 0.6000000238
4339  -21.376  -78.310  12.666 0.6000000238
2369  -23.769  -82.036  15.248 0.6000000238
2379  -24.302  -82.130  14.685 0.6000000238
2390  -24.617  -82.501  13.178 0.6000000238
4340  -21.875  -78.570  13.362 0.5000000000
4329  -22.833  -78.561  14.792 0.5000000000
4313  -22.441  -78.344  15.951 0.5000000000
128596  -25.342  -82.375  12.266 0.6000000238
3249  -24.171  -80.495  16.734 0.4000000060
2832  -25.059  -81.693  14.596 0.6000000238
2850  -24.852  -82.108  13.892 0.6000000238
8568  -20.526  -71.579  8.634 0.6000000238
122705  -21.249  -70.304  8.025 0.5000000000
8582  -20.626  -71.261  7.366 0.6000000238
9263  -21.632  -70.723  6.580 0.5000000000
7913  -20.480  -72.652  10.388 0.6000000238
9237  -21.244  -70.210  9.266 0.6000000238
7947  -20.402  -72.092  7.742 0.5000000000
111400  -20.505  -71.873  6.600 0.5000000000
7962  -20.336  -72.558  6.013 0.5000000000
9218  -20.913  -70.584  10.490 0.5000000000
119938  -20.699  -71.096  9.533 0.6000000238
9207  -20.975  -69.971  11.336 0.5000000000
7300  -20.123  -73.674  6.422 0.6000000238
9813  -19.329  -69.343  12.889 0.6999999881
9814  -19.997  -69.667  12.700 0.6000000238
10490  -19.664  -68.114  11.854 0.6000000238
4425  -20.062  -78.498  6.802 0.5000000000
9811  -18.024  -69.426  12.393 0.5000000000
10473  -19.145  -68.599  12.393 0.6999999881
4436  -18.487  -79.493  5.961 0.5000000000
3316  -18.693  -80.649  6.573 0.5000000000
3813  -18.047  -80.073  8.010 0.6000000238
3306  -21.112  -80.301  8.858 0.6000000238
3805  -20.200  -79.810  9.186 0.5000000000
3304  -21.706  -80.126  9.648 0.6000000238
3796  -20.505  -79.182  10.141 0.6000000238
3784  -22.914  -79.152  12.425 0.5000000000
112411  -25.526  -80.095  16.291 0.5000000000
3263  -25.625  -80.561  15.794 0.5000000000
2851  -25.700  -81.626  13.707 0.6000000238
116643  -26.027  -81.811  12.697 0.6000000238
9865  -21.994  -69.769  8.459 0.6000000238
9250  -21.797  -70.240  7.370 0.6000000238
9854  -22.716  -68.887  8.487 0.6000000238
8614  -21.144  -71.402  6.082 0.5000000000
9219  -21.377  -69.710  10.434 0.6000000238
9839  -21.730  -68.780  10.342 0.6999999881
7310  -20.247  -73.571  5.728 0.6000000238
11187  -20.382  -67.725  11.167 0.6000000238
9825  -20.533  -69.203  11.840 0.6000000238
119548  -19.972  -74.948  6.017 0.6000000238
10489  -18.942  -67.866  11.731 0.6000000238
11186  -19.655  -67.413  11.233 0.6000000238
5005  -20.489  -77.893  7.119 0.5000000000
3323  -18.932  -80.455  6.137 0.5000000000
10503  -17.904  -68.435  10.493 0.5000000000
130784  -18.331  -68.264  11.427 0.6000000238
114143  -19.342  -80.804  7.302 0.5000000000
111682  -20.799  -80.785  7.739 0.6000000238
3310  -20.131  -80.574  8.112 0.5000000000
3308  -22.858  -80.310  9.659 0.5000000000
129563  -22.694  -79.987  10.388 0.5000000000
3264  -26.382  -80.134  15.200 0.6000000238
3284  -26.718  -80.422  14.398 0.6000000238
9866  -23.519  -68.710  7.636 0.6000000238
9881  -23.530  -69.535  7.150 0.5000000000
9264  -22.779  -70.386  6.766 0.5000000000
10518  -23.234  -67.892  7.964 0.6999999881
116534  -22.494  -70.960  6.558 0.5000000000
10506  -21.941  -67.713  9.704 0.6999999881
9840  -22.449  -68.314  9.196 0.6000000238
8615  -21.793  -71.433  6.230 0.5000000000
10505  -21.245  -67.165  9.994 0.6000000238
7979  -21.126  -72.022  5.801 0.5000000000
6758  -20.237  -74.412  5.671 0.6000000238
11987  -20.253  -66.022  9.493 0.6999999881
6185  -20.459  -75.622  5.797 0.6000000238
11204  -19.648  -66.755  10.478 0.6000000238
5018  -20.920  -77.693  6.267 0.6000000238
118407  -18.105  -66.314  9.550 0.6999999881
11203  -18.860  -66.999  10.256 0.6999999881
4437  -19.701  -79.353  6.200 0.5000000000
4438  -20.576  -78.703  6.272 0.5000000000
11202  -18.114  -67.563  9.748 0.6000000238
3329  -19.864  -80.715  5.738 0.5000000000
121886  -17.718  -67.834  9.016 0.5000000000
3324  -20.076  -81.138  5.884 0.6000000238
114494  -19.488  -81.030  6.258 0.5000000000
10530  -17.293  -68.367  8.546 0.6000000238
3317  -19.983  -81.084  7.011 0.5000000000
3307  -22.085  -80.545  9.173 0.6000000238
121071  -23.358  -80.429  8.867 0.5000000000
11244  -24.043  -67.348  8.181 0.6999999881
117384  -24.335  -68.458  7.789 0.5000000000
9266  -24.287  -69.766  7.386 0.5000000000
11989  -23.096  -66.189  9.449 0.8000000119
11226  -23.806  -66.966  8.499 0.6999999881
8584  -24.097  -70.420  7.606 0.5000000000
8583  -23.352  -71.404  7.756 0.5000000000
119421  -21.794  -64.795  8.433 0.6999999881
12008  -22.232  -65.404  8.286 0.6999999881
11224  -22.795  -66.325  8.427 0.8000000119
116396  -21.428  -65.690  8.721 0.6999999881
7948  -22.689  -72.315  7.804 0.5000000000
12782  -20.500  -64.552  9.326 0.6999999881
12007  -21.016  -64.927  8.803 0.6999999881
7311  -20.508  -73.493  5.581 0.6000000238
7980  -21.865  -72.230  6.283 0.5000000000
12769  -18.578  -64.852  10.144 0.6000000238
12006  -19.944  -65.343  9.479 0.6000000238
5583  -20.791  -76.054  5.346 0.6000000238
12780  -17.820  -65.799  9.711 0.6999999881
12005  -18.961  -65.868  9.793 0.6999999881
4447  -20.910  -79.240  5.408 0.6000000238
114858  -21.048  -78.301  5.617 0.6000000238
12004  -17.229  -66.540  9.151 0.6000000238
3831  -20.705  -80.230  5.303 0.6000000238
3325  -21.357  -81.047  6.294 0.6000000238
12017  -15.485  -66.778  8.253 0.6000000238
3318  -21.471  -80.869  7.408 0.6000000238
112063  -23.021  -80.714  8.101 0.5000000000
11970  -23.338  -66.590  10.351 0.6000000238
10507  -24.210  -67.702  10.150 0.5000000000
10519  -24.480  -68.197  9.457 0.5000000000
8570  -23.842  -71.021  8.552 0.5000000000
12752  -22.166  -65.116  9.556 0.8000000119
8569  -23.105  -71.654  9.123 0.5000000000
12770  -21.089  -64.199  9.437 0.6999999881
6750  -20.694  -74.033  5.517 0.6000000238
12726  -12.032  -64.978  11.258 0.6000000238
13561  -19.727  -64.161  9.829 0.8000000119
13537  -11.649  -64.027  10.889 0.6000000238
13553  -17.956  -64.076  10.528 0.6999999881
13554  -18.958  -63.640  10.459 0.8000000119
129094  -20.777  -74.935  5.387 0.6000000238
12776  -12.367  -64.981  9.069 0.6000000238
12768  -17.388  -65.193  10.269 0.6000000238
4448  -21.183  -79.556  4.891 0.6000000238
3832  -21.266  -80.258  4.911 0.6000000238
12777  -14.023  -65.570  9.080 0.6000000238
12778  -15.481  -66.017  9.659 0.6000000238
12767  -16.198  -65.493  10.409 0.6000000238
3331  -21.332  -80.878  5.349 0.6000000238
3336  -22.433  -80.347  4.763 0.6000000238
12003  -16.111  -66.452  8.967 0.5000000000
3320  -23.420  -80.724  7.128 0.5000000000
3313  -23.824  -80.497  7.994 0.5000000000
3327  -23.868  -80.630  6.202 0.5000000000
11188  -23.703  -67.275  10.764 0.5000000000
10492  -23.998  -68.171  11.251 0.5000000000
11969  -22.748  -65.972  10.427 0.6000000238
11949  -22.415  -66.361  11.625 0.5000000000
12751  -21.535  -64.609  9.901 0.8000000119
12731  -21.239  -65.210  11.101 0.6999999881
13544  -19.876  -63.821  10.543 0.8000000119
13555  -19.693  -63.778  10.365 0.8000000119
6743  -21.826  -74.054  6.348 0.6000000238
7271  -22.492  -72.950  8.824 0.5000000000
13495  -11.676  -64.165  13.627 0.6000000238
14390  -18.863  -63.031  10.792 0.8000000119
6736  -22.496  -74.249  7.862 0.5000000000
14354  -11.252  -63.363  11.995 0.6999999881
13505  -11.596  -64.321  12.698 0.6000000238
14388  -17.421  -63.404  10.966 0.8000000119
126937  -20.976  -76.678  5.117 0.6000000238
6186  -21.030  -75.087  5.336 0.6000000238
111150  -21.436  -74.651  5.733 0.6000000238
14371  -11.820  -63.626  11.127 0.6000000238
125296  -21.642  -78.339  4.609 0.6000000238
5029  -21.249  -77.433  4.863 0.6000000238
5584  -21.710  -76.584  5.059 0.6000000238
13549  -12.972  -64.383  9.807 0.6000000238
13551  -15.610  -64.935  10.981 0.6000000238
13552  -16.855  -64.584  10.833 0.5000000000
4454  -22.109  -79.163  4.423 0.6000000238
12766  -14.848  -65.524  10.278 0.6000000238
3333  -23.287  -80.507  5.340 0.6000000238
3337  -23.295  -80.139  4.767 0.6000000238
3334  -24.127  -80.250  5.052 0.5000000000
3826  -25.289  -80.010  5.767 0.5000000000
3321  -24.306  -80.501  7.040 0.5000000000
115840  -25.406  -80.036  6.157 0.5000000000
11948  -21.477  -66.001  12.074 0.6000000238
12730  -20.524  -65.292  11.956 0.6999999881
14301  -10.724  -63.345  16.185 0.6000000238
116730  -10.771  -63.586  14.658 0.6000000238
13543  -19.282  -63.415  10.736 0.8000000119
112355  -22.505  -73.883  8.869 0.5000000000
14325  -9.626  -63.067  13.802 0.6000000238
14377  -18.526  -62.559  11.066 0.8000000119
130289  -22.612  -74.662  8.949 0.5000000000
14337  -10.841  -63.667  12.663 0.6999999881
15233  -17.311  -61.884  11.491 0.8000000119
6187  -21.981  -75.572  5.930 0.6000000238
118871  -22.372  -75.133  7.102 0.6000000238
15216  -11.411  -62.896  12.282 0.8000000119
14375  -16.848  -62.838  11.360 0.6999999881
5592  -21.292  -76.915  4.904 0.6000000238
130699  -22.508  -76.387  5.826 0.6000000238
14356  -12.703  -63.301  11.968 0.6999999881
14373  -14.445  -63.727  11.725 0.6999999881
14374  -15.706  -63.349  11.650 0.6000000238
124985  -22.436  -78.361  4.466 0.6000000238
120173  -23.383  -76.677  5.685 0.6000000238
13550  -14.265  -64.834  10.637 0.6000000238
5594  -23.382  -77.226  4.777 0.5000000000
4456  -23.984  -79.117  4.327 0.5000000000
110313  -19.897  -65.714  12.874 0.6000000238
11947  -20.538  -66.181  12.863 0.5000000000
15147  -10.674  -62.799  18.916 0.6000000238
12729  -19.599  -65.043  12.352 0.6999999881
14289  -11.261  -63.219  17.258 0.6000000238
13524  -19.273  -64.089  11.595 0.6999999881
130552  -18.862  -64.774  12.799 0.6000000238
14312  -10.076  -63.440  15.086 0.6000000238
15171  -9.937  -63.102  16.624 0.6000000238
13523  -18.523  -63.880  12.249 0.6000000238
14339  -17.702  -62.758  12.546 0.6999999881
126235  -9.725  -62.182  13.764 0.8000000119
15221  -17.876  -62.014  11.709 0.6999999881
15208  -17.363  -61.849  12.459 0.6000000238
14353  -10.777  -62.930  12.616 0.8000000119
16141  -16.712  -61.404  11.888 0.8000000119
16128  -16.691  -60.949  12.509 0.6999999881
15217  -12.437  -62.812  12.479 0.6999999881
14357  -13.962  -63.210  12.154 0.6999999881
15219  -14.659  -62.340  12.425 0.6000000238
16127  -16.135  -60.929  12.444 0.8000000119
15136  -10.598  -62.746  19.985 0.6000000238
15159  -9.989  -62.803  17.656 0.6000000238
14300  -9.229  -63.157  15.535 0.6999999881
15193  -16.319  -62.018  13.819 0.6000000238
14311  -9.066  -63.166  14.564 0.6999999881
15191  -9.407  -62.249  13.850 0.6999999881
16107  -16.776  -61.177  12.994 0.6999999881
17041  -16.322  -60.084  13.121 0.6000000238
16104  -10.893  -62.062  13.490 0.8000000119
16089  -12.064  -61.316  14.081 0.6000000238
16105  -12.645  -61.600  13.561 0.5000000000
17039  -15.559  -60.285  12.802 0.6999999881
17901  -15.818  -58.302  13.569 0.6999999881
17888  -16.265  -58.413  13.983 0.6000000238
15205  -12.107  -62.367  13.001 0.8000000119
113777  -13.434  -60.996  13.401 0.6000000238
16106  -14.418  -60.878  13.087 0.6000000238
15124  -10.611  -62.756  20.893 0.6000000238
15123  -9.729  -62.117  20.341 0.6000000238
15146  -9.171  -62.144  18.374 0.6999999881
15170  -8.986  -62.626  16.460 0.6999999881
15169  -8.220  -61.757  16.165 0.6999999881
15189  -8.728  -62.376  14.742 0.6999999881
110682  -9.479  -61.793  14.508 0.6000000238
16091  -16.271  -60.776  13.720 0.6000000238
16088  -10.016  -61.946  13.753 0.6000000238
17018  -12.961  -60.408  13.716 0.6000000238
17005  -15.830  -60.462  14.392 0.5000000000
18719  -16.012  -57.618  13.907 0.6000000238
127703  -15.028  -59.074  14.860 0.5000000000
16994  -14.332  -60.058  15.755 0.5000000000
18729  -14.858  -57.176  13.955 0.6000000238
17877  -14.511  -58.183  15.009 0.5000000000
126257  -9.967  -62.345  23.230 0.6000000238
15108  -9.977  -62.051  21.198 0.6000000238
15135  -9.545  -62.175  19.401 0.6999999881
16000  -9.348  -61.268  20.697 0.6999999881
122991  -8.642  -61.336  18.935 0.6999999881
15158  -8.502  -61.997  17.260 0.6999999881
16978  -7.865  -60.683  16.392 0.6000000238
16056  -8.410  -61.459  15.699 0.5000000000
16992  -9.903  -60.905  15.643 0.6999999881
16980  -9.450  -60.076  16.290 0.6000000238
16073  -10.667  -61.327  14.812 0.6000000238
16993  -11.216  -60.291  15.414 0.6000000238
17874  -11.409  -58.919  15.455 0.6000000238
17885  -13.085  -58.375  14.417 0.6000000238
18716  -13.123  -57.560  14.887 0.5000000000
18706  -12.540  -57.592  15.570 0.5000000000
18707  -13.287  -57.563  15.274 0.5000000000
127626  -9.223  -59.600  25.718 0.6999999881
17720  -9.892  -60.135  25.925 0.6999999881
17712  -9.075  -60.002  26.925 0.6999999881
15953  -9.910  -61.571  23.622 0.6000000238
119789  -10.335  -60.352  24.515 0.6999999881
16824  -9.745  -60.343  26.495 0.6999999881
16816  -10.129  -61.248  26.907 0.6999999881
15910  -10.526  -62.061  27.459 0.6000000238
15986  -9.829  -61.224  21.477 0.6999999881
16866  -10.141  -60.772  23.910 0.6999999881
16867  -10.843  -60.261  24.110 0.6999999881
16838  -11.074  -60.726  25.402 0.6999999881
16918  -9.215  -60.479  21.022 0.6999999881
16875  -10.245  -60.773  23.049 0.6999999881
118989  -11.277  -60.473  24.259 0.6999999881
112536  -7.736  -60.147  17.817 0.6999999881
17842  -7.860  -59.349  17.822 0.6000000238
16979  -8.484  -60.546  16.077 0.6000000238
17844  -9.557  -59.285  17.260 0.6000000238
128205  -10.563  -58.861  17.369 0.6000000238
17873  -10.615  -59.805  16.054 0.6000000238
17859  -10.056  -59.399  16.680 0.6000000238
18695  -10.639  -58.611  16.869 0.6000000238
17860  -10.896  -58.632  16.169 0.5000000000
18696  -11.232  -57.766  16.495 0.6000000238
19502  -11.230  -56.730  17.672 0.6000000238
17875  -12.263  -58.127  15.051 0.5000000000
19521  -11.926  -57.337  16.295 0.5000000000
19508  -11.466  -56.949  17.021 0.5000000000
17718  -8.720  -59.129  26.574 0.6999999881
16815  -9.421  -60.961  27.260 0.6999999881
15909  -9.774  -61.821  27.742 0.6000000238
128903  -10.237  -62.277  28.214 0.6000000238
15022  -11.036  -62.459  28.192 0.6000000238
15037  -12.272  -62.417  26.920 0.4000000060
16851  -11.470  -60.815  24.782 0.6000000238
16826  -11.124  -61.268  25.971 0.5000000000
15920  -11.529  -61.952  26.361 0.5000000000
15038  -12.827  -62.438  26.096 0.4000000060
115254  -13.306  -62.587  26.948 0.5000000000
16015  -9.015  -61.317  19.853 0.6999999881
17755  -10.153  -60.149  21.991 0.8000000119
17750  -10.934  -60.085  23.028 0.6999999881
117033  -12.204  -61.623  23.966 0.5000000000
15059  -12.573  -62.236  24.553 0.4000000060
117309  -13.179  -62.535  25.256 0.4000000060
113011  -14.119  -62.944  25.206 0.4000000060
15061  -14.486  -63.142  24.286 0.4000000060
16895  -8.898  -59.727  20.812 0.8000000119
17780  -9.523  -59.604  21.018 0.8000000119
17756  -10.539  -60.065  22.073 0.8000000119
120461  -10.939  -60.159  21.836 0.8000000119
16868  -11.903  -61.048  23.351 0.6000000238
15954  -12.452  -62.042  23.223 0.5000000000
15075  -13.233  -62.726  23.223 0.4000000060
15060  -13.477  -62.820  24.224 0.4000000060
16028  -8.263  -60.384  19.468 0.6999999881
16953  -7.818  -59.476  18.853 0.8000000119
118763  -8.382  -58.919  19.110 0.6999999881
17830  -9.600  -59.165  18.196 0.5000000000
15091  -12.916  -62.424  22.543 0.5000000000
15092  -13.714  -62.867  22.365 0.4000000060
121364  -14.312  -63.088  22.773 0.4000000060
17829  -8.243  -58.912  18.209 0.6000000238
118370  -9.237  -59.235  17.736 0.5000000000
17831  -10.927  -59.368  18.075 0.5000000000
18676  -11.105  -58.135  18.006 0.6000000238
19495  -11.054  -57.813  17.697 0.6000000238
124159  -11.260  -56.791  18.084 0.6000000238
16798  -7.970  -60.687  28.307 0.5000000000
14995  -9.553  -62.112  28.866 0.5000000000
14996  -10.381  -62.301  29.346 0.4000000060
15010  -11.746  -62.483  28.610 0.5000000000
15024  -12.860  -62.521  27.763 0.5000000000
15012  -13.345  -62.406  28.460 0.5000000000
15039  -14.276  -62.769  26.974 0.5000000000
15026  -14.665  -62.552  27.672 0.5000000000
15051  -14.707  -63.026  26.148 0.5000000000
15041  -16.026  -62.767  26.949 0.5000000000
128648  -10.431  -59.946  21.565 0.6999999881
16899  -11.557  -60.829  21.427 0.6000000238
15987  -11.856  -61.084  20.309 0.5000000000
112242  -12.124  -61.402  21.775 0.5000000000
112315  -15.111  -63.198  25.245 0.5000000000
115945  -16.064  -63.234  25.264 0.5000000000
17798  -8.810  -59.212  20.255 0.8000000119
17800  -9.384  -59.283  20.546 0.6999999881
16938  -10.292  -59.763  19.773 0.6000000238
15988  -12.546  -61.645  20.800 0.5000000000
15111  -13.895  -62.543  21.362 0.4000000060
15093  -14.345  -62.729  22.046 0.5000000000
15077  -14.835  -63.062  23.519 0.4000000060
15078  -15.804  -62.818  23.645 0.5000000000
17814  -10.621  -59.754  18.675 0.5000000000
16940  -12.402  -60.475  19.020 0.5000000000
16921  -12.177  -60.987  19.419 0.6000000238
16002  -13.566  -61.604  20.127 0.5000000000
16003  -14.138  -62.153  20.709 0.5000000000
15989  -14.766  -61.694  21.266 0.5000000000
16954  -11.681  -59.939  18.533 0.5000000000
17815  -12.534  -59.525  18.884 0.5000000000
16016  -13.090  -61.060  19.392 0.5000000000
16922  -13.920  -60.726  19.923 0.5000000000
17832  -11.779  -58.970  18.396 0.6000000238
121823  -12.527  -58.354  18.967 0.6000000238
15876  -7.811  -61.063  29.053 0.5000000000
16777  -8.065  -60.887  29.813 0.5000000000
118152  -8.867  -61.662  29.361 0.5000000000
15858  -9.637  -61.325  30.327 0.4000000060
14982  -10.822  -62.149  29.943 0.4000000060
16745  -7.185  -60.095  30.130 0.5000000000
16747  -8.392  -60.443  30.535 0.4000000060
15880  -11.679  -62.134  29.873 0.5000000000
15011  -12.499  -62.479  28.546 0.6000000238
14998  -12.947  -62.303  29.150 0.5000000000
15013  -14.135  -62.315  28.327 0.5000000000
15898  -14.286  -61.935  28.671 0.4000000060
15912  -15.599  -61.862  27.985 0.4000000060
16818  -15.925  -61.054  27.842 0.4000000060
16723  -8.949  -59.824  31.000 0.4000000060
16748  -9.279  -60.519  30.647 0.4000000060
15859  -10.469  -61.443  30.380 0.4000000060
15860  -11.319  -61.516  30.314 0.5000000000
15881  -12.495  -61.949  29.747 0.5000000000
16778  -12.688  -60.987  30.069 0.5000000000
16750  -11.012  -60.576  30.518 0.4000000060
17649  -11.589  -59.847  30.452 0.4000000060
17650  -12.278  -60.123  30.273 0.5000000000
16779  -13.491  -60.736  29.610 0.4000000060
15883  -14.100  -61.398  29.166 0.4000000060
16801  -15.227  -61.339  28.391 0.4000000060
129795  -15.200  -60.420  28.202 0.4000000060
17633  -8.529  -59.227  31.410 0.4000000060
125936  -9.288  -59.247  31.232 0.4000000060
17634  -9.748  -59.698  30.950 0.4000000060
19300  -8.597  -57.603  31.451 0.4000000060
19309  -9.130  -57.519  30.778 0.4000000060
17648  -10.647  -59.531  30.693 0.4000000060
18506  -11.385  -58.973  30.359 0.4000000060
17668  -12.163  -59.359  30.158 0.5000000000
17669  -12.900  -59.886  29.830 0.5000000000
17670  -13.530  -59.936  29.380 0.4000000060
16799  -14.096  -60.396  29.163 0.4000000060
18519  -11.203  -58.145  29.996 0.4000000060
18543  -12.311  -58.126  28.902 0.4000000060
18544  -13.190  -58.696  28.707 0.4000000060
17695  -13.778  -59.439  28.803 0.4000000060
17713  -14.165  -59.078  28.162 0.4000000060
20115  -7.679  -56.560  31.456 0.4000000060
20127  -8.308  -56.858  30.733 0.3000000119
19317  -9.629  -57.330  30.067 0.3000000119
19318  -10.446  -57.712  30.056 0.4000000060
20980  -7.493  -55.293  29.056 0.4000000060
20139  -8.505  -56.492  29.816 0.3000000119
20140  -9.260  -56.755  29.514 0.3000000119
20141  -10.190  -57.008  29.317 0.4000000060
20983  -9.950  -55.824  28.116 0.5000000000
19336  -11.640  -57.369  28.711 0.4000000060
19337  -12.343  -57.494  28.288 0.4000000060
19361  -12.786  -57.188  27.675 0.4000000060
18577  -14.204  -58.002  27.203 0.3000000119
20995  -10.248  -55.177  27.285 0.5000000000
20181  -11.679  -56.167  27.536 0.4000000060
20182  -12.530  -56.426  27.113 0.4000000060
19378  -13.284  -56.918  26.924 0.3000000119
20968  -7.501  -55.633  29.785 0.4000000060
21785  -7.203  -54.800  28.269 0.4000000060
132541  -7.885  -55.199  28.348 0.4000000060
20982  -9.071  -55.771  28.397 0.5000000000
21794  -7.145  -54.334  27.459 0.4000000060
20994  -9.305  -55.249  27.711 0.5000000000
21796  -9.351  -54.688  26.935 0.5000000000
21797  -9.924  -54.698  26.435 0.4000000060
21013  -11.519  -55.257  26.082 0.4000000060
124204  -12.559  -55.991  26.342 0.3000000119
21820  -8.077  -54.459  25.271 0.3000000119
21812  -9.149  -54.532  25.892 0.3000000119
21813  -9.947  -54.672  25.462 0.3000000119
21770  -6.767  -55.221  29.875 0.4000000060
21809  -6.419  -53.933  26.985 0.3000000119
21810  -7.182  -54.060  26.547 0.4000000060
21025  -11.699  -55.247  25.048 0.3000000119
22664  -5.842  -53.773  27.477 0.3000000119
22689  -6.380  -53.218  25.706 0.3000000119
6711  -20.373  -74.548  10.809 0.6000000238
7257  -20.456  -73.566  11.150 0.5000000000
17900  -14.724  -58.238  13.616 0.6000000238
17003  -13.491  -59.026  13.818 0.6000000238
122710  -10.829  -78.516  9.658 0.5000000000
125909  -12.863  -77.970  9.715 0.6000000238
5568  -12.402  -76.548  5.334 0.5000000000
4376  -13.384  -78.008  10.428 0.6999999881
4327  -15.104  -78.058  14.483 0.6999999881
125830  -15.044  -78.188  10.116 0.6999999881
4938  -15.883  -77.748  14.058 0.6999999881
133464  -15.765  -77.820  13.058 0.6999999881
5573  -16.891  -77.161  6.299 0.5000000000
3763  -17.289  -79.768  15.406 0.6999999881
4393  -16.070  -78.486  9.095 0.6999999881
117128  -15.879  -78.309  9.980 0.6999999881
3745  -18.466  -79.020  15.696 0.6999999881
4964  -17.460  -77.774  11.901 0.6999999881
6129  -20.381  -75.172  10.122 0.6000000238
3261  -20.181  -80.666  15.851 0.6999999881
4395  -18.176  -78.955  9.698 0.6000000238
4353  -20.024  -77.763  12.084 0.6000000238
119679  -19.882  -76.823  14.894 0.5000000000
7866  -20.340  -72.310  13.358 0.6999999881
118128  -18.872  -78.299  10.938 0.6000000238
2368  -23.029  -82.124  15.380 0.6000000238
121954  -23.240  -82.990  14.116 0.6000000238
4370  -20.411  -78.246  11.548 0.5000000000
4356  -22.596  -78.955  13.044 0.5000000000
3262  -24.827  -81.021  16.128 0.5000000000
8540  -20.614  -71.696  11.885 0.6000000238
8513  -20.170  -71.471  13.656 0.6999999881
6175  -20.586  -75.890  7.053 0.6000000238
110295  -18.732  -79.890  8.593 0.5000000000
4382  -19.835  -78.593  10.692 0.5000000000
120060  -21.333  -78.624  11.830 0.6000000238
4383  -20.914  -78.741  10.894 0.5000000000
3782  -21.992  -79.297  11.916 0.5000000000
129909  -25.331  -82.108  13.153 0.6000000238
2833  -25.715  -81.317  14.508 0.6000000238
3748  -25.977  -79.822  15.950 0.5000000000
11205  -20.448  -66.900  10.270 0.6000000238
7288  -22.477  -73.218  7.902 0.5000000000
113153  -11.859  -64.532  10.191 0.6000000238
12002  -14.754  -66.293  8.739 0.6000000238
113823  -21.989  -80.929  5.921 0.6000000238
13538  -12.181  -64.017  10.336 0.6000000238
15247  -18.334  -62.374  11.080 0.8000000119
14372  -12.997  -63.739  11.419 0.6000000238
5593  -22.212  -77.165  4.785 0.6000000238
13540  -15.011  -64.291  11.349 0.6000000238
124018  -23.477  -78.346  4.374 0.6000000238
16142  -17.329  -61.457  11.835 0.8000000119
5561  -22.781  -76.021  6.934 0.6000000238
15232  -16.316  -62.266  11.715 0.6000000238
14358  -15.180  -62.865  12.081 0.6999999881
16125  -14.237  -61.885  12.788 0.6000000238
16074  -11.715  -60.686  14.698 0.6000000238
17020  -15.134  -59.437  13.236 0.6999999881
17002  -12.530  -59.802  14.169 0.6000000238
18708  -14.212  -57.515  14.714 0.5000000000
17843  -8.305  -59.267  17.465 0.5000000000
17001  -11.992  -59.293  14.779 0.6000000238
19522  -12.547  -57.272  16.209 0.5000000000
17727  -9.214  -59.708  25.426 0.6999999881
16849  -9.569  -60.492  24.641 0.6000000238
16837  -10.450  -60.328  25.351 0.6999999881
16876  -10.621  -60.275  22.957 0.8000000119
16852  -11.726  -60.862  24.102 0.6000000238
15908  -9.110  -61.578  28.006 0.6000000238
15921  -12.104  -62.169  26.037 0.5000000000
15930  -11.641  -61.507  25.494 0.5000000000
15094  -15.122  -62.628  22.784 0.5000000000
15896  -8.539  -61.439  28.678 0.5000000000
15052  -15.673  -63.145  26.180 0.5000000000
16898  -11.064  -60.375  20.919 0.6000000238
16939  -11.475  -60.384  19.029 0.6000000238
17816  -13.360  -59.963  19.472 0.5000000000
16746  -7.686  -60.068  30.701 0.5000000000
15882  -13.266  -61.680  29.486 0.5000000000
16751  -11.841  -60.758  30.380 0.6000000238
19290  -8.021  -57.569  31.981 0.4000000060
117188  -9.205  -58.198  31.244 0.4000000060
17635  -9.860  -58.819  31.120 0.4000000060
113322  -8.929  -57.049  30.111 0.3000000119
18505  -10.599  -58.529  30.555 0.4000000060
18520  -11.900  -58.561  29.758 0.5000000000
18521  -12.635  -58.961  29.472 0.4000000060
19335  -11.026  -57.480  29.415 0.4000000060
114836  -11.615  -57.921  29.350 0.4000000060
18569  -13.731  -58.379  27.958 0.4000000060
18570  -14.355  -58.657  27.572 0.4000000060
20970  -8.787  -56.155  29.103 0.3000000119
20155  -9.636  -56.328  28.833 0.5000000000
20156  -10.482  -56.444  28.556 0.4000000060
20180  -10.851  -55.906  27.858 0.5000000000
132495  -10.957  -56.937  28.908 0.4000000060
19362  -13.502  -57.600  27.455 0.4000000060
21012  -10.698  -54.908  26.321 0.5000000000
20996  -11.229  -55.450  27.052 0.4000000060
20206  -12.004  -55.770  26.719 0.4000000060
21786  -7.907  -54.787  27.750 0.5000000000
112437  -7.930  -54.342  27.021 0.5000000000
21811  -8.539  -54.421  26.495 0.4000000060
21024  -10.857  -54.867  25.188 0.4000000060
123916  -7.822  -54.203  26.214 0.4000000060
22680  -6.204  -53.413  26.596 0.3000000119
21819  -7.183  -54.134  25.547 0.3000000119
1691  -24.544  -84.257  7.714 0.5000000000
1692  -25.966  -84.140  8.135 0.5000000000
1362  -26.441  -85.018  9.592 0.5000000000
1368  -26.493  -84.496  8.647 0.5000000000
1358  -26.558  -84.816  10.449 0.5000000000
1681  -27.227  -84.361  9.243 0.5000000000
114724  -27.111  -84.337  11.103 0.6000000238
1680  -24.589  -83.896  8.150 0.5000000000
2043  -25.366  -83.860  8.070 0.5000000000
2044  -26.300  -83.632  8.406 0.5000000000
1693  -27.211  -83.858  8.733 0.5000000000
2008  -27.215  -83.849  12.585 0.6000000238
1670  -28.138  -83.834  9.824 0.6000000238
124574  -27.522  -84.328  10.463 0.6000000238
1678  -22.748  -84.465  8.855 0.4000000060
2020  -18.512  -83.589  10.290 0.4000000060
2021  -19.319  -83.725  10.572 0.4000000060
1663  -20.051  -84.273  10.032 0.5000000000
113044  -21.024  -84.731  10.103 0.5000000000
1676  -20.630  -84.628  9.137 0.5000000000
1665  -21.935  -84.798  9.891 0.5000000000
1653  -21.509  -84.779  11.028 0.5000000000
1677  -21.994  -84.686  8.547 0.5000000000
1666  -22.725  -84.463  10.061 0.5000000000
1996  -27.708  -83.734  13.421 0.6000000238
1619  -27.960  -83.711  14.512 0.6000000238
1679  -24.124  -83.857  8.962 0.5000000000
2032  -24.923  -83.604  8.783 0.5000000000
129194  -24.385  -83.452  10.675 0.5000000000
1630  -28.387  -83.938  12.648 0.6000000238
2033  -25.780  -83.407  8.765 0.5000000000
2036  -28.135  -83.375  9.462 0.6000000238
125807  -28.205  -84.090  11.113 0.6000000238
1620  -28.670  -83.900  13.555 0.6000000238
1657  -29.535  -83.702  11.550 0.6000000238
126489  -29.420  -83.989  13.605 0.6000000238
1986  -29.832  -83.959  14.153 0.6999999881
1997  -30.197  -83.836  13.158 0.6000000238
1987  -30.820  -83.672  14.045 0.6999999881
119287  -17.065  -81.939  11.844 0.6000000238
2877  -17.902  -82.111  12.029 0.6000000238
2866  -19.084  -81.867  12.810 0.6000000238
2404  -18.366  -82.636  11.528 0.5000000000
2013  -19.538  -83.402  11.292 0.5000000000
2003  -19.835  -83.208  12.000 0.6000000238
1664  -20.598  -84.376  10.903 0.5000000000
2014  -20.203  -83.855  11.531 0.5000000000
1652  -20.917  -84.384  11.736 0.5000000000
112749  -22.232  -84.764  10.771 0.5000000000
1654  -22.205  -84.639  11.540 0.5000000000
1667  -23.610  -84.018  10.165 0.5000000000
1959  -28.406  -83.836  15.964 0.6999999881
1608  -28.296  -83.754  15.279 0.6000000238
111120  -29.220  -83.042  16.608 0.8000000119
117474  -25.892  -83.094  9.587 0.5000000000
2417  -27.195  -82.521  9.665 0.5000000000
2418  -27.951  -82.697  9.593 0.6000000238
1971  -29.079  -83.761  14.977 0.6999999881
1960  -29.298  -83.454  15.694 0.6999999881
2023  -28.615  -83.538  10.277 0.6000000238
2370  -30.582  -83.364  15.446 0.6999999881
112245  -30.070  -83.219  11.721 0.6000000238
117066  -30.394  -83.396  12.452 0.6000000238
2380  -31.396  -83.192  13.973 0.6999999881
2371  -31.564  -83.164  15.407 0.6999999881
2807  -31.815  -82.375  16.622 0.6000000238
2863  -16.623  -81.486  12.429 0.5000000000
2865  -18.322  -81.658  12.626 0.6000000238
2397  -20.150  -83.045  12.806 0.6000000238
1638  -21.271  -84.208  12.489 0.6000000238
1639  -22.068  -84.362  12.358 0.6000000238
2016  -23.529  -83.882  11.141 0.5000000000
117488  -23.908  -83.446  11.749 0.6000000238
1949  -29.047  -83.886  17.259 0.6999999881
2406  -24.845  -82.897  11.477 0.5000000000
117780  -29.221  -82.739  17.551 0.5000000000
2778  -30.191  -81.522  19.692 0.6000000238
2415  -25.413  -83.017  10.498 0.6000000238
2408  -27.623  -82.224  10.431 0.5000000000
2349  -29.361  -82.182  17.036 0.6000000238
2409  -28.576  -82.636  10.415 0.5000000000
2356  -29.750  -82.757  16.208 0.6999999881
2794  -29.639  -81.368  17.394 0.6000000238
2882  -29.913  -82.754  11.586 0.5000000000
2806  -30.176  -82.066  16.653 0.6000000238
3242  -30.798  -80.269  17.656 0.6000000238
2871  -30.458  -82.439  12.564 0.5000000000
2392  -31.391  -82.678  14.024 0.6000000238
2358  -32.189  -82.811  16.056 0.5000000000
2819  -32.509  -82.399  15.573 0.5000000000
3722  -33.173  -80.351  17.259 0.5000000000
124738  -16.173  -81.082  13.132 0.6000000238
2864  -17.480  -81.550  12.519 0.6000000238
128127  -15.764  -80.908  13.949 0.4000000060
2398  -24.316  -82.923  12.445 0.5000000000
2777  -29.410  -81.564  18.909 0.6000000238
114864  -25.841  -82.457  11.130 0.5000000000
3233  -29.479  -80.729  18.570 0.5000000000
2880  -28.090  -81.941  11.186 0.5000000000
3719  -29.637  -80.323  18.122 0.5000000000
3708  -29.978  -79.332  18.817 0.5000000000
3227  -29.668  -80.029  19.112 0.5000000000
2869  -28.528  -81.740  12.048 0.5000000000
3241  -29.892  -80.559  17.682 0.5000000000
118170  -30.785  -79.443  18.010 0.5000000000
2855  -30.016  -81.784  13.052 0.6000000238
126609  -30.293  -81.558  13.840 0.6000000238
125226  -31.835  -80.953  17.365 0.5000000000
112380  -31.884  -79.987  17.588 0.6000000238
3288  -31.825  -81.509  15.109 0.6000000238
114040  -32.789  -81.866  15.401 0.5000000000
3741  -14.560  -79.751  15.666 0.4000000060
2867  -26.764  -81.509  12.249 0.5000000000
4269  -30.502  -78.472  19.118 0.5000000000
2868  -27.509  -81.503  12.054 0.5000000000
2853  -27.773  -81.181  12.817 0.5000000000
4274  -30.909  -78.059  18.719 0.5000000000
4873  -31.593  -77.254  19.239 0.5000000000
4874  -32.371  -77.058  19.840 0.5000000000
4875  -33.415  -76.934  20.157 0.5000000000
5437  -36.807  -76.215  20.167 0.5000000000
3295  -28.080  -80.768  13.662 0.6000000238
3286  -30.164  -80.930  14.490 0.6000000238
4286  -31.754  -77.863  18.171 0.5000000000
3287  -30.839  -80.928  14.948 0.6000000238
4896  -33.598  -77.269  17.133 0.5000000000
3269  -32.211  -80.892  15.272 0.5000000000
3271  -34.103  -80.834  15.201 0.5000000000
3265  -26.981  -79.780  14.843 0.5000000000
5432  -31.816  -76.787  18.917 0.5000000000
5433  -32.262  -76.537  19.152 0.5000000000
5435  -33.800  -76.213  19.854 0.5000000000
122126  -34.783  -76.225  20.053 0.5000000000
3285  -27.431  -80.299  14.299 0.5000000000
3751  -28.274  -79.595  15.312 0.6000000238
4884  -31.992  -76.931  18.479 0.5000000000
5448  -32.362  -76.359  18.754 0.5000000000
5996  -35.048  -75.355  19.783 0.5000000000
5997  -36.006  -75.294  19.913 0.5000000000
125028  -37.098  -75.124  19.879 0.5000000000
3267  -30.073  -80.212  15.197 0.5000000000
4895  -32.591  -77.254  17.725 0.5000000000
5460  -32.992  -76.300  17.660 0.5000000000
3749  -26.601  -79.431  15.522 0.5000000000
6614  -34.866  -74.273  18.860 0.5000000000
6600  -34.563  -74.688  19.254 0.5000000000
6602  -36.099  -74.445  19.542 0.5000000000
119880  -39.178  -73.531  19.242 0.4000000060
7142  -36.269  -73.778  19.135 0.4000000060
6697  -16.756  -74.887  11.814 0.4000000060
125530  -12.588  -64.546  13.642 0.5000000000
14302  -12.233  -63.507  16.805 0.5000000000
14314  -12.895  -63.888  16.252 0.5000000000
127640  -11.748  -63.462  18.978 0.5000000000
14276  -12.360  -63.768  18.554 0.5000000000
14327  -12.123  -63.980  14.918 0.5000000000
18596  -8.822  -59.257  25.295 0.5000000000
18576  -8.809  -58.955  25.947 0.5000000000
113850  -8.286  -59.746  27.466 0.5000000000
3294  -27.050  -80.708  13.480 0.5000000000
117373  -27.056  -81.142  12.708 0.5000000000
1642  -27.850  -84.064  11.821 0.6000000238
2422  -27.498  -82.953  9.061 0.6000000238
1643  -28.996  -83.984  11.861 0.6000000238
2024  -28.872  -83.139  10.486 0.6000000238
2405  -19.155  -82.805  11.713 0.6000000238
2407  -26.758  -82.160  10.691 0.5000000000
2399  -30.398  -82.766  12.086 0.6000000238
1974  -31.608  -83.237  14.742 0.6000000238
2381  -31.788  -82.972  14.551 0.6000000238
2337  -29.351  -82.532  18.490 0.6999999881
2879  -27.166  -81.743  11.327 0.5000000000
2856  -30.809  -82.322  13.334 0.6000000238
2836  -31.848  -82.467  14.864 0.6000000238
2808  -32.888  -82.356  16.534 0.5000000000
120010  -32.669  -78.363  17.568 0.5000000000
3709  -30.503  -78.920  18.569 0.5000000000
4872  -30.983  -77.748  19.077 0.5000000000
3296  -29.287  -81.036  13.916 0.5000000000
126440  -29.383  -80.451  14.682 0.5000000000
3266  -28.428  -80.282  14.569 0.5000000000
115386  -33.371  -75.672  19.352 0.5000000000
6008  -32.817  -75.831  18.377 0.5000000000
6009  -33.426  -75.311  18.577 0.5000000000
6603  -37.703  -74.269  19.558 0.5000000000
6626  -33.835  -74.947  18.159 0.4000000060
7143  -37.254  -73.582  19.172 0.4000000060
2763  -33.569  -81.613  21.065 0.5000000000
3215  -33.609  -80.586  20.650 0.6000000238
3690  -32.589  -79.832  20.486 0.6000000238
121601  -32.012  -81.391  20.478 0.6000000238
2316  -31.714  -82.897  20.473 0.4000000060
3691  -33.541  -79.578  20.523 0.4000000060
4259  -31.672  -78.446  20.214 0.4000000060
132015  -32.122  -79.118  20.415 0.5000000000
3213  -31.756  -80.352  20.414 0.6000000238
3689  -31.571  -79.345  20.341 0.5000000000
3688  -30.823  -78.787  19.859 0.4000000060
2761  -31.352  -81.946  20.240 0.5000000000
3228  -30.159  -80.360  19.669 0.5000000000
111538  -29.831  -82.509  19.315 0.6000000238
1591  -28.755  -84.413  17.661 0.6000000238
1600  -28.181  -84.442  16.794 0.6000000238
1607  -27.589  -83.871  15.772 0.6000000238
1970  -26.964  -83.518  15.053 0.6000000238
1984  -26.915  -83.561  14.129 0.5000000000
1629  -26.226  -84.088  12.808 0.5000000000
1641  -26.620  -84.234  11.952 0.4000000060
1640  -26.137  -84.752  11.342 0.5000000000
6604  -38.786  -74.467  19.535 0.3000000119
1367  -25.617  -84.876  8.239 0.4000000060
6159  -22.721  -75.171  8.461 0.4000000060
5548  -23.740  -76.053  8.203 0.4000000060
5575  -23.565  -76.454  6.607 0.5000000000
20326  -11.617  -56.113  17.563 0.5000000000
20318  -11.412  -55.889  18.002 0.5000000000
21122  -11.825  -55.393  17.903 0.5000000000
19486  -12.545  -56.186  18.894 0.4000000060
114854  -13.256  -58.667  19.397 0.4000000060
21137  -15.087  -53.670  17.232 0.4000000060
17801  -14.212  -59.743  20.106 0.4000000060
17817  -14.097  -58.937  19.841 0.4000000060
18666  -13.841  -57.863  19.586 0.4000000060
16923  -14.373  -61.288  20.551 0.4000000060
16924  -14.660  -60.196  20.575 0.4000000060
21109  -14.046  -54.443  18.495 0.4000000060
16900  -15.166  -60.749  21.120 0.4000000060
17802  -15.491  -59.886  20.837 0.4000000060
19488  -15.222  -56.599  19.545 0.4000000060
15990  -15.675  -61.345  21.849 0.4000000060
115962  -16.061  -60.461  21.418 0.4000000060
15095  -16.159  -62.363  23.024 0.4000000060
15970  -16.441  -61.726  22.532 0.4000000060
15042  -16.615  -62.354  26.792 0.3000000119
15053  -16.577  -62.807  26.060 0.4000000060
117100  -14.841  -59.379  27.659 0.3000000119
16817  -15.566  -59.964  27.390 0.3000000119
15043  -17.208  -62.193  26.304 0.3000000119
16819  -16.507  -61.270  27.279 0.3000000119
21933  -13.975  -54.189  18.016 0.4000000060
20307  -13.167  -55.299  18.862 0.4000000060
132176  -12.656  -54.783  18.294 0.4000000060
20308  -14.096  -55.771  19.272 0.4000000060
19487  -14.429  -57.179  19.628 0.4000000060
21110  -15.158  -53.711  18.398 0.4000000060
19472  -15.326  -57.777  19.919 0.4000000060
18653  -15.337  -58.569  20.252 0.4000000060
7766  -35.131  -72.521  22.409 0.3000000119
114124  -36.017  -73.095  22.139 0.3000000119
5945  -34.956  -74.469  23.126 0.4000000060
6562  -35.653  -74.242  23.203 0.3000000119
6563  -36.228  -74.763  23.139 0.4000000060
5401  -35.077  -76.878  22.394 0.3000000119
5946  -35.738  -75.094  23.132 0.3000000119
5947  -36.516  -75.469  23.093 0.4000000060
4837  -34.677  -77.777  22.420 0.3000000119
5388  -36.050  -76.910  22.892 0.3000000119
4823  -36.670  -77.889  23.372 0.3000000119
124190  -34.361  -78.565  22.560 0.3000000119
4225  -35.242  -78.681  22.898 0.3000000119
4226  -36.238  -78.762  23.410 0.3000000119
3661  -34.684  -79.455  22.997 0.3000000119
4207  -35.720  -79.597  23.408 0.3000000119
3649  -35.931  -80.108  23.463 0.3000000119
3647  -34.301  -80.906  23.491 0.3000000119
3176  -34.577  -81.143  23.437 0.3000000119
3177  -35.270  -80.733  23.335 0.3000000119
2734  -31.847  -81.898  23.160 0.3000000119
3187  -33.095  -81.278  23.335 0.3000000119
2721  -33.252  -82.041  23.428 0.3000000119
124359  -34.059  -81.563  23.413 0.3000000119
2736  -34.286  -81.617  23.242 0.3000000119
2720  -32.416  -82.567  23.412 0.4000000060
5964  -36.846  -75.056  22.904 0.3000000119
114755  -34.393  -75.858  22.153 0.4000000060
132904  -36.824  -76.198  23.206 0.4000000060
110612  -34.096  -76.920  21.897 0.3000000119
4824  -37.183  -77.554  23.388 0.4000000060
4224  -33.610  -79.041  22.641 0.3000000119
129114  -36.887  -79.202  23.585 0.4000000060
3178  -35.981  -80.345  23.318 0.4000000060
3659  -32.715  -80.267  22.878 0.3000000119
133448  -35.899  -80.624  22.892 0.4000000060
3185  -31.295  -81.068  22.625 0.3000000119
123954  -31.145  -80.134  22.532 0.4000000060
128381  -34.511  -81.641  22.569 0.4000000060
122592  -33.359  -82.437  22.753 0.3000000119
3197  -30.478  -80.578  22.173 0.3000000119
7773  -36.698  -72.639  21.521 0.3000000119
8422  -35.967  -70.997  21.347 0.3000000119
6576  -37.336  -74.591  22.339 0.3000000119
5965  -37.726  -75.533  22.577 0.3000000119
5961  -33.392  -75.368  21.855 0.4000000060
5390  -37.362  -76.847  23.165 0.3000000119
5402  -37.934  -76.454  22.740 0.3000000119
4836  -33.606  -77.860  22.232 0.3000000119
5400  -33.555  -76.167  21.660 0.4000000060
4825  -37.626  -77.725  23.208 0.4000000060
4840  -38.231  -77.796  22.672 0.3000000119
3651  -37.071  -79.268  23.345 0.4000000060
3663  -37.258  -79.249  22.490 0.4000000060
128767  -32.834  -78.339  22.370 0.3000000119
4834  -31.058  -78.069  22.264 0.3000000119
3662  -36.672  -79.849  23.004 0.4000000060
3676  -36.615  -79.746  21.827 0.4000000060
3658  -31.784  -79.735  22.613 0.3000000119
4221  -30.676  -78.659  22.209 0.3000000119
3216  -35.254  -80.507  21.255 0.4000000060
3692  -35.061  -79.646  20.689 0.5000000000
4222  -31.454  -78.805  22.457 0.3000000119
2764  -34.422  -81.078  21.111 0.4000000060
118979  -34.430  -80.180  20.693 0.4000000060
3195  -29.171  -81.233  21.255 0.3000000119
7774  -37.592  -73.078  21.476 0.3000000119
8423  -36.652  -71.661  21.302 0.3000000119
5982  -32.016  -75.717  21.608 0.4000000060
4228  -38.249  -78.177  22.188 0.4000000060
126306  -37.683  -78.433  21.155 0.4000000060
4849  -32.157  -77.161  21.807 0.4000000060
126459  -36.603  -79.175  20.977 0.4000000060
118034  -36.155  -78.803  20.615 0.5000000000
4864  -35.298  -78.143  20.439 0.4000000060
120165  -30.581  -77.513  21.959 0.3000000119
113926  -35.471  -79.060  20.585 0.4000000060
4847  -30.059  -78.006  21.786 0.3000000119
4260  -33.572  -78.600  20.462 0.4000000060
4862  -33.147  -77.638  20.326 0.4000000060
3673  -29.920  -79.699  21.710 0.3000000119
3196  -29.615  -80.500  21.509 0.3000000119
3211  -28.856  -80.357  20.849 0.3000000119
6577  -38.328  -75.064  22.031 0.3000000119
5403  -38.594  -76.996  22.459 0.3000000119
4244  -38.331  -77.977  21.395 0.3000000119
5416  -31.595  -76.452  21.695 0.4000000060
4866  -37.836  -77.838  20.697 0.5000000000
5425  -35.558  -77.162  20.305 0.4000000060
5415  -30.640  -76.505  21.809 0.4000000060
4863  -34.138  -77.884  20.392 0.4000000060
4239  -28.750  -78.048  20.812 0.3000000119
4846  -29.255  -77.581  21.291 0.3000000119
4240  -29.415  -78.420  21.302 0.3000000119
113957  -28.895  -78.922  20.782 0.3000000119
122597  -27.502  -80.983  20.447 0.3000000119
3210  -27.989  -80.076  20.408 0.3000000119
5404  -39.210  -76.686  21.885 0.3000000119
114414  -38.530  -77.457  20.880 0.4000000060
127945  -37.042  -77.737  20.489 0.4000000060
4257  -28.017  -77.747  20.502 0.3000000119
4859  -27.207  -77.580  20.414 0.3000000119
119353  -28.280  -78.451  20.529 0.3000000119
4256  -27.591  -78.408  20.324 0.3000000119
3687  -28.134  -79.119  20.416 0.3000000119
117660  -25.877  -77.836  20.261 0.3000000119
4254  -25.785  -78.694  20.079 0.3000000119
4255  -26.663  -78.356  20.197 0.3000000119
3685  -26.368  -79.383  20.117 0.3000000119
3686  -27.279  -79.240  20.242 0.3000000119
5429  -39.635  -76.436  20.782 0.3000000119
120747  -37.442  -77.095  20.386 0.4000000060
4253  -24.513  -78.162  20.181 0.3000000119
3701  -24.130  -79.629  19.590 0.3000000119
7136  -40.608  -74.161  21.381 0.3000000119
5984  -40.462  -75.497  21.104 0.3000000119
5440  -39.841  -75.966  20.387 0.3000000119
7776  -40.980  -73.261  21.367 0.3000000119
5985  -40.959  -74.965  20.889 0.3000000119
6000  -40.366  -75.352  20.158 0.3000000119
18677  -11.893  -57.346  18.612 0.5000000000
132470  -16.805  -62.905  25.148 0.5000000000
15079  -16.752  -62.554  23.734 0.4000000060
18665  -12.917  -57.449  19.242 0.4000000060
1938  -29.372  -83.663  18.234 0.6000000238
2760  -30.942  -80.874  20.275 0.5000000000
4861  -31.732  -77.658  19.847 0.4000000060
5426  -36.509  -77.108  20.334 0.4000000060
5438  -37.899  -76.266  20.170 0.4000000060
5999  -39.481  -75.508  19.912 0.3000000119
20327  -12.102  -55.694  17.529 0.5000000000
21135  -13.242  -54.575  17.824 0.4000000060
21934  -14.877  -53.463  17.673 0.4000000060
5963  -35.428  -75.954  22.697 0.3000000119
121460  -33.292  -79.863  22.859 0.3000000119
3186  -32.069  -80.900  22.895 0.3000000119
6574  -34.051  -74.769  22.586 0.4000000060
3199  -35.573  -80.839  22.366 0.4000000060
5417  -32.827  -75.909  21.511 0.4000000060
130068  -32.706  -77.660  22.074 0.3000000119
4835  -31.962  -78.065  22.281 0.3000000119
4242  -37.210  -79.004  21.449 0.4000000060
130444  -29.491  -79.118  21.342 0.3000000119
4865  -36.286  -77.941  20.440 0.4000000060
3672  -29.242  -79.697  21.098 0.3000000119
5427  -38.357  -77.056  20.527 0.4000000060
122395  -28.982  -76.892  21.312 0.3000000119
3209  -26.935  -80.197  20.264 0.3000000119
5418  -39.711  -76.339  21.266 0.3000000119
3684  -25.580  -79.518  19.954 0.3000000119
1618  -26.069  -83.877  13.718 0.5000000000
1617  -25.394  -84.423  14.272 0.5000000000
1606  -26.412  -83.899  15.820 0.5000000000
1590  -28.426  -84.534  17.570 0.5000000000
2324  -29.832  -83.481  19.108 0.4000000060
3750  -27.404  -79.261  15.478 0.4000000060
2762  -32.791  -81.764  20.755 0.5000000000
2318  -32.955  -82.307  21.257 0.3000000119
1901  -32.267  -83.342  22.765 0.3000000119
2304  -33.574  -82.253  21.938 0.4000000060
2277  -32.629  -82.647  23.361 0.3000000119
2292  -33.452  -82.122  23.315 0.3000000119
5414  -29.750  -75.989  21.794 0.3000000119
5980  -30.340  -75.550  22.004 0.3000000119
119475  -34.974  -73.803  23.260 0.3000000119
5957  -29.174  -74.925  22.568 0.3000000119
125424  -30.851  -74.998  22.170 0.3000000119
5959  -31.657  -75.074  21.906 0.3000000119
5960  -32.499  -75.157  21.783 0.3000000119
114261  -33.435  -74.134  23.005 0.3000000119
112641  -33.030  -73.946  23.758 0.3000000119
6571  -30.591  -74.493  22.860 0.3000000119
125150  -31.502  -74.337  22.961 0.3000000119
6572  -32.075  -74.621  22.323 0.3000000119
6560  -32.462  -74.157  23.087 0.3000000119
113368  -34.255  -73.980  23.234 0.3000000119
7114  -34.347  -73.241  23.415 0.3000000119
6559  -30.908  -74.319  23.680 0.3000000119
7113  -33.693  -72.961  23.902 0.3000000119
6561  -33.665  -73.646  23.569 0.3000000119
127847  -25.924  -85.425  10.278 0.3000000119
2325  -30.465  -83.321  19.660 0.5000000000
1581  -29.127  -84.341  18.241 0.4000000060
1599  -27.459  -84.343  16.760 0.5000000000
2303  -32.846  -82.813  22.142 0.3000000119
21111  -16.001  -54.475  18.998 0.3000000119
20309  -15.113  -55.200  18.864 0.3000000119
16901  -16.704  -61.008  22.087 0.3000000119
117527  -25.724  -84.638  12.258 0.4000000060
117986  -24.899  -85.463  13.736 0.4000000060
877  -25.286  -88.278  18.321 0.4000000060
1108  -25.734  -86.286  17.527 0.4000000060
1343  -26.341  -85.502  18.031 0.4000000060
1578  -27.016  -84.986  18.415 0.4000000060
1589  -27.755  -84.619  17.554 0.4000000060
118940  -25.167  -84.974  15.767 0.4000000060
1597  -25.672  -84.550  16.286 0.4000000060
1588  -26.663  -84.658  17.547 0.4000000060
662  -25.127  -88.339  19.443 0.3000000119
1100  -26.341  -87.579  19.376 0.4000000060
1335  -26.740  -86.137  18.921 0.4000000060
1349  -24.967  -85.141  14.898 0.4000000060
111787  -25.399  -87.567  17.441 0.4000000060
1346  -25.365  -85.442  16.511 0.4000000060
668  -24.928  -88.582  18.833 0.3000000119
1099  -25.860  -87.604  18.430 0.4000000060
1109  -26.277  -86.700  18.452 0.4000000060
1587  -25.855  -84.952  17.211 0.4000000060
1579  -28.003  -84.715  18.396 0.4000000060
860  -25.808  -88.011  20.112 0.3000000119
132311  -26.072  -88.059  19.860 0.3000000119
1101  -27.070  -86.929  19.800 0.3000000119
1091  -26.495  -87.620  20.263 0.3000000119
1327  -28.431  -85.469  20.003 0.3000000119
1570  -30.229  -84.440  20.128 0.3000000119
1336  -27.437  -85.540  19.178 0.3000000119
1924  -30.911  -84.068  20.662 0.3000000119
1932  -31.055  -83.448  20.294 0.3000000119
1568  -28.916  -84.886  19.429 0.3000000119
1931  -30.453  -83.913  19.810 0.3000000119
118093  -29.214  -84.551  18.950 0.3000000119
110493  -21.484  -81.780  26.279 0.3000000119
2685  -21.819  -81.380  26.615 0.3000000119
5411  -26.251  -76.342  21.677 0.3000000119
3147  -23.519  -81.275  26.404 0.3000000119
3627  -23.503  -80.321  25.541 0.3000000119
4184  -24.188  -79.037  24.119 0.3000000119
4204  -24.604  -78.282  23.418 0.3000000119
4821  -25.179  -77.628  23.066 0.3000000119
5385  -25.681  -76.907  22.756 0.3000000119
5399  -26.254  -76.286  22.452 0.3000000119
3628  -24.724  -80.790  25.291 0.3000000119
113689  -24.314  -79.926  24.807 0.3000000119
3637  -24.980  -79.779  24.347 0.3000000119
3646  -25.231  -79.190  23.929 0.3000000119
4205  -25.557  -78.436  23.559 0.3000000119
1326  -27.773  -86.045  20.008 0.3000000119
3145  -21.856  -80.585  26.080 0.3000000119
4183  -23.095  -78.537  24.150 0.3000000119
3626  -22.385  -79.586  25.293 0.3000000119
3635  -22.279  -78.897  24.559 0.3000000119
3636  -23.216  -79.264  24.803 0.3000000119
3168  -25.275  -80.577  24.774 0.3000000119
661  -24.487  -88.635  18.894 0.3000000119
870  -25.632  -88.209  19.316 0.3000000119
1337  -28.218  -85.029  19.269 0.3000000119
1361  -25.623  -85.767  9.881 0.3000000119
1364  -25.839  -85.413  8.994 0.4000000060
1569  -29.522  -84.705  19.757 0.3000000119
1580  -28.765  -84.619  18.417 0.3000000119
1598  -26.405  -84.320  16.717 0.4000000060
1605  -25.502  -84.331  15.328 0.4000000060
1621  -29.340  -83.978  12.826 0.6000000238
1644  -29.876  -83.757  12.204 0.6000000238
1655  -22.838  -84.376  10.985 0.5000000000
1656  -28.245  -84.028  10.446 0.6000000238
1668  -27.129  -84.571  9.914 0.5000000000
1669  -27.751  -84.233  9.841 0.6000000238
1682  -27.775  -83.846  9.246 0.5000000000
1913  -32.259  -83.370  21.878 0.3000000119
1930  -29.715  -84.258  19.140 0.3000000119
1948  -28.525  -84.245  16.915 0.6000000238
1969  -26.133  -83.714  14.753 0.6000000238
1972  -30.216  -83.772  14.836 0.6999999881
1973  -31.121  -83.560  14.805 0.6999999881
1982  -21.722  -82.970  14.473 0.6999999881
1985  -28.864  -83.850  14.326 0.6000000238
1994  -22.283  -83.701  13.518 0.6999999881
1995  -22.976  -83.464  13.476 0.6999999881
1998  -30.854  -83.244  13.082 0.6999999881
2004  -20.525  -83.792  12.341 0.6000000238
2009  -30.596  -83.050  12.337 0.6000000238
2012  -18.836  -83.171  11.050 0.5000000000
2017  -29.303  -83.424  11.035 0.6000000238
2022  -25.131  -83.364  9.696 0.5000000000
2034  -27.049  -83.441  8.694 0.6000000238
2035  -27.635  -83.346  9.014 0.5000000000
2045  -26.640  -83.863  8.423 0.5000000000
2291  -32.772  -82.757  23.154 0.3000000119
2293  -33.981  -82.064  22.765 0.3000000119
2317  -32.382  -82.941  21.189 0.3000000119
2326  -30.807  -82.661  19.899 0.5000000000
2357  -31.162  -82.918  16.063 0.6000000238
2359  -32.662  -82.550  15.991 0.5000000000
2366  -21.403  -82.011  15.481 0.6999999881
2372  -32.069  -82.848  15.371 0.6000000238
2388  -21.045  -83.022  14.064 0.6999999881
2389  -23.791  -83.005  13.328 0.6000000238
2391  -31.095  -82.854  13.346 0.6999999881
2395  -18.719  -82.255  12.180 0.6000000238
2396  -19.467  -82.543  12.424 0.6000000238
2400  -30.745  -82.781  12.710 0.6000000238
2410  -29.453  -82.988  11.010 0.6000000238
2416  -26.318  -82.654  10.070 0.5000000000
2419  -28.429  -83.020  9.756 0.6000000238
2423  -28.016  -83.011  9.213 0.6000000238
2722  -34.783  -81.217  23.376 0.3000000119
2733  -30.944  -81.892  22.626 0.3000000119
2735  -32.603  -81.854  23.380 0.3000000119
2747  -34.234  -81.739  21.842 0.4000000060
2748  -34.993  -81.334  22.900 0.4000000060
2759  -28.388  -81.024  20.695 0.3000000119
2787  -29.206  -81.635  18.018 0.5000000000
2795  -30.868  -81.354  17.225 0.6000000238
2796  -32.484  -81.871  17.079 0.5000000000
2805  -24.064  -81.198  16.236 0.6000000238
2817  -24.429  -81.620  15.467 0.5000000000
2818  -25.330  -81.253  15.278 0.5000000000
2820  -33.257  -82.164  16.033 0.5000000000
2831  -20.369  -81.934  14.761 0.6999999881
2834  -26.314  -81.024  14.001 0.6000000238
2835  -31.102  -81.754  14.374 0.6000000238
2845  -17.037  -81.102  13.170 0.6000000238
2848  -19.368  -81.616  13.538 0.6999999881
2849  -20.017  -82.129  13.954 0.6999999881
2852  -26.511  -81.303  13.138 0.6000000238
2854  -28.886  -81.484  12.973 0.5000000000
2870  -29.763  -82.199  12.123 0.5000000000
2878  -26.350  -81.973  11.720 0.5000000000
2881  -29.133  -82.415  11.319 0.5000000000
3157  -22.437  -80.367  25.966 0.3000000119
3175  -33.929  -81.398  23.486 0.3000000119
3188  -33.622  -80.720  23.303 0.3000000119
3189  -35.431  -80.863  23.194 0.4000000060
3198  -34.893  -81.265  21.950 0.4000000060
3200  -36.167  -80.366  22.601 0.4000000060
3212  -30.788  -79.791  20.146 0.5000000000
3214  -32.756  -80.945  20.597 0.6000000238
3240  -29.411  -80.857  17.934 0.5000000000
3247  -21.583  -80.148  16.911 0.6000000238
3250  -25.029  -80.296  16.582 0.5000000000
3258  -15.089  -80.210  15.632 0.6999999881
3268  -31.127  -80.390  15.245 0.5000000000
3270  -33.330  -81.372  15.443 0.5000000000
3278  -16.494  -80.150  15.351 0.6999999881
3283  -26.084  -80.871  14.899 0.6000000238
3292  -18.273  -80.753  13.822 0.6999999881
3305  -22.270  -80.132  10.030 0.5000000000
3309  -18.633  -80.487  7.590 0.6000000238
3311  -21.561  -80.647  8.322 0.6000000238
3312  -22.221  -80.722  8.228 0.6000000238
3315  -17.964  -80.396  6.901 0.6000000238
3319  -22.348  -80.856  7.058 0.6000000238
3322  -18.060  -80.297  6.122 0.5000000000
3326  -22.857  -80.765  6.113 0.6000000238
3328  -24.764  -80.333  6.133 0.5000000000
3330  -20.618  -80.819  5.453 0.6000000238
3332  -22.207  -80.732  5.257 0.6000000238
3335  -21.748  -80.517  4.841 0.6000000238
3338  -23.814  -80.018  4.714 0.6000000238
3648  -34.849  -80.428  23.377 0.3000000119
3650  -36.515  -79.674  23.455 0.4000000060
3660  -34.100  -80.147  23.175 0.3000000119
3675  -35.968  -80.308  21.706 0.4000000060
3693  -35.942  -79.690  20.933 0.4000000060
3703  -30.254  -79.391  19.418 0.5000000000
3707  -29.684  -79.984  18.565 0.5000000000
3720  -30.078  -79.774  18.175 0.5000000000
3721  -31.233  -78.775  18.123 0.5000000000
3730  -25.416  -79.555  16.732 0.5000000000
3747  -20.288  -79.550  16.341 0.5000000000
3764  -18.158  -79.637  15.262 0.6999999881
3766  -27.653  -79.855  14.885 0.6000000238
3783  -22.483  -79.260  12.237 0.5000000000
3795  -19.595  -79.237  9.814 0.6000000238
3797  -21.765  -79.793  10.322 0.6000000238
3798  -22.289  -79.851  10.789 0.5000000000
3806  -21.114  -79.673  9.747 0.6000000238
3811  -16.771  -79.506  7.178 0.6999999881
3812  -17.002  -79.351  8.256 0.6000000238
3814  -19.385  -80.267  8.366 0.5000000000
3818  -25.013  -80.096  6.857 0.5000000000
3821  -17.038  -79.352  6.173 0.6000000238
3822  -17.550  -79.809  6.000 0.6000000238
3824  -19.196  -80.161  5.912 0.5000000000
3825  -20.190  -79.832  5.715 0.5000000000
3827  -25.966  -79.773  5.944 0.5000000000
3830  -17.647  -79.457  5.934 0.6000000238
3836  -21.859  -79.983  4.513 0.6000000238
3837  -22.653  -79.777  4.491 0.6000000238
3838  -23.508  -79.682  4.517 0.6000000238
3839  -24.249  -79.779  4.696 0.5000000000
4208  -36.911  -78.800  23.644 0.4000000060
4209  -37.222  -78.790  23.507 0.4000000060
4223  -32.482  -79.124  22.596 0.3000000119
4227  -37.648  -78.610  22.871 0.4000000060
4241  -30.038  -78.896  21.796 0.3000000119
4243  -37.828  -78.630  21.940 0.4000000060
4258  -31.096  -77.967  19.526 0.5000000000
4261  -34.679  -78.809  20.502 0.4000000060
4262  -37.000  -78.464  20.728 0.4000000060
4268  -24.874  -78.993  19.902 0.3000000119
4287  -32.334  -79.092  17.590 0.5000000000
4305  -14.747  -79.006  15.566 0.6999999881
4306  -15.357  -78.482  15.425 0.6999999881
4308  -17.575  -77.958  15.869 0.6999999881
4315  -28.246  -78.777  16.025 0.4000000060
4324  -13.025  -78.864  14.574 0.5000000000
4325  -13.535  -78.857  15.043 0.5000000000
4341  -22.985  -78.706  13.788 0.5000000000
4348  -12.907  -78.643  13.209 0.5000000000
4350  -14.508  -78.171  12.753 0.6999999881
4354  -20.704  -77.929  12.364 0.6000000238
4355  -21.974  -78.986  12.558 0.5000000000
4364  -14.719  -78.112  11.794 0.6999999881
4365  -15.674  -78.013  11.499 0.6999999881
4368  -18.053  -78.110  11.295 0.6000000238
4375  -12.489  -78.144  10.462 0.6000000238
4379  -17.316  -78.416  10.530 0.6000000238
4380  -18.084  -78.534  10.509 0.6000000238
4381  -18.894  -78.820  10.181 0.6000000238
4391  -14.463  -78.048  9.414 0.6999999881
4406  -13.966  -77.930  8.668 0.6999999881
4423  -16.237  -79.005  6.963 0.6999999881
4424  -19.351  -78.673  6.655 0.5000000000
4434  -16.342  -78.714  6.184 0.6999999881
4445  -16.731  -78.752  6.143 0.6000000238
4446  -17.135  -78.836  6.016 0.6000000238
4453  -21.547  -79.296  4.640 0.6000000238
4455  -23.020  -79.079  4.378 0.6000000238
4826  -37.976  -77.201  22.881 0.3000000119
4838  -35.684  -77.824  22.837 0.3000000119
4839  -37.600  -78.300  23.235 0.4000000060
4841  -38.837  -77.253  22.128 0.3000000119
4845  -28.518  -77.239  20.874 0.3000000119
4848  -31.304  -77.320  22.009 0.3000000119
4850  -33.064  -76.874  21.621 0.3000000119
4851  -38.684  -77.606  21.902 0.3000000119
4858  -26.477  -77.470  20.424 0.3000000119
4867  -38.902  -77.319  21.283 0.4000000060
4868  -39.358  -76.836  21.146 0.3000000119
4883  -31.469  -77.395  18.836 0.5000000000
4908  -16.210  -78.130  15.529 0.6999999881
4912  -20.247  -77.264  15.399 0.5000000000
4926  -19.289  -76.724  14.785 0.6000000238
4928  -21.611  -78.023  14.335 0.5000000000
4940  -17.738  -77.108  14.143 0.6999999881
4955  -16.407  -77.630  13.212 0.6999999881
4966  -19.224  -77.563  12.323 0.6000000238
4988  -19.545  -77.379  8.085 0.5000000000
4989  -20.232  -77.323  7.891 0.5000000000
5011  -12.420  -77.031  5.286 0.5000000000
5014  -14.877  -77.465  5.721 0.6999999881
5015  -16.398  -77.566  5.943 0.6000000238
5016  -17.193  -78.136  6.107 0.6000000238
5017  -18.287  -78.540  6.341 0.6000000238
5022  -12.917  -76.760  5.183 0.6000000238
5023  -13.621  -76.792  5.256 0.6000000238
5024  -14.591  -76.908  5.407 0.6000000238
5025  -15.397  -77.434  5.717 0.6999999881
5028  -20.900  -77.194  5.016 0.6000000238
5032  -21.806  -77.620  4.654 0.6000000238
5033  -22.877  -77.713  4.599 0.5000000000
5389  -36.753  -76.898  23.243 0.3000000119
5424  -34.498  -77.077  20.265 0.4000000060
5428  -39.060  -76.976  20.769 0.3000000119
5434  -32.900  -76.255  19.530 0.5000000000
5436  -35.802  -76.253  20.144 0.5000000000
5439  -39.061  -76.335  20.297 0.3000000119
5459  -32.481  -76.462  18.204 0.5000000000
5544  -18.015  -76.583  8.340 0.6000000238
5556  -11.736  -76.307  5.602 0.5000000000
5557  -16.566  -76.321  6.631 0.5000000000
5560  -20.811  -76.916  7.001 0.6000000238
5562  -23.454  -76.179  7.476 0.5000000000
5569  -13.177  -76.337  5.303 0.6000000238
5572  -16.012  -76.817  5.771 0.6999999881
5574  -20.761  -76.577  5.543 0.6000000238
5582  -15.377  -77.032  5.566 0.6999999881
5585  -22.789  -76.889  5.130 0.6000000238
5958  -30.029  -74.930  22.463 0.3000000119
5962  -34.907  -75.191  22.757 0.4000000060
5966  -38.770  -76.108  22.199 0.3000000119
5981  -31.176  -75.660  21.794 0.3000000119
5990  -40.240  -75.849  20.771 0.3000000119
5991  -40.747  -75.178  20.654 0.3000000119
5994  -32.832  -75.730  18.994 0.5000000000
5995  -33.689  -75.212  19.065 0.5000000000
5998  -38.373  -75.391  19.852 0.5000000000
6017  -33.415  -75.522  17.833 0.4000000060
6113  -16.151  -75.150  11.293 0.4000000060
6114  -16.841  -75.066  11.077 0.4000000060
6115  -19.096  -74.834  11.792 0.5000000000
6126  -17.456  -75.214  10.582 0.5000000000
6127  -18.623  -75.466  10.587 0.6000000238
6138  -15.929  -75.373  9.665 0.5000000000
6142  -20.080  -75.911  9.791 0.6000000238
6143  -20.429  -75.518  9.173 0.5000000000
6155  -16.677  -75.600  8.173 0.6000000238
6157  -18.548  -76.326  9.238 0.6000000238
6158  -20.526  -75.744  8.151 0.6000000238
6170  -13.313  -75.707  6.651 0.5000000000
6172  -15.548  -75.591  6.751 0.6000000238
6173  -16.303  -75.683  7.132 0.6000000238
6176  -22.987  -75.753  7.928 0.6000000238
6182  -13.778  -75.830  5.719 0.6000000238
6183  -14.557  -76.045  5.601 0.6000000238
6196  -20.462  -75.158  5.562 0.6000000238
6197  -21.451  -75.973  5.359 0.6000000238
6573  -33.003  -74.639  22.315 0.3000000119
6575  -36.335  -74.123  22.831 0.4000000060
6592  -40.884  -74.802  21.155 0.3000000119
6601  -35.388  -74.190  19.181 0.4000000060
6613  -34.100  -74.774  18.746 0.5000000000
6677  -19.127  -73.955  13.444 0.6000000238
6687  -19.524  -74.008  12.852 0.6000000238
6688  -20.037  -73.787  12.542 0.6000000238
6749  -20.113  -74.345  5.749 0.6000000238
6751  -21.028  -73.835  5.565 0.6000000238
7115  -35.325  -73.417  23.011 0.3000000119
7134  -36.932  -73.652  21.849 0.3000000119
7144  -38.143  -73.493  19.230 0.4000000060
7221  -20.066  -72.825  13.731 0.6999999881
7232  -20.226  -73.089  12.970 0.6000000238
7287  -20.395  -73.652  7.897 0.6000000238
7301  -22.152  -73.265  6.779 0.6000000238
7312  -21.229  -73.004  5.759 0.6000000238
7320  -20.328  -73.883  5.624 0.6000000238
7851  -19.331  -72.178  14.668 0.6000000238
7865  -20.009  -72.198  14.145 0.6999999881
7881  -20.481  -72.478  12.443 0.6000000238
7933  -22.742  -72.134  8.652 0.5000000000
7963  -22.439  -72.538  7.048 0.5000000000
7978  -20.722  -72.066  5.922 0.5000000000
8512  -19.626  -71.430  14.188 0.6999999881
8595  -20.851  -71.240  6.482 0.5000000000
8596  -21.902  -70.935  6.344 0.5000000000
8597  -22.661  -71.623  6.774 0.5000000000
8598  -23.306  -70.718  6.967 0.5000000000
8613  -20.672  -71.786  6.108 0.5000000000
9180  -19.749  -70.827  13.717 0.6999999881
9193  -18.323  -69.907  13.138 0.6000000238
9236  -20.831  -70.764  8.276 0.5000000000
9249  -21.030  -70.679  7.202 0.6000000238
9251  -22.520  -70.105  6.974 0.5000000000
9252  -24.474  -69.921  7.811 0.5000000000
9265  -23.851  -69.970  7.144 0.5000000000
9802  -19.532  -70.131  13.345 0.6999999881
9812  -18.741  -69.232  12.818 0.6000000238
9823  -17.884  -68.986  11.502 0.5000000000
9824  -18.505  -68.645  12.161 0.6999999881
9826  -21.175  -69.200  11.108 0.5000000000
9853  -22.048  -69.328  9.569 0.6000000238
9867  -24.073  -68.711  7.413 0.5000000000
9868  -24.403  -69.273  7.644 0.5000000000
9882  -24.150  -69.464  7.286 0.5000000000
10474  -19.800  -68.840  12.323 0.6000000238
10491  -21.013  -68.320  10.966 0.6000000238
10504  -18.494  -67.607  10.910 0.6000000238
10531  -23.796  -68.011  7.683 0.6000000238
10532  -24.055  -67.856  7.753 0.6999999881
10533  -24.360  -67.907  8.371 0.6999999881
11185  -19.052  -67.220  11.088 0.6000000238
11206  -22.162  -66.391  8.559 0.6999999881
11207  -22.748  -67.153  8.314 0.8000000119
11208  -23.742  -66.862  9.503 0.6999999881
11222  -17.754  -67.097  9.171 0.5000000000
11223  -18.471  -66.685  9.745 0.6999999881
11225  -23.522  -67.251  8.106 0.6999999881
11227  -24.215  -67.380  8.968 0.6999999881
11243  -17.245  -67.525  8.696 0.6000000238
11929  -20.510  -66.708  13.504 0.5000000000
11968  -21.991  -65.503  10.855 0.6999999881
11986  -19.429  -66.312  9.860 0.6000000238
11988  -22.569  -65.611  9.257 0.8000000119
12009  -22.653  -65.766  8.523 0.8000000119
12010  -23.301  -66.470  8.530 0.6999999881
12018  -16.575  -67.005  8.538 0.5000000000
12708  -19.264  -65.507  13.287 0.6999999881
12747  -12.142  -65.435  10.589 0.6000000238
12749  -20.013  -64.501  11.391 0.6999999881
12750  -20.693  -64.418  10.561 0.8000000119
12763  -11.959  -65.056  9.685 0.6000000238
12764  -12.760  -64.684  9.211 0.6000000238
12765  -13.471  -64.907  9.457 0.6000000238
12771  -21.671  -64.540  8.780 0.6999999881
12779  -16.783  -65.970  9.670 0.6000000238
12781  -19.409  -64.993  9.676 0.6000000238
12783  -21.333  -64.486  9.016 0.6999999881
12784  -22.203  -64.993  8.405 0.6999999881
13506  -12.650  -64.814  13.017 0.5000000000
13509  -18.130  -64.473  13.392 0.6000000238
13521  -11.240  -63.864  11.966 0.6000000238
13522  -11.599  -64.369  11.774 0.6000000238
13536  -11.594  -63.691  11.530 0.6000000238
13539  -13.665  -64.317  11.040 0.6000000238
13541  -16.256  -64.000  11.313 0.6000000238
13542  -18.835  -63.143  11.205 0.8000000119
13548  -12.301  -64.515  9.540 0.6000000238
13556  -20.429  -63.901  9.932 0.8000000119
13562  -20.678  -64.098  9.666 0.8000000119
14265  -11.482  -63.421  19.732 0.5000000000
14275  -11.508  -63.246  18.202 0.6000000238
14290  -12.369  -63.586  17.737 0.5000000000
14313  -11.610  -63.587  15.677 0.6000000238
14326  -10.694  -63.627  13.720 0.6000000238
14336  -10.227  -62.811  13.197 0.8000000119
14355  -11.712  -63.284  11.730 0.8000000119
14359  -18.268  -62.788  11.721 0.8000000119
14376  -17.812  -62.317  11.016 0.8000000119
14389  -18.339  -62.949  10.772 0.8000000119
14997  -11.175  -62.433  29.175 0.5000000000
15009  -10.457  -62.365  28.745 0.5000000000
15014  -14.895  -62.092  28.242 0.4000000060
15023  -11.941  -62.509  27.888 0.5000000000
15025  -13.788  -62.563  27.733 0.5000000000
15027  -15.466  -62.428  27.579 0.4000000060
15028  -16.247  -62.038  27.468 0.3000000119
15040  -15.209  -62.955  27.012 0.5000000000
15050  -13.748  -62.709  26.106 0.4000000060
15062  -15.470  -63.145  24.391 0.5000000000
15076  -13.972  -63.252  23.317 0.4000000060
15110  -12.980  -62.265  21.635 0.5000000000
15125  -13.442  -62.094  20.726 0.4000000060
15179  -8.499  -62.152  15.301 0.6999999881
15180  -8.686  -62.739  14.872 0.6999999881
15190  -8.971  -62.476  14.168 0.6999999881
15203  -10.200  -62.412  13.307 0.8000000119
15204  -11.017  -62.515  12.838 0.8000000119
15206  -13.309  -61.994  13.139 0.6000000238
15207  -16.853  -62.207  13.278 0.6000000238
15218  -13.585  -62.655  12.570 0.6999999881
15220  -15.736  -61.852  12.197 0.6000000238
15234  -17.841  -61.917  11.399 0.8000000119
15235  -18.186  -62.188  11.241 0.6999999881
15857  -8.786  -61.254  30.092 0.5000000000
15861  -12.040  -61.552  30.193 0.5000000000
15877  -8.364  -61.339  29.406 0.5000000000
15878  -9.315  -61.781  29.762 0.5000000000
15879  -9.970  -62.068  29.900 0.4000000060
15897  -13.708  -62.095  28.941 0.5000000000
15911  -11.348  -62.285  27.251 0.5000000000
15919  -10.860  -61.601  26.649 0.5000000000
15922  -16.865  -61.767  26.901 0.3000000119
15931  -12.322  -62.138  25.337 0.5000000000
15940  -11.946  -61.529  24.686 0.5000000000
15967  -12.264  -61.614  22.507 0.5000000000
15968  -15.000  -62.183  21.942 0.5000000000
15969  -15.687  -62.052  22.423 0.4000000060
16001  -12.752  -61.465  19.924 0.6000000238
16014  -8.750  -60.373  20.364 0.6999999881
16029  -8.124  -61.210  17.971 0.6999999881
16042  -7.770  -60.917  16.979 0.6000000238
16071  -8.581  -61.980  15.051 0.6999999881
16072  -8.916  -61.595  15.303 0.6000000238
16087  -8.901  -62.198  14.515 0.6999999881
16108  -17.109  -61.239  12.296 0.8000000119
16126  -15.147  -61.365  12.593 0.6000000238
16722  -8.263  -59.845  31.041 0.4000000060
16749  -10.151  -60.502  30.656 0.4000000060
16776  -7.505  -60.502  29.537 0.5000000000
16797  -7.453  -60.362  28.834 0.5000000000
16800  -14.719  -60.851  28.817 0.4000000060
16814  -8.686  -60.797  27.722 0.6000000238
16825  -10.525  -60.695  26.081 0.6999999881
16850  -10.385  -60.275  24.855 0.6999999881
16877  -11.505  -60.591  22.577 0.6000000238
16896  -9.813  -60.333  21.641 0.6999999881
16897  -10.022  -59.742  21.374 0.8000000119
16919  -10.232  -59.778  20.897 0.6999999881
16920  -11.210  -60.443  19.959 0.6000000238
16937  -8.350  -59.486  19.949 0.8000000119
16966  -7.742  -60.090  17.071 0.6000000238
16967  -7.872  -59.810  16.838 0.6000000238
17006  -16.326  -59.506  13.895 0.6000000238
17019  -13.978  -59.882  13.455 0.6000000238
17021  -15.856  -59.398  13.190 0.6999999881
17022  -16.398  -60.186  13.313 0.6000000238
17040  -16.193  -60.102  12.902 0.6999999881
17694  -13.226  -59.349  29.263 0.4000000060
17696  -14.504  -59.916  28.519 0.4000000060
17719  -9.243  -59.618  26.212 0.6999999881
17728  -9.770  -60.100  25.336 0.6999999881
17739  -9.798  -60.133  25.062 0.6999999881
17799  -8.662  -58.978  19.886 0.6999999881
17812  -8.215  -58.958  19.509 0.8000000119
17813  -9.238  -59.190  19.529 0.6000000238
17828  -7.936  -58.896  18.728 0.8000000119
17858  -8.786  -59.730  16.812 0.6000000238
17886  -14.117  -57.783  14.026 0.6000000238
17887  -15.755  -57.978  14.248 0.6000000238
17889  -16.261  -59.165  13.665 0.6000000238
17902  -16.105  -59.150  13.407 0.6000000238
18493  -8.461  -58.332  31.664 0.4000000060
18504  -9.875  -58.021  30.743 0.4000000060
18568  -12.977  -57.896  28.175 0.4000000060
18586  -8.802  -59.085  25.531 0.5000000000
18652  -14.667  -58.284  19.927 0.4000000060
18675  -10.455  -59.050  17.617 0.6000000238
18686  -11.077  -57.681  17.211 0.6000000238
18705  -11.662  -57.957  15.739 0.5000000000
18717  -14.183  -57.458  14.432 0.6000000238
18718  -15.199  -57.247  14.169 0.6000000238
18720  -16.170  -58.356  13.804 0.6999999881
18730  -15.508  -57.366  13.897 0.6000000238
19360  -12.053  -56.874  27.962 0.4000000060
19496  -11.729  -55.957  18.385 0.5000000000
19503  -12.582  -56.341  17.207 0.5000000000
20116  -8.071  -57.079  31.639 0.4000000060
20157  -11.288  -56.618  28.279 0.5000000000
20319  -11.834  -55.389  18.157 0.5000000000
20328  -12.767  -55.386  17.521 0.4000000060
20959  -7.255  -55.739  30.473 0.4000000060
20960  -7.855  -56.184  30.130 0.3000000119
20969  -8.034  -55.941  29.402 0.3000000119
20981  -8.287  -55.637  28.702 0.3000000119
21107  -12.395  -55.180  18.441 0.4000000060
21108  -13.086  -54.602  18.373 0.4000000060
21123  -13.003  -54.519  18.117 0.4000000060
21124  -14.027  -54.137  18.063 0.4000000060
21125  -14.806  -53.485  17.828 0.4000000060
21134  -12.457  -54.995  17.868 0.4000000060
21136  -14.251  -54.148  17.751 0.4000000060
21795  -8.630  -54.757  27.370 0.5000000000
22681  -6.722  -53.641  26.061 0.4000000060
22690  -6.772  -53.752  25.149 0.3000000119
23521  -5.960  -52.816  26.288 0.3000000119
110691  -15.946  -53.315  18.599 0.3000000119
110881  -23.095  -66.853  11.220 0.5000000000
111075  -20.385  -72.897  8.124 0.5000000000
111177  -24.080  -82.585  14.017 0.6000000238
111277  -37.244  -78.258  23.490 0.4000000060
111493  -25.000  -85.839  15.623 0.4000000060
113452  -20.604  -70.978  12.328 0.6000000238
113501  -15.543  -78.454  7.219 0.6999999881
113505  -36.522  -79.401  23.490 0.3000000119
113506  -28.057  -84.185  16.148 0.6999999881
113538  -17.679  -77.341  15.299 0.6999999881
113793  -11.021  -60.403  24.875 0.6999999881
113839  -20.551  -81.119  6.580 0.6000000238
113864  -32.659  -78.913  20.426 0.5000000000
114185  -13.444  -56.554  19.392 0.4000000060
114249  -10.993  -63.472  21.354 0.6000000238
114433  -11.342  -60.413  23.583 0.6000000238
114524  -23.362  -84.188  9.243 0.5000000000
114886  -13.930  -75.574  7.742 0.5000000000
115351  -13.040  -78.490  12.337 0.6000000238
115774  -22.727  -80.646  8.886 0.5000000000
115909  -9.107  -58.755  31.367 0.4000000060
116094  -14.614  -54.820  17.567 0.4000000060
116412  -20.258  -68.430  11.715 0.6000000238
116719  -17.584  -78.666  9.956 0.6000000238
116910  -28.939  -83.881  11.033 0.6000000238
117103  -12.092  -78.010  9.316 0.6000000238
117326  -20.611  -77.752  15.958 0.5000000000
117620  -24.721  -80.203  5.556 0.5000000000
117837  -32.447  -77.977  20.289 0.4000000060
118276  -34.117  -75.448  19.553 0.5000000000
118470  -24.218  -80.429  5.611 0.5000000000
118745  -14.741  -75.651  6.287 0.6000000238
118774  -20.466  -81.463  15.449 0.6999999881
118824  -28.778  -83.704  16.353 0.8000000119
119426  -20.227  -74.761  5.670 0.6000000238
119586  -31.057  -79.326  22.470 0.3000000119
120286  -14.640  -61.545  28.662 0.4000000060
120478  -20.497  -71.910  9.696 0.6000000238
120643  -12.112  -62.375  29.231 0.6000000238
120803  -22.736  -69.508  7.599 0.5000000000
121132  -16.413  -62.954  24.442 0.5000000000
121193  -25.132  -84.460  7.841 0.5000000000
121413  -29.761  -76.959  21.661 0.3000000119
121842  -20.558  -72.717  5.692 0.5000000000
122786  -24.454  -78.328  4.337 0.5000000000
122885  -7.733  -60.459  30.165 0.5000000000
122944  -21.260  -78.430  4.830 0.6000000238
123082  -12.733  -62.373  23.841 0.4000000060
123241  -25.263  -78.218  20.152 0.3000000119
123326  -21.225  -79.282  10.424 0.6000000238
123524  -32.289  -82.276  20.663 0.5000000000
123893  -20.690  -81.109  5.771 0.6000000238
124025  -8.627  -62.512  15.600 0.6999999881
124333  -25.190  -88.167  19.848 0.3000000119
124430  -15.995  -59.101  14.395 0.5000000000
125011  -16.718  -78.811  8.928 0.6999999881
125097  -16.626  -60.742  12.792 0.6999999881
125336  -29.657  -75.373  22.193 0.3000000119
125403  -36.824  -74.163  19.440 0.4000000060
125423  -31.337  -74.698  22.411 0.3000000119
125798  -25.712  -85.444  10.887 0.5000000000
126163  -19.756  -79.138  16.094 0.6000000238
126407  -10.183  -62.079  21.961 0.6000000238
126419  -10.188  -61.519  22.608 0.6999999881
126531  -12.313  -55.007  18.147 0.5000000000
126861  -14.881  -59.220  20.373 0.4000000060
126892  -19.235  -75.234  11.170 0.6000000238
127126  -17.526  -61.638  11.813 0.8000000119
127303  -21.590  -84.561  11.866 0.5000000000
127448  -7.891  -60.464  18.596 0.6999999881
127494  -26.675  -83.080  9.041 0.6000000238
127499  -29.628  -80.806  19.205 0.6000000238
127911  -20.490  -73.593  10.128 0.5000000000
128299  -14.381  -62.360  21.396 0.5000000000
128592  -34.298  -79.380  20.540 0.4000000060
128632  -13.084  -61.780  20.319 0.5000000000
128650  -19.915  -83.903  10.878 0.4000000060
128709  -31.305  -83.433  14.387 0.6999999881
128772  -24.421  -83.657  9.701 0.5000000000
128790  -8.520  -55.259  28.041 0.5000000000
128814  -10.695  -60.273  23.781 0.6999999881
129111  -30.604  -78.073  22.087 0.3000000119
129125  -36.272  -76.045  23.066 0.4000000060
129584  -26.792  -83.735  13.302 0.5000000000
129809  -26.222  -76.486  21.130 0.3000000119
129844  -11.747  -62.062  13.440 0.8000000119
130027  -20.845  -75.941  5.308 0.6000000238
130283  -18.570  -65.629  9.838 0.6000000238
130410  -37.194  -75.896  23.067 0.4000000060
130418  -19.936  -81.212  6.321 0.6000000238
130629  -32.347  -76.409  21.574 0.4000000060
130777  -21.766  -82.518  15.044 0.6000000238
130972  -20.221  -75.098  10.763 0.6000000238
131360  -35.354  -74.686  19.548 0.5000000000
131923  -40.062  -73.354  21.443 0.3000000119
132386  -17.230  -67.033  8.852 0.5000000000
132409  -26.934  -84.036  16.352 0.5000000000
132730  -15.168  -78.222  6.662 0.6999999881
132755  -11.130  -61.570  14.233 0.6000000238
132831  -15.585  -78.124  10.664 0.6999999881
133140  -21.355  -84.769  9.273 0.5000000000
133145  -28.632  -79.632  20.654 0.3000000119
133231  -14.520  -76.445  5.417 0.6000000238
133404  -20.286  -78.020  16.141 0.5000000000
133730  -13.712  -58.874  28.405 0.4000000060
133790  -19.355  -79.687  9.104 0.5000000000
134011  -17.618  -79.604  8.407 0.6000000238
