#!ascii label  , from subject sub-v1s9x0051354_ses-1 vox2ras=TkReg
843
52433  -21.719  -20.983  16.071 0.4285714328
53352  -22.748  -19.609  15.082 0.2857142985
52466  -22.025  -20.027  14.758 0.4285714328
128817  -23.415  -19.325  15.239 0.4285714328
53368  -23.140  -19.050  14.596 0.2857142985
131388  -24.237  -18.437  14.553 0.4285714328
54371  -23.600  -18.199  13.383 0.4285714328
55537  -24.231  -17.683  13.255 0.4285714328
55552  -23.605  -17.696  12.506 0.4285714328
56680  -24.978  -16.618  12.029 0.4285714328
56693  -23.820  -16.813  10.634 0.5714285970
55566  -23.983  -17.006  11.726 0.5714285970
56695  -25.446  -16.342  11.323 0.2857142985
56710  -24.465  -16.442  10.175 0.7142857313
56711  -25.237  -16.288  10.558 0.7142857313
57801  -26.626  -15.383  10.477 0.7142857313
57800  -25.903  -16.082  10.121 0.7142857313
58803  -27.595  -14.507  9.213 0.5714285970
57812  -26.388  -15.863  9.246 0.5714285970
58802  -26.932  -15.077  9.592 0.5714285970
110591  -26.809  -15.209  8.539 0.5714285970
58804  -28.216  -13.918  9.315 0.4285714328
59793  -28.410  -13.268  8.964 0.5714285970
60712  -28.726  -12.580  8.556 0.5714285970
59805  -27.178  -14.172  7.502 0.7142857313
131533  -28.940  -11.980  8.344 0.7142857313
61655  -29.228  -12.008  9.076 0.5714285970
59806  -27.827  -13.992  7.757 0.5714285970
58830  -25.318  -14.362  7.511 0.5714285970
60728  -28.087  -12.896  6.862 0.8571428657
61668  -29.250  -11.229  8.752 0.7142857313
60727  -27.455  -12.964  6.717 0.7142857313
60726  -26.395  -12.793  6.907 0.5714285970
62591  -28.950  -10.758  8.044 0.7142857313
62577  -29.764  -10.603  9.460 0.5714285970
111593  -28.521  -12.427  7.646 0.7142857313
63511  -29.083  -9.915  8.042 0.5714285970
119016  -28.527  -11.187  7.319 0.7142857313
64442  -29.428  -9.218  8.741 0.5714285970
120514  -28.196  -12.035  6.790 0.5714285970
62614  -28.157  -11.082  6.420 0.7142857313
64452  -29.123  -8.577  8.162 0.7142857313
63540  -28.421  -10.252  6.452 0.7142857313
63524  -28.727  -9.660  7.307 0.7142857313
64451  -28.869  -8.908  7.312 0.7142857313
65408  -29.124  -7.185  7.778 0.7142857313
117590  -29.226  -7.872  8.256 0.5714285970
114657  -28.577  -9.464  6.425 0.7142857313
62613  -27.971  -11.270  5.328 0.5714285970
66381  -28.846  -6.730  6.782 0.5714285970
66367  -29.188  -6.216  7.684 0.5714285970
117976  -28.366  -9.285  5.478 0.8571428657
113359  -28.309  -10.261  5.402 0.8571428657
116357  -28.625  -7.213  5.628 0.7142857313
115495  -28.428  -8.263  5.328 0.8571428657
67373  -28.387  -5.828  3.886 0.8571428657
67355  -28.833  -5.440  6.322 0.5714285970
66390  -28.439  -6.721  4.624 0.8571428657
132938  -28.267  -7.313  3.968 0.8571428657
65431  -28.335  -7.637  4.492 0.8571428657
68357  -28.341  -4.200  2.574 0.8571428657
69281  -28.355  -3.354  2.867 0.8571428657
70218  -27.117  -2.411  2.723 0.8571428657
66398  -28.159  -6.843  3.399 0.8571428657
69286  -27.416  -3.537  2.323 0.8571428657
69280  -26.933  -3.565  2.980 1.0000000000
70226  -27.043  -2.724  2.388 1.0000000000
67389  -27.864  -5.323  2.280 0.8571428657
122480  -26.878  -2.772  3.309 1.0000000000
130133  -27.074  -1.898  4.340 1.0000000000
71153  -25.526  -1.704  7.154 0.7142857313
70217  -27.023  -2.114  3.251 1.0000000000
70209  -26.986  -2.475  4.317 1.0000000000
71154  -26.439  -1.565  6.172 1.0000000000
73051  -25.568  0.778  7.074 1.0000000000
120350  -24.815  1.217  6.883 0.8571428657
74899  -24.614  2.629  6.513 0.8571428657
74008  -24.669  1.868  6.677 1.0000000000
76682  -25.673  4.686  5.496 0.8571428657
76677  -25.119  4.090  5.927 0.8571428657
125983  -25.427  3.441  6.119 1.0000000000
77610  -25.679  5.848  4.721 0.8571428657
78561  -25.223  6.421  4.357 0.7142857313
77599  -23.566  5.562  5.830 0.5714285970
78560  -24.374  6.577  4.511 0.7142857313
78572  -24.787  7.007  3.963 0.5714285970
79426  -23.297  7.060  5.322 0.5714285970
78546  -23.488  6.290  5.454 0.5714285970
79425  -22.993  7.499  5.987 0.4285714328
80298  -22.878  8.139  4.182 0.4285714328
80309  -22.642  8.147  3.259 0.4285714328
113037  -22.970  8.666  5.980 0.2857142985
120148  -22.739  8.790  6.452 0.2857142985
80280  -22.730  8.204  6.183 0.2857142985
81135  -23.109  9.212  6.191 0.2857142985
53367  -22.390  -19.465  14.245 0.2857142985
59792  -28.082  -14.019  8.473 0.5714285970
62592  -29.408  -10.231  8.779 0.5714285970
112997  -28.890  -5.972  6.872 0.5714285970
65421  -28.770  -7.652  6.603 0.7142857313
67365  -28.573  -5.624  5.174 0.8571428657
117778  -28.594  -4.731  4.411 0.8571428657
68348  -28.648  -4.007  3.334 0.8571428657
120306  -25.970  -0.764  7.040 0.8571428657
81129  -23.481  9.893  7.525 0.1428571492
54370  -22.786  -18.836  13.601 0.2857142985
55538  -24.999  -17.366  13.581 0.4285714328
110786  -22.874  -18.424  12.666 0.2857142985
55553  -24.550  -17.154  12.702 0.4285714328
112413  -23.276  -17.525  11.723 0.5714285970
56694  -24.651  -16.582  11.083 0.5714285970
57786  -26.111  -15.951  11.208 0.4285714328
56721  -24.366  -16.415  9.347 0.2857142985
56722  -25.149  -16.293  9.667 0.7142857313
57823  -26.187  -15.966  8.395 0.5714285970
59769  -29.289  -13.126  10.391 0.4285714328
58819  -26.091  -15.388  7.666 0.7142857313
133095  -26.742  -14.769  7.758 0.7142857313
60699  -29.097  -12.740  9.534 0.4285714328
61667  -28.763  -11.622  7.821 0.7142857313
59817  -25.550  -13.363  7.311 0.5714285970
59818  -26.817  -13.566  7.183 0.5714285970
129572  -29.597  -8.251  8.821 0.5714285970
60735  -27.037  -12.459  6.572 0.5714285970
63497  -29.993  -9.739  9.349 0.5714285970
62602  -28.619  -10.431  7.333 0.7142857313
127450  -27.889  -11.808  5.911 0.8571428657
64466  -28.680  -8.589  6.450 0.7142857313
67366  -28.749  -4.809  5.667 0.5714285970
68347  -26.914  -4.622  3.643 1.0000000000
72108  -24.224  -0.208  7.422 0.7142857313
72109  -26.704  -0.163  6.348 1.0000000000
73050  -24.600  0.516  7.294 0.7142857313
129004  -26.055  0.128  7.113 1.0000000000
74009  -25.357  1.505  6.781 0.8571428657
111397  -25.235  2.931  6.389 1.0000000000
74900  -25.501  2.208  6.595 1.0000000000
77609  -24.778  5.950  4.871 0.7142857313
79435  -23.048  7.876  5.082 0.7142857313
78559  -23.704  6.763  4.780 0.7142857313
79437  -24.015  7.279  4.226 0.7142857313
78544  -22.580  7.015  6.342 0.4285714328
80286  -22.938  8.279  5.631 0.2857142985
80297  -22.592  8.594  4.693 0.4285714328
79445  -24.254  7.563  3.577 0.4285714328
57810  -24.994  -16.281  8.780 0.4285714328
57822  -25.587  -15.932  8.231 0.4285714328
52449  -22.411  -20.325  15.662 0.4285714328
53353  -23.263  -19.837  15.732 0.4285714328
110443  -21.968  -19.631  13.219 0.2857142985
54354  -23.671  -18.522  14.220 0.4285714328
130656  -22.811  -18.068  11.940 0.2857142985
55565  -23.274  -17.161  11.107 0.4285714328
57811  -25.821  -16.277  8.969 0.5714285970
58820  -27.368  -14.440  8.180 0.5714285970
59782  -28.687  -13.511  9.835 0.4285714328
59807  -28.248  -13.305  7.831 0.7142857313
60700  -29.445  -12.018  9.808 0.5714285970
58831  -26.345  -14.381  7.449 0.7142857313
59819  -27.683  -13.536  7.207 0.7142857313
60736  -27.794  -12.476  6.268 0.5714285970
63525  -29.017  -9.240  7.960 0.7142857313
65407  -28.935  -8.100  7.465 0.7142857313
130901  -28.178  -10.833  5.489 0.8571428657
66380  -28.740  -6.285  5.908 0.8571428657
67381  -28.215  -5.945  2.792 0.8571428657
122432  -28.488  -4.978  3.108 0.8571428657
64485  -28.021  -8.276  4.163 0.8571428657
68363  -27.428  -4.472  2.336 1.0000000000
70199  -26.869  -2.168  5.576 1.0000000000
114807  -24.794  -0.972  7.362 0.8571428657
77600  -25.256  5.390  5.298 0.8571428657
124535  -24.351  5.473  5.441 0.8571428657
78547  -23.996  6.092  5.084 0.7142857313
78545  -23.131  6.660  6.062 0.5714285970
79436  -23.367  7.509  4.564 0.4285714328
80276  -22.355  8.682  7.420 0.2857142985
81128  -23.145  9.289  6.943 0.2857142985
121059  -25.200  -0.076  7.532 1.0000000000
81198  -21.747  9.833  1.834 0.2857142985
82922  -21.964  10.732  1.854 0.1428571492
81186  -21.733  9.526  2.367 0.2857142985
81199  -22.670  9.568  1.460 0.2857142985
117432  -21.843  10.433  2.394 0.1428571492
120398  -22.378  11.207  2.600 0.1428571492
81161  -22.370  9.322  4.236 0.1428571492
81174  -21.965  9.343  3.209 0.2857142985
82030  -22.328  10.024  3.759 0.1428571492
81200  -23.764  9.334  1.104 0.2857142985
80329  -22.102  9.152  2.125 0.2857142985
79471  -27.331  7.596  0.570 0.2857142985
80332  -25.356  8.583  1.504 0.2857142985
79458  -26.468  7.606  2.543 0.2857142985
80330  -23.195  8.876  1.860 0.2857142985
77635  -27.460  5.793  2.504 0.1428571492
79465  -26.654  7.932  1.962 0.2857142985
80322  -24.982  8.295  2.266 0.2857142985
82905  -22.443  10.694  3.239 0.1428571492
80321  -23.903  8.390  2.415 0.2857142985
80320  -22.768  8.451  2.546 0.2857142985
75787  -26.462  2.677  1.129 0.1428571492
76709  -27.263  4.471  1.128 0.1428571492
78583  -27.386  6.579  2.282 0.4285714328
79446  -25.165  7.355  3.361 0.2857142985
127178  -27.385  3.834  4.696 0.2857142985
77623  -27.186  5.710  3.831 0.4285714328
79447  -26.170  7.219  3.236 0.2857142985
79444  -23.431  7.778  3.825 0.2857142985
74907  -27.649  2.344  3.461 0.1428571492
110986  -27.481  4.438  3.128 0.2857142985
77622  -26.648  6.480  3.720 0.4285714328
76686  -26.720  5.070  4.696 0.5714285970
78562  -26.039  6.333  4.293 0.7142857313
74020  -27.952  1.660  4.304 0.1428571492
74905  -27.718  2.407  4.691 0.1428571492
77611  -26.559  5.724  4.396 0.7142857313
78573  -25.730  6.858  3.879 0.4285714328
76684  -27.091  3.901  5.193 0.4285714328
126799  -28.370  1.396  4.903 0.2857142985
114452  -27.783  1.819  5.215 0.7142857313
74902  -26.937  2.332  6.123 0.8571428657
75778  -26.148  3.823  5.669 0.5714285970
74021  -28.594  1.232  4.853 0.2857142985
76676  -24.158  4.233  6.080 0.5714285970
73065  -28.528  0.564  5.398 0.1428571492
74014  -27.399  0.971  6.163 0.7142857313
114071  -29.061  0.505  5.453 0.1428571492
68327  -25.791  -4.835  7.143 0.5714285970
69264  -26.901  -3.036  5.603 0.8571428657
69255  -26.396  -2.746  6.504 0.8571428657
122378  -25.411  -3.051  7.418 0.4285714328
70187  -26.054  -2.208  6.739 0.5714285970
113059  -26.841  -0.931  5.790 0.8571428657
74010  -26.088  1.480  6.726 0.8571428657
72123  -28.530  -0.317  5.460 0.2857142985
73063  -27.231  0.306  6.139 0.8571428657
120597  -26.859  1.556  6.437 0.8571428657
75776  -26.091  2.864  6.157 0.8571428657
72124  -29.358  0.133  5.970 0.4285714328
72122  -27.985  -0.416  5.277 0.7142857313
67354  -25.195  -5.770  7.241 0.2857142985
121269  -26.907  -3.912  5.683 0.5714285970
68337  -26.635  -4.730  6.219 0.5714285970
113671  -28.041  -1.027  4.859 0.4285714328
71168  -27.463  -1.114  4.993 0.8571428657
72121  -27.353  -0.395  5.625 0.8571428657
71170  -29.087  -0.756  5.964 0.4285714328
63539  -25.765  -9.898  5.335 0.7142857313
64465  -24.568  -8.883  6.233 0.4285714328
62612  -27.170  -10.651  5.074 0.7142857313
64483  -26.384  -8.894  3.842 0.8571428657
65429  -25.612  -8.471  4.961 0.5714285970
67363  -26.022  -7.099  6.337 0.5714285970
122180  -24.560  -6.626  7.183 0.4285714328
66396  -26.897  -7.587  4.340 0.8571428657
121957  -26.245  -5.903  6.601 0.5714285970
66404  -27.176  -6.333  2.849 0.8571428657
118139  -27.175  -5.606  4.487 0.7142857313
124629  -26.845  -5.476  5.610 0.5714285970
69273  -28.585  -3.282  3.672 0.7142857313
70210  -28.320  -2.491  3.549 0.7142857313
71189  -27.204  -2.016  3.464 0.7142857313
71183  -27.779  -1.420  4.233 0.8571428657
129155  -29.612  -2.656  7.398 0.2857142985
70201  -28.827  -2.291  5.588 0.4285714328
70188  -29.037  -1.509  6.015 0.5714285970
61682  -26.131  -12.076  6.666 0.4285714328
62611  -25.165  -10.276  6.368 0.4285714328
129737  -24.801  -9.802  5.922 0.4285714328
63561  -27.954  -9.048  4.597 0.7142857313
63560  -27.062  -9.529  4.207 0.7142857313
64484  -27.292  -8.628  4.117 0.7142857313
66397  -27.509  -7.146  3.529 0.8571428657
68339  -28.678  -4.202  5.247 0.7142857313
69256  -29.161  -2.929  6.611 0.2857142985
69266  -28.840  -3.453  5.605 0.5714285970
113264  -28.698  -3.750  4.406 0.5714285970
113901  -24.356  -11.749  7.166 0.5714285970
121282  -27.209  -11.164  5.948 0.5714285970
121753  -26.319  -10.502  6.038 0.5714285970
63549  -27.997  -10.001  4.746 0.7142857313
67339  -29.189  -5.286  7.473 0.4285714328
68328  -29.011  -3.810  6.742 0.4285714328
69236  -29.517  -3.384  7.465 0.4285714328
58829  -24.401  -14.293  7.557 0.5714285970
62578  -30.507  -10.282  9.769 0.4285714328
64433  -30.274  -8.746  9.310 0.4285714328
66356  -30.473  -6.164  8.833 0.4285714328
67329  -30.892  -5.383  8.892 0.4285714328
55554  -25.585  -16.758  12.949 0.1428571492
128744  -30.295  -7.862  9.169 0.4285714328
65396  -30.611  -6.988  9.038 0.4285714328
56696  -25.859  -16.331  12.071 0.1428571492
129292  -26.763  -15.485  11.482 0.1428571492
123678  -28.680  -13.674  10.882 0.2857142985
62568  -31.951  -10.712  10.319 0.2857142985
63500  -32.809  -9.376  9.518 0.2857142985
62579  -31.435  -10.134  9.882 0.2857142985
61641  -29.871  -11.708  10.234 0.4285714328
64435  -32.350  -8.678  9.397 0.2857142985
63498  -30.882  -9.485  9.602 0.2857142985
65383  -32.016  -7.901  9.298 0.2857142985
64434  -31.323  -8.584  9.485 0.4285714328
56681  -26.447  -16.373  12.731 0.1428571492
57787  -26.561  -15.888  12.093 0.1428571492
58752  -28.050  -14.876  11.837 0.2857142985
60672  -30.629  -12.702  11.206 0.2857142985
60690  -31.107  -12.096  10.908 0.2857142985
60671  -29.842  -12.797  10.935 0.2857142985
61643  -31.525  -11.421  10.607 0.2857142985
128440  -27.034  -16.009  12.645 0.1428571492
58754  -29.360  -14.734  12.250 0.2857142985
57771  -28.200  -15.364  12.500 0.2857142985
58767  -29.662  -13.993  11.752 0.2857142985
58766  -28.781  -14.319  11.632 0.2857142985
57788  -27.326  -14.981  11.250 0.2857142985
128668  -29.410  -13.370  11.187 0.2857142985
53369  -23.982  -18.834  15.006 0.2857142985
56667  -26.420  -16.640  13.398 0.1428571492
128040  -22.442  -20.916  16.286 0.2857142985
54372  -24.432  -18.063  14.032 0.2857142985
52434  -23.160  -20.516  16.239 0.1428571492
51552  -22.025  -21.628  16.436 0.2857142985
125271  -21.375  -22.206  16.277 0.1428571492
57770  -27.339  -15.430  12.166 0.1428571492
58753  -28.670  -14.894  12.238 0.2857142985
59770  -30.161  -13.319  11.445 0.2857142985
62580  -32.412  -10.070  9.875 0.2857142985
65398  -32.600  -7.336  8.900 0.2857142985
64474  -25.277  -8.920  5.043 0.7142857313
65397  -31.690  -7.098  9.218 0.4285714328
67364  -26.675  -6.621  5.211 0.5714285970
66355  -29.716  -6.571  8.498 0.4285714328
111775  -28.909  -4.632  6.708 0.4285714328
113377  -29.997  -3.715  8.026 0.2857142985
71184  -28.186  -1.528  4.040 0.7142857313
76680  -23.807  4.885  5.867 0.5714285970
73076  -28.321  0.767  5.398 0.5714285970
79456  -24.546  7.864  2.901 0.2857142985
126893  -27.543  3.219  4.279 0.4285714328
112248  -27.436  4.087  4.033 0.4285714328
82890  -22.806  10.923  4.214 0.1428571492
133493  -27.502  5.109  2.557 0.1428571492
80339  -24.789  9.083  0.872 0.2857142985
52448  -21.557  -20.667  15.171 0.2857142985
54343  -24.692  -18.988  15.610 0.1428571492
56682  -27.713  -15.867  12.877 0.1428571492
56683  -28.571  -15.908  12.978 0.1428571492
58785  -27.382  -14.671  10.301 0.2857142985
60691  -32.045  -12.007  11.057 0.2857142985
61681  -25.183  -11.481  7.027 0.5714285970
60688  -29.612  -12.442  10.272 0.2857142985
60689  -30.265  -12.230  10.655 0.2857142985
62610  -23.984  -10.260  6.034 0.2857142985
64443  -32.879  -8.120  9.005 0.2857142985
66359  -33.101  -6.779  8.489 0.2857142985
63548  -25.534  -9.418  4.332 0.7142857313
62620  -26.446  -9.993  4.340 0.5714285970
65419  -24.401  -8.126  6.694 0.4285714328
65420  -25.226  -8.368  6.137 0.5714285970
130011  -24.718  -4.964  7.251 0.2857142985
130470  -25.506  -6.608  6.986 0.5714285970
66358  -32.313  -6.519  8.947 0.2857142985
65395  -29.688  -7.411  8.676 0.4285714328
66389  -26.203  -7.777  5.228 0.7142857313
68326  -24.966  -4.102  7.247 0.2857142985
67330  -32.125  -5.551  9.045 0.1428571492
68299  -30.877  -4.501  8.633 0.4285714328
67340  -30.009  -4.880  8.256 0.4285714328
69226  -31.681  -4.042  8.784 0.1428571492
71167  -27.110  -1.580  5.136 0.8571428657
69225  -30.793  -3.749  8.390 0.1428571492
69265  -28.651  -2.873  4.528 0.5714285970
127379  -29.318  -1.942  6.874 0.2857142985
71169  -28.481  -1.350  5.188 0.5714285970
131483  -26.340  2.093  6.485 0.8571428657
73066  -29.699  1.007  5.788 0.1428571492
81146  -22.640  9.145  5.381 0.2857142985
74903  -27.471  2.460  5.530 0.5714285970
74033  -27.880  1.772  2.901 0.1428571492
75780  -27.534  3.243  5.122 0.5714285970
111491  -27.391  2.680  2.688 0.1428571492
78582  -26.976  6.989  2.908 0.2857142985
110982  -27.450  5.402  3.210 0.2857142985
110577  -27.317  3.480  2.452 0.2857142985
75788  -27.037  3.511  1.523 0.1428571492
78588  -27.427  7.070  1.459 0.2857142985
78591  -27.463  6.587  0.601 0.2857142985
77653  -27.384  5.491  0.650 0.1428571492
52450  -24.634  -19.626  16.142 0.1428571492
55540  -26.865  -16.640  14.112 0.1428571492
70170  -30.153  -2.097  7.594 0.2857142985
75793  -25.547  3.028  -0.030 0.1428571492
111917  -27.448  7.130  -0.244 0.2857142985
53354  -23.966  -19.394  15.724 0.1428571492
54355  -24.842  -18.356  14.934 0.1428571492
58786  -28.136  -14.128  10.100 0.2857142985
61656  -29.546  -11.368  9.659 0.4285714328
61693  -27.043  -11.846  6.356 0.4285714328
66368  -29.821  -5.713  8.370 0.4285714328
132131  -27.473  -10.259  4.618 0.7142857313
71190  -27.669  -2.131  3.421 0.7142857313
69272  -26.879  -3.539  4.362 0.8571428657
116301  -26.738  -5.676  3.018 0.8571428657
71182  -27.284  -1.677  4.115 0.8571428657
76681  -24.737  4.820  5.693 0.5714285970
77601  -26.097  5.236  4.997 0.7142857313
80310  -23.455  7.905  3.042 0.2857142985
68340  -28.857  -4.199  6.014 0.4285714328
58818  -25.002  -15.040  7.796 0.5714285970
131745  -30.745  -8.222  9.367 0.4285714328
68338  -27.086  -4.634  5.121 0.5714285970
73052  -26.587  0.757  6.640 0.8571428657
80308  -22.315  8.705  3.665 0.2857142985
80319  -22.054  8.788  2.803 0.2857142985
65438  -26.982  -8.164  4.020 0.8571428657
82070  -22.137  10.518  1.474 0.1428571492
82061  -21.496  10.091  2.046 0.2857142985
82046  -21.769  9.951  2.702 0.1428571492
79466  -27.043  7.793  1.404 0.2857142985
80323  -25.951  8.199  2.127 0.2857142985
79457  -25.564  7.765  2.747 0.2857142985
79459  -27.144  7.414  2.169 0.2857142985
80331  -24.331  8.701  1.658 0.2857142985
78574  -27.277  6.211  3.132 0.2857142985
125240  -27.487  6.182  1.463 0.1428571492
77643  -27.453  5.355  1.765 0.1428571492
75794  -26.496  3.483  0.563 0.1428571492
110938  -27.360  4.423  2.109 0.1428571492
75784  -27.460  3.375  3.373 0.1428571492
77612  -27.117  5.228  4.311 0.4285714328
74910  -27.379  1.865  2.358 0.1428571492
76689  -27.437  4.946  3.898 0.4285714328
76687  -27.166  4.547  4.594 0.5714285970
76683  -26.534  4.574  5.145 0.7142857313
74015  -27.958  1.194  5.457 0.5714285970
118213  -27.465  1.713  5.921 0.7142857313
75779  -26.987  3.149  5.676 0.7142857313
69254  -26.261  -3.722  6.687 0.5714285970
73064  -27.809  0.324  5.704 0.8571428657
63547  -25.098  -9.361  5.562 0.4285714328
63559  -26.038  -9.423  3.736 0.7142857313
64475  -25.624  -8.917  4.028 0.7142857313
65430  -26.167  -8.426  4.277 0.7142857313
66388  -25.731  -7.919  6.035 0.5714285970
66379  -25.173  -7.517  6.810 0.4285714328
66378  -24.034  -7.425  7.030 0.2857142985
67372  -27.290  -6.555  3.850 0.8571428657
70200  -28.507  -2.011  4.427 0.5714285970
61692  -26.043  -11.137  6.572 0.5714285970
131262  -25.129  -10.871  6.866 0.5714285970
68312  -29.450  -4.270  7.613 0.4285714328
69237  -30.352  -2.975  7.994 0.2857142985
66357  -31.362  -6.264  9.107 0.4285714328
65382  -31.118  -7.748  9.326 0.4285714328
110756  -28.021  -14.387  11.023 0.2857142985
62567  -30.980  -10.784  10.292 0.2857142985
63499  -31.871  -9.402  9.635 0.2857142985
62566  -30.125  -10.962  10.112 0.2857142985
61642  -30.617  -11.529  10.479 0.2857142985
56668  -27.192  -16.380  13.282 0.1428571492
133312  -23.103  -21.409  16.508 0.1428571492
111070  -23.925  -20.865  16.472 0.1428571492
68313  -30.172  -4.221  8.242 0.2857142985
82018  -22.602  10.193  4.898 0.1428571492
74898  -23.879  2.984  6.394 0.5714285970
74897  -22.682  1.959  6.303 0.4285714328
74007  -23.862  1.328  6.681 0.4285714328
112214  -23.809  2.280  6.474 0.5714285970
75775  -24.541  3.437  6.300 0.4285714328
73049  -23.533  0.512  6.983 0.4285714328
70186  -25.175  -2.320  7.431 0.5714285970
63526  -34.104  -9.112  7.912 0.1428571492
127010  -33.069  -8.782  9.173 0.1428571492
64453  -34.077  -8.370  7.531 0.1428571492
55578  -23.279  -16.842  10.440 0.2857142985
126292  -34.743  -10.395  6.755 0.1428571492
131831  -34.170  -9.708  8.228 0.1428571492
120837  -34.936  -10.408  4.596 0.1428571492
63513  -34.448  -9.745  7.262 0.1428571492
63562  -35.086  -9.393  3.789 0.1428571492
128070  -33.194  -11.380  10.511 0.1428571492
62582  -34.190  -10.681  9.082 0.1428571492
62569  -32.912  -10.730  10.257 0.1428571492
62594  -34.470  -10.403  7.965 0.1428571492
62623  -35.460  -11.164  4.355 0.1428571492
61683  -35.046  -11.087  7.035 0.1428571492
63528  -36.334  -9.814  6.736 0.1428571492
63552  -36.045  -10.306  4.556 0.1428571492
63543  -36.334  -9.993  5.464 0.1428571492
54393  -22.681  -17.568  11.390 0.2857142985
59772  -31.885  -13.389  11.662 0.1428571492
60674  -32.592  -12.760  11.420 0.1428571492
60673  -31.566  -12.693  11.374 0.1428571492
116387  -32.967  -11.945  10.965 0.1428571492
60713  -34.932  -12.049  8.535 0.1428571492
61646  -34.336  -11.937  10.003 0.1428571492
61684  -35.383  -11.937  5.884 0.1428571492
61658  -34.464  -11.497  9.273 0.1428571492
61699  -35.828  -11.769  3.955 0.1428571492
131631  -36.626  -11.192  5.326 0.1428571492
62603  -36.614  -10.421  6.285 0.1428571492
62615  -36.429  -10.743  5.118 0.1428571492
54392  -21.986  -18.215  11.610 0.2857142985
125058  -22.304  -18.628  12.073 0.2857142985
58755  -30.229  -14.630  12.274 0.1428571492
58770  -32.185  -14.055  11.895 0.1428571492
59773  -32.580  -13.549  11.656 0.1428571492
59774  -33.286  -13.394  11.449 0.1428571492
60702  -35.142  -12.767  8.902 0.1428571492
60692  -34.212  -12.590  10.533 0.1428571492
60737  -35.574  -12.833  5.127 0.1428571492
119705  -36.370  -11.428  4.522 0.1428571492
60743  -35.831  -12.558  4.307 0.1428571492
63515  -36.293  -9.786  7.902 0.1428571492
125215  -36.559  -10.304  7.185 0.1428571492
58756  -31.082  -14.541  12.279 0.1428571492
125330  -30.810  -15.325  12.510 0.1428571492
58771  -32.958  -14.148  11.708 0.1428571492
57789  -32.465  -14.859  12.067 0.1428571492
58806  -35.268  -14.249  9.063 0.1428571492
59795  -35.407  -13.658  8.240 0.1428571492
59784  -34.593  -13.357  10.240 0.1428571492
59808  -35.514  -13.602  6.907 0.1428571492
126009  -36.896  -11.031  5.972 0.1428571492
59832  -36.089  -13.096  4.374 0.1428571492
119022  -36.830  -10.876  6.915 0.1428571492
56685  -30.501  -16.183  12.780 0.1428571492
57772  -29.001  -15.397  12.591 0.1428571492
133950  -32.824  -15.557  11.914 0.1428571492
57775  -31.662  -15.151  12.364 0.1428571492
128267  -33.994  -14.772  11.031 0.1428571492
123401  -33.322  -14.971  11.556 0.1428571492
58757  -31.770  -14.487  12.160 0.1428571492
58832  -35.453  -15.112  6.784 0.1428571492
57814  -35.304  -15.144  8.816 0.1428571492
58837  -35.591  -14.537  5.932 0.1428571492
111507  -35.972  -14.150  4.710 0.1428571492
129567  -35.482  -14.296  7.193 0.1428571492
61695  -36.813  -11.702  5.374 0.1428571492
59820  -35.567  -13.661  5.477 0.1428571492
56698  -33.205  -16.610  11.423 0.1428571492
56687  -32.078  -16.406  12.409 0.1428571492
57774  -31.440  -16.021  12.550 0.1428571492
56713  -34.415  -15.986  10.266 0.1428571492
56712  -33.743  -16.446  10.773 0.1428571492
57824  -35.387  -15.582  7.659 0.1428571492
57813  -34.915  -15.581  9.577 0.1428571492
59833  -36.229  -13.559  4.491 0.1428571492
58846  -35.857  -15.007  5.345 0.1428571492
57802  -33.889  -15.529  10.977 0.1428571492
58788  -34.406  -14.185  10.571 0.1428571492
60701  -34.693  -12.693  9.768 0.1428571492
62595  -36.600  -10.699  7.883 0.1428571492
63502  -35.921  -9.467  9.061 0.1428571492
123971  -35.531  -11.796  4.634 0.1428571492
62624  -36.010  -10.966  4.044 0.1428571492
62581  -33.408  -10.148  9.580 0.1428571492
64454  -34.342  -9.102  6.641 0.1428571492
60745  -36.678  -12.855  4.913 0.1428571492
61685  -37.162  -11.608  6.533 0.1428571492
131200  -36.302  -10.212  8.638 0.1428571492
113364  -23.714  -1.053  7.333 0.4285714328
63527  -35.962  -9.152  7.311 0.1428571492
63563  -35.159  -9.609  3.888 0.1428571492
63542  -35.899  -9.302  6.099 0.1428571492
65399  -33.505  -7.643  8.332 0.1428571492
75774  -23.340  3.659  6.231 0.4285714328
128838  -23.321  4.355  6.195 0.4285714328
132810  -27.176  5.533  -0.851 0.1428571492
63512  -33.576  -9.372  8.899 0.1428571492
59771  -31.021  -13.320  11.596 0.1428571492
57773  -29.872  -15.410  12.547 0.1428571492
58768  -30.589  -13.945  11.895 0.1428571492
61644  -32.448  -11.362  10.615 0.1428571492
132624  -32.840  -6.073  8.646 0.1428571492
62593  -33.946  -10.052  8.797 0.1428571492
63541  -34.615  -9.937  5.733 0.1428571492
61694  -35.077  -10.935  5.518 0.1428571492
62622  -35.118  -10.184  4.015 0.1428571492
64467  -34.425  -9.133  5.106 0.1428571492
62628  -35.333  -10.201  4.067 0.1428571492
61645  -33.728  -11.885  10.582 0.1428571492
61657  -33.821  -11.106  10.010 0.1428571492
61669  -34.692  -11.265  8.256 0.1428571492
62629  -35.691  -10.945  4.133 0.1428571492
61706  -35.997  -11.690  3.872 0.1428571492
58769  -31.408  -13.943  11.928 0.1428571492
119932  -33.551  -12.595  11.112 0.1428571492
129219  -34.706  -12.175  9.328 0.1428571492
61670  -35.241  -11.940  7.404 0.1428571492
130821  -35.569  -12.301  4.849 0.1428571492
60729  -35.459  -12.786  6.504 0.1428571492
60753  -36.046  -12.369  3.996 0.1428571492
59783  -34.059  -13.325  11.010 0.1428571492
58787  -33.696  -14.109  11.301 0.1428571492
60714  -35.369  -12.772  7.819 0.1428571492
59794  -35.077  -13.434  9.394 0.1428571492
59826  -35.791  -13.473  4.653 0.1428571492
61700  -36.361  -12.237  4.243 0.1428571492
123631  -32.225  -15.718  12.264 0.1428571492
127677  -34.909  -13.977  9.850 0.1428571492
58821  -35.446  -14.659  8.005 0.1428571492
58805  -34.928  -14.700  9.766 0.1428571492
57790  -33.319  -15.906  11.508 0.1428571492
57803  -34.467  -15.131  10.433 0.1428571492
121334  -35.730  -14.246  4.974 0.1428571492
50624  -20.750  -22.378  15.856 0.1428571492
51551  -21.273  -21.670  16.095 0.1428571492
50638  -20.031  -22.352  15.299 0.1428571492
132443  -20.694  -21.871  15.621 0.1428571492
51566  -21.085  -21.341  15.440 0.1428571492
53366  -21.756  -19.902  13.970 0.1428571492
52479  -21.137  -20.133  13.243 0.1428571492
53381  -21.374  -19.626  12.387 0.1428571492
53382  -22.158  -19.118  12.550 0.1428571492
110604  -20.366  -20.433  13.048 0.1428571492
53380  -20.618  -19.914  12.554 0.1428571492
53393  -21.618  -19.033  11.885 0.1428571492
54390  -20.761  -18.413  11.617 0.1428571492
55577  -22.024  -17.262  11.121 0.1428571492
55564  -21.325  -17.885  11.410 0.1428571492
130436  -22.769  -17.107  10.885 0.1428571492
56709  -23.829  -16.661  9.849 0.1428571492
56708  -22.542  -16.609  10.547 0.2857142985
132549  -23.768  -16.300  9.240 0.2857142985
59816  -24.437  -13.527  7.468 0.4285714328
124353  -25.294  -12.346  7.122 0.4285714328
71152  -24.431  -1.841  7.480 0.2857142985
122774  -21.383  2.164  5.972 0.2857142985
126302  -22.031  2.708  5.987 0.2857142985
114488  -22.979  2.854  6.191 0.2857142985
75773  -22.004  3.524  6.089 0.4285714328
56707  -21.481  -16.299  10.612 0.1428571492
52447  -20.770  -21.094  14.519 0.1428571492
53392  -20.841  -19.298  11.862 0.1428571492
56692  -21.227  -17.057  11.152 0.1428571492
57799  -22.143  -15.438  10.065 0.2857142985
110922  -23.134  -15.928  9.861 0.2857142985
57808  -22.399  -15.157  9.012 0.2857142985
114600  -24.082  -15.978  8.732 0.2857142985
59815  -23.611  -12.853  7.503 0.2857142985
69253  -24.128  -3.615  7.321 0.2857142985
125988  -24.256  -2.705  7.487 0.2857142985
116092  -22.483  -0.977  6.801 0.2857142985
72107  -23.044  -0.198  6.904 0.2857142985
74006  -21.910  1.327  6.252 0.2857142985
73062  -21.181  1.529  6.166 0.2857142985
57809  -23.223  -15.682  8.753 0.2857142985
71151  -23.231  -2.067  7.195 0.2857142985
69252  -23.239  -3.158  7.156 0.2857142985
73047  -21.018  0.276  6.381 0.2857142985
128884  -21.962  0.027  6.448 0.2857142985
73048  -21.407  0.804  6.324 0.2857142985
133508  -22.883  1.126  6.560 0.2857142985
115706  -21.563  -1.240  6.559 0.2857142985
72106  -21.539  -0.484  6.485 0.2857142985
57821  -24.552  -15.516  8.250 0.4285714328
52465  -21.301  -20.430  14.221 0.1428571492
116149  -22.422  0.579  6.483 0.2857142985
54391  -21.278  -18.683  11.629 0.1428571492
52478  -20.498  -20.759  13.675 0.1428571492
59804  -23.551  -13.829  7.490 0.4285714328
58817  -23.985  -14.755  7.630 0.4285714328
61680  -23.605  -11.334  6.868 0.2857142985
60724  -23.667  -12.015  7.377 0.2857142985
61691  -24.290  -10.930  6.698 0.2857142985
81225  -25.206  9.825  -2.787 0.1428571492
81226  -25.906  9.478  -3.179 0.1428571492
81220  -25.840  9.253  -1.548 0.1428571492
80347  -26.459  8.689  -0.627 0.1428571492
80342  -27.117  8.360  0.058 0.1428571492
81230  -25.453  10.124  -4.262 0.1428571492
81211  -25.814  9.126  -0.296 0.1428571492
81208  -23.140  9.898  0.465 0.1428571492
82089  -22.157  11.227  -1.295 0.1428571492
62601  -23.574  -10.802  6.473 0.2857142985
79477  -27.328  7.692  -1.031 0.1428571492
80357  -26.552  9.028  -3.452 0.1428571492
80334  -26.883  8.165  0.760 0.1428571492
80348  -27.010  8.277  -0.862 0.1428571492
80333  -26.311  8.346  1.294 0.1428571492
81209  -24.214  9.613  -0.045 0.1428571492
80341  -26.424  8.598  0.335 0.1428571492
81218  -24.100  9.931  -1.368 0.1428571492
82090  -22.653  10.615  -1.955 0.1428571492
81217  -23.416  10.252  -0.839 0.1428571492
81207  -22.590  10.383  1.075 0.1428571492
80340  -25.657  8.831  0.660 0.1428571492
60725  -24.419  -12.624  7.357 0.2857142985
81224  -24.327  10.066  -2.663 0.1428571492
80353  -26.553  8.840  -1.863 0.1428571492
81210  -25.155  9.320  0.093 0.1428571492
81219  -24.974  9.555  -1.152 0.1428571492
81229  -24.668  10.402  -4.059 0.1428571492
80354  -27.175  8.368  -2.026 0.1428571492
120667  -21.551  -2.196  6.576 0.1428571492
70185  -22.349  -2.710  6.839 0.1428571492
71150  -22.248  -1.849  6.774 0.1428571492
72120  -20.383  0.447  6.351 0.1428571492
73045  -19.341  0.681  6.224 0.1428571492
74012  -20.181  1.458  6.101 0.1428571492
73061  -20.624  0.969  6.275 0.1428571492
110891  -20.271  2.089  5.957 0.1428571492
74895  -20.275  2.865  5.779 0.1428571492
111430  -19.911  3.685  5.854 0.2857142985
65418  -23.551  -8.023  6.817 0.1428571492
68324  -22.671  -4.721  6.843 0.1428571492
68325  -23.786  -4.650  7.144 0.1428571492
69251  -22.288  -3.771  6.721 0.1428571492
72110  -29.569  -0.315  6.841 0.1428571492
71149  -20.839  -1.520  6.406 0.1428571492
74005  -20.778  2.126  5.911 0.1428571492
115051  -21.194  3.095  5.684 0.1428571492
75772  -20.404  3.626  5.613 0.2857142985
125040  -21.361  4.400  5.972 0.2857142985
77592  -21.427  6.171  6.599 0.2857142985
78532  -20.422  5.977  7.152 0.2857142985
78535  -21.964  6.863  6.695 0.2857142985
80271  -22.444  8.650  8.534 0.1428571492
128412  -21.028  3.896  5.598 0.2857142985
76675  -22.844  4.881  6.410 0.2857142985
76674  -20.977  5.297  6.171 0.2857142985
77588  -20.602  5.791  6.527 0.2857142985
77594  -22.906  5.598  6.432 0.2857142985
78528  -21.179  6.385  8.183 0.2857142985
81136  -23.551  9.787  6.600 0.1428571492
77583  -19.823  6.002  7.661 0.1428571492
78533  -21.245  6.653  6.753 0.2857142985
133135  -22.157  7.548  6.646 0.1428571492
79415  -21.692  7.048  7.757 0.2857142985
79416  -21.985  7.966  7.245 0.1428571492
79410  -21.389  7.418  8.515 0.1428571492
74893  -18.329  2.993  6.873 0.2857142985
78522  -20.491  7.251  8.754 0.1428571492
74889  -16.412  3.101  8.811 0.1428571492
73053  -29.943  0.522  6.674 0.1428571492
70171  -31.032  -2.234  8.079 0.1428571492
67352  -23.041  -5.635  7.054 0.1428571492
132342  -21.007  -3.381  6.379 0.1428571492
119806  -20.311  -1.786  6.456 0.1428571492
111896  -19.974  -0.975  6.405 0.1428571492
72104  -20.196  -0.165  6.422 0.1428571492
127301  -19.513  0.423  6.294 0.1428571492
74013  -20.407  1.524  6.129 0.1428571492
129822  -19.249  2.542  6.549 0.1428571492
75771  -19.621  3.574  6.178 0.2857142985
115239  -20.552  4.528  5.761 0.1428571492
77587  -20.184  5.567  6.715 0.1428571492
79405  -20.194  7.577  9.009 0.1428571492
78521  -19.888  7.149  8.740 0.2857142985
79411  -22.010  7.871  8.133 0.1428571492
121064  -22.331  8.286  6.738 0.1428571492
71156  -29.960  -1.113  7.372 0.1428571492
71155  -29.312  -1.093  6.730 0.1428571492
78536  -22.546  6.273  6.504 0.2857142985
82010  -23.091  9.863  5.843 0.1428571492
111314  -22.422  4.211  6.364 0.2857142985
118515  -23.508  -6.578  7.155 0.1428571492
69238  -31.585  -3.082  8.439 0.1428571492
119906  -20.387  -0.924  6.401 0.1428571492
70184  -20.834  -2.637  6.451 0.1428571492
72119  -19.989  0.515  6.294 0.1428571492
73060  -20.177  1.020  6.185 0.1428571492
74003  -19.842  1.088  6.102 0.1428571492
117885  -23.227  -3.988  6.909 0.1428571492
74894  -19.990  3.065  5.891 0.1428571492
74004  -20.379  2.080  5.952 0.1428571492
74896  -20.614  2.621  5.749 0.1428571492
75768  -20.028  4.411  5.914 0.2857142985
78527  -20.322  6.438  8.270 0.1428571492
81121  -22.701  9.423  8.006 0.1428571492
130973  -21.897  4.781  6.544 0.2857142985
77593  -22.115  5.465  6.567 0.2857142985
76671  -20.360  5.046  6.328 0.2857142985
57797  -20.495  -14.796  10.325 0.1428571492
57807  -21.443  -14.747  9.077 0.1428571492
58783  -20.089  -13.835  10.039 0.1428571492
59781  -20.014  -13.117  9.622 0.1428571492
59790  -20.605  -12.782  9.214 0.1428571492
58799  -21.058  -14.083  8.689 0.1428571492
59802  -21.015  -12.700  8.853 0.1428571492
58801  -22.654  -14.917  8.139 0.1428571492
60708  -20.821  -12.362  8.980 0.1428571492
131184  -21.984  -13.120  8.220 0.1428571492
131083  -22.913  -13.787  7.614 0.1428571492
60711  -22.713  -12.995  7.768 0.1428571492
60709  -21.258  -12.246  8.587 0.1428571492
60723  -23.097  -12.246  7.605 0.1428571492
61679  -22.967  -11.520  7.320 0.1428571492
62609  -23.138  -10.341  6.429 0.1428571492
63537  -23.556  -9.709  6.203 0.1428571492
58800  -21.809  -14.479  8.398 0.1428571492
57820  -23.569  -15.255  8.121 0.1428571492
56706  -20.756  -15.708  10.519 0.1428571492
58798  -20.564  -13.529  9.228 0.1428571492
63538  -24.251  -9.529  6.111 0.1428571492
57798  -21.202  -15.138  10.055 0.1428571492
58816  -23.145  -14.415  7.707 0.1428571492
58784  -20.730  -14.372  9.380 0.1428571492
119380  -19.597  -13.323  10.195 0.1428571492
59791  -21.001  -13.221  8.788 0.1428571492
59803  -21.365  -12.883  8.478 0.1428571492
58814  -21.550  -13.577  8.365 0.1428571492
60710  -21.947  -12.472  8.266 0.1428571492
61665  -20.795  -11.873  8.814 0.1428571492
58815  -22.423  -13.834  8.098 0.1428571492
60698  -19.650  -12.243  9.711 0.1428571492
57785  -20.177  -15.476  10.951 0.1428571492
60744  -36.168  -12.836  4.226 0.1428571492
61654  -20.334  -12.150  9.281 0.1428571492
62621  -28.055  -10.761  4.872 0.7142857313
63564  -35.496  -10.558  4.148 0.1428571492
64436  -33.552  -8.547  8.548 0.1428571492
65439  -27.662  -7.790  3.819 0.8571428657
65440  -28.057  -7.591  3.729 0.8571428657
65447  -27.846  -7.055  3.296 1.0000000000
66405  -27.655  -6.630  2.875 1.0000000000
66406  -27.950  -6.471  2.734 0.8571428657
66415  -27.683  -6.107  2.519 0.8571428657
66416  -28.039  -5.882  2.422 0.8571428657
67353  -24.068  -5.691  7.211 0.2857142985
67388  -27.172  -5.507  2.470 0.8571428657
67390  -28.178  -5.162  2.433 0.8571428657
68323  -21.857  -4.655  6.597 0.1428571492
68356  -26.974  -4.581  2.700 1.0000000000
68364  -27.995  -4.370  2.266 0.8571428657
69250  -21.524  -3.128  6.599 0.1428571492
69285  -27.158  -3.415  2.327 1.0000000000
69287  -27.906  -3.479  2.366 0.8571428657
70219  -27.750  -2.751  2.712 0.8571428657
70227  -27.155  -2.887  2.265 1.0000000000
72105  -20.770  -0.460  6.405 0.1428571492
73046  -19.889  0.917  6.148 0.1428571492
78537  -23.200  6.032  6.178 0.2857142985
117054  -22.602  -6.526  6.964 0.1428571492
117462  -27.356  7.891  -0.236 0.1428571492
119205  -21.237  -4.063  6.336 0.1428571492
128378  -27.464  5.987  2.006 0.2857142985
130791  -25.693  -16.149  10.817 0.7142857313
131381  -29.090  -13.775  11.385 0.2857142985
132261  -36.747  -12.269  5.091 0.1428571492
133235  -27.056  -2.987  2.164 1.0000000000
