#!ascii label  , from subject sub-v1s9x0051354_ses-1 vox2ras=TkReg
843
131017  25.486  -59.300  13.253 0.6000000238
17571  19.124  -61.872  9.903 0.6999999881
18540  20.054  -60.987  8.107 0.6999999881
18491  22.381  -61.473  12.476 0.8999999762
19387  23.380  -60.989  13.297 0.8000000119
133712  23.796  -60.439  13.420 0.8000000119
21922  25.491  -57.742  12.929 0.6000000238
21921  26.155  -57.492  12.383 0.6999999881
21935  26.661  -57.289  11.714 0.6999999881
18510  19.451  -61.348  10.649 0.6999999881
17555  19.263  -62.176  11.206 0.6999999881
118307  19.766  -60.795  8.628 0.6999999881
19455  20.213  -60.487  8.755 0.6000000238
18539  20.463  -60.702  8.858 0.6999999881
126579  20.987  -61.214  9.474 0.6999999881
18508  21.496  -61.360  10.580 0.8000000119
20242  22.710  -59.606  11.835 0.8000000119
19388  22.745  -60.896  12.593 0.8000000119
19401  23.209  -60.158  12.759 0.8000000119
21075  24.282  -58.833  13.201 0.6000000238
22733  25.579  -56.840  12.519 0.6000000238
22732  26.234  -56.888  12.125 0.6999999881
22757  27.135  -56.808  11.077 0.6999999881
18494  19.643  -61.651  11.799 0.5000000000
17541  19.398  -62.454  12.324 0.6000000238
19422  20.071  -60.226  11.064 0.4000000060
19423  19.628  -60.513  10.162 0.6000000238
19456  20.094  -60.272  9.016 0.5000000000
20271  21.011  -59.546  9.444 0.6000000238
18522  21.116  -60.595  9.543 0.8000000119
20256  22.163  -59.193  10.752 0.6999999881
20255  22.868  -58.728  11.710 0.6999999881
21924  23.970  -57.631  12.501 0.6999999881
22734  24.794  -56.427  12.437 0.5000000000
23562  25.993  -55.480  11.915 0.6000000238
120672  26.694  -55.890  11.474 0.6000000238
22744  26.569  -56.630  11.699 0.6000000238
22756  27.581  -56.554  10.182 0.5000000000
19389  20.757  -60.647  13.117 0.5000000000
17523  19.925  -61.963  13.019 0.6000000238
136019  19.849  -62.360  13.746 0.6000000238
18493  20.209  -61.024  12.263 0.5000000000
20283  20.519  -59.864  9.443 0.5000000000
21116  21.144  -58.418  9.499 0.6000000238
118097  21.754  -57.974  9.944 0.6000000238
21102  23.175  -57.731  11.638 0.6000000238
123176  23.923  -56.822  12.145 0.5000000000
22745  24.326  -56.088  12.021 0.5000000000
23563  25.251  -55.263  11.954 0.6000000238
24402  25.818  -54.737  11.627 0.6000000238
23573  27.138  -55.071  10.976 0.5000000000
23580  28.043  -55.210  9.724 0.5000000000
23579  28.662  -55.683  9.247 0.5000000000
22765  28.056  -56.175  9.624 0.5000000000
131225  20.809  -60.928  14.034 0.5000000000
18453  19.925  -61.935  14.932 0.5000000000
19403  20.478  -60.160  12.132 0.5000000000
20257  20.266  -59.456  10.758 0.4000000060
21092  20.641  -58.115  11.340 0.3000000119
21104  20.401  -58.142  10.316 0.4000000060
21948  20.512  -57.555  9.901 0.3000000119
21937  20.525  -57.469  10.738 0.3000000119
21955  20.803  -58.193  9.573 0.5000000000
21954  21.174  -57.705  9.514 0.5000000000
22759  22.454  -56.701  10.275 0.5000000000
22747  23.091  -56.793  11.166 0.5000000000
22746  23.648  -56.027  11.520 0.5000000000
24403  24.960  -54.644  11.448 0.6000000238
24411  25.578  -54.101  10.993 0.6000000238
24409  27.135  -54.185  10.496 0.5000000000
24416  27.789  -54.242  9.707 0.5000000000
123612  28.579  -54.735  9.248 0.5000000000
19372  20.855  -60.674  14.797 0.5000000000
126831  21.139  -60.305  13.948 0.5000000000
20224  21.378  -59.477  13.778 0.5000000000
21091  21.295  -58.232  12.462 0.4000000060
116078  20.789  -58.708  11.889 0.5000000000
21925  21.108  -57.492  11.797 0.4000000060
22737  20.988  -56.770  11.218 0.3000000119
22760  20.630  -56.711  9.854 0.3000000119
22767  21.287  -56.491  9.553 0.4000000060
22758  23.019  -56.015  10.678 0.5000000000
23565  23.553  -55.306  10.961 0.4000000060
25292  26.310  -53.659  10.355 0.5000000000
25300  26.422  -53.326  9.535 0.5000000000
25299  27.117  -53.603  9.810 0.5000000000
24423  29.647  -54.601  8.234 0.5000000000
24424  29.018  -54.279  8.690 0.4000000060
134350  28.392  -54.040  9.085 0.5000000000
20185  21.100  -59.437  15.470 0.5000000000
21060  21.684  -58.987  14.708 0.5000000000
21076  22.176  -58.174  14.400 0.5000000000
130487  21.830  -58.042  13.345 0.4000000060
21910  21.721  -57.496  12.786 0.4000000060
126186  21.626  -56.134  11.879 0.3000000119
134860  20.736  -56.492  10.661 0.3000000119
22768  20.861  -56.319  9.636 0.4000000060
24419  21.628  -55.093  9.497 0.4000000060
24418  22.386  -54.774  9.540 0.4000000060
23575  22.472  -55.942  9.969 0.4000000060
23581  22.712  -55.131  9.829 0.4000000060
24405  23.538  -54.670  10.253 0.5000000000
25294  24.014  -53.902  9.829 0.5000000000
25293  25.105  -53.546  10.054 0.6000000238
25312  26.869  -53.235  8.960 0.4000000060
25298  27.722  -53.588  9.012 0.5000000000
21043  21.455  -58.795  15.509 0.4000000060
135742  22.605  -57.186  13.894 0.4000000060
22722  22.304  -56.884  13.256 0.4000000060
22735  22.106  -56.302  12.652 0.4000000060
23556  21.106  -55.966  10.912 0.4000000060
23567  20.792  -55.383  10.193 0.4000000060
23576  20.689  -55.969  9.856 0.4000000060
23584  21.058  -55.185  9.619 0.4000000060
25303  21.974  -54.255  9.421 0.4000000060
24417  23.168  -54.319  9.661 0.5000000000
124690  23.628  -53.597  9.368 0.5000000000
26151  24.207  -52.953  8.934 0.6000000238
25313  25.851  -52.879  8.705 0.5000000000
26171  26.010  -52.290  7.855 0.4000000060
26159  26.628  -52.823  8.104 0.4000000060
132742  21.943  -57.428  16.049 0.4000000060
22712  22.873  -56.748  14.175 0.4000000060
21884  22.301  -57.625  15.415 0.4000000060
23542  22.796  -55.994  13.440 0.4000000060
23555  21.787  -55.252  11.625 0.4000000060
24413  20.768  -54.476  10.013 0.4000000060
25314  20.999  -53.946  9.696 0.4000000060
25302  22.831  -53.933  9.416 0.4000000060
26152  23.312  -53.161  9.218 0.5000000000
26161  23.742  -52.408  8.934 0.4000000060
26150  24.957  -52.648  8.629 0.6000000238
23519  22.892  -56.035  15.960 0.4000000060
23531  23.234  -55.938  14.819 0.4000000060
23530  23.370  -55.173  13.977 0.4000000060
24384  22.873  -55.073  13.005 0.4000000060
117664  22.434  -54.935  12.279 0.4000000060
118057  22.028  -53.720  11.175 0.4000000060
25289  21.332  -53.718  10.582 0.5000000000
24407  21.006  -54.463  10.334 0.4000000060
25305  20.816  -53.746  9.917 0.3000000119
26163  20.942  -53.220  9.739 0.3000000119
25304  21.421  -53.690  9.545 0.4000000060
27001  23.269  -51.635  9.202 0.4000000060
27000  24.053  -51.603  8.745 0.4000000060
26160  24.526  -52.253  8.562 0.5000000000
117686  22.240  -56.230  16.423 0.4000000060
24383  23.380  -54.380  13.398 0.4000000060
24395  22.883  -54.228  12.508 0.4000000060
25281  22.598  -53.619  11.843 0.3000000119
26135  22.358  -52.962  11.282 0.3000000119
124624  20.989  -53.026  10.327 0.3000000119
124571  20.667  -51.989  9.949 0.3000000119
133021  22.094  -52.412  9.408 0.3000000119
27959  23.643  -50.702  9.142 0.4000000060
124215  24.369  -50.902  8.685 0.4000000060
131591  23.292  -55.389  15.624 0.3000000119
24372  23.741  -54.364  14.299 0.3000000119
25269  23.833  -53.679  13.721 0.3000000119
25279  23.390  -53.602  12.987 0.3000000119
26134  22.875  -52.862  11.946 0.3000000119
26141  22.640  -52.194  11.398 0.3000000119
25288  21.657  -53.003  10.707 0.4000000060
26987  21.371  -51.433  10.480 0.4000000060
26988  20.774  -51.381  10.141 0.3000000119
26991  20.666  -51.343  9.979 0.3000000119
27961  21.841  -50.927  9.502 0.3000000119
27960  22.763  -50.883  9.414 0.4000000060
28931  23.572  -49.715  9.298 0.4000000060
28930  24.441  -50.011  8.911 0.4000000060
26142  21.971  -52.236  10.766 0.4000000060
27946  20.930  -50.585  10.255 0.4000000060
27950  20.708  -50.538  10.000 0.4000000060
120768  20.755  -49.708  9.794 0.3000000119
119233  22.252  -50.161  9.491 0.4000000060
28922  22.506  -48.727  9.523 0.4000000060
28921  23.309  -48.907  9.430 0.4000000060
28932  22.768  -49.513  9.477 0.4000000060
117839  20.609  -49.713  9.970 0.4000000060
28934  21.025  -49.209  9.675 0.5000000000
29911  21.578  -48.417  9.605 0.4000000060
29910  22.366  -47.995  9.533 0.4000000060
28920  24.171  -48.943  9.163 0.3000000119
29900  23.089  -48.150  9.503 0.3000000119
21074  24.992  -59.010  13.478 0.6999999881
18507  22.115  -60.903  11.580 0.8000000119
21923  24.729  -57.348  12.812 0.6000000238
20241  23.443  -59.231  12.580 0.6999999881
21089  24.353  -58.045  12.952 0.6999999881
23572  27.621  -55.647  10.228 0.6000000238
19441  19.895  -59.981  9.893 0.4000000060
21127  20.654  -59.006  9.677 0.4000000060
21115  21.733  -58.619  10.085 0.6999999881
21103  22.388  -58.307  10.754 0.6999999881
20225  20.991  -59.869  12.901 0.5000000000
21936  22.467  -57.489  10.564 0.5000000000
115054  20.868  -57.192  9.588 0.4000000060
24404  24.134  -54.750  11.064 0.6000000238
117078  25.764  -53.256  9.589 0.5000000000
124284  25.031  -53.073  9.170 0.6000000238
24406  21.620  -54.468  11.044 0.3000000119
26162  22.878  -52.460  9.268 0.4000000060
23502  23.055  -55.134  16.247 0.4000000060
27003  21.460  -51.798  9.549 0.3000000119
27962  21.267  -50.113  9.593 0.3000000119
28933  21.893  -49.356  9.554 0.3000000119
29899  23.709  -48.361  9.385 0.3000000119
13500  20.651  -67.408  13.183 0.6000000238
12697  21.126  -68.095  13.359 0.6000000238
11900  21.880  -70.077  12.111 0.6000000238
12743  22.934  -69.124  11.385 0.6000000238
12726  18.712  -68.904  11.642 0.5000000000
126839  19.628  -68.020  12.370 0.6000000238
124538  20.459  -66.032  12.903 0.6999999881
14253  20.816  -66.664  13.305 0.6999999881
12710  20.167  -68.736  12.838 0.6000000238
14251  22.224  -66.408  13.362 0.6000000238
12696  21.823  -67.954  13.274 0.6000000238
14262  22.835  -66.687  12.952 0.6000000238
13509  23.309  -67.343  12.374 0.6000000238
12724  22.690  -68.868  12.158 0.6000000238
14279  24.020  -67.023  11.085 0.6000000238
14306  24.225  -66.905  10.209 0.6999999881
13546  19.174  -67.391  10.603 0.6000000238
15012  19.890  -65.533  11.359 0.6999999881
132711  19.118  -68.272  11.819 0.5000000000
14280  19.884  -66.175  11.981 0.6999999881
14264  19.757  -66.885  12.170 0.6999999881
14980  21.441  -65.591  13.440 0.6999999881
132696  21.994  -65.885  13.492 0.6999999881
14995  23.389  -65.846  12.865 0.5000000000
14278  24.209  -66.346  11.625 0.6000000238
134378  24.491  -65.974  11.152 0.6000000238
131031  24.385  -66.351  10.767 0.6999999881
15816  25.222  -64.963  10.290 0.6999999881
14323  24.784  -66.024  9.022 0.6999999881
135594  25.358  -64.858  8.651 0.6999999881
15881  28.144  -64.085  4.815 0.4000000060
17635  26.573  -62.792  4.590 0.5000000000
119333  25.195  -62.715  5.986 0.6000000238
16748  25.452  -63.209  6.625 0.6000000238
16719  25.960  -63.632  8.172 0.6999999881
14349  18.720  -66.248  7.684 0.5000000000
14325  19.193  -66.246  8.792 0.5000000000
15051  19.482  -65.444  9.044 0.6000000238
13560  19.082  -67.001  9.595 0.5000000000
15030  20.099  -64.867  10.951 0.6999999881
122762  19.417  -66.139  9.792 0.5000000000
14307  19.343  -66.696  10.423 0.6000000238
15799  20.583  -64.317  11.737 0.6999999881
14996  20.343  -65.264  12.199 0.6999999881
15783  21.506  -64.059  13.136 0.6999999881
14978  23.112  -65.121  13.274 0.6999999881
14994  24.119  -65.765  12.350 0.6000000238
15011  24.630  -65.538  11.583 0.6000000238
123872  25.390  -64.513  11.003 0.6999999881
16705  25.901  -63.943  9.221 0.6999999881
17615  26.071  -63.097  7.312 0.6000000238
17614  26.377  -62.292  7.286 0.6000000238
117115  17.824  -64.124  7.128 0.5000000000
120044  17.996  -65.313  6.489 0.4000000060
15086  18.806  -64.394  7.287 0.5000000000
135464  18.217  -64.376  6.461 0.5000000000
15070  19.035  -65.375  8.027 0.5000000000
15850  19.146  -63.557  7.372 0.6000000238
119570  19.352  -64.553  8.262 0.6000000238
16688  20.768  -63.058  10.264 0.6999999881
15818  20.120  -64.358  9.801 0.6000000238
16672  20.861  -63.505  11.291 0.6999999881
16657  21.596  -63.330  12.754 0.6999999881
15765  22.862  -64.375  13.490 0.6999999881
15781  24.361  -64.284  12.985 0.6999999881
119524  24.510  -64.988  12.370 0.6999999881
15797  25.406  -64.123  11.831 0.6999999881
16686  25.766  -63.745  11.007 0.6999999881
137241  26.436  -62.733  10.483 0.8000000119
16704  26.375  -63.113  9.093 0.6999999881
18571  26.527  -61.381  5.559 0.5000000000
117990  26.463  -61.118  6.300 0.6000000238
18554  26.684  -61.788  8.088 0.6000000238
14327  17.360  -65.904  8.796 0.4000000060
15851  18.040  -63.486  7.572 0.6000000238
15868  18.242  -63.903  6.799 0.6000000238
17616  18.877  -62.416  7.203 0.6000000238
16706  20.031  -62.509  8.290 0.6000000238
17570  20.567  -62.395  9.177 0.6000000238
17554  21.443  -62.318  11.259 0.6999999881
16671  21.278  -63.065  11.834 0.6999999881
118331  22.581  -62.953  13.437 0.6999999881
16637  22.763  -63.662  13.531 0.6999999881
17521  23.818  -62.412  13.590 0.8000000119
16636  24.075  -63.112  13.539 0.8000000119
16634  24.816  -62.913  13.218 0.6000000238
16670  25.681  -63.333  11.907 0.6000000238
126698  26.955  -61.624  9.885 0.8000000119
118669  26.613  -62.553  9.887 0.6999999881
19493  27.837  -61.032  5.025 0.5000000000
19485  26.754  -60.585  5.748 0.6000000238
19467  26.946  -60.778  7.927 0.6999999881
19483  28.128  -60.365  5.335 0.6000000238
15839  17.825  -64.686  9.295 0.5000000000
15032  17.656  -65.727  10.599 0.4000000060
14282  17.327  -66.500  11.120 0.4000000060
15838  18.071  -63.818  8.757 0.5000000000
125069  17.615  -64.264  8.128 0.5000000000
113436  18.641  -61.968  8.082 0.6000000238
17602  19.052  -61.894  7.348 0.6000000238
17583  20.191  -61.704  8.267 0.6000000238
17569  21.056  -62.121  10.058 0.6999999881
17539  22.295  -62.208  12.958 0.8000000119
18474  23.610  -61.758  13.520 0.8000000119
18472  25.107  -61.406  13.398 0.6000000238
18490  25.722  -61.398  12.987 0.6000000238
17552  26.286  -62.096  11.705 0.6999999881
131823  26.877  -61.354  10.734 0.6999999881
19452  27.265  -60.424  8.899 0.6999999881
19477  26.907  -59.963  5.924 0.6000000238
20298  27.524  -59.625  7.118 0.6000000238
21147  28.728  -58.924  6.788 0.6000000238
20314  27.568  -59.828  5.823 0.6000000238
20304  28.160  -59.417  6.256 0.6000000238
16674  18.525  -63.451  10.836 0.5000000000
15801  17.938  -65.105  10.982 0.5000000000
15013  17.647  -65.854  11.567 0.5000000000
120047  17.227  -66.540  12.172 0.5000000000
17556  18.879  -62.621  10.726 0.5000000000
16689  18.370  -63.287  9.476 0.5000000000
17585  18.989  -61.699  7.919 0.6000000238
18473  24.294  -61.229  13.575 0.6999999881
20221  25.139  -59.901  13.445 0.6000000238
19399  26.085  -60.648  12.694 0.6000000238
121015  26.810  -60.181  11.581 0.6000000238
20282  27.250  -60.025  9.836 0.6999999881
20268  27.203  -59.312  10.571 0.6000000238
20281  27.447  -59.492  8.918 0.6000000238
19466  27.472  -59.467  7.952 0.6999999881
20323  29.840  -60.059  4.818 0.5000000000
21146  29.678  -58.673  6.555 0.4000000060
16673  18.907  -62.964  11.713 0.5000000000
16660  18.617  -63.934  12.251 0.5000000000
14982  17.987  -65.246  13.010 0.5000000000
15768  17.420  -65.112  13.809 0.5000000000
14984  16.099  -65.749  13.690 0.5000000000
14985  15.370  -65.818  13.575 0.5000000000
21087  26.116  -58.289  12.644 0.6000000238
21114  27.018  -58.662  11.268 0.6000000238
21113  27.374  -58.416  10.259 0.4000000060
21125  27.575  -58.616  9.298 0.5000000000
21133  28.165  -58.347  8.305 0.4000000060
21138  29.259  -58.392  7.402 0.4000000060
21139  28.439  -58.674  7.569 0.5000000000
16659  19.106  -63.259  12.842 0.6000000238
16640  18.702  -63.985  13.511 0.5000000000
15752  18.315  -64.119  14.257 0.5000000000
15753  17.173  -64.514  14.334 0.5000000000
15754  16.518  -64.363  14.368 0.5000000000
15770  15.791  -64.400  14.148 0.5000000000
125358  14.944  -64.373  13.653 0.4000000060
16661  14.330  -63.925  12.811 0.5000000000
16676  13.731  -63.443  11.031 0.4000000060
16690  13.484  -63.147  10.092 0.4000000060
16708  12.609  -63.395  9.229 0.4000000060
21945  27.471  -57.444  10.247 0.6000000238
21952  27.925  -57.167  9.445 0.4000000060
128992  28.488  -57.461  8.754 0.4000000060
21964  29.629  -57.732  7.797 0.4000000060
16612  19.016  -63.089  14.605 0.5000000000
16613  18.388  -63.468  14.689 0.4000000060
16599  17.833  -63.097  15.104 0.4000000060
135998  16.421  -63.371  14.762 0.5000000000
18455  15.468  -62.080  14.567 0.4000000060
16642  14.692  -63.372  13.481 0.5000000000
18477  14.790  -61.930  13.859 0.4000000060
18478  14.604  -61.662  12.994 0.5000000000
118615  14.395  -63.024  12.631 0.5000000000
136294  14.416  -61.543  11.400 0.3000000119
17573  13.906  -61.699  10.339 0.3000000119
18524  13.177  -61.794  10.105 0.3000000119
22764  28.554  -56.621  9.125 0.4000000060
17481  19.279  -62.439  15.045 0.5000000000
18434  18.649  -62.099  15.365 0.5000000000
17483  17.178  -62.425  15.392 0.4000000060
19355  20.199  -61.036  15.344 0.4000000060
18433  19.406  -61.625  15.343 0.4000000060
120774  18.544  -61.196  15.628 0.4000000060
19358  17.756  -60.117  15.801 0.4000000060
20187  20.038  -60.158  15.835 0.4000000060
19344  19.262  -59.936  16.082 0.4000000060
19357  18.593  -60.390  15.871 0.4000000060
20169  20.414  -58.674  16.224 0.4000000060
20172  18.321  -58.959  16.190 0.4000000060
21044  17.276  -58.787  15.666 0.4000000060
135521  16.769  -59.045  15.331 0.4000000060
20171  19.011  -59.137  16.310 0.4000000060
129582  20.947  -58.961  15.868 0.3000000119
21030  18.599  -58.278  16.367 0.4000000060
118495  17.387  -58.019  15.679 0.4000000060
21887  16.922  -57.505  15.170 0.4000000060
21873  21.376  -57.637  16.236 0.4000000060
21061  16.407  -57.959  14.271 0.4000000060
21911  16.109  -57.171  13.626 0.4000000060
115728  20.913  -57.218  16.482 0.3000000119
22686  20.045  -57.211  16.536 0.4000000060
131010  19.187  -56.983  16.553 0.4000000060
115237  18.445  -57.259  16.340 0.4000000060
21886  17.598  -57.153  15.730 0.4000000060
22702  17.098  -56.673  15.209 0.4000000060
22701  17.444  -55.932  15.378 0.3000000119
121881  25.828  -59.915  13.048 0.6000000238
130322  18.537  -62.552  8.820 0.5000000000
21946  27.133  -57.790  11.115 0.6000000238
134026  28.885  -56.880  8.774 0.4000000060
11885  22.021  -69.278  12.628 0.6000000238
126350  25.020  -65.499  9.650 0.6999999881
15815  25.710  -64.247  10.143 0.6999999881
18579  27.645  -61.789  4.689 0.5000000000
17629  25.410  -62.481  5.479 0.5000000000
18580  26.874  -61.962  4.958 0.4000000060
17623  25.862  -62.581  6.576 0.6000000238
15071  18.488  -65.151  7.039 0.5000000000
133787  23.994  -63.816  13.408 0.6999999881
18562  26.633  -61.428  7.141 0.6000000238
15836  20.388  -63.370  9.431 0.6000000238
16656  25.047  -63.654  12.683 0.6999999881
18521  26.666  -62.123  10.778 0.8000000119
18538  26.709  -62.199  9.004 0.6999999881
15052  17.616  -65.473  9.646 0.4000000060
17520  25.331  -62.160  13.222 0.6000000238
17538  25.830  -62.087  12.544 0.6000000238
19453  27.156  -60.848  9.565 0.6999999881
113370  27.019  -61.298  8.899 0.6999999881
19491  29.531  -60.800  4.480 0.5000000000
136686  29.323  -61.320  4.266 0.5000000000
129477  27.258  -60.021  8.207 0.6999999881
20306  27.033  -59.974  6.487 0.6000000238
19400  25.503  -60.671  13.247 0.6999999881
18489  26.231  -61.389  12.258 0.6999999881
19438  26.862  -60.759  11.162 0.6999999881
21134  27.719  -58.788  8.495 0.6000000238
20313  28.499  -59.721  5.655 0.6000000238
21154  29.721  -59.061  5.797 0.6000000238
15800  18.270  -64.458  11.422 0.5000000000
14997  17.985  -65.236  11.972 0.5000000000
14254  17.054  -66.357  12.899 0.4000000060
117612  26.610  -58.904  12.139 0.6000000238
135834  27.376  -59.170  9.760 0.6000000238
15821  13.199  -64.139  10.516 0.3000000119
127776  27.639  -57.918  9.600 0.5000000000
128175  29.883  -57.072  7.898 0.4000000060
16641  15.283  -63.618  14.096 0.5000000000
16675  14.191  -62.861  11.636 0.4000000060
18542  12.855  -62.345  9.601 0.4000000060
115082  20.016  -58.007  16.441 0.4000000060
21875  19.293  -57.706  16.516 0.4000000060
10393  32.633  -72.241  4.928 0.3000000119
10404  33.594  -72.179  4.062 0.3000000119
12859  22.465  -68.939  2.666 0.4000000060
12027  25.425  -69.077  4.603 0.4000000060
120320  25.484  -69.514  3.589 0.4000000060
12054  26.768  -69.625  3.125 0.4000000060
14395  22.493  -66.441  3.535 0.4000000060
13637  21.504  -67.755  3.074 0.4000000060
13636  21.730  -67.793  3.480 0.4000000060
13621  22.378  -67.265  4.366 0.5000000000
11978  23.274  -69.011  6.231 0.5000000000
12782  23.627  -68.223  6.777 0.5000000000
115726  25.672  -67.978  5.600 0.4000000060
128323  23.975  -67.949  4.062 0.5000000000
12861  21.698  -68.411  2.631 0.5000000000
11961  23.154  -69.957  7.742 0.5000000000
12818  25.748  -68.686  5.302 0.5000000000
136955  24.598  -68.768  4.214 0.5000000000
12816  26.901  -68.935  5.798 0.5000000000
12000  27.095  -69.393  5.110 0.4000000060
114397  28.006  -69.538  4.857 0.4000000060
116695  27.758  -69.588  2.648 0.4000000060
12053  28.443  -69.490  3.284 0.4000000060
133085  29.807  -69.744  1.489 0.3000000119
11232  30.307  -70.424  1.566 0.4000000060
15109  24.934  -65.418  4.497 0.4000000060
15114  22.778  -65.047  3.826 0.4000000060
15886  22.822  -64.872  4.439 0.4000000060
14386  25.191  -66.355  5.096 0.4000000060
14387  24.359  -66.162  4.351 0.4000000060
14388  23.308  -65.901  3.644 0.4000000060
126755  22.479  -66.145  4.475 0.4000000060
13620  22.957  -66.927  5.239 0.5000000000
13619  25.528  -67.104  5.538 0.4000000060
13633  24.825  -67.304  4.901 0.4000000060
13635  22.999  -67.216  3.364 0.4000000060
14381  23.349  -66.189  5.654 0.5000000000
13607  23.565  -67.253  6.218 0.5000000000
11960  23.449  -69.137  7.345 0.5000000000
12769  23.751  -68.325  8.021 0.6000000238
114624  23.893  -67.885  8.948 0.6000000238
11945  23.377  -69.338  8.414 0.6000000238
15849  25.257  -64.973  7.995 0.6000000238
14348  24.457  -66.561  8.335 0.6000000238
120658  23.541  -68.722  9.124 0.5000000000
12024  28.885  -69.535  4.176 0.4000000060
13545  23.855  -67.661  10.508 0.5000000000
12023  29.923  -69.388  3.643 0.4000000060
12022  30.948  -69.189  3.356 0.4000000060
122004  30.575  -69.559  1.851 0.4000000060
124056  24.304  -63.909  4.389 0.4000000060
16762  24.422  -63.450  4.880 0.5000000000
15876  23.737  -64.492  5.482 0.5000000000
15094  24.286  -65.086  6.459 0.5000000000
13596  23.989  -67.472  7.241 0.5000000000
15866  24.807  -64.555  7.092 0.5000000000
14360  24.256  -66.828  7.548 0.6000000238
15865  25.443  -64.216  7.621 0.6000000238
15085  24.694  -65.241  7.418 0.6000000238
10394  31.615  -72.304  5.259 0.3000000119
11193  34.745  -70.931  4.143 0.3000000119
12866  34.336  -68.766  2.296 0.3000000119
15102  26.311  -65.468  5.322 0.4000000060
15883  26.578  -64.738  4.843 0.4000000060
125750  26.000  -64.386  4.474 0.4000000060
15892  23.889  -64.590  4.025 0.4000000060
16761  25.029  -63.386  4.677 0.4000000060
15884  24.114  -63.733  5.227 0.5000000000
17637  24.952  -62.961  5.043 0.4000000060
16749  24.771  -63.351  5.968 0.5000000000
127986  24.175  -67.195  8.882 0.6000000238
12750  23.702  -68.203  9.824 0.5000000000
122519  25.272  -63.933  4.415 0.4000000060
14396  22.510  -65.835  3.757 0.4000000060
12857  33.418  -68.857  2.549 0.3000000119
136806  24.452  -64.895  4.160 0.4000000060
124701  23.141  -64.810  5.037 0.5000000000
121992  23.938  -65.822  6.360 0.5000000000
14359  24.414  -65.998  7.274 0.6000000238
27002  22.393  -51.685  9.395 0.3000000119
10392  33.443  -71.940  4.712 0.3000000119
11901  19.380  -68.793  12.374 0.6000000238
11926  23.144  -69.638  9.505 0.5000000000
11999  28.661  -69.370  5.320 0.4000000060
12001  26.274  -69.094  5.236 0.4000000060
12025  27.499  -69.572  4.006 0.4000000060
12026  26.317  -69.452  4.320 0.4000000060
12049  33.057  -69.455  2.211 0.3000000119
12052  29.473  -69.429  2.539 0.4000000060
12060  21.536  -68.396  2.768 0.5000000000
12067  30.975  -69.944  1.694 0.4000000060
12708  23.018  -68.151  12.304 0.6000000238
12742  23.441  -68.545  10.775 0.5000000000
12798  23.120  -67.999  5.523 0.5000000000
12817  26.266  -68.566  5.769 0.5000000000
12838  25.088  -68.372  4.885 0.5000000000
12840  22.702  -68.008  2.955 0.4000000060
12842  21.450  -68.114  3.153 0.4000000060
12856  34.785  -68.177  2.453 0.3000000119
12860  22.114  -68.273  2.601 0.5000000000
12862  21.376  -68.207  3.008 0.5000000000
12867  21.497  -68.205  2.816 0.5000000000
13498  22.093  -67.120  13.372 0.6000000238
13499  21.364  -67.305  13.393 0.6000000238
13511  20.068  -67.423  12.560 0.6000000238
13512  19.549  -67.349  12.044 0.6999999881
13526  19.298  -67.672  11.515 0.5000000000
13559  24.042  -67.434  9.619 0.6000000238
13584  24.130  -67.392  8.168 0.6000000238
13634  23.895  -66.868  4.087 0.4000000060
13644  22.063  -67.335  2.840 0.4000000060
13645  21.635  -67.710  2.844 0.5000000000
13646  21.475  -67.949  2.925 0.4000000060
14252  21.544  -66.431  13.463 0.6999999881
14261  23.659  -66.531  12.378 0.6000000238
14263  20.271  -66.769  12.695 0.6999999881
14281  19.489  -66.883  11.368 0.6000000238
14305  24.591  -66.193  9.932 0.6999999881
14324  24.377  -66.719  9.339 0.6000000238
14347  24.819  -65.703  8.144 0.6000000238
14361  18.181  -65.805  6.616 0.5000000000
14372  24.001  -66.621  6.717 0.5000000000
14373  17.869  -66.022  6.468 0.4000000060
14380  26.016  -66.389  5.665 0.4000000060
14389  22.375  -65.833  3.922 0.4000000060
14390  21.944  -67.143  3.278 0.4000000060
14979  22.634  -65.845  13.283 0.6999999881
14981  20.820  -65.360  13.180 0.6999999881
14983  17.243  -65.801  13.267 0.4000000060
14998  17.538  -65.876  12.532 0.4000000060
15029  24.764  -65.660  10.624 0.6000000238
15031  19.764  -65.301  10.063 0.6000000238
15050  25.159  -65.326  8.782 0.6999999881
15072  17.485  -65.008  7.631 0.5000000000
15087  18.068  -64.853  6.452 0.5000000000
15088  17.879  -64.712  6.697 0.5000000000
15095  23.514  -65.251  5.649 0.5000000000
15096  18.113  -64.710  6.516 0.5000000000
15101  27.014  -65.194  5.581 0.4000000060
15103  25.649  -65.709  5.074 0.4000000060
15104  22.849  -65.326  4.886 0.5000000000
15105  22.547  -65.298  4.244 0.4000000060
15108  25.794  -65.035  4.641 0.4000000060
15110  23.989  -65.233  4.003 0.4000000060
15111  22.543  -65.150  3.986 0.4000000060
15113  23.237  -65.060  3.747 0.4000000060
15764  23.627  -64.406  13.329 0.6999999881
15766  21.444  -64.822  13.343 0.6999999881
15767  18.154  -64.650  13.686 0.5000000000
15769  16.516  -65.038  14.067 0.5000000000
15780  24.894  -64.386  12.374 0.6999999881
15782  23.906  -65.098  12.917 0.6999999881
15784  20.875  -64.582  12.807 0.6999999881
15785  18.287  -64.712  12.330 0.5000000000
15798  25.019  -64.794  11.721 0.6000000238
15817  20.497  -63.937  10.585 0.6999999881
15819  18.183  -64.299  10.159 0.5000000000
15820  17.883  -65.079  10.163 0.5000000000
15835  25.414  -64.743  9.318 0.6999999881
15837  19.768  -63.673  8.520 0.6000000238
15867  18.592  -63.636  6.945 0.6000000238
15869  18.161  -64.215  6.618 0.5000000000
15875  24.497  -64.168  6.116 0.5000000000
15885  23.371  -64.392  4.656 0.4000000060
15893  23.513  -64.414  4.256 0.4000000060
15894  22.824  -64.705  4.059 0.4000000060
15895  23.146  -64.681  3.886 0.4000000060
16614  17.674  -63.882  14.646 0.4000000060
16615  16.852  -63.918  14.671 0.4000000060
16616  16.091  -63.792  14.448 0.5000000000
16635  24.444  -63.555  13.229 0.6999999881
16638  22.103  -63.540  13.326 0.6999999881
16639  19.233  -63.304  13.864 0.5000000000
16658  21.086  -63.806  12.332 0.6999999881
16662  14.003  -63.763  11.927 0.5000000000
16685  26.221  -63.366  10.123 0.6999999881
16687  21.104  -62.835  10.933 0.6999999881
16691  12.961  -63.687  9.623 0.4000000060
16707  18.372  -62.937  8.177 0.6000000238
16720  19.258  -62.519  7.391 0.6000000238
16721  18.604  -62.728  7.303 0.6000000238
16722  18.257  -63.605  7.008 0.6000000238
16737  25.633  -63.637  7.280 0.6000000238
16738  25.106  -63.856  6.746 0.6000000238
16739  18.904  -63.156  6.817 0.6000000238
16740  18.622  -63.193  7.087 0.6000000238
16755  23.839  -63.897  4.621 0.4000000060
17482  18.561  -62.807  15.068 0.5000000000
17496  20.129  -62.019  14.122 0.6000000238
17497  19.610  -62.597  14.329 0.6000000238
17498  17.068  -63.291  15.039 0.5000000000
17500  15.723  -63.048  14.506 0.5000000000
17522  22.026  -62.918  13.063 0.8000000119
17524  14.926  -62.762  14.096 0.5000000000
17525  14.602  -62.480  13.253 0.5000000000
17540  21.712  -62.596  12.351 0.6999999881
17542  14.485  -62.084  12.097 0.5000000000
17553  25.911  -62.649  11.992 0.6000000238
17557  14.278  -61.874  10.994 0.3000000119
17558  13.926  -62.470  10.554 0.4000000060
17568  26.176  -62.877  11.139 0.8000000119
17572  18.659  -62.609  9.801 0.5000000000
17574  13.478  -62.334  9.950 0.3000000119
17582  20.569  -61.455  8.871 0.6000000238
17584  19.355  -61.471  8.686 0.6000000238
17586  13.084  -62.930  9.486 0.4000000060
17600  26.392  -62.714  8.169 0.6000000238
17601  19.561  -61.741  7.853 0.6000000238
17603  18.966  -61.931  7.327 0.6000000238
17622  26.207  -61.884  6.486 0.6000000238
17624  24.805  -63.103  5.394 0.5000000000
17628  26.086  -62.136  5.216 0.4000000060
17636  25.591  -62.806  4.869 0.4000000060
18435  17.821  -61.780  15.517 0.4000000060
18452  20.447  -61.386  14.578 0.5000000000
18475  22.872  -61.591  13.173 0.8000000119
18476  20.474  -61.388  13.543 0.6000000238
18492  21.873  -61.798  11.874 0.8999999762
18495  14.511  -61.246  11.930 0.3000000119
18506  26.601  -61.404  11.439 0.6999999881
18509  19.737  -60.934  11.197 0.5000000000
18523  19.498  -60.998  9.498 0.6000000238
18541  19.571  -61.560  7.997 0.6999999881
18566  26.034  -61.679  5.819 0.5000000000
18570  27.073  -61.113  5.265 0.5000000000
18576  30.350  -60.693  4.253 0.5000000000
18577  29.944  -61.554  3.908 0.5000000000
18578  29.087  -61.929  4.068 0.5000000000
19354  20.686  -60.128  15.403 0.5000000000
19356  19.392  -60.748  15.708 0.4000000060
19385  24.937  -60.696  13.492 0.6999999881
19386  24.458  -60.251  13.518 0.8000000119
19402  22.572  -60.314  11.983 0.8000000119
19419  26.563  -60.703  11.948 0.6999999881
19420  22.165  -60.044  11.133 0.6999999881
19421  21.641  -60.434  10.441 0.8000000119
19439  21.699  -59.748  10.291 0.8000000119
19440  21.226  -59.913  9.610 0.6000000238
19454  20.574  -60.165  9.223 0.6000000238
19468  19.997  -60.774  8.343 0.6999999881
19474  26.854  -60.604  6.836 0.6000000238
19478  26.666  -60.380  6.079 0.6000000238
19482  29.025  -60.271  5.098 0.5000000000
19484  27.244  -60.369  5.544 0.6000000238
19492  28.729  -61.018  4.635 0.5000000000
20170  19.839  -59.358  16.206 0.4000000060
20186  20.512  -59.464  15.858 0.4000000060
20188  18.443  -59.629  16.070 0.4000000060
20189  17.773  -59.252  15.930 0.4000000060
20190  17.107  -59.554  15.627 0.4000000060
20208  21.299  -59.830  14.845 0.5000000000
20222  24.554  -59.517  13.459 0.6999999881
20223  23.906  -59.702  13.306 0.8000000119
20239  26.502  -59.850  12.327 0.6000000238
20240  26.039  -59.122  12.825 0.6000000238
20243  21.174  -59.074  12.706 0.4000000060
20254  26.902  -59.498  11.481 0.6000000238
20269  27.077  -60.102  10.848 0.6999999881
20270  21.348  -59.190  9.720 0.6999999881
20272  20.368  -58.965  9.993 0.4000000060
20284  20.376  -59.659  9.624 0.5000000000
20297  28.004  -59.242  6.960 0.6000000238
20299  27.194  -60.076  7.389 0.6000000238
20303  28.971  -59.132  6.016 0.6000000238
20305  27.432  -59.688  6.350 0.6000000238
21028  21.142  -58.356  16.072 0.3000000119
21029  19.552  -58.542  16.404 0.4000000060
21031  17.847  -58.516  16.058 0.4000000060
21042  21.939  -58.365  15.233 0.4000000060
21045  16.819  -58.355  15.201 0.4000000060
21088  25.485  -58.578  13.166 0.6000000238
21090  23.662  -58.355  12.491 0.6999999881
21101  26.646  -58.068  11.898 0.6000000238
21117  20.545  -58.334  9.823 0.3000000119
21126  21.015  -58.846  9.464 0.5000000000
21140  27.838  -59.017  7.728 0.6999999881
21874  20.684  -57.868  16.370 0.4000000060
21876  17.918  -57.834  16.138 0.4000000060
21885  21.725  -58.049  15.805 0.4000000060
21899  22.600  -57.398  14.508 0.4000000060
21900  16.585  -56.935  14.536 0.4000000060
21908  24.891  -58.192  13.294 0.6000000238
21909  22.275  -57.563  13.676 0.4000000060
21947  21.796  -57.276  9.832 0.5000000000
21953  21.324  -57.090  9.579 0.5000000000
21959  27.890  -58.017  8.948 0.5000000000
21965  28.922  -58.026  8.137 0.4000000060
22683  22.385  -56.865  16.010 0.4000000060
22684  21.630  -56.828  16.424 0.3000000119
22685  20.667  -56.483  16.664 0.4000000060
22687  18.739  -56.532  16.432 0.4000000060
22699  22.808  -56.811  15.235 0.4000000060
22736  21.595  -56.838  12.280 0.4000000060
22748  20.549  -56.878  10.360 0.3000000119
22766  21.862  -56.578  9.702 0.4000000060
23518  23.554  -54.990  14.967 0.3000000119
23520  18.020  -55.636  15.809 0.3000000119
23551  26.094  -56.268  12.041 0.6999999881
23552  25.434  -55.975  12.247 0.5000000000
23553  24.816  -55.759  12.179 0.5000000000
23554  22.280  -55.635  12.472 0.4000000060
23564  24.368  -55.358  11.644 0.5000000000
23566  21.272  -55.135  10.793 0.4000000060
23574  22.993  -55.387  10.285 0.5000000000
23582  21.949  -55.739  9.549 0.4000000060
23583  21.224  -55.800  9.536 0.4000000060
23589  29.223  -55.157  8.802 0.5000000000
24396  22.259  -54.392  11.746 0.4000000060
24410  26.466  -54.380  11.117 0.6000000238
24412  24.545  -54.198  10.621 0.6000000238
24420  20.900  -54.525  9.801 0.4000000060
24425  21.270  -54.477  9.575 0.4000000060
25280  23.042  -53.433  12.378 0.3000000119
25295  20.804  -53.533  10.098 0.4000000060
25301  24.355  -53.383  9.399 0.5000000000
26143  21.009  -52.266  10.365 0.4000000060
26146  20.756  -52.697  10.111 0.3000000119
26153  22.292  -53.283  9.386 0.4000000060
26154  20.712  -52.764  9.967 0.3000000119
26986  22.280  -51.455  10.911 0.4000000060
26995  20.833  -51.489  9.786 0.3000000119
27954  20.773  -50.542  9.850 0.3000000119
28923  20.507  -49.087  9.886 0.5000000000
29912  20.782  -48.568  9.785 0.5000000000
113451  19.715  -64.708  9.192 0.6000000238
114121  23.067  -62.330  13.496 0.8000000119
114372  27.067  -60.792  10.334 0.6999999881
115475  23.328  -63.059  13.587 0.8000000119
116007  19.600  -66.012  10.830 0.6999999881
116554  22.146  -64.272  13.460 0.6999999881
116688  18.848  -61.995  8.765 0.6000000238
118781  24.540  -62.179  13.480 0.6000000238
119204  19.559  -62.692  13.376 0.6000000238
119891  20.697  -49.727  10.079 0.4000000060
120308  20.888  -52.342  9.754 0.3000000119
121046  25.441  -62.804  12.671 0.6000000238
121129  22.215  -65.128  13.453 0.6999999881
121271  18.407  -64.573  13.011 0.5000000000
121361  24.952  -64.558  4.348 0.4000000060
121494  18.778  -63.643  14.230 0.5000000000
121794  21.620  -58.676  13.548 0.5000000000
121959  15.603  -65.121  13.863 0.5000000000
122229  22.050  -66.995  3.564 0.4000000060
122422  25.564  -64.400  8.504 0.6999999881
122856  22.804  -65.546  3.666 0.4000000060
122955  21.450  -52.805  9.539 0.3000000119
123679  17.577  -65.091  8.727 0.5000000000
124017  27.550  -54.815  10.262 0.5000000000
124116  20.633  -56.265  10.250 0.3000000119
124532  21.132  -50.962  9.617 0.3000000119
124568  20.671  -52.065  10.057 0.3000000119
124596  16.767  -65.615  13.656 0.5000000000
124685  20.825  -55.236  9.863 0.4000000060
126072  20.433  -58.758  10.944 0.4000000060
126671  26.447  -55.068  11.495 0.6000000238
126794  27.287  -55.992  10.825 0.6000000238
126915  20.612  -59.401  11.847 0.5000000000
127069  20.419  -68.084  13.001 0.6000000238
128889  23.796  -67.031  11.825 0.6000000238
129205  18.016  -62.463  15.324 0.5000000000
129673  20.873  -55.740  9.672 0.4000000060
129860  25.026  -65.105  11.044 0.6000000238
130054  22.458  -69.472  11.951 0.6000000238
130060  16.836  -60.475  15.551 0.4000000060
130140  14.222  -63.401  12.274 0.5000000000
130493  28.330  -61.631  4.510 0.5000000000
130696  28.213  -69.583  4.171 0.4000000060
131267  20.829  -68.677  13.250 0.6000000238
132051  23.419  -68.930  9.964 0.5000000000
132075  23.019  -50.196  9.415 0.4000000060
132197  19.800  -60.370  9.276 0.6000000238
132372  26.104  -69.590  3.438 0.4000000060
132490  18.292  -64.317  6.703 0.5000000000
132951  26.469  -60.975  5.885 0.6000000238
133010  20.928  -65.991  13.401 0.6999999881
133206  25.632  -62.196  6.028 0.6000000238
133209  17.797  -64.505  14.194 0.5000000000
133883  23.453  -63.736  13.502 0.8000000119
134494  12.401  -61.990  9.830 0.3000000119
134648  21.427  -59.295  15.183 0.5000000000
134756  18.131  -60.658  15.745 0.4000000060
135047  24.090  -61.914  13.605 0.8000000119
135478  22.634  -64.943  4.170 0.4000000060
135617  17.528  -56.526  15.565 0.4000000060
135900  23.598  -67.794  11.536 0.6000000238
136204  23.199  -68.527  11.643 0.6000000238
136383  19.793  -65.420  10.803 0.6999999881
136554  17.958  -65.245  6.424 0.4000000060
136900  20.369  -59.813  11.456 0.5000000000
