#!ascii label  , from subject sub-v1s9x0051355_ses-1 vox2ras=TkReg
1389
51317  -30.127  -15.084  77.859 0.0000000000
58198  -42.411  -8.153  62.563 0.0000000000
121598  -31.582  -4.587  69.711 0.0000000000
119110  1.362  -19.664  79.084 0.0000000000
106012  -17.727  -18.802  79.846 0.0000000000
55396  1.114  -11.616  73.975 0.0000000000
50282  -3.877  -16.599  78.073 0.0000000000
59890  -36.850  -6.162  66.053 0.0000000000
55490  -1.494  -11.832  66.911 0.0000000000
50191  2.057  -16.321  88.714 0.0000000000
53499  -27.766  -14.485  71.715 0.0000000000
50306  -26.010  -16.073  76.511 0.0000000000
49271  -24.939  -17.443  80.852 0.0000000000
59080  -46.129  -7.232  60.126 0.0000000000
60790  -33.783  -5.044  67.786 0.0000000000
47340  -12.644  -18.470  78.962 0.0000000000
59852  -3.798  -6.342  71.772 0.0000000000
50300  2.632  -16.251  76.599 0.0000000000
103497  1.146  -16.380  72.910 0.0000000000
113808  1.203  -20.441  75.913 0.0000000000
52227  -8.606  -14.495  88.016 0.0000000000
54412  -3.751  -11.211  88.068 0.0000000000
59851  -30.270  -6.250  72.312 0.0000000000
48337  -23.114  -18.070  82.775 0.0000000000
47362  -19.097  -19.545  77.499 0.0000000000
52351  -1.451  -14.815  76.057 0.0000000000
51275  1.414  -15.178  79.698 0.0000000000
58160  -39.736  -8.089  64.245 0.0000000000
50227  -9.179  -16.417  84.626 0.0000000000
107538  -10.242  -17.999  82.186 0.0000000000
55442  -0.824  -11.541  71.449 0.0000000000
51366  1.577  -16.122  68.843 0.0000000000
53381  -6.146  -13.285  81.346 0.0000000000
52267  -0.619  -14.626  83.890 0.0000000000
102548  2.985  -17.463  83.717 0.0000000000
53433  -30.923  -13.958  77.430 0.0000000000
50332  -28.997  -16.041  75.286 0.0000000000
52396  -29.578  -14.931  74.640 0.0000000000
50308  -28.665  -17.485  76.995 0.0000000000
116427  -27.404  -16.358  75.332 0.0000000000
50277  -27.830  -16.336  79.092 0.0000000000
58217  -44.538  -7.828  61.170 0.0000000000
56394  -40.709  -9.943  61.033 0.0000000000
57343  -42.204  -9.571  59.353 0.0000000000
58223  -43.299  -8.619  58.451 0.0000000000
61725  -32.677  -4.539  68.843 0.0000000000
59869  -29.329  -6.084  69.047 0.0000000000
59878  -30.353  -6.045  67.158 0.0000000000
59885  -31.586  -6.317  66.508 0.0000000000
48370  2.372  -18.157  77.762 0.0000000000
48385  1.840  -18.492  76.726 0.0000000000
46400  0.717  -20.366  77.722 0.0000000000
44599  -0.458  -22.170  76.359 0.0000000000
44550  -0.772  -21.784  78.949 0.0000000000
51200  -5.625  -15.680  86.515 0.0000000000
52220  -4.508  -14.813  88.458 0.0000000000
58961  -29.885  -7.612  73.869 0.0000000000
55420  -28.103  -10.860  74.406 0.0000000000
54563  -26.730  -13.225  71.613 0.0000000000
56303  -27.301  -10.046  73.169 0.0000000000
58120  -27.924  -8.124  71.849 0.0000000000
120961  -26.130  -14.997  85.256 0.0000000000
48393  -22.011  -18.030  77.247 0.0000000000
105324  -21.215  -19.467  78.450 0.0000000000
59996  -46.236  -5.950  56.661 0.0000000000
118026  -47.685  -4.979  55.774 0.0000000000
119114  -2.257  -15.978  76.956 0.0000000000
101368  0.270  -15.544  77.579 0.0000000000
50274  -1.729  -16.418  79.177 0.0000000000
59015  -38.260  -6.937  64.973 0.0000000000
59033  -34.591  -7.175  64.496 0.0000000000
59035  -36.577  -7.717  63.790 0.0000000000
57283  -37.608  -9.075  62.721 0.0000000000
51196  -10.549  -15.922  86.744 0.0000000000
49226  -11.432  -16.771  85.460 0.0000000000
57182  -1.013  -9.921  75.416 0.0000000000
56277  -2.251  -9.921  73.336 0.0000000000
55426  0.809  -11.465  72.991 0.0000000000
48431  1.603  -18.878  71.697 0.0000000000
118442  1.381  -16.553  70.443 0.0000000000
48461  1.502  -18.233  69.695 0.0000000000
54447  -7.227  -11.507  81.645 0.0000000000
54401  -0.788  -12.727  89.556 0.0000000000
114234  -1.883  -13.304  85.863 0.0000000000
53350  1.557  -13.634  86.249 0.0000000000
52264  2.592  -14.698  83.927 0.0000000000
115188  2.242  -16.768  85.993 0.0000000000
53471  -28.764  -13.378  74.581 0.0000000000
52302  -26.708  -15.320  82.669 0.0000000000
50270  -27.033  -16.289  80.866 0.0000000000
50286  -24.739  -16.770  78.367 0.0000000000
59975  -47.846  -6.128  59.709 0.0000000000
59094  -45.064  -7.114  57.840 0.0000000000
60821  -35.042  -5.947  66.576 0.0000000000
59905  -32.700  -6.560  65.847 0.0000000000
47360  -15.785  -19.098  78.115 0.0000000000
47323  -14.832  -18.599  79.368 0.0000000000
58133  -3.893  -8.494  68.589 0.0000000000
52390  2.345  -13.998  74.717 0.0000000000
52399  1.629  -13.619  73.414 0.0000000000
108118  1.878  -15.637  74.942 0.0000000000
48410  1.578  -18.410  74.727 0.0000000000
46435  1.479  -20.575  73.467 0.0000000000
54424  -7.957  -12.777  86.225 0.0000000000
54422  -6.425  -11.565  85.394 0.0000000000
54407  -6.169  -12.227  88.411 0.0000000000
52204  -2.771  -13.394  90.744 0.0000000000
60757  -30.800  -5.243  71.159 0.0000000000
121830  -28.266  -7.310  70.716 0.0000000000
107088  -20.039  -18.954  80.880 0.0000000000
48350  -23.975  -17.903  82.175 0.0000000000
47329  -21.067  -19.196  79.502 0.0000000000
47345  -17.704  -19.269  78.492 0.0000000000
55375  -0.434  -11.271  76.499 0.0000000000
54488  -1.392  -12.441  76.554 0.0000000000
104847  0.520  -12.726  75.358 0.0000000000
52349  0.870  -14.639  76.209 0.0000000000
51289  2.675  -15.289  78.237 0.0000000000
49269  2.899  -16.851  79.756 0.0000000000
58182  -41.280  -8.269  63.591 0.0000000000
57298  -38.635  -9.631  62.373 0.0000000000
52229  -9.676  -14.820  86.697 0.0000000000
50204  -8.083  -16.010  86.581 0.0000000000
106650  -6.851  -16.734  84.247 0.0000000000
47286  -13.440  -18.173  81.037 0.0000000000
48347  -12.796  -17.776  82.066 0.0000000000
48292  -12.017  -17.455  84.166 0.0000000000
48289  -9.965  -17.494  83.869 0.0000000000
48325  -6.928  -17.755  82.642 0.0000000000
58095  -3.604  -8.043  73.837 0.0000000000
57220  -3.816  -9.386  71.426 0.0000000000
54580  -2.235  -12.084  68.942 0.0000000000
53498  0.426  -12.982  71.761 0.0000000000
53505  -0.234  -13.722  70.080 0.0000000000
53538  1.034  -13.416  67.265 0.0000000000
51262  -5.372  -15.094  79.704 0.0000000000
107340  -4.955  -13.068  84.589 0.0000000000
51221  -3.881  -14.946  83.057 0.0000000000
50255  -2.697  -16.266  81.256 0.0000000000
51244  -0.120  -15.537  81.701 0.0000000000
118810  3.195  -14.865  81.542 0.0000000000
47263  2.375  -18.946  81.561 0.0000000000
47239  3.484  -19.774  87.330 0.0000000000
46358  2.789  -20.340  85.589 0.0000000000
45451  -0.061  -21.381  81.036 0.0000000000
53424  -31.169  -13.950  78.131 0.0000000000
53411  -30.936  -13.568  78.697 0.0000000000
51328  -29.659  -15.908  76.476 0.0000000000
51338  -30.166  -15.198  76.215 0.0000000000
51316  -29.425  -15.987  77.325 0.0000000000
112290  -28.784  -16.870  76.505 0.0000000000
108020  -29.861  -14.875  78.348 0.0000000000
51302  -28.847  -16.355  77.926 0.0000000000
120816  -43.302  -7.956  61.660 0.0000000000
57302  -41.818  -8.872  61.933 0.0000000000
56395  -41.408  -9.707  60.633 0.0000000000
58207  -42.656  -8.410  61.563 0.0000000000
58216  -43.191  -8.522  60.094 0.0000000000
61724  -31.965  -4.487  69.283 0.0000000000
61713  -33.251  -4.176  69.288 0.0000000000
62622  -33.053  -3.577  70.607 0.0000000000
60778  -29.871  -5.788  68.527 0.0000000000
107434  -31.179  -5.247  68.278 0.0000000000
60799  -31.590  -5.579  67.587 0.0000000000
47334  1.639  -19.326  78.719 0.0000000000
47354  1.439  -19.362  77.730 0.0000000000
46388  1.179  -19.755  78.604 0.0000000000
45467  0.374  -20.728  78.040 0.0000000000
45459  0.368  -20.607  78.786 0.0000000000
120044  -4.488  -16.326  85.324 0.0000000000
50212  -3.946  -16.272  85.813 0.0000000000
56285  -28.211  -9.850  74.234 0.0000000000
56284  -27.634  -10.372  73.754 0.0000000000
57204  -28.396  -9.089  73.833 0.0000000000
58100  -28.682  -8.439  73.529 0.0000000000
60926  -47.523  -5.683  58.150 0.0000000000
103613  -47.101  -5.509  56.159 0.0000000000
61865  -48.211  -4.561  56.316 0.0000000000
50291  -3.667  -16.471  77.388 0.0000000000
50290  -2.138  -16.411  77.675 0.0000000000
50281  -2.339  -16.538  78.552 0.0000000000
59909  -37.595  -6.491  65.489 0.0000000000
59892  -38.864  -6.079  66.384 0.0000000000
59907  -35.494  -6.667  65.569 0.0000000000
59034  -35.657  -7.369  64.282 0.0000000000
59013  -36.214  -7.068  64.936 0.0000000000
108915  -37.054  -7.315  64.348 0.0000000000
50208  -11.694  -16.503  86.456 0.0000000000
50218  -12.875  -16.774  86.043 0.0000000000
47291  -18.494  -18.810  81.587 0.0000000000
104282  -17.292  -18.399  80.686 0.0000000000
57256  -2.356  -9.526  66.869 0.0000000000
56264  0.095  -10.962  74.540 0.0000000000
56275  -0.305  -10.808  73.609 0.0000000000
55410  1.035  -11.533  73.495 0.0000000000
118907  1.711  -19.807  71.207 0.0000000000
48447  1.426  -18.718  70.500 0.0000000000
47450  1.550  -19.453  70.785 0.0000000000
54455  -7.955  -11.599  80.772 0.0000000000
54443  -8.040  -11.614  82.139 0.0000000000
52206  1.427  -13.904  88.878 0.0000000000
53332  0.228  -12.908  87.857 0.0000000000
51186  1.731  -14.653  87.555 0.0000000000
51190  2.286  -15.081  86.228 0.0000000000
50199  2.495  -15.996  86.808 0.0000000000
53451  -29.734  -13.328  75.798 0.0000000000
53485  -28.956  -14.368  74.282 0.0000000000
54505  -29.600  -12.553  75.726 0.0000000000
55404  -29.135  -11.961  75.421 0.0000000000
49290  -27.185  -17.580  77.365 0.0000000000
114175  -26.194  -16.868  78.911 0.0000000000
50295  -25.559  -16.940  77.811 0.0000000000
50293  -23.857  -16.323  77.454 0.0000000000
59966  -47.387  -6.545  60.459 0.0000000000
58220  -44.217  -8.003  59.585 0.0000000000
59083  -43.817  -8.090  58.003 0.0000000000
59085  -45.407  -7.109  58.887 0.0000000000
59973  -45.915  -6.566  58.272 0.0000000000
106552  -34.242  -5.629  67.098 0.0000000000
61747  -35.867  -4.887  67.777 0.0000000000
107879  -35.340  -4.388  68.343 0.0000000000
59881  -32.769  -6.050  66.899 0.0000000000
59886  -32.355  -6.292  66.473 0.0000000000
60801  -33.506  -6.095  66.709 0.0000000000
115844  -34.222  -6.172  66.515 0.0000000000
60761  -3.405  -5.887  70.898 0.0000000000
102141  -3.209  -6.719  69.290 0.0000000000
58979  -4.250  -7.399  70.491 0.0000000000
52347  2.446  -14.977  75.733 0.0000000000
51343  2.288  -14.604  74.740 0.0000000000
50314  2.655  -15.955  76.020 0.0000000000
106615  1.569  -19.079  76.239 0.0000000000
48397  1.656  -18.379  75.897 0.0000000000
121795  1.468  -19.597  74.825 0.0000000000
104690  1.415  -19.826  74.102 0.0000000000
46426  1.239  -20.350  74.792 0.0000000000
45500  0.726  -21.927  74.799 0.0000000000
52222  -9.013  -14.066  88.174 0.0000000000
54414  -7.738  -12.362  87.592 0.0000000000
53337  -7.254  -14.033  88.405 0.0000000000
115986  -3.267  -15.494  88.031 0.0000000000
52213  -4.151  -14.553  89.248 0.0000000000
51178  -2.383  -15.108  89.666 0.0000000000
119512  -1.672  -14.186  90.647 0.0000000000
59861  -30.229  -5.861  71.568 0.0000000000
58978  -28.979  -7.173  71.961 0.0000000000
58984  -27.601  -7.783  70.905 0.0000000000
59859  -28.853  -7.041  71.043 0.0000000000
118269  -29.198  -6.525  70.620 0.0000000000
112865  -22.424  -18.179  83.082 0.0000000000
47274  -21.920  -18.558  82.768 0.0000000000
47295  -21.884  -18.697  82.302 0.0000000000
49273  -26.568  -17.039  81.456 0.0000000000
50261  -26.524  -17.113  82.267 0.0000000000
48356  -23.931  -17.665  81.492 0.0000000000
47364  -20.294  -19.699  78.148 0.0000000000
47349  -21.128  -19.480  78.733 0.0000000000
46403  -20.116  -19.658  78.244 0.0000000000
47327  -19.891  -19.466  79.042 0.0000000000
47361  -18.254  -19.476  77.360 0.0000000000
101688  -17.560  -19.348  77.773 0.0000000000
52373  -1.859  -14.235  75.778 0.0000000000
53439  -1.203  -13.711  75.670 0.0000000000
54499  -0.949  -12.978  75.731 0.0000000000
53438  -0.258  -13.414  75.585 0.0000000000
52371  0.239  -14.049  75.737 0.0000000000
52350  -0.471  -14.719  76.127 0.0000000000
50273  0.520  -15.489  79.310 0.0000000000
51290  2.241  -14.970  78.291 0.0000000000
51273  2.627  -15.085  78.913 0.0000000000
108907  3.078  -15.475  78.817 0.0000000000
50272  3.080  -15.712  79.481 0.0000000000
58181  -40.036  -8.490  63.810 0.0000000000
58162  -41.973  -7.643  64.417 0.0000000000
59040  -41.340  -7.419  65.234 0.0000000000
58179  -38.729  -8.636  63.495 0.0000000000
57284  -38.357  -9.117  62.822 0.0000000000
58180  -39.405  -8.704  63.588 0.0000000000
57300  -40.128  -9.418  62.568 0.0000000000
110021  -10.950  -13.945  84.918 0.0000000000
50206  -9.813  -16.289  86.493 0.0000000000
50205  -8.891  -16.150  86.517 0.0000000000
50216  -8.348  -16.244  85.949 0.0000000000
50225  -7.501  -15.969  84.748 0.0000000000
49234  -7.863  -16.861  84.349 0.0000000000
47341  -13.568  -18.496  78.929 0.0000000000
47306  -14.253  -18.255  80.521 0.0000000000
47322  -13.171  -18.370  79.709 0.0000000000
48352  -10.772  -18.271  81.117 0.0000000000
48346  -12.014  -17.974  81.793 0.0000000000
120825  -11.377  -17.884  82.146 0.0000000000
48310  -11.970  -17.694  83.545 0.0000000000
48309  -11.122  -17.462  83.327 0.0000000000
48290  -10.554  -17.627  83.961 0.0000000000
48329  -10.173  -17.820  82.415 0.0000000000
48341  -7.163  -18.060  81.967 0.0000000000
58080  -3.069  -8.155  75.258 0.0000000000
56293  -1.583  -10.448  72.496 0.0000000000
56295  -3.220  -9.685  72.014 0.0000000000
56309  -2.620  -10.969  71.045 0.0000000000
55459  -3.052  -11.187  70.143 0.0000000000
55458  -2.190  -11.602  70.411 0.0000000000
100629  1.031  -14.510  73.030 0.0000000000
52405  0.928  -13.688  72.609 0.0000000000
110474  0.780  -14.563  72.149 0.0000000000
51362  1.542  -16.421  69.596 0.0000000000
52416  0.348  -14.653  70.404 0.0000000000
52422  0.570  -14.533  69.341 0.0000000000
53529  0.913  -13.665  68.273 0.0000000000
52433  1.651  -14.829  67.909 0.0000000000
52444  1.462  -14.659  67.107 0.0000000000
121930  -5.373  -14.638  80.356 0.0000000000
54416  -5.453  -11.513  86.391 0.0000000000
54428  -6.127  -11.548  84.767 0.0000000000
53346  -4.243  -12.425  86.068 0.0000000000
52251  -1.584  -14.358  84.916 0.0000000000
52253  -3.410  -14.145  84.330 0.0000000000
52269  -2.759  -14.621  83.782 0.0000000000
51235  -3.567  -15.406  82.415 0.0000000000
51233  -1.711  -15.749  82.655 0.0000000000
51245  -1.213  -15.955  81.858 0.0000000000
51217  -0.038  -15.193  83.192 0.0000000000
50235  3.090  -15.860  83.634 0.0000000000
105387  2.973  -15.710  82.598 0.0000000000
49250  3.280  -16.699  82.934 0.0000000000
49261  2.980  -17.019  81.490 0.0000000000
104204  2.494  -18.782  82.573 0.0000000000
46351  3.853  -21.001  87.271 0.0000000000
47242  3.530  -20.030  86.615 0.0000000000
54495  -30.837  -13.123  77.345 0.0000000000
49329  -27.996  -16.585  73.897 0.0000000000
50344  -28.596  -15.856  74.247 0.0000000000
51344  -29.379  -15.476  74.866 0.0000000000
52385  -30.426  -14.472  76.480 0.0000000000
118737  -27.187  -17.369  76.712 0.0000000000
100742  -27.617  -16.749  76.230 0.0000000000
50320  -27.894  -16.385  75.651 0.0000000000
49291  -28.010  -17.540  77.593 0.0000000000
105836  -45.558  -7.655  61.457 0.0000000000
57341  -41.068  -10.049  59.111 0.0000000000
57352  -42.209  -9.495  58.632 0.0000000000
58222  -42.713  -9.024  58.187 0.0000000000
57344  -42.767  -9.125  58.875 0.0000000000
118056  -43.942  -8.086  60.209 0.0000000000
60789  -32.876  -4.993  67.919 0.0000000000
61727  -34.351  -4.503  68.417 0.0000000000
61714  -33.966  -3.970  69.150 0.0000000000
62610  -34.554  -2.932  70.734 0.0000000000
58991  -27.664  -7.570  68.475 0.0000000000
58996  -28.052  -7.505  67.701 0.0000000000
58998  -29.057  -6.846  66.822 0.0000000000
59883  -29.918  -6.458  66.627 0.0000000000
59003  -30.326  -6.774  66.012 0.0000000000
59879  -31.216  -5.979  67.078 0.0000000000
60800  -32.408  -5.588  67.426 0.0000000000
50288  2.644  -16.600  77.327 0.0000000000
49296  2.561  -17.211  76.832 0.0000000000
48384  2.487  -18.046  77.070 0.0000000000
47371  1.490  -19.194  77.043 0.0000000000
121698  1.033  -20.404  76.661 0.0000000000
45484  0.388  -21.283  76.597 0.0000000000
45475  0.423  -20.999  77.356 0.0000000000
44580  -0.593  -21.883  77.206 0.0000000000
51192  -6.382  -15.189  86.641 0.0000000000
51189  -5.708  -14.584  87.197 0.0000000000
51191  -5.327  -15.686  87.051 0.0000000000
58971  -30.395  -6.642  73.125 0.0000000000
53493  -27.310  -13.436  72.886 0.0000000000
109858  -27.222  -13.814  72.056 0.0000000000
54552  -26.821  -12.833  72.537 0.0000000000
106868  -26.659  -10.503  72.887 0.0000000000
56302  -26.225  -9.942  72.293 0.0000000000
58108  -27.609  -8.685  72.362 0.0000000000
104277  -28.443  -8.167  72.976 0.0000000000
49249  -25.045  -17.165  84.736 0.0000000000
48367  -23.193  -17.706  78.968 0.0000000000
48366  -22.363  -18.413  79.110 0.0000000000
48379  -22.136  -18.583  78.006 0.0000000000
47380  -20.692  -19.115  77.523 0.0000000000
59999  -45.544  -5.840  56.140 0.0000000000
60941  -46.322  -5.341  55.804 0.0000000000
60947  -47.158  -4.434  54.608 0.0000000000
61873  -47.920  -4.258  54.107 0.0000000000
51323  -1.918  -15.432  76.503 0.0000000000
51322  -1.071  -15.365  76.570 0.0000000000
51307  -1.589  -15.911  77.096 0.0000000000
106645  -0.800  -15.985  79.053 0.0000000000
50265  -0.383  -16.127  80.148 0.0000000000
59038  -39.346  -7.567  64.740 0.0000000000
59911  -39.284  -6.584  65.915 0.0000000000
58175  -34.441  -8.150  63.176 0.0000000000
58196  -35.838  -8.844  62.635 0.0000000000
116478  -36.724  -8.988  62.708 0.0000000000
117653  -37.159  -8.428  63.255 0.0000000000
58158  -38.444  -8.016  63.955 0.0000000000
52243  -11.461  -14.367  85.709 0.0000000000
52232  -11.792  -14.930  86.439 0.0000000000
116090  -10.560  -16.824  86.646 0.0000000000
50228  -9.868  -16.567  84.642 0.0000000000
47301  -9.439  -18.278  80.275 0.0000000000
48344  -9.588  -18.048  81.812 0.0000000000
57183  -1.886  -9.412  75.829 0.0000000000
57191  -2.789  -9.138  74.351 0.0000000000
56276  -1.600  -9.972  74.268 0.0000000000
56292  -0.533  -10.806  72.823 0.0000000000
55441  -0.048  -11.664  71.942 0.0000000000
50349  1.346  -17.259  72.397 0.0000000000
109468  1.230  -16.648  71.605 0.0000000000
49332  1.371  -17.910  71.491 0.0000000000
49352  1.643  -17.904  69.969 0.0000000000
49367  1.698  -17.618  69.274 0.0000000000
54467  -8.401  -11.426  78.729 0.0000000000
115201  -7.671  -11.864  80.531 0.0000000000
53382  -6.599  -12.329  81.522 0.0000000000
54403  -2.632  -11.852  89.213 0.0000000000
53335  -3.031  -12.022  87.239 0.0000000000
53333  -0.826  -12.613  87.718 0.0000000000
53342  -0.302  -13.435  86.856 0.0000000000
52236  0.199  -14.197  85.306 0.0000000000
52266  0.603  -14.563  83.796 0.0000000000
52248  2.089  -14.472  84.629 0.0000000000
108335  3.086  -15.493  84.712 0.0000000000
49231  3.052  -16.989  84.494 0.0000000000
52407  -28.441  -14.743  72.441 0.0000000000
51348  -28.986  -15.222  74.019 0.0000000000
52400  -28.526  -14.482  73.373 0.0000000000
53483  -27.810  -13.617  73.464 0.0000000000
54537  -28.109  -12.896  74.076 0.0000000000
56271  -28.915  -10.218  75.044 0.0000000000
102891  -26.558  -16.730  80.566 0.0000000000
49276  -27.168  -16.314  79.861 0.0000000000
110403  -26.795  -16.638  79.467 0.0000000000
49281  -24.740  -17.260  79.018 0.0000000000
49288  -23.280  -17.037  78.148 0.0000000000
59092  -43.629  -7.844  57.392 0.0000000000
59986  -45.631  -6.533  57.325 0.0000000000
59974  -46.967  -6.122  58.682 0.0000000000
59889  -35.771  -6.294  66.073 0.0000000000
60823  -37.202  -5.604  66.603 0.0000000000
60803  -36.498  -5.265  67.199 0.0000000000
59903  -31.116  -6.725  65.969 0.0000000000
59010  -33.402  -6.666  65.563 0.0000000000
59906  -34.668  -6.638  65.669 0.0000000000
108563  -16.076  -19.014  78.926 0.0000000000
47325  -16.199  -18.774  79.550 0.0000000000
47343  -15.234  -18.824  78.785 0.0000000000
47358  -13.974  -18.602  78.299 0.0000000000
58137  -3.225  -8.199  67.790 0.0000000000
57257  -3.234  -9.893  67.641 0.0000000000
105246  1.966  -12.804  74.371 0.0000000000
54528  1.806  -12.261  73.403 0.0000000000
52391  2.228  -13.753  74.149 0.0000000000
100811  1.736  -14.429  73.906 0.0000000000
102032  1.231  -16.097  74.074 0.0000000000
104483  1.897  -16.968  75.377 0.0000000000
49314  1.586  -17.546  74.628 0.0000000000
50336  1.441  -17.231  73.553 0.0000000000
48420  1.514  -18.915  72.696 0.0000000000
54430  -7.310  -11.476  84.523 0.0000000000
121840  -7.277  -12.370  86.127 0.0000000000
55326  -6.328  -11.090  87.059 0.0000000000
55321  -4.917  -11.070  88.502 0.0000000000
52215  -5.525  -14.108  88.505 0.0000000000
53327  -5.664  -12.349  90.025 0.0000000000
54400  -4.196  -11.198  90.293 0.0000000000
53317  -1.497  -12.643  90.799 0.0000000000
52208  -0.384  -14.086  89.703 0.0000000000
51173  1.024  -15.807  89.992 0.0000000000
60769  -31.259  -4.743  70.245 0.0000000000
61706  -32.414  -3.918  70.883 0.0000000000
61698  -31.710  -4.495  71.312 0.0000000000
53507  -27.297  -13.942  70.229 0.0000000000
58987  -27.389  -7.663  69.346 0.0000000000
104168  -29.249  -6.281  69.834 0.0000000000
47293  -20.370  -18.676  81.888 0.0000000000
108039  -19.120  -18.928  80.998 0.0000000000
52281  -26.679  -15.360  83.550 0.0000000000
49260  -25.559  -17.427  83.810 0.0000000000
113159  -23.813  -18.053  82.588 0.0000000000
48359  -22.138  -18.665  79.984 0.0000000000
48354  -22.279  -18.663  81.144 0.0000000000
47312  -21.982  -18.753  81.416 0.0000000000
47310  -20.713  -19.026  80.186 0.0000000000
102653  -19.182  -19.259  79.217 0.0000000000
101389  -18.398  -19.182  78.997 0.0000000000
47344  -16.757  -19.217  78.322 0.0000000000
61878  -48.605  -4.244  53.525 0.0000000000
61879  -49.385  -4.360  53.224 0.0000000000
62786  -50.274  -4.018  53.319 0.0000000000
56255  -0.334  -10.547  75.391 0.0000000000
56254  -0.028  -10.978  75.275 0.0000000000
55376  -0.934  -11.635  77.054 0.0000000000
54498  -0.088  -12.505  75.544 0.0000000000
54497  0.494  -12.096  74.998 0.0000000000
53437  1.001  -13.273  75.461 0.0000000000
52348  2.066  -14.632  75.971 0.0000000000
51319  2.412  -15.147  76.548 0.0000000000
112797  0.893  -15.185  76.891 0.0000000000
51304  2.313  -15.241  77.497 0.0000000000
118238  2.547  -15.620  77.240 0.0000000000
50278  2.901  -15.977  78.084 0.0000000000
111392  2.498  -17.749  78.411 0.0000000000
47313  1.986  -18.989  79.104 0.0000000000
58197  -41.562  -8.536  62.784 0.0000000000
110849  -37.153  -9.591  62.273 0.0000000000
56381  -38.277  -10.014  61.830 0.0000000000
56392  -38.699  -10.235  61.246 0.0000000000
57316  -39.749  -9.893  61.906 0.0000000000
57301  -41.012  -9.217  62.263 0.0000000000
53357  -8.676  -13.342  85.789 0.0000000000
52228  -8.844  -14.527  87.525 0.0000000000
52230  -10.289  -14.977  86.636 0.0000000000
106764  -9.036  -15.483  86.706 0.0000000000
51194  -8.233  -15.054  86.746 0.0000000000
50224  -6.344  -16.051  84.792 0.0000000000
114658  -16.159  -18.122  80.817 0.0000000000
47288  -15.269  -18.042  81.342 0.0000000000
47267  -14.535  -17.868  81.845 0.0000000000
47304  -12.192  -18.301  80.666 0.0000000000
47266  -13.590  -17.958  81.608 0.0000000000
48333  -14.798  -18.020  82.791 0.0000000000
48311  -13.781  -17.726  83.205 0.0000000000
48293  -13.809  -17.415  83.834 0.0000000000
105989  -13.416  -16.814  85.444 0.0000000000
49239  -11.341  -17.082  84.445 0.0000000000
49237  -10.151  -17.309  84.225 0.0000000000
49236  -9.499  -17.179  84.150 0.0000000000
48327  -8.851  -17.622  82.417 0.0000000000
49254  -8.508  -17.242  83.330 0.0000000000
108746  -7.967  -17.181  83.900 0.0000000000
49253  -7.240  -17.120  83.768 0.0000000000
58963  -4.037  -7.185  72.826 0.0000000000
116040  -3.307  -8.738  73.912 0.0000000000
58103  -4.228  -7.926  72.546 0.0000000000
58113  -4.445  -8.086  71.699 0.0000000000
57235  -4.233  -8.993  70.485 0.0000000000
113564  -3.633  -10.415  68.944 0.0000000000
54595  -2.122  -11.948  67.496 0.0000000000
54542  1.554  -12.054  72.951 0.0000000000
54543  0.934  -12.334  72.513 0.0000000000
54557  0.285  -12.352  71.907 0.0000000000
121227  0.796  -15.371  71.247 0.0000000000
53504  0.183  -13.637  70.875 0.0000000000
109895  -0.504  -12.725  70.646 0.0000000000
54568  -0.886  -12.696  69.861 0.0000000000
54587  -0.997  -12.809  68.171 0.0000000000
54594  0.200  -12.628  66.998 0.0000000000
53547  1.344  -13.067  66.265 0.0000000000
116003  -7.024  -11.511  82.889 0.0000000000
53369  -5.872  -12.260  83.230 0.0000000000
53368  -5.229  -13.268  82.917 0.0000000000
53355  -3.658  -13.040  85.540 0.0000000000
52254  -4.297  -13.810  84.063 0.0000000000
52282  -4.934  -14.163  82.623 0.0000000000
52303  -4.559  -14.917  81.222 0.0000000000
51260  -3.897  -15.713  80.667 0.0000000000
120358  -3.536  -16.191  79.313 0.0000000000
50267  -2.384  -16.522  80.393 0.0000000000
50253  -0.767  -16.244  81.054 0.0000000000
51259  1.700  -14.487  80.698 0.0000000000
51216  1.248  -15.038  83.131 0.0000000000
118849  2.993  -14.443  81.312 0.0000000000
114693  3.220  -14.363  80.878 0.0000000000
49266  2.658  -16.894  80.708 0.0000000000
48351  2.545  -18.162  80.177 0.0000000000
47297  1.824  -19.455  80.122 0.0000000000
49209  1.961  -16.982  89.381 0.0000000000
48273  3.331  -18.820  88.376 0.0000000000
48277  3.257  -17.933  87.918 0.0000000000
48281  3.095  -18.274  86.892 0.0000000000
113881  3.328  -18.511  85.988 0.0000000000
110819  2.584  -18.878  84.564 0.0000000000
45442  2.137  -21.060  84.365 0.0000000000
47253  2.099  -19.486  83.241 0.0000000000
46364  1.219  -20.487  82.516 0.0000000000
46370  0.810  -20.463  80.979 0.0000000000
46375  0.829  -20.194  80.055 0.0000000000
44537  -0.827  -21.998  80.005 0.0000000000
43552  -1.534  -23.483  79.595 0.0000000000
52346  -30.662  -14.576  77.760 0.0000000000
52335  -30.568  -14.306  78.217 0.0000000000
51329  -30.252  -15.258  77.133 0.0000000000
50309  -29.144  -16.745  76.761 0.0000000000
51303  -29.300  -15.544  78.166 0.0000000000
58199  -43.415  -7.801  62.439 0.0000000000
59063  -44.445  -7.651  62.689 0.0000000000
57319  -42.002  -9.231  61.055 0.0000000000
61712  -32.652  -4.066  69.831 0.0000000000
61705  -31.906  -4.377  70.187 0.0000000000
60780  -31.231  -4.830  69.174 0.0000000000
60779  -30.522  -5.372  68.847 0.0000000000
46380  0.895  -20.070  79.142 0.0000000000
101388  -4.063  -16.888  84.994 0.0000000000
57195  -28.825  -9.284  74.502 0.0000000000
101978  -3.046  -16.586  77.953 0.0000000000
59891  -37.933  -6.036  66.098 0.0000000000
59908  -36.530  -6.603  65.501 0.0000000000
59014  -37.317  -6.912  64.926 0.0000000000
51204  -13.744  -15.464  85.787 0.0000000000
50210  -13.037  -16.133  86.224 0.0000000000
47308  -18.302  -18.891  80.605 0.0000000000
47290  -17.737  -18.679  81.352 0.0000000000
55510  -2.133  -10.523  66.721 0.0000000000
56358  -1.511  -10.105  66.395 0.0000000000
56263  0.645  -11.313  74.048 0.0000000000
51180  1.406  -14.794  88.366 0.0000000000
51181  1.239  -14.159  87.929 0.0000000000
50195  1.695  -15.606  87.940 0.0000000000
51185  2.444  -15.202  87.175 0.0000000000
50194  2.457  -16.406  87.682 0.0000000000
54506  -30.208  -12.760  76.353 0.0000000000
112373  -29.922  -11.906  75.985 0.0000000000
50296  -26.348  -17.259  77.031 0.0000000000
49289  -26.344  -17.373  77.927 0.0000000000
105794  -25.480  -16.346  77.167 0.0000000000
59075  -45.056  -7.684  60.430 0.0000000000
59079  -44.848  -7.635  59.353 0.0000000000
60791  -34.804  -5.018  67.783 0.0000000000
108651  -33.218  -5.646  67.282 0.0000000000
60747  -3.261  -5.801  71.814 0.0000000000
59853  -4.161  -6.669  71.050 0.0000000000
59863  -3.749  -6.563  70.164 0.0000000000
51318  2.577  -15.529  76.237 0.0000000000
51334  2.499  -15.287  75.557 0.0000000000
107031  1.454  -19.706  75.639 0.0000000000
45491  0.870  -21.120  75.310 0.0000000000
53338  -8.349  -13.908  88.347 0.0000000000
53347  -7.664  -14.363  88.112 0.0000000000
51182  -2.850  -15.697  88.897 0.0000000000
60743  -30.877  -5.599  72.243 0.0000000000
60726  -30.948  -5.955  73.075 0.0000000000
52412  -27.690  -14.827  70.942 0.0000000000
59860  -29.544  -6.496  71.507 0.0000000000
49258  -23.543  -17.837  84.525 0.0000000000
48319  -23.195  -17.917  83.578 0.0000000000
48336  -22.361  -18.568  82.405 0.0000000000
49267  -25.013  -17.743  81.755 0.0000000000
49270  -23.872  -17.600  80.467 0.0000000000
47363  -19.774  -19.545  77.840 0.0000000000
47347  -19.810  -19.600  77.992 0.0000000000
47377  -18.406  -19.519  76.550 0.0000000000
52372  -0.905  -14.197  75.752 0.0000000000
102894  1.810  -15.048  79.044 0.0000000000
51274  2.358  -15.051  79.748 0.0000000000
120716  2.829  -15.282  79.389 0.0000000000
58161  -40.704  -8.031  64.287 0.0000000000
59039  -40.197  -7.601  64.975 0.0000000000
58159  -39.020  -8.093  64.081 0.0000000000
51202  -9.627  -16.234  85.468 0.0000000000
51201  -9.027  -16.223  85.770 0.0000000000
50226  -8.427  -16.148  84.781 0.0000000000
117357  -7.909  -16.655  85.293 0.0000000000
48345  -10.959  -18.065  81.902 0.0000000000
48330  -10.810  -17.703  82.481 0.0000000000
56308  -1.561  -10.878  71.627 0.0000000000
56294  -2.443  -10.311  71.828 0.0000000000
55443  -1.672  -11.442  71.085 0.0000000000
55457  -1.124  -12.095  70.687 0.0000000000
51347  1.116  -15.362  73.480 0.0000000000
51353  0.950  -15.493  72.390 0.0000000000
51363  1.012  -15.425  69.547 0.0000000000
52421  1.323  -15.137  68.707 0.0000000000
51371  1.718  -15.758  68.117 0.0000000000
52305  -6.409  -13.301  80.075 0.0000000000
53388  -5.825  -13.845  80.719 0.0000000000
54415  -4.980  -11.016  86.953 0.0000000000
121985  -4.767  -11.825  86.443 0.0000000000
53336  -4.063  -11.660  86.943 0.0000000000
120608  -1.202  -14.499  84.298 0.0000000000
52268  -1.725  -14.629  83.935 0.0000000000
51219  -2.208  -15.342  83.314 0.0000000000
51218  -1.166  -15.333  83.285 0.0000000000
48301  3.204  -17.827  82.809 0.0000000000
44459  3.757  -22.849  86.889 0.0000000000
45429  3.870  -21.816  86.966 0.0000000000
51337  -29.638  -15.729  75.674 0.0000000000
52364  -30.637  -14.563  77.266 0.0000000000
53452  -30.378  -13.647  76.520 0.0000000000
49301  -27.877  -17.609  76.839 0.0000000000
50322  -29.151  -16.303  76.125 0.0000000000
50321  -28.533  -16.406  75.904 0.0000000000
50331  -28.206  -16.241  74.942 0.0000000000
110553  -28.683  -16.924  77.845 0.0000000000
49292  -28.502  -17.230  77.747 0.0000000000
59070  -45.282  -7.643  62.291 0.0000000000
120384  -40.106  -10.076  61.351 0.0000000000
56406  -40.069  -10.206  60.631 0.0000000000
57330  -42.101  -9.488  60.177 0.0000000000
57342  -41.447  -9.887  59.784 0.0000000000
110882  -41.732  -9.821  59.057 0.0000000000
57331  -42.711  -9.077  59.671 0.0000000000
108532  -43.407  -8.142  60.957 0.0000000000
61726  -33.465  -4.568  68.556 0.0000000000
62623  -33.600  -3.521  69.998 0.0000000000
112566  -28.687  -6.509  69.157 0.0000000000
58992  -28.304  -6.905  68.373 0.0000000000
59873  -29.895  -5.947  67.801 0.0000000000
59877  -29.481  -6.327  67.346 0.0000000000
60788  -31.943  -4.909  68.233 0.0000000000
49286  2.613  -17.521  77.294 0.0000000000
46410  1.087  -19.937  77.311 0.0000000000
46411  0.726  -20.686  77.062 0.0000000000
45468  -0.111  -21.177  78.438 0.0000000000
45476  -0.030  -21.310  77.653 0.0000000000
44563  -0.685  -21.761  78.061 0.0000000000
44581  -1.203  -22.478  77.659 0.0000000000
44564  -1.261  -22.421  78.541 0.0000000000
108071  -29.811  -7.254  73.202 0.0000000000
54536  -27.291  -12.508  73.506 0.0000000000
55419  -27.393  -11.291  73.740 0.0000000000
111394  -27.068  -10.744  73.372 0.0000000000
121656  -26.919  -9.788  72.714 0.0000000000
57213  -27.491  -9.343  72.837 0.0000000000
58101  -29.081  -7.793  73.249 0.0000000000
50234  -24.860  -16.493  85.520 0.0000000000
51213  -25.666  -15.668  85.467 0.0000000000
49287  -22.559  -17.635  77.664 0.0000000000
49279  -22.533  -18.043  78.444 0.0000000000
59995  -45.394  -6.370  56.731 0.0000000000
60942  -47.100  -4.987  55.384 0.0000000000
60946  -46.410  -4.861  55.008 0.0000000000
113785  -47.717  -4.492  54.998 0.0000000000
50280  -1.513  -16.370  78.346 0.0000000000
59037  -38.685  -7.528  64.552 0.0000000000
59016  -38.978  -7.019  65.177 0.0000000000
59054  -34.974  -7.681  63.746 0.0000000000
59055  -35.754  -7.872  63.631 0.0000000000
58177  -36.228  -8.388  63.211 0.0000000000
59036  -37.983  -7.426  64.452 0.0000000000
52244  -12.398  -14.634  85.773 0.0000000000
49219  -11.138  -16.897  86.374 0.0000000000
49225  -10.653  -16.850  86.007 0.0000000000
50217  -10.128  -16.537  85.725 0.0000000000
47302  -9.984  -18.238  80.952 0.0000000000
110380  -8.713  -18.279  80.278 0.0000000000
111846  -2.050  -9.514  74.837 0.0000000000
56265  -0.583  -10.478  74.441 0.0000000000
56291  0.159  -11.057  73.085 0.0000000000
55427  0.143  -11.262  72.516 0.0000000000
49342  1.472  -18.191  70.655 0.0000000000
48462  1.049  -18.452  69.461 0.0000000000
54454  -7.707  -11.582  81.168 0.0000000000
107197  -7.905  -11.686  80.083 0.0000000000
54453  -7.262  -12.189  81.053 0.0000000000
54402  -1.585  -12.369  89.371 0.0000000000
54410  -1.613  -12.099  88.327 0.0000000000
54409  -0.669  -12.604  88.491 0.0000000000
53341  0.823  -13.563  87.083 0.0000000000
53351  0.710  -13.506  86.097 0.0000000000
53352  -0.213  -13.547  85.896 0.0000000000
52235  1.405  -14.025  85.501 0.0000000000
52234  1.988  -14.091  85.642 0.0000000000
50211  2.340  -15.944  85.662 0.0000000000
51199  2.549  -15.024  85.271 0.0000000000
49221  3.051  -16.599  85.113 0.0000000000
105176  -27.741  -16.059  71.697 0.0000000000
51354  -28.418  -15.264  72.309 0.0000000000
53484  -28.343  -13.831  74.019 0.0000000000
54521  -28.514  -12.217  74.782 0.0000000000
115662  -28.612  -11.269  75.068 0.0000000000
50329  -26.169  -16.358  74.466 0.0000000000
51272  -27.092  -15.815  81.357 0.0000000000
49277  -27.473  -16.637  78.996 0.0000000000
49282  -25.522  -17.038  78.552 0.0000000000
115016  -25.405  -17.106  79.269 0.0000000000
49280  -23.957  -17.110  78.686 0.0000000000
50285  -24.066  -16.576  78.079 0.0000000000
49299  -22.551  -17.044  76.710 0.0000000000
60909  -48.130  -5.820  59.046 0.0000000000
58232  -42.562  -8.656  57.646 0.0000000000
59084  -44.559  -7.659  58.359 0.0000000000
59093  -44.343  -7.547  57.550 0.0000000000
59985  -44.916  -7.006  57.084 0.0000000000
59965  -46.539  -6.624  59.353 0.0000000000
60822  -36.110  -5.783  66.612 0.0000000000
61728  -36.385  -4.245  68.287 0.0000000000
62642  -34.894  -3.807  68.972 0.0000000000
114232  -32.864  -6.879  65.082 0.0000000000
59888  -34.799  -6.410  66.108 0.0000000000
47359  -14.808  -18.795  77.979 0.0000000000
107577  -13.999  -18.529  77.555 0.0000000000
59868  -2.205  -6.389  69.171 0.0000000000
58130  -4.067  -8.069  69.247 0.0000000000
104534  -3.484  -7.538  68.639 0.0000000000
106161  -3.084  -9.011  67.459 0.0000000000
101560  -3.680  -9.102  67.977 0.0000000000
53436  2.027  -13.405  74.930 0.0000000000
53458  2.200  -13.264  74.261 0.0000000000
107555  1.558  -15.221  74.287 0.0000000000
50324  1.616  -16.640  74.769 0.0000000000
49297  2.131  -17.758  76.419 0.0000000000
49306  2.416  -16.820  76.098 0.0000000000
109077  1.493  -18.212  73.622 0.0000000000
103660  1.474  -18.840  73.674 0.0000000000
47411  1.508  -19.584  73.177 0.0000000000
44598  0.010  -21.845  76.009 0.0000000000
44618  -0.195  -22.606  75.534 0.0000000000
54431  -7.893  -12.165  85.058 0.0000000000
54408  -7.523  -12.602  88.114 0.0000000000
54418  -7.023  -11.562  87.001 0.0000000000
54413  -6.674  -11.787  87.646 0.0000000000
114180  -5.947  -11.008  87.366 0.0000000000
55322  -5.656  -11.406  87.999 0.0000000000
52221  -6.417  -14.360  88.146 0.0000000000
51184  -5.284  -14.451  88.133 0.0000000000
52211  -3.438  -13.866  89.957 0.0000000000
52212  -4.621  -13.408  89.758 0.0000000000
52205  -3.885  -13.034  90.548 0.0000000000
53324  -4.772  -12.133  90.438 0.0000000000
54395  -3.628  -12.074  90.684 0.0000000000
55318  -2.472  -11.661  90.511 0.0000000000
53318  -2.273  -12.826  90.981 0.0000000000
51177  -1.010  -15.185  89.998 0.0000000000
52209  -1.255  -14.224  90.300 0.0000000000
114611  -0.687  -14.975  89.930 0.0000000000
111949  0.303  -15.079  89.754 0.0000000000
104391  -27.276  -13.990  71.090 0.0000000000
119455  -27.221  -7.769  70.075 0.0000000000
58985  -27.759  -7.333  70.086 0.0000000000
59867  -29.822  -5.817  70.615 0.0000000000
60768  -30.489  -5.177  69.928 0.0000000000
47294  -21.250  -18.655  82.086 0.0000000000
47273  -21.400  -18.531  82.582 0.0000000000
49265  -25.823  -17.635  82.830 0.0000000000
49264  -24.892  -18.042  82.580 0.0000000000
117337  -25.068  -18.030  83.405 0.0000000000
48360  -23.041  -18.059  79.856 0.0000000000
47350  -21.694  -19.125  78.848 0.0000000000
47330  -21.487  -19.082  79.437 0.0000000000
103296  -21.690  -18.808  80.403 0.0000000000
48348  -22.387  -18.653  81.852 0.0000000000
47311  -21.397  -18.821  80.794 0.0000000000
100868  -19.537  -19.424  78.433 0.0000000000
47376  -16.585  -19.194  76.388 0.0000000000
118312  -16.455  -19.227  77.360 0.0000000000
61874  -48.443  -4.156  54.532 0.0000000000
62783  -49.854  -3.610  53.978 0.0000000000
56246  -0.769  -10.841  77.176 0.0000000000
56245  -0.290  -10.807  76.101 0.0000000000
55385  -0.012  -11.495  75.626 0.0000000000
54496  1.297  -12.588  74.807 0.0000000000
52370  1.545  -13.980  75.598 0.0000000000
51306  -0.769  -15.796  77.279 0.0000000000
51321  -0.076  -15.307  76.699 0.0000000000
51305  1.606  -15.089  77.588 0.0000000000
114888  3.011  -16.615  78.803 0.0000000000
48357  2.387  -18.031  79.223 0.0000000000
58183  -42.181  -7.919  63.468 0.0000000000
62608  -33.155  -3.462  71.506 0.0000000000
57297  -37.924  -9.645  62.296 0.0000000000
56382  -39.011  -9.993  61.868 0.0000000000
57287  -40.757  -8.867  63.020 0.0000000000
53363  -9.358  -13.348  85.015 0.0000000000
53358  -9.521  -13.887  85.880 0.0000000000
53349  -9.149  -14.438  86.682 0.0000000000
52231  -11.066  -14.909  86.547 0.0000000000
51195  -9.672  -16.053  86.738 0.0000000000
115217  -8.634  -15.604  86.726 0.0000000000
51193  -7.433  -15.548  86.528 0.0000000000
50203  -7.416  -15.714  86.351 0.0000000000
49233  -5.770  -16.704  84.196 0.0000000000
47324  -15.496  -18.708  79.477 0.0000000000
107774  -15.749  -18.485  80.092 0.0000000000
108564  -14.918  -18.458  79.983 0.0000000000
47307  -15.099  -18.234  80.656 0.0000000000
47287  -14.338  -18.082  81.154 0.0000000000
104838  -12.871  -18.039  81.524 0.0000000000
48332  -13.718  -17.725  82.362 0.0000000000
106169  -12.846  -17.570  83.685 0.0000000000
49240  -12.944  -17.016  84.505 0.0000000000
104260  -12.049  -16.794  84.849 0.0000000000
48288  -9.339  -17.294  83.735 0.0000000000
47282  -8.841  -17.983  81.333 0.0000000000
48343  -9.158  -17.914  81.842 0.0000000000
48326  -7.866  -17.651  82.575 0.0000000000
48306  -7.538  -17.291  83.227 0.0000000000
48305  -6.690  -17.423  83.103 0.0000000000
59823  -3.599  -6.703  74.517 0.0000000000
59836  -3.619  -6.348  73.870 0.0000000000
111177  -3.769  -7.143  73.703 0.0000000000
57197  -2.392  -9.618  74.093 0.0000000000
57198  -3.019  -9.320  73.645 0.0000000000
58112  -3.951  -8.869  72.164 0.0000000000
111788  -4.244  -8.807  71.277 0.0000000000
58122  -4.384  -8.187  70.886 0.0000000000
115161  -4.120  -9.224  70.991 0.0000000000
55468  -2.605  -11.631  69.592 0.0000000000
107204  -3.521  -10.654  69.745 0.0000000000
113133  -2.879  -11.608  68.912 0.0000000000
55476  -3.222  -11.171  68.429 0.0000000000
55475  -2.593  -11.801  68.272 0.0000000000
53476  2.056  -12.955  73.676 0.0000000000
53489  1.504  -12.730  72.965 0.0000000000
52406  0.814  -13.059  72.307 0.0000000000
101413  -0.066  -14.132  69.949 0.0000000000
54566  -0.023  -13.017  71.056 0.0000000000
54567  -0.409  -13.327  70.039 0.0000000000
53530  0.560  -13.335  68.153 0.0000000000
54586  -0.174  -12.943  67.797 0.0000000000
53539  0.626  -13.061  67.358 0.0000000000
54593  1.038  -12.755  66.670 0.0000000000
51277  -4.677  -15.622  79.403 0.0000000000
54437  -7.131  -11.309  83.783 0.0000000000
54429  -6.805  -11.270  84.588 0.0000000000
109676  -5.720  -12.355  84.282 0.0000000000
121881  -5.760  -12.635  82.538 0.0000000000
100798  -5.215  -13.298  83.827 0.0000000000
53344  -2.445  -12.892  86.589 0.0000000000
53345  -3.372  -12.603  86.320 0.0000000000
53354  -2.769  -13.216  85.715 0.0000000000
52270  -3.625  -14.420  83.576 0.0000000000
52271  -4.499  -14.117  83.239 0.0000000000
51236  -4.391  -14.834  82.556 0.0000000000
52292  -4.978  -14.569  81.939 0.0000000000
107241  -2.940  -15.814  81.925 0.0000000000
51247  -3.525  -15.696  81.385 0.0000000000
50268  -3.273  -16.210  80.577 0.0000000000
51276  -3.898  -15.973  79.870 0.0000000000
101640  -3.132  -16.363  79.768 0.0000000000
50252  0.398  -15.420  80.852 0.0000000000
51243  1.265  -14.716  81.396 0.0000000000
52265  1.770  -14.516  83.836 0.0000000000
51215  2.242  -15.112  83.172 0.0000000000
51229  2.683  -15.158  82.259 0.0000000000
51242  2.574  -14.171  81.030 0.0000000000
50263  3.033  -15.563  80.325 0.0000000000
50251  3.342  -15.476  81.191 0.0000000000
48338  2.646  -18.164  81.065 0.0000000000
47275  2.386  -19.063  80.574 0.0000000000
47276  1.877  -19.556  81.024 0.0000000000
49208  2.120  -17.806  89.542 0.0000000000
109588  3.444  -20.367  87.779 0.0000000000
47235  3.488  -19.643  88.406 0.0000000000
48276  3.326  -18.950  87.642 0.0000000000
46357  3.291  -20.338  86.216 0.0000000000
47245  3.295  -19.484  85.943 0.0000000000
112138  2.976  -18.658  85.285 0.0000000000
47246  2.622  -19.548  85.111 0.0000000000
46363  2.077  -20.293  83.822 0.0000000000
45443  1.515  -20.978  83.496 0.0000000000
121218  1.575  -20.124  83.080 0.0000000000
45449  0.848  -20.863  81.898 0.0000000000
45450  0.422  -21.184  81.405 0.0000000000
45454  0.334  -20.795  80.560 0.0000000000
45455  -0.181  -21.277  80.250 0.0000000000
105556  -31.361  -13.438  78.106 0.0000000000
50297  -28.938  -16.986  77.388 0.0000000000
52334  -29.080  -15.034  78.596 0.0000000000
53410  -29.814  -14.310  78.448 0.0000000000
58208  -44.037  -7.828  61.834 0.0000000000
57318  -41.249  -9.489  61.436 0.0000000000
58215  -42.635  -8.810  60.551 0.0000000000
59872  -29.116  -6.254  68.244 0.0000000000
60787  -30.671  -5.665  67.853 0.0000000000
48361  2.065  -18.606  78.527 0.0000000000
48362  1.810  -18.981  78.079 0.0000000000
113974  1.401  -19.470  78.263 0.0000000000
46399  1.053  -19.824  78.033 0.0000000000
46389  0.755  -20.183  78.376 0.0000000000
45460  -0.186  -21.185  79.316 0.0000000000
50213  -4.878  -15.865  85.715 0.0000000000
57203  -27.853  -9.574  73.482 0.0000000000
57214  -28.098  -8.805  73.055 0.0000000000
104987  -29.321  -8.192  73.947 0.0000000000
53375  -26.086  -14.067  84.175 0.0000000000
48392  -21.327  -18.437  76.842 0.0000000000
59987  -46.490  -6.071  57.659 0.0000000000
60938  -47.149  -5.637  57.123 0.0000000000
61851  -48.538  -4.641  57.398 0.0000000000
51308  -2.885  -16.267  77.184 0.0000000000
59910  -38.535  -6.510  65.644 0.0000000000
59012  -35.120  -6.934  65.074 0.0000000000
120530  -36.374  -7.344  64.346 0.0000000000
51198  -12.321  -15.662  86.478 0.0000000000
50209  -12.412  -16.495  86.305 0.0000000000
49220  -12.038  -16.905  86.117 0.0000000000
47271  -19.674  -18.484  82.349 0.0000000000
58136  -2.437  -8.451  67.131 0.0000000000
116825  -1.726  -8.599  66.564 0.0000000000
57261  -1.209  -9.227  66.184 0.0000000000
119185  -0.094  -10.874  74.103 0.0000000000
56274  0.389  -11.152  73.692 0.0000000000
47420  1.733  -19.632  71.862 0.0000000000
48439  1.571  -18.719  71.019 0.0000000000
47432  1.668  -19.328  71.106 0.0000000000
48448  1.242  -18.880  70.238 0.0000000000
54448  -7.751  -11.389  81.538 0.0000000000
54442  -7.362  -11.347  82.175 0.0000000000
53326  0.129  -13.104  88.743 0.0000000000
52219  1.109  -13.470  88.018 0.0000000000
53340  1.498  -13.736  86.998 0.0000000000
52224  2.020  -13.871  86.441 0.0000000000
52217  2.280  -14.343  86.763 0.0000000000
110806  -30.003  -14.102  75.878 0.0000000000
53472  -29.514  -14.036  75.105 0.0000000000
54522  -29.147  -12.901  75.257 0.0000000000
50330  -26.833  -16.769  74.489 0.0000000000
49283  -27.245  -17.159  78.352 0.0000000000
50294  -24.707  -16.308  77.619 0.0000000000
58224  -44.025  -8.157  58.807 0.0000000000
60802  -35.397  -5.448  67.202 0.0000000000
59887  -33.081  -6.318  66.402 0.0000000000
119567  -33.260  -6.484  66.051 0.0000000000
47374  -14.754  -18.740  76.954 0.0000000000
58986  -3.920  -7.376  69.614 0.0000000000
52368  2.412  -14.643  75.181 0.0000000000
50315  2.274  -16.175  75.575 0.0000000000
105318  1.627  -19.062  75.287 0.0000000000
47398  1.501  -19.188  74.286 0.0000000000
45499  1.197  -21.375  74.264 0.0000000000
53348  -9.028  -13.620  87.531 0.0000000000
117646  -8.572  -12.882  87.315 0.0000000000
53339  -8.629  -13.179  87.823 0.0000000000
53331  -8.142  -13.070  88.198 0.0000000000
53329  -6.542  -13.259  88.524 0.0000000000
51183  -3.822  -15.287  88.792 0.0000000000
51179  -3.208  -14.881  89.515 0.0000000000
52210  -2.306  -14.226  90.315 0.0000000000
53323  -1.725  -13.584  91.021 0.0000000000
101872  -1.564  -14.821  89.965 0.0000000000
60758  -31.415  -5.034  72.104 0.0000000000
54551  -26.395  -12.199  72.071 0.0000000000
58977  -28.360  -7.551  71.492 0.0000000000
108870  -20.979  -18.785  81.328 0.0000000000
50262  -26.859  -16.424  81.737 0.0000000000
50250  -26.719  -16.354  82.528 0.0000000000
49268  -25.903  -17.620  82.006 0.0000000000
47365  -21.048  -19.507  78.215 0.0000000000
47348  -20.723  -19.616  78.365 0.0000000000
46384  -20.656  -19.535  78.435 0.0000000000
47328  -20.478  -19.470  79.078 0.0000000000
46383  -20.223  -19.704  78.247 0.0000000000
47346  -18.710  -19.458  78.077 0.0000000000
101278  -17.445  -19.363  76.869 0.0000000000
101075  -45.865  -5.264  54.527 0.0000000000
51292  0.037  -15.672  78.466 0.0000000000
51291  1.106  -15.184  78.388 0.0000000000
121912  -40.540  -8.519  63.589 0.0000000000
58178  -38.070  -8.528  63.318 0.0000000000
114274  -39.007  -9.171  62.980 0.0000000000
57299  -39.344  -9.586  62.463 0.0000000000
57285  -39.574  -9.210  63.019 0.0000000000
57286  -40.049  -8.956  63.307 0.0000000000
52241  -10.079  -14.224  86.033 0.0000000000
50207  -10.289  -16.648  86.660 0.0000000000
109799  -7.778  -15.972  85.764 0.0000000000
113223  -14.107  -18.428  79.683 0.0000000000
47305  -13.584  -18.277  80.340 0.0000000000
48353  -11.690  -18.213  81.236 0.0000000000
48331  -11.837  -17.636  82.578 0.0000000000
103198  -12.810  -17.702  82.926 0.0000000000
48291  -11.247  -17.636  84.050 0.0000000000
48308  -10.408  -17.413  83.194 0.0000000000
48307  -9.926  -17.340  83.057 0.0000000000
48342  -8.194  -18.073  81.786 0.0000000000
119534  -6.252  -17.927  82.711 0.0000000000
58950  -3.495  -7.611  74.511 0.0000000000
120289  -2.532  -9.964  72.485 0.0000000000
56310  -3.275  -10.112  71.302 0.0000000000
56321  -3.446  -10.462  70.504 0.0000000000
55467  -1.714  -12.125  69.776 0.0000000000
115895  1.001  -15.686  70.258 0.0000000000
53516  0.351  -13.920  69.131 0.0000000000
52434  1.201  -14.218  68.482 0.0000000000
52445  1.347  -14.062  67.649 0.0000000000
54417  -6.170  -11.459  86.446 0.0000000000
54421  -5.829  -11.771  85.630 0.0000000000
54420  -5.078  -12.212  85.850 0.0000000000
53356  -4.567  -12.692  85.314 0.0000000000
52239  -3.136  -13.872  85.169 0.0000000000
52252  -2.513  -14.347  84.579 0.0000000000
51220  -3.148  -15.233  83.213 0.0000000000
51234  -2.658  -15.680  82.637 0.0000000000
51246  -2.185  -15.980  81.922 0.0000000000
51232  -0.658  -15.601  82.587 0.0000000000
51231  0.574  -15.275  82.456 0.0000000000
51208  3.104  -15.166  84.179 0.0000000000
51214  2.735  -15.268  83.489 0.0000000000
50243  3.333  -16.067  81.982 0.0000000000
120261  3.350  -17.156  82.299 0.0000000000
48321  2.863  -18.044  81.963 0.0000000000
112801  3.763  -20.416  87.036 0.0000000000
46354  3.651  -20.876  86.654 0.0000000000
107975  2.943  -21.097  86.030 0.0000000000
45445  0.952  -21.331  82.799 0.0000000000
120586  -27.802  -16.944  73.039 0.0000000000
107846  -29.912  -15.275  75.317 0.0000000000
52384  -30.049  -14.768  75.537 0.0000000000
50307  -26.944  -16.359  76.306 0.0000000000
121131  -27.336  -16.208  75.869 0.0000000000
110939  -28.270  -17.002  76.458 0.0000000000
49319  -27.509  -16.691  74.472 0.0000000000
51288  -28.486  -15.801  78.644 0.0000000000
50287  -28.382  -16.711  78.272 0.0000000000
49284  -28.011  -17.093  78.412 0.0000000000
59076  -46.374  -7.430  61.239 0.0000000000
56407  -40.850  -10.008  60.379 0.0000000000
56421  -40.532  -10.121  59.824 0.0000000000
57350  -40.735  -9.888  58.429 0.0000000000
58219  -43.429  -8.545  59.321 0.0000000000
62624  -34.596  -3.383  69.833 0.0000000000
59876  -28.684  -6.844  67.571 0.0000000000
59001  -28.647  -7.387  66.295 0.0000000000
59002  -29.441  -6.928  66.119 0.0000000000
59884  -30.792  -6.370  66.544 0.0000000000
59880  -32.032  -6.021  67.012 0.0000000000
60730  -3.460  -6.104  72.519 0.0000000000
48371  1.888  -18.682  77.427 0.0000000000
46419  1.354  -19.786  76.530 0.0000000000
46420  0.769  -20.970  76.278 0.0000000000
45485  -0.006  -21.539  76.869 0.0000000000
44600  -1.078  -22.632  76.764 0.0000000000
52226  -7.516  -14.503  86.817 0.0000000000
52225  -6.736  -14.605  87.353 0.0000000000
51188  -4.821  -15.034  87.509 0.0000000000
50201  -4.733  -16.073  86.736 0.0000000000
50198  -4.447  -15.961  87.317 0.0000000000
51187  -4.016  -15.310  87.809 0.0000000000
59850  -29.673  -6.881  72.481 0.0000000000
53494  -27.928  -14.182  72.598 0.0000000000
55434  -26.676  -11.562  73.043 0.0000000000
55433  -26.174  -11.050  72.355 0.0000000000
105666  -25.781  -10.600  71.721 0.0000000000
117459  -26.907  -9.181  72.290 0.0000000000
58109  -28.124  -8.304  72.524 0.0000000000
58110  -28.547  -7.756  72.405 0.0000000000
49259  -24.570  -17.854  84.309 0.0000000000
49274  -23.922  -17.541  79.473 0.0000000000
117688  -22.055  -18.812  78.500 0.0000000000
47366  -21.641  -19.192  78.326 0.0000000000
48378  -21.476  -18.823  77.714 0.0000000000
47379  -19.927  -19.377  77.050 0.0000000000
47378  -19.265  -19.507  76.862 0.0000000000
60945  -45.700  -5.415  55.367 0.0000000000
60950  -46.617  -4.720  54.053 0.0000000000
52352  -2.297  -14.941  76.025 0.0000000000
50289  -1.342  -16.202  77.697 0.0000000000
50279  -0.696  -16.067  78.041 0.0000000000
58157  -37.639  -7.852  63.817 0.0000000000
51197  -11.406  -15.737  86.650 0.0000000000
112568  -10.890  -16.659  86.681 0.0000000000
49218  -10.333  -16.710  86.718 0.0000000000
47339  -11.688  -18.602  79.015 0.0000000000
47320  -11.341  -18.516  79.706 0.0000000000
105207  -10.507  -18.394  80.149 0.0000000000
47284  -10.047  -18.137  81.797 0.0000000000
102654  -9.979  -18.057  82.130 0.0000000000
58088  -2.554  -8.900  75.121 0.0000000000
108258  -1.195  -10.439  73.508 0.0000000000
56307  -0.634  -10.985  72.052 0.0000000000
50359  1.533  -17.436  70.548 0.0000000000
50370  1.755  -17.213  69.726 0.0000000000
50381  1.810  -16.984  69.029 0.0000000000
50391  1.604  -16.652  68.384 0.0000000000
54461  -7.931  -11.464  79.422 0.0000000000
53395  -7.575  -11.785  79.195 0.0000000000
54459  -6.976  -12.359  80.257 0.0000000000
55319  -3.646  -10.753  89.054 0.0000000000
54411  -2.733  -11.624  88.219 0.0000000000
53334  -1.995  -12.427  87.523 0.0000000000
53343  -1.479  -13.244  86.827 0.0000000000
53353  -1.022  -13.385  85.931 0.0000000000
52237  -0.829  -14.069  85.407 0.0000000000
114235  -0.710  -14.429  84.785 0.0000000000
52250  0.071  -14.466  84.465 0.0000000000
52249  1.043  -14.379  84.601 0.0000000000
52223  2.204  -14.399  85.898 0.0000000000
52233  2.344  -14.688  84.950 0.0000000000
52247  2.800  -14.787  84.251 0.0000000000
50223  3.247  -15.954  84.368 0.0000000000
48285  2.803  -18.036  84.498 0.0000000000
51359  -27.825  -15.420  71.338 0.0000000000
101670  -28.115  -14.862  71.801 0.0000000000
50343  -28.136  -16.372  73.235 0.0000000000
50356  -28.580  -15.559  73.234 0.0000000000
52401  -28.964  -14.913  73.890 0.0000000000
51355  -28.827  -15.025  73.140 0.0000000000
108283  -27.945  -11.836  74.178 0.0000000000
119920  -28.271  -11.496  74.616 0.0000000000
51256  -26.860  -15.826  82.088 0.0000000000
49272  -25.920  -17.359  81.198 0.0000000000
49275  -24.778  -17.329  79.857 0.0000000000
110236  -25.827  -17.017  80.070 0.0000000000
49300  -23.106  -16.754  77.346 0.0000000000
58248  -42.965  -8.018  57.280 0.0000000000
60804  -37.622  -5.053  67.219 0.0000000000
59011  -34.196  -6.770  65.299 0.0000000000
112931  -33.869  -6.481  66.110 0.0000000000
47326  -17.060  -19.072  79.189 0.0000000000
107917  -16.695  -18.526  80.002 0.0000000000
47342  -14.412  -18.633  78.848 0.0000000000
48364  -12.079  -18.471  78.218 0.0000000000
56354  -2.679  -10.419  67.201 0.0000000000
55491  -2.321  -11.237  67.076 0.0000000000
54510  1.651  -12.169  74.044 0.0000000000
102546  2.030  -12.666  73.904 0.0000000000
49307  1.767  -17.626  75.581 0.0000000000
49323  1.404  -18.096  72.545 0.0000000000
45492  0.426  -21.582  75.714 0.0000000000
54423  -7.181  -11.721  85.299 0.0000000000
54419  -7.997  -12.143  87.000 0.0000000000
101928  -6.763  -12.029  86.185 0.0000000000
55325  -5.700  -10.906  86.941 0.0000000000
55324  -5.275  -10.979  87.546 0.0000000000
55323  -4.562  -11.033  87.840 0.0000000000
52216  -6.280  -13.948  88.459 0.0000000000
53328  -5.653  -13.049  88.682 0.0000000000
52214  -4.864  -14.259  88.832 0.0000000000
101871  -4.956  -13.382  88.874 0.0000000000
54406  -5.350  -11.792  88.746 0.0000000000
54405  -5.051  -11.003  89.820 0.0000000000
55320  -4.421  -10.145  88.928 0.0000000000
54399  -3.184  -10.972  90.033 0.0000000000
54398  -2.042  -11.662  90.228 0.0000000000
54397  -1.315  -12.243  90.356 0.0000000000
102199  -1.048  -13.313  90.539 0.0000000000
53322  -0.478  -13.206  89.695 0.0000000000
52207  0.916  -14.028  89.345 0.0000000000
51175  1.332  -14.955  89.354 0.0000000000
102769  1.851  -15.456  88.948 0.0000000000
61689  -32.028  -4.514  72.576 0.0000000000
120042  -27.508  -14.448  71.018 0.0000000000
118859  -27.580  -14.415  70.386 0.0000000000
53506  -26.773  -13.391  70.822 0.0000000000
58988  -27.970  -7.045  69.248 0.0000000000
60767  -29.821  -5.692  69.469 0.0000000000
47272  -20.595  -18.499  82.433 0.0000000000
47292  -19.439  -18.763  81.784 0.0000000000
52280  -26.438  -14.793  84.409 0.0000000000
50242  -26.625  -16.066  83.496 0.0000000000
50241  -25.993  -16.521  84.491 0.0000000000
48320  -24.063  -18.148  83.439 0.0000000000
48355  -22.878  -18.122  81.020 0.0000000000
104183  -23.219  -18.118  81.821 0.0000000000
115791  -22.702  -18.483  81.681 0.0000000000
48349  -23.011  -18.279  82.178 0.0000000000
121495  -22.108  -18.751  82.001 0.0000000000
111136  -21.718  -18.726  81.741 0.0000000000
118427  -20.133  -19.270  79.784 0.0000000000
47309  -19.328  -19.171  80.027 0.0000000000
107836  -18.572  -19.083  79.733 0.0000000000
114275  -47.396  -4.300  53.811 0.0000000000
61877  -48.065  -4.234  53.056 0.0000000000
61886  -48.841  -4.793  52.705 0.0000000000
113375  -0.731  -10.392  76.398 0.0000000000
55384  0.426  -11.457  74.652 0.0000000000
54487  -0.563  -12.071  76.206 0.0000000000
54511  0.981  -11.949  74.454 0.0000000000
52369  2.288  -14.297  75.267 0.0000000000
51320  1.845  -14.994  76.735 0.0000000000
49278  2.659  -17.095  77.921 0.0000000000
47314  1.714  -19.397  79.391 0.0000000000
58184  -43.191  -7.657  63.464 0.0000000000
60824  -38.304  -5.551  66.801 0.0000000000
57314  -36.706  -9.814  61.640 0.0000000000
57315  -37.562  -9.960  61.771 0.0000000000
56391  -37.948  -10.221  61.138 0.0000000000
56405  -38.311  -10.457  60.494 0.0000000000
56393  -39.464  -10.188  61.292 0.0000000000
57317  -40.484  -9.707  61.764 0.0000000000
52242  -10.664  -14.279  85.797 0.0000000000
50202  -6.631  -15.563  86.350 0.0000000000
50215  -6.940  -15.642  85.579 0.0000000000
50214  -5.884  -15.668  85.581 0.0000000000
49224  -5.149  -16.382  84.933 0.0000000000
49232  -4.676  -16.948  84.274 0.0000000000
47289  -16.059  -18.161  81.655 0.0000000000
48334  -15.844  -18.400  82.960 0.0000000000
47321  -12.211  -18.418  79.846 0.0000000000
114098  -12.882  -18.288  80.515 0.0000000000
47285  -12.557  -18.176  81.203 0.0000000000
48312  -14.700  -17.738  83.537 0.0000000000
49241  -14.063  -17.002  84.616 0.0000000000
49227  -12.593  -16.880  85.587 0.0000000000
122017  -12.057  -16.878  85.628 0.0000000000
49238  -10.725  -17.313  84.306 0.0000000000
119630  -10.925  -16.588  84.834 0.0000000000
50229  -10.459  -16.567  84.782 0.0000000000
49235  -8.653  -17.062  84.153 0.0000000000
48328  -9.721  -17.794  82.269 0.0000000000
49262  -9.361  -17.243  82.932 0.0000000000
49252  -6.274  -17.023  83.519 0.0000000000
59844  -3.715  -6.526  73.141 0.0000000000
116333  -3.920  -6.654  72.445 0.0000000000
58089  -3.199  -8.458  74.507 0.0000000000
57207  -3.191  -9.451  72.824 0.0000000000
58102  -3.667  -8.583  73.173 0.0000000000
107124  -3.902  -7.751  73.211 0.0000000000
58964  -4.307  -7.144  71.952 0.0000000000
58972  -4.404  -7.489  71.217 0.0000000000
112252  -4.261  -8.174  70.047 0.0000000000
57247  -4.164  -8.845  69.494 0.0000000000
57246  -3.918  -9.813  69.821 0.0000000000
57253  -3.927  -9.441  68.833 0.0000000000
56344  -3.450  -10.473  68.196 0.0000000000
55492  -3.055  -10.821  67.685 0.0000000000
55409  1.499  -11.856  73.444 0.0000000000
55425  1.384  -11.772  73.103 0.0000000000
107045  1.168  -11.844  72.814 0.0000000000
55440  0.614  -11.798  72.455 0.0000000000
54558  -0.347  -12.278  71.324 0.0000000000
52411  0.533  -13.884  71.608 0.0000000000
54579  -1.334  -12.584  68.985 0.0000000000
53517  0.113  -13.658  68.967 0.0000000000
54578  -0.441  -13.173  68.874 0.0000000000
54588  -1.804  -12.406  68.112 0.0000000000
119007  -1.051  -12.502  67.315 0.0000000000
101825  0.934  -12.191  66.435 0.0000000000
53546  1.530  -13.651  65.795 0.0000000000
53537  1.329  -13.908  66.665 0.0000000000
52450  1.418  -14.453  66.228 0.0000000000
50283  -4.603  -16.404  78.072 0.0000000000
53370  -7.675  -11.817  83.072 0.0000000000
53360  -6.446  -11.568  83.987 0.0000000000
54436  -6.567  -11.692  83.218 0.0000000000
53377  -6.484  -11.746  82.319 0.0000000000
53376  -6.012  -12.968  81.927 0.0000000000
52240  -4.043  -13.542  84.889 0.0000000000
52283  -5.469  -13.683  82.282 0.0000000000
52293  -5.608  -13.883  81.582 0.0000000000
52304  -5.084  -14.484  81.004 0.0000000000
51261  -4.656  -15.277  80.421 0.0000000000
51248  -4.239  -15.179  81.812 0.0000000000
100642  -4.133  -15.306  81.079 0.0000000000
50276  -4.024  -16.075  78.862 0.0000000000
101199  -3.172  -16.404  78.824 0.0000000000
50275  -2.439  -16.480  79.435 0.0000000000
103445  -1.847  -16.520  79.857 0.0000000000
50254  -1.759  -16.461  81.190 0.0000000000
50266  -1.392  -16.521  80.434 0.0000000000
116790  -1.242  -16.407  79.766 0.0000000000
50264  0.818  -15.393  80.145 0.0000000000
103298  1.742  -14.891  80.120 0.0000000000
51230  2.057  -14.970  82.045 0.0000000000
51258  2.577  -14.413  80.579 0.0000000000
51257  2.831  -15.016  80.123 0.0000000000
47296  2.189  -18.991  79.746 0.0000000000
46379  1.337  -19.747  79.681 0.0000000000
50188  1.571  -16.148  89.590 0.0000000000
47231  3.578  -20.036  89.164 0.0000000000
47236  3.257  -19.238  89.043 0.0000000000
102271  2.786  -18.342  88.757 0.0000000000
118685  2.525  -17.302  88.527 0.0000000000
119668  2.893  -17.232  87.775 0.0000000000
119889  2.857  -17.175  87.080 0.0000000000
105262  2.930  -17.597  86.021 0.0000000000
48280  3.365  -19.194  86.694 0.0000000000
100769  3.055  -17.709  85.274 0.0000000000
105893  2.560  -21.130  85.200 0.0000000000
46360  2.378  -20.352  84.750 0.0000000000
47249  2.383  -19.553  84.153 0.0000000000
107162  2.591  -18.583  83.648 0.0000000000
47264  1.704  -19.594  82.238 0.0000000000
46369  1.264  -20.116  81.502 0.0000000000
46374  1.342  -19.904  80.519 0.0000000000
108763  0.354  -20.636  79.649 0.0000000000
118434  -1.546  -23.131  78.951 0.0000000000
46393  -20.320  -19.623  78.152 0.0000000000
49248  -24.038  -17.284  85.283 0.0000000000
50249  -26.334  -16.901  83.192 0.0000000000
51228  -26.474  -15.545  84.546 0.0000000000
52218  1.703  -13.933  87.225 0.0000000000
52238  -2.282  -13.923  85.324 0.0000000000
53319  -3.201  -12.728  90.740 0.0000000000
53320  -4.000  -12.448  90.634 0.0000000000
53321  -4.238  -11.884  90.591 0.0000000000
53325  0.984  -13.514  88.921 0.0000000000
53330  -7.575  -13.327  88.380 0.0000000000
53389  -6.594  -12.988  80.873 0.0000000000
54393  -2.102  -12.270  90.787 0.0000000000
54394  -2.797  -12.189  90.754 0.0000000000
54396  -3.907  -11.605  90.544 0.0000000000
54404  -4.183  -10.761  89.586 0.0000000000
54427  -5.305  -12.037  84.989 0.0000000000
54460  -7.519  -11.859  79.809 0.0000000000
55316  -1.786  -12.028  90.574 0.0000000000
55317  -3.350  -11.489  90.492 0.0000000000
55469  -3.278  -11.193  69.305 0.0000000000
57234  -3.849  -9.670  70.756 0.0000000000
102298  3.144  -16.576  83.833 0.0000000000
105638  -0.952  -12.723  90.378 0.0000000000
110561  -2.749  -11.420  67.775 0.0000000000
112043  -3.667  -9.886  68.295 0.0000000000
114784  2.922  -14.987  84.534 0.0000000000
114933  0.317  -13.480  89.303 0.0000000000
115052  -1.524  -13.858  85.488 0.0000000000
117296  -6.967  -12.620  88.290 0.0000000000
121573  2.893  -14.878  84.040 0.0000000000
121782  1.631  -11.944  73.157 0.0000000000
