#!ascii label  , from subject sub-v1s9x0051355_ses-1 vox2ras=TkReg
1403
7699  -6.239  -67.091  10.303 0.5000000000
8330  -9.142  -65.435  8.812 0.5000000000
7715  -10.100  -66.411  9.260 0.5000000000
117706  -10.640  -66.496  8.740 0.5000000000
6380  -5.474  -69.580  11.843 0.5000000000
7031  -6.254  -67.949  10.692 0.5000000000
7016  -6.119  -68.782  11.360 0.5000000000
119099  -6.501  -67.444  10.751 0.5000000000
111692  -6.644  -67.159  12.288 0.6000000238
105535  -6.741  -66.706  10.738 0.5000000000
7717  -11.819  -66.821  8.070 0.5000000000
8956  -8.486  -65.011  9.377 0.5000000000
118014  -9.441  -65.936  9.420 0.6000000238
7716  -11.191  -67.037  8.757 0.6000000238
8315  -9.154  -66.078  10.446 0.6000000238
7701  -10.431  -67.226  9.637 0.6000000238
7049  -11.733  -67.699  8.675 0.6999999881
7700  -9.853  -67.576  10.668 0.6999999881
7048  -11.002  -68.032  9.485 0.6999999881
7033  -10.344  -68.277  10.317 0.6999999881
6412  -10.656  -69.113  9.967 0.6999999881
6413  -11.330  -68.867  9.211 0.6999999881
7005  -5.758  -68.946  12.417 0.5000000000
7006  -6.324  -68.102  12.317 0.6000000238
7673  -5.854  -68.220  13.171 0.6000000238
7674  -6.428  -67.257  13.136 0.6000000238
8313  -7.725  -65.647  10.773 0.5000000000
6428  -12.086  -68.534  8.467 0.5000000000
6429  -12.812  -68.489  7.743 0.5000000000
5319  -13.185  -70.537  7.457 0.6999999881
5832  -12.232  -69.425  8.228 0.6999999881
5314  -12.478  -70.859  7.878 0.6999999881
8314  -8.559  -65.676  10.649 0.6000000238
8296  -8.865  -66.230  11.226 0.6999999881
5313  -11.880  -70.604  8.354 0.6999999881
105891  -9.394  -66.955  11.252 0.6999999881
7032  -9.889  -68.447  11.081 0.6999999881
4778  -11.530  -71.643  8.775 0.6999999881
6396  -10.054  -69.263  10.694 0.6999999881
5810  -10.207  -70.101  10.254 0.6999999881
5817  -10.806  -70.012  9.504 0.6999999881
4761  -11.017  -71.892  9.614 0.6999999881
5288  -10.116  -70.887  10.693 0.6999999881
115223  -10.230  -71.478  11.177 0.6999999881
4749  -10.543  -71.687  10.506 0.6999999881
4739  -10.634  -72.202  11.335 0.6999999881
6994  -5.259  -68.928  13.072 0.5000000000
7658  -5.272  -68.156  13.706 0.6000000238
110770  -5.151  -67.631  14.461 0.6000000238
7659  -5.896  -67.423  13.939 0.6000000238
7647  -5.699  -67.287  14.790 0.6000000238
8280  -6.912  -66.627  12.610 0.6000000238
121433  -6.430  -66.972  13.746 0.6000000238
115023  -7.448  -66.287  11.829 0.6000000238
4786  -13.486  -72.239  7.266 0.6999999881
8295  -8.215  -66.085  11.493 0.6999999881
4785  -12.744  -71.663  7.702 0.6999999881
4328  -13.483  -73.283  7.445 0.6999999881
108315  -13.576  -74.175  7.608 0.6999999881
110588  -7.910  -66.358  12.293 0.6999999881
4316  -12.707  -72.977  8.026 0.6999999881
3434  -13.839  -75.074  7.784 0.6999999881
8282  -8.689  -66.739  12.073 0.6999999881
114971  -9.442  -67.630  12.232 0.6999999881
115113  -12.054  -71.470  8.200 0.6999999881
4779  -12.039  -72.285  8.438 0.6999999881
4317  -13.036  -73.848  7.962 0.6999999881
3847  -13.224  -74.555  8.289 0.6999999881
114913  -9.754  -67.825  11.618 0.6999999881
7007  -9.607  -68.432  12.539 0.6999999881
4762  -11.603  -72.397  9.134 0.6999999881
3846  -12.635  -73.967  8.601 0.6999999881
5809  -9.709  -70.096  11.028 0.6999999881
4301  -11.528  -72.812  9.826 0.6999999881
4302  -12.079  -73.216  9.083 0.6999999881
5278  -9.808  -70.862  11.499 0.6999999881
4750  -11.060  -72.467  10.509 0.6999999881
4287  -11.909  -73.638  10.005 0.6999999881
4286  -11.524  -73.190  10.601 0.6999999881
4271  -10.899  -72.790  11.841 0.6999999881
6993  -4.719  -68.754  13.395 0.5000000000
7657  -4.487  -67.933  13.984 0.6000000238
7645  -3.686  -67.523  14.450 0.6000000238
7656  -3.721  -67.925  13.509 0.5000000000
108756  -3.634  -67.315  15.526 0.6000000238
6991  -2.745  -68.257  12.777 0.5000000000
6992  -3.493  -68.398  13.191 0.5000000000
7646  -4.368  -67.510  14.890 0.6000000238
7611  -3.238  -66.895  16.005 0.6000000238
7630  -5.300  -67.421  15.668 0.6000000238
7629  -4.421  -67.419  15.778 0.6000000238
8263  -6.854  -66.674  13.498 0.6000000238
8281  -7.366  -66.518  12.835 0.6999999881
119342  -7.011  -66.589  14.069 0.6999999881
102614  -8.051  -66.734  13.029 0.6999999881
8264  -7.392  -66.568  13.600 0.6999999881
3435  -14.321  -75.824  7.360 0.6999999881
104658  -9.267  -67.945  13.132 0.6999999881
7660  -8.595  -67.385  13.692 0.6999999881
3429  -13.948  -76.004  8.221 0.6999999881
3010  -14.454  -76.649  7.804 0.6999999881
7661  -9.205  -68.167  13.998 0.6999999881
3428  -13.444  -75.402  8.737 0.6999999881
3003  -14.140  -76.687  8.700 0.6999999881
2553  -15.096  -77.260  7.470 0.6999999881
5777  -9.421  -70.325  12.977 0.6000000238
3417  -13.131  -75.284  9.423 0.6999999881
3002  -13.710  -76.154  8.903 0.6999999881
2546  -14.723  -77.308  8.443 0.6999999881
2547  -15.505  -77.839  8.225 0.6999999881
108352  -16.000  -77.614  7.350 0.6999999881
5795  -9.432  -70.032  11.970 0.6999999881
110697  -12.294  -74.379  10.288 0.6999999881
3406  -13.115  -75.529  10.068 0.6000000238
2992  -13.848  -76.554  9.478 0.6999999881
2540  -14.408  -77.203  9.366 0.6999999881
4727  -10.547  -72.320  12.254 0.6000000238
4740  -11.198  -72.888  11.230 0.6999999881
105921  -11.511  -73.486  11.227 0.6999999881
3825  -11.826  -73.920  10.805 0.6999999881
3405  -12.662  -75.099  10.595 0.6000000238
113005  -13.534  -76.217  10.189 0.6000000238
4254  -11.000  -73.053  12.588 0.6000000238
4272  -11.286  -73.362  11.834 0.6000000238
3826  -12.255  -74.565  11.114 0.6000000238
3393  -12.657  -75.236  11.412 0.5000000000
3394  -13.122  -75.831  10.925 0.5000000000
2962  -13.524  -76.261  11.620 0.5000000000
4255  -11.507  -73.791  12.462 0.6000000238
3794  -11.858  -74.206  13.057 0.5000000000
3816  -12.259  -74.744  11.922 0.5000000000
7628  -3.014  -67.239  15.052 0.6000000238
8249  -2.901  -66.921  12.754 0.6000000238
8873  -2.829  -65.988  15.754 0.5000000000
9531  -3.227  -64.929  15.934 0.6999999881
7655  -3.165  -67.713  12.868 0.5000000000
8887  -2.643  -66.043  13.462 0.6000000238
7004  -1.736  -68.122  12.651 0.6000000238
7672  -2.445  -67.462  12.409 0.6000000238
8231  -4.037  -66.634  16.741 0.4000000060
8279  -2.174  -66.728  12.071 0.6000000238
7613  -4.850  -67.360  16.548 0.5000000000
103462  -5.838  -67.446  16.355 0.6000000238
103307  -6.259  -67.173  15.217 0.6000000238
8250  -7.499  -66.693  14.287 0.6999999881
8241  -6.977  -66.785  14.741 0.6000000238
7649  -8.750  -67.700  14.596 0.6999999881
6357  -9.430  -69.661  13.636 0.6000000238
101932  -9.438  -68.981  14.282 0.6000000238
5269  -9.642  -70.980  12.380 0.6000000238
2981  -14.075  -76.970  10.328 0.6000000238
2541  -15.147  -77.780  9.189 0.6999999881
2548  -16.454  -78.182  8.003 0.6999999881
5270  -10.114  -71.744  12.784 0.6000000238
2970  -13.627  -76.462  10.875 0.6000000238
2126  -17.627  -78.347  7.888 0.6999999881
4714  -11.027  -72.973  13.449 0.6000000238
3381  -13.068  -75.719  11.729 0.4000000060
2971  -14.035  -76.882  11.351 0.4000000060
2535  -14.566  -77.500  11.035 0.5000000000
2116  -15.551  -78.230  9.948 0.6000000238
114630  -16.902  -78.517  8.540 0.6000000238
3795  -11.947  -73.910  13.890 0.5000000000
116141  -12.385  -74.413  13.471 0.5000000000
3796  -12.999  -74.791  13.485 0.5000000000
3807  -13.073  -75.204  12.881 0.5000000000
2531  -14.916  -77.950  11.736 0.4000000060
2536  -15.216  -78.058  10.854 0.6000000238
9558  -2.488  -64.954  14.077 0.6000000238
8872  -2.542  -65.949  14.841 0.6000000238
8919  -1.790  -65.872  11.789 0.6000000238
8902  -2.498  -65.459  12.499 0.5000000000
9580  -2.035  -64.817  11.561 0.6000000238
9584  -0.710  -64.291  10.735 0.6000000238
8864  -3.524  -65.962  16.505 0.6000000238
120738  -0.907  -67.005  12.092 0.6999999881
8932  -0.577  -64.991  11.151 0.6000000238
9578  -0.213  -64.520  11.214 0.6000000238
120561  -4.496  -66.559  17.201 0.5000000000
8219  -4.349  -65.977  17.241 0.6000000238
8262  -0.549  -66.971  12.930 0.6000000238
8901  -0.226  -65.599  12.300 0.6999999881
115998  -5.445  -67.246  17.389 0.5000000000
110434  -0.346  -66.100  13.073 0.6999999881
105663  -0.326  -65.805  14.181 0.6000000238
8242  -7.663  -66.959  15.061 0.6000000238
7631  -6.977  -67.156  15.792 0.6000000238
7633  -8.381  -67.411  15.355 0.6000000238
7634  -8.904  -67.859  15.293 0.6000000238
6340  -9.473  -69.922  14.543 0.6000000238
5744  -9.597  -70.854  14.754 0.6000000238
4682  -10.832  -72.263  15.378 0.6000000238
5244  -10.167  -71.905  13.779 0.6000000238
4195  -12.152  -73.119  15.351 0.6000000238
121694  -11.428  -73.350  13.854 0.6000000238
2109  -15.972  -78.528  10.746 0.6000000238
2117  -16.392  -78.646  9.895 0.6000000238
2118  -17.124  -78.934  9.871 0.6000000238
4217  -12.519  -73.705  14.799 0.5000000000
3782  -13.545  -74.733  14.231 0.5000000000
3367  -13.691  -75.388  13.480 0.5000000000
1700  -18.616  -79.206  9.539 0.6000000238
2087  -15.298  -78.202  12.454 0.4000000060
2099  -16.340  -78.790  11.537 0.6000000238
2110  -16.863  -78.963  10.679 0.6000000238
10245  -2.656  -63.912  13.798 0.6000000238
112686  -3.108  -63.285  13.152 0.5000000000
10246  -3.214  -63.600  14.347 0.6000000238
10247  -4.712  -62.998  14.487 0.5000000000
9571  -2.513  -64.385  12.716 0.6000000238
10266  -2.869  -62.919  11.749 0.6000000238
9559  -2.821  -64.358  14.904 0.5000000000
10219  -3.589  -63.921  15.355 0.5000000000
9546  -4.089  -64.202  16.221 0.5000000000
122039  -1.409  -63.301  10.525 0.5000000000
116537  -2.702  -63.611  12.624 0.6000000238
11004  -0.735  -63.024  10.672 0.5000000000
9532  -3.999  -65.090  16.781 0.6000000238
8886  -0.247  -65.219  13.330 0.6999999881
10264  -0.005  -63.742  12.887 0.6000000238
9557  -0.072  -64.261  13.611 0.6000000238
7614  -6.509  -67.399  17.039 0.5000000000
116617  -0.350  -66.557  15.624 0.5000000000
8871  -0.294  -64.886  14.495 0.6999999881
7615  -7.577  -67.337  16.612 0.5000000000
6966  -9.192  -68.357  15.672 0.5000000000
104255  -9.407  -69.221  15.288 0.6000000238
5234  -9.835  -71.133  15.611 0.6000000238
4668  -11.177  -72.060  16.198 0.6000000238
108075  -10.085  -71.694  14.865 0.6000000238
115976  -16.366  -78.798  12.970 0.5000000000
117717  -16.684  -78.982  12.319 0.5000000000
1673  -17.798  -79.399  11.580 0.6000000238
104530  -18.087  -79.383  10.921 0.6000000238
10975  -3.676  -62.551  12.455 0.6000000238
10267  -4.006  -62.966  13.636 0.6000000238
10992  -3.165  -62.257  12.038 0.6000000238
10220  -4.588  -63.485  15.471 0.5000000000
10991  -1.919  -62.407  10.999 0.6000000238
11711  -0.713  -62.172  12.243 0.6999999881
9516  -5.404  -64.758  17.764 0.6000000238
10244  0.039  -63.257  13.834 0.6000000238
10989  -0.367  -62.847  11.573 0.6000000238
8857  -5.142  -65.677  17.806 0.6000000238
106556  -0.369  -64.595  15.541 0.6000000238
9544  -0.231  -63.893  14.701 0.6000000238
7593  -6.229  -67.291  17.894 0.5000000000
7616  -8.368  -67.441  16.285 0.5000000000
8230  -0.297  -66.289  16.336 0.5000000000
101719  -0.330  -65.673  15.349 0.6000000238
110549  -9.368  -68.993  16.124 0.5000000000
5727  -9.816  -70.642  16.281 0.6000000238
5735  -9.591  -70.268  15.447 0.5000000000
5224  -11.639  -71.599  16.819 0.5000000000
109738  -11.688  -72.574  15.780 0.5000000000
1660  -17.016  -79.122  13.200 0.6000000238
1661  -17.829  -79.431  13.135 0.6000000238
10993  -4.167  -61.957  12.314 0.6000000238
10976  -4.371  -62.369  12.817 0.5000000000
10962  -4.855  -62.467  13.571 0.5000000000
11714  -3.518  -61.527  12.279 0.6999999881
10248  -5.245  -63.035  15.072 0.5000000000
11699  -1.138  -61.490  12.981 0.6999999881
11712  -1.601  -61.989  12.018 0.6000000238
104648  -5.499  -63.321  15.774 0.5000000000
11698  -0.454  -62.039  13.293 0.6000000238
10195  -4.942  -63.807  16.396 0.5000000000
8847  -5.753  -65.294  18.373 0.6000000238
10218  -0.380  -62.830  14.818 0.6999999881
8201  -5.685  -66.108  18.344 0.6000000238
10194  -0.461  -63.628  15.687 0.6000000238
7572  -6.593  -67.016  18.535 0.6000000238
103367  -0.461  -65.166  17.231 0.6999999881
113728  -8.152  -67.452  17.079 0.5000000000
7594  -7.248  -67.366  17.734 0.5000000000
8863  -0.383  -65.328  16.352 0.6000000238
103626  -8.749  -67.785  17.030 0.5000000000
8218  -0.267  -66.106  17.185 0.5000000000
6939  -9.292  -68.563  17.515 0.6000000238
6953  -9.183  -68.363  16.540 0.5000000000
8217  0.468  -66.794  18.037 0.6000000238
6326  -9.559  -69.775  16.191 0.5000000000
5223  -10.736  -71.508  16.587 0.6000000238
5225  -12.620  -71.428  16.859 0.5000000000
11715  -4.365  -61.296  12.398 0.6999999881
120050  -4.673  -61.587  12.441 0.5000000000
107468  -5.699  -62.062  13.449 0.5000000000
12454  -2.662  -60.383  13.224 0.8000000119
120734  -3.200  -60.375  12.840 0.6999999881
10964  -6.257  -62.376  14.360 0.5000000000
10944  -5.931  -62.815  15.129 0.5000000000
12424  -1.617  -60.964  14.441 0.6999999881
12441  -1.720  -60.871  13.548 0.6999999881
12453  -2.096  -61.134  12.672 0.8000000119
11694  -0.980  -61.402  13.923 0.6999999881
10197  -6.893  -63.340  16.512 0.5000000000
10926  -0.978  -62.254  16.262 0.6999999881
120635  -0.816  -62.119  15.330 0.6999999881
10176  -5.792  -64.053  17.451 0.6000000238
10177  -6.540  -63.715  17.331 0.5000000000
10174  -0.719  -63.720  17.136 0.6000000238
121566  -0.614  -63.464  16.433 0.6000000238
8203  -6.977  -66.674  19.239 0.6000000238
9514  -0.612  -64.440  17.396 0.6999999881
9530  -0.500  -64.310  16.549 0.6999999881
7595  -8.214  -67.546  17.940 0.6000000238
7573  -7.464  -67.300  18.732 0.6000000238
8856  -0.196  -65.877  17.990 0.6000000238
7596  -8.922  -67.994  18.164 0.6000000238
5719  -9.924  -70.128  17.048 0.6000000238
7547  1.808  -67.196  19.185 0.6000000238
5720  -10.605  -70.495  17.511 0.6000000238
5209  -11.137  -71.090  17.253 0.5000000000
13214  -3.604  -60.074  13.247 0.6000000238
12463  -4.710  -60.577  12.554 0.5000000000
11716  -5.235  -61.136  12.312 0.5000000000
10965  -7.034  -62.254  14.403 0.5000000000
12442  -2.316  -60.455  14.133 0.8000000119
10222  -7.300  -62.977  15.753 0.5000000000
11683  -1.278  -61.657  15.782 0.6999999881
9500  -6.280  -64.977  18.772 0.6000000238
10115  2.253  -62.843  20.421 0.6000000238
10912  -0.857  -62.961  16.754 0.8000000119
10116  1.667  -63.702  20.669 0.6000000238
10152  -0.890  -64.110  18.028 0.6999999881
10175  -1.117  -63.241  17.552 0.8000000119
8848  -6.247  -65.666  18.885 0.6000000238
108886  2.451  -64.935  19.761 0.6000000238
8846  -0.306  -65.686  18.817 0.6000000238
7574  -8.365  -67.556  18.878 0.6000000238
6923  -9.662  -68.714  18.496 0.6000000238
8154  1.433  -66.374  20.092 0.6000000238
8175  1.431  -66.735  19.572 0.6000000238
8845  0.282  -66.357  18.825 0.6000000238
6300  -9.824  -69.374  17.675 0.6000000238
6288  -10.331  -69.453  18.288 0.6000000238
5721  -11.535  -70.406  17.710 0.5000000000
5210  -12.073  -70.991  17.306 0.5000000000
13236  -4.976  -59.906  12.765 0.5000000000
12464  -5.475  -60.236  12.323 0.5000000000
12443  -3.136  -60.031  14.004 0.6000000238
13215  -3.996  -59.779  13.945 0.5000000000
120258  -2.210  -60.702  14.923 0.8000000119
102127  -2.855  -60.268  14.887 0.6999999881
11663  -1.988  -61.357  16.322 0.8000000119
11662  -1.461  -61.909  16.473 0.8000000119
9518  -7.082  -63.911  17.932 0.6000000238
118033  -7.715  -63.262  16.301 0.5000000000
10849  2.672  -62.060  21.169 0.6000000238
10900  -1.680  -62.796  17.928 0.8000000119
10155  -7.615  -64.079  18.458 0.5000000000
10097  1.378  -63.207  21.877 0.6999999881
10096  1.937  -62.901  21.246 0.6000000238
9499  -1.191  -64.201  18.844 0.8000000119
8177  -7.467  -66.180  19.759 0.6000000238
8829  -7.268  -65.504  19.705 0.6000000238
113778  -7.333  -64.506  19.114 0.6000000238
104103  1.147  -64.027  21.274 0.6000000238
118823  -9.159  -67.950  19.083 0.6000000238
7548  -7.842  -66.950  19.476 0.6000000238
8178  -8.402  -66.380  20.139 0.6000000238
8800  1.400  -65.840  20.540 0.6000000238
9476  -0.454  -65.584  19.699 0.6000000238
9498  -0.756  -64.876  18.875 0.5000000000
6906  -9.938  -68.280  19.311 0.6000000238
113206  0.726  -66.404  19.712 0.6000000238
5709  -10.851  -70.006  18.069 0.6000000238
6289  -11.000  -69.475  18.576 0.6000000238
5710  -11.466  -69.823  18.189 0.5000000000
6302  -12.204  -69.648  17.861 0.5000000000
6303  -12.680  -69.727  17.142 0.5000000000
6316  -12.752  -68.796  16.035 0.5000000000
101561  -3.706  -60.004  14.793 0.6000000238
12404  -2.559  -60.664  15.809 0.6999999881
12323  2.659  -60.255  21.723 0.6000000238
11568  2.680  -61.200  21.724 0.6000000238
11641  -2.461  -61.496  17.152 0.8000000119
10178  -8.369  -63.595  17.301 0.5000000000
11553  1.842  -61.516  22.249 0.6000000238
10901  -2.361  -62.476  18.225 0.8000000119
10156  -8.556  -63.845  18.106 0.5000000000
10850  2.082  -62.206  21.914 0.6999999881
10135  -1.675  -63.805  19.223 0.8000000119
8830  -7.951  -65.467  20.058 0.6000000238
9502  -8.100  -64.301  19.060 0.6000000238
10098  0.677  -64.249  22.011 0.8000000119
9477  -1.139  -64.759  19.805 0.6999999881
7549  -8.714  -67.285  19.667 0.6000000238
8155  -9.212  -66.162  20.429 0.6000000238
9427  0.267  -65.145  21.741 0.6999999881
8791  -0.005  -65.581  21.184 0.6999999881
9448  -0.595  -65.517  20.698 0.6000000238
7550  -9.528  -67.581  19.762 0.6000000238
7533  -10.607  -67.005  20.218 0.6000000238
8801  0.738  -66.007  20.501 0.6000000238
7551  -10.305  -67.679  19.814 0.5000000000
6925  -11.295  -68.836  18.994 0.5000000000
12426  -3.446  -60.261  15.701 0.6000000238
12428  -5.321  -60.050  15.427 0.5000000000
102027  2.208  -58.558  21.835 0.6000000238
12387  -3.812  -60.442  17.161 0.6999999881
13111  2.405  -59.348  21.774 0.6000000238
11664  -2.682  -60.942  16.684 0.6999999881
11642  -3.239  -60.929  17.440 0.6000000238
12308  2.201  -60.840  22.100 0.6000000238
12324  2.005  -60.170  21.978 0.6000000238
11620  -2.855  -61.800  17.991 0.6000000238
119783  -2.830  -62.293  18.431 0.6999999881
10836  1.270  -62.381  22.398 0.8000000119
10136  -2.524  -63.387  19.494 0.6999999881
116762  -3.292  -63.352  19.956 0.6000000238
9478  -1.945  -64.174  20.158 0.8000000119
9450  -2.254  -64.524  21.128 0.6999999881
9417  0.056  -64.595  22.426 0.6999999881
9428  -0.437  -65.075  22.092 0.6999999881
8792  -0.883  -65.233  21.628 0.6000000238
9429  -1.738  -64.960  21.843 0.8000000119
13911  2.702  -57.692  22.053 0.6000000238
13112  1.645  -59.315  21.736 0.6000000238
100993  1.338  -60.165  21.901 0.6999999881
10871  -4.049  -62.927  20.000 0.6000000238
12309  1.460  -60.895  22.287 0.6999999881
11554  0.939  -61.729  22.552 0.6999999881
10118  -3.657  -63.676  20.691 0.6999999881
9431  -3.418  -64.532  22.186 0.6000000238
10837  0.382  -62.610  22.773 0.8000000119
10838  -0.457  -62.882  23.166 0.6000000238
10088  0.001  -63.711  22.915 0.5000000000
9419  -2.048  -64.827  22.498 0.6999999881
9405  -3.216  -64.257  23.309 0.6999999881
9432  -4.076  -64.321  22.412 0.6000000238
10087  0.697  -63.335  22.449 0.8000000119
9402  -0.846  -63.829  23.361 0.6000000238
110383  -1.295  -64.909  22.525 0.6000000238
14700  3.058  -57.097  22.370 0.6000000238
14709  1.907  -57.259  21.405 0.6000000238
13912  1.722  -58.262  21.636 0.6999999881
13113  0.785  -59.884  21.287 0.6999999881
12325  0.603  -60.580  21.730 0.6999999881
11569  0.451  -61.244  22.342 0.6000000238
10099  -3.985  -64.115  21.612 0.6000000238
11555  -0.112  -61.938  22.826 0.6000000238
10824  -1.145  -63.109  23.418 0.6000000238
10100  -4.620  -63.793  22.145 0.5000000000
10075  -3.643  -63.747  23.474 0.6000000238
10076  -4.441  -63.564  23.332 0.5000000000
10828  -4.873  -62.711  23.510 0.5000000000
11539  -3.450  -62.254  23.457 0.6000000238
10827  -4.075  -62.986  23.549 0.5000000000
15497  2.582  -55.868  21.637 0.6000000238
121702  2.458  -56.975  21.964 0.6000000238
13130  1.041  -58.923  21.217 0.6999999881
12345  0.068  -60.407  20.665 0.6000000238
12326  -0.275  -60.903  21.329 0.6999999881
109830  -0.919  -60.716  21.067 0.6000000238
11570  -0.370  -61.328  22.217 0.6000000238
11556  -0.983  -61.573  22.511 0.6000000238
12310  -1.661  -61.049  22.296 0.6000000238
10840  -2.013  -62.063  23.209 0.6000000238
11538  -2.694  -61.921  23.281 0.5000000000
12312  -3.181  -60.709  22.978 0.5000000000
12313  -4.159  -60.375  23.228 0.5000000000
17128  2.282  -54.032  21.588 0.6999999881
117076  1.869  -53.332  21.727 0.6999999881
15505  2.247  -55.915  20.869 0.6000000238
17143  1.790  -54.783  21.144 0.6999999881
17129  1.407  -53.884  21.447 0.6999999881
18072  0.367  -53.641  21.154 0.6999999881
18073  -0.796  -53.473  20.880 0.6000000238
14721  1.858  -56.582  20.648 0.6999999881
16312  2.008  -55.562  20.724 0.6999999881
16313  1.218  -55.442  20.344 0.6999999881
17145  -0.303  -54.341  20.592 0.6999999881
113599  1.518  -57.303  20.424 0.6999999881
15506  1.811  -56.162  20.258 0.6999999881
17156  0.188  -55.215  20.083 0.6999999881
13131  0.335  -59.703  20.230 0.6999999881
114272  -0.241  -59.960  19.882 0.6000000238
12346  -0.595  -60.462  20.496 0.6000000238
13133  -1.585  -59.486  20.770 0.6000000238
13930  -1.740  -58.817  20.286 0.6000000238
11571  -0.956  -61.034  21.764 0.6000000238
12327  -1.498  -60.503  21.609 0.6000000238
13134  -2.187  -58.869  21.214 0.6000000238
12328  -1.897  -59.716  21.496 0.5000000000
13114  -2.753  -59.294  21.932 0.6000000238
13913  -3.017  -58.485  21.475 0.6000000238
12311  -2.380  -60.294  22.286 0.5000000000
13097  -3.384  -59.811  22.596 0.5000000000
13115  -3.770  -58.917  22.157 0.5000000000
18056  1.095  -53.002  21.543 0.6999999881
18057  0.083  -52.802  21.282 0.6000000238
18058  -0.977  -52.850  21.261 0.6000000238
112937  -1.500  -53.405  20.868 0.6000000238
18075  -2.078  -53.777  20.506 0.4000000060
17157  -0.883  -54.865  19.935 0.6000000238
17146  -1.175  -54.177  20.399 0.5000000000
18074  -1.730  -53.803  20.501 0.5000000000
18076  -2.780  -54.174  19.917 0.4000000060
101112  -3.729  -54.320  19.424 0.5000000000
13928  1.242  -58.018  20.971 0.6999999881
15520  1.294  -56.907  19.495 0.8000000119
16327  0.726  -55.982  19.431 0.6999999881
16329  -1.457  -55.148  19.176 0.5000000000
17170  -2.168  -54.653  19.078 0.4000000060
17159  -2.557  -54.325  19.427 0.4000000060
17160  -3.116  -54.267  18.991 0.4000000060
101350  -3.949  -53.921  17.848 0.4000000060
13949  1.113  -58.004  19.512 0.8000000119
14742  0.739  -57.839  18.489 0.8000000119
15521  0.925  -56.530  19.093 0.8000000119
16343  0.425  -56.469  18.568 0.8000000119
105327  -1.147  -55.863  18.320 0.6000000238
16345  -1.924  -55.140  18.314 0.4000000060
17172  -3.340  -54.207  18.176 0.4000000060
13929  0.735  -58.849  19.948 0.6999999881
13148  0.113  -59.427  19.241 0.8000000119
13951  -0.215  -59.196  18.290 0.6999999881
13952  -1.107  -59.032  19.010 0.5000000000
16362  -1.767  -55.938  17.354 0.5000000000
17186  -2.978  -54.670  17.606 0.4000000060
17187  -3.639  -54.238  17.414 0.4000000060
13149  -0.456  -59.560  19.200 0.6000000238
14744  -2.068  -58.083  19.704 0.6000000238
13931  -2.477  -58.167  20.736 0.6000000238
14722  -2.929  -57.722  20.190 0.6000000238
19045  0.829  -52.232  21.548 0.5000000000
19046  -0.199  -52.196  21.530 0.5000000000
115713  -1.703  -53.061  21.896 0.4000000060
18059  -1.857  -53.364  21.089 0.5000000000
18060  -2.627  -53.904  20.806 0.5000000000
17147  -3.554  -54.309  20.557 0.5000000000
103264  -4.870  -54.323  19.410 0.5000000000
17161  -4.234  -54.070  18.440 0.5000000000
108867  -6.017  -54.085  19.396 0.5000000000
15540  0.245  -56.909  17.941 0.6999999881
16344  -0.282  -56.454  18.103 0.6000000238
15553  -1.353  -57.007  17.042 0.5000000000
117051  -0.985  -56.515  17.651 0.5000000000
17173  -4.823  -53.656  17.553 0.5000000000
18086  -5.909  -53.583  18.143 0.5000000000
13950  0.513  -58.751  18.712 0.8000000119
13967  0.224  -58.491  18.011 0.6999999881
13968  -0.394  -58.444  17.649 0.6000000238
15554  -2.351  -56.519  16.912 0.5000000000
16363  -2.644  -55.504  17.117 0.4000000060
16364  -3.344  -54.992  16.906 0.5000000000
17188  -4.320  -53.759  16.965 0.4000000060
18096  -5.010  -53.320  16.768 0.5000000000
14743  -1.643  -58.192  18.364 0.5000000000
108142  -2.041  -57.666  17.320 0.5000000000
108653  -1.908  -57.254  16.732 0.6000000238
14780  -2.598  -57.057  16.938 0.5000000000
15571  -3.712  -56.075  16.420 0.5000000000
16379  -4.022  -55.433  16.374 0.5000000000
106676  -2.677  -57.592  18.869 0.5000000000
14764  -3.046  -57.292  17.805 0.5000000000
14781  -3.474  -56.881  17.268 0.5000000000
14745  -3.561  -57.380  18.699 0.6000000238
19028  0.403  -51.573  21.705 0.5000000000
109218  -0.645  -51.732  22.093 0.5000000000
18035  -1.034  -52.412  21.779 0.5000000000
19029  -1.519  -52.574  22.559 0.4000000060
19983  0.039  -51.057  22.099 0.5000000000
19008  -1.232  -52.035  23.208 0.4000000060
18036  -2.596  -53.622  21.760 0.5000000000
17130  -3.486  -54.148  21.539 0.6000000238
17131  -4.471  -54.415  21.397 0.5000000000
119898  -5.013  -54.493  21.022 0.5000000000
17149  -5.576  -54.403  20.567 0.4000000060
119610  -6.632  -53.744  19.799 0.4000000060
18077  -7.126  -53.325  20.099 0.4000000060
19009  -2.088  -52.658  23.488 0.4000000060
112489  -2.567  -53.272  22.844 0.4000000060
18037  -3.536  -53.878  22.519 0.5000000000
17108  -4.245  -54.230  22.206 0.5000000000
18012  -3.763  -53.520  23.482 0.4000000060
18038  -4.623  -53.905  23.018 0.5000000000
18039  -5.608  -53.738  22.781 0.4000000060
17110  -5.813  -54.061  22.154 0.4000000060
108793  -6.852  -53.548  20.979 0.4000000060
18062  -7.192  -52.833  20.832 0.4000000060
112577  -1.651  -51.390  24.638 0.4000000060
18993  -1.891  -52.116  24.166 0.4000000060
120445  -2.471  -52.571  24.075 0.4000000060
19932  -2.920  -51.008  25.689 0.4000000060
19956  -3.434  -51.738  25.135 0.4000000060
19010  -3.099  -52.931  23.970 0.4000000060
18995  -4.535  -52.497  24.447 0.4000000060
19011  -4.995  -52.950  24.151 0.5000000000
113393  -5.362  -53.359  23.515 0.5000000000
18040  -6.275  -53.502  22.332 0.4000000060
18061  -6.798  -53.207  21.680 0.4000000060
18996  -5.182  -52.127  24.312 0.4000000060
19030  -6.074  -52.294  22.921 0.4000000060
19985  -6.274  -51.692  22.021 0.4000000060
19031  -6.516  -52.778  22.356 0.4000000060
19047  -6.749  -52.181  21.483 0.4000000060
19931  -1.910  -50.913  25.391 0.4000000060
20861  -2.236  -50.246  26.148 0.3000000119
19933  -3.897  -50.906  25.635 0.3000000119
19957  -4.420  -51.675  24.869 0.4000000060
21700  -3.527  -49.010  25.717 0.4000000060
114000  -3.227  -49.485  26.207 0.3000000119
20863  -3.996  -49.902  25.786 0.3000000119
20885  -4.605  -50.535  25.008 0.4000000060
20897  -4.707  -49.965  23.021 0.5000000000
20898  -5.315  -50.552  22.801 0.4000000060
19984  -5.823  -51.188  22.443 0.4000000060
19997  -6.147  -51.024  22.012 0.4000000060
20938  -6.982  -50.856  20.668 0.3000000119
21738  -4.248  -49.178  22.926 0.5000000000
20907  -5.645  -50.435  22.471 0.4000000060
20922  -6.457  -50.791  21.854 0.3000000119
20842  -2.467  -49.507  26.441 0.4000000060
22539  -2.761  -48.241  25.610 0.4000000060
22558  -3.500  -48.441  24.659 0.4000000060
21720  -4.297  -49.383  24.695 0.5000000000
21728  -4.259  -49.385  23.269 0.5000000000
22557  -2.600  -47.638  24.445 0.4000000060
21719  -3.797  -48.839  23.549 0.5000000000
22582  -3.848  -48.543  22.726 0.5000000000
21739  -5.086  -49.566  22.737 0.4000000060
20908  -5.874  -49.913  22.468 0.3000000119
105835  -3.709  -47.877  22.549 0.3000000119
111409  -4.227  -48.253  22.566 0.3000000119
21682  -2.672  -48.860  26.338 0.4000000060
22566  -2.490  -47.217  23.536 0.3000000119
23474  -2.541  -46.914  23.142 0.4000000060
117154  -5.692  -48.254  22.874 0.3000000119
23457  -1.635  -46.988  24.267 0.3000000119
24260  -1.953  -46.210  23.573 0.3000000119
8239  -2.766  -66.772  14.302 0.6000000238
10074  -2.709  -63.716  23.533 0.6000000238
10825  -1.778  -62.835  23.399 0.6000000238
8346  -9.713  -65.798  7.808 0.5000000000
111350  -7.180  -66.139  11.073 0.5000000000
5818  -11.498  -69.785  8.796 0.6999999881
5299  -11.092  -70.877  9.096 0.6999999881
6395  -9.714  -69.254  11.435 0.6999999881
5298  -10.508  -70.963  9.873 0.6999999881
6369  -9.479  -69.399  12.771 0.6999999881
6381  -9.627  -69.103  12.122 0.6999999881
106186  -12.390  -74.159  9.456 0.6999999881
5279  -10.142  -71.619  11.896 0.6999999881
8240  -2.779  -66.668  15.315 0.6000000238
2991  -13.452  -75.873  9.465 0.6999999881
5759  -9.460  -70.565  13.886 0.6000000238
117440  -10.573  -72.432  13.103 0.6000000238
3815  -11.734  -74.077  11.674 0.5000000000
8278  -1.304  -66.572  11.742 0.6999999881
5257  -9.633  -71.176  13.313 0.6000000238
2122  -16.076  -78.345  8.985 0.6000000238
113238  -10.692  -72.524  13.791 0.5000000000
3781  -12.785  -74.308  14.167 0.5000000000
2088  -15.964  -78.637  12.357 0.5000000000
9579  -1.171  -64.985  11.117 0.6000000238
100842  -0.544  -66.287  11.994 0.6999999881
8220  -5.045  -66.521  17.633 0.6000000238
5243  -9.685  -71.285  14.122 0.5000000000
4683  -11.356  -72.768  14.939 0.6000000238
4698  -10.669  -72.370  14.485 0.5000000000
1687  -17.797  -79.212  10.241 0.6000000238
1672  -17.088  -79.133  11.566 0.6000000238
118290  -17.048  -78.967  13.822 0.5000000000
10961  -0.107  -62.465  13.857 0.6000000238
10198  -7.577  -63.518  17.093 0.5000000000
9446  1.956  -64.435  20.139 0.6000000238
116008  2.021  -66.752  19.751 0.6000000238
6301  -10.292  -69.914  17.703 0.6000000238
9447  1.367  -64.927  20.808 0.6000000238
10154  -2.021  -63.083  18.683 0.8000000119
8790  0.744  -65.534  21.086 0.6000000238
8179  -9.265  -66.879  20.215 0.6000000238
8802  0.097  -65.977  20.277 0.6000000238
6907  -10.770  -68.305  19.410 0.6000000238
10117  -2.793  -63.879  20.435 0.8000000119
9453  -9.479  -64.884  20.110 0.6000000238
9449  -1.421  -64.993  20.945 0.6000000238
9418  -0.638  -64.563  22.861 0.6000000238
9404  -2.281  -64.336  23.297 0.6999999881
10839  -1.133  -62.270  23.133 0.6000000238
12292  -3.850  -61.348  23.405 0.5000000000
13132  -0.959  -59.750  19.998 0.5000000000
111488  -1.625  -61.606  22.864 0.6000000238
16297  2.431  -54.747  21.352 0.6999999881
16311  2.393  -55.325  21.170 0.6000000238
17144  0.768  -54.600  20.861 0.6999999881
16326  1.397  -56.124  19.841 0.8000000119
16328  -0.356  -55.776  19.120 0.6000000238
18085  -2.279  -54.081  20.099 0.5000000000
17158  -1.855  -54.334  19.824 0.5000000000
17205  -3.934  -54.523  16.761 0.5000000000
17162  -5.189  -53.995  18.531 0.5000000000
14778  -0.769  -57.658  17.359 0.6000000238
13986  -1.178  -58.149  17.443 0.6000000238
14765  -3.960  -57.219  17.988 0.5000000000
19968  -0.561  -51.172  22.828 0.5000000000
17132  -5.424  -54.369  21.545 0.5000000000
19955  -2.449  -51.670  24.989 0.4000000060
109266  -2.867  -52.308  24.539 0.4000000060
18994  -3.785  -52.444  24.608 0.4000000060
19012  -5.663  -52.598  23.677 0.5000000000
18014  -6.104  -53.091  23.061 0.4000000060
20886  -5.152  -51.132  24.321 0.4000000060
19969  -5.590  -51.560  23.475 0.4000000060
19998  -6.521  -51.224  21.398 0.4000000060
106664  -4.818  -50.179  23.957 0.4000000060
119090  -5.208  -50.672  23.404 0.4000000060
105231  -4.376  -49.008  22.808 0.5000000000
20906  -4.845  -49.776  22.862 0.4000000060
22567  -3.221  -48.063  23.332 0.5000000000
22581  -3.423  -48.089  22.787 0.4000000060
22583  -4.940  -48.664  22.706 0.4000000060
23475  -3.002  -47.592  23.000 0.4000000060
24239  -1.790  -46.606  23.802 0.3000000119
23492  -3.243  -47.464  22.713 0.3000000119
1729  -20.635  -79.001  6.349 0.5000000000
1349  -20.343  -79.793  6.817 0.5000000000
996  -19.565  -81.165  7.495 0.5000000000
997  -20.419  -80.908  7.746 0.5000000000
983  -19.914  -81.510  8.138 0.5000000000
984  -20.874  -81.188  8.341 0.5000000000
964  -20.253  -81.735  8.864 0.6000000238
114980  -20.712  -78.428  6.202 0.5000000000
1730  -20.468  -79.423  6.930 0.5000000000
1338  -20.274  -80.206  7.525 0.5000000000
1323  -20.767  -80.697  8.187 0.5000000000
108467  -20.960  -82.088  10.576 0.6000000238
1307  -21.374  -80.900  8.783 0.6000000238
965  -21.263  -81.399  9.083 0.6000000238
2134  -20.723  -77.814  5.626 0.4000000060
3443  -16.626  -74.955  5.404 0.4000000060
3028  -16.854  -75.831  5.629 0.4000000060
3029  -17.976  -75.611  5.388 0.5000000000
3030  -18.951  -75.676  5.157 0.5000000000
3031  -19.744  -75.971  4.913 0.5000000000
3021  -19.609  -76.432  5.599 0.5000000000
3020  -18.443  -76.378  5.878 0.5000000000
2571  -20.496  -76.750  5.189 0.5000000000
2566  -20.211  -77.408  5.971 0.5000000000
615  -21.658  -81.994  12.049 0.6000000238
2131  -20.650  -78.224  6.431 0.5000000000
105196  -20.244  -78.727  7.160 0.5000000000
2124  -19.452  -79.065  7.927 0.5000000000
647  -21.646  -81.625  10.305 0.6000000238
1717  -20.335  -79.558  7.481 0.5000000000
1702  -21.221  -80.421  8.994 0.6000000238
1308  -21.837  -81.039  9.392 0.6000000238
1292  -22.384  -80.862  10.648 0.6000000238
105170  -22.197  -81.595  11.492 0.6000000238
925  -22.441  -81.558  12.161 0.6999999881
936  -22.761  -81.117  11.511 0.6000000238
926  -23.060  -81.119  12.384 0.6999999881
4337  -14.731  -73.125  6.408 0.6000000238
105997  -15.038  -74.811  6.031 0.6000000238
3855  -14.414  -74.967  6.922 0.6000000238
120870  -15.983  -74.584  5.599 0.5000000000
3018  -15.851  -76.148  6.016 0.5000000000
3019  -17.256  -76.530  6.027 0.5000000000
117018  -16.361  -76.626  6.153 0.5000000000
2563  -16.596  -77.228  6.598 0.5000000000
2565  -19.006  -77.216  6.326 0.5000000000
2564  -17.688  -77.231  6.508 0.5000000000
2556  -19.746  -77.973  6.812 0.5000000000
605  -21.087  -82.027  13.572 0.6999999881
106079  -21.859  -81.912  12.840 0.6000000238
117351  -21.952  -81.531  14.449 0.8000000119
1707  -19.865  -79.527  8.465 0.5000000000
109623  -20.594  -80.028  8.727 0.5000000000
910  -22.833  -81.362  13.910 0.6999999881
1703  -21.759  -80.742  9.401 0.6000000238
919  -23.340  -81.073  13.176 0.6999999881
1691  -21.939  -80.489  10.202 0.6000000238
1293  -22.735  -80.491  11.566 0.6000000238
1665  -23.020  -80.112  12.368 0.6999999881
1286  -23.409  -80.565  12.850 0.6999999881
1279  -23.746  -80.568  13.559 0.6000000238
113411  -14.851  -71.760  6.379 0.5000000000
3854  -14.088  -74.400  7.148 0.6000000238
3011  -14.931  -76.404  6.732 0.6000000238
2562  -15.685  -77.004  6.639 0.6000000238
2554  -17.059  -77.785  7.221 0.6000000238
2555  -18.323  -77.865  7.053 0.5000000000
2123  -17.678  -78.731  8.666 0.6000000238
909  -21.186  -81.758  14.387 0.6999999881
104748  -18.438  -78.708  8.182 0.5000000000
1706  -18.688  -79.039  8.754 0.5000000000
108030  -22.457  -81.290  14.945 0.5000000000
886  -22.416  -81.118  16.452 0.6000000238
103158  -20.567  -79.839  9.403 0.5000000000
105165  -23.394  -81.013  14.575 0.6000000238
1690  -21.112  -80.009  9.917 0.5000000000
918  -22.687  -81.512  12.963 0.6999999881
113603  -21.349  -79.851  10.832 0.5000000000
911  -23.568  -80.980  13.822 0.6000000238
1270  -24.526  -80.115  14.716 0.6000000238
1664  -22.176  -79.758  12.119 0.5000000000
1654  -23.864  -80.084  13.516 0.5000000000
1637  -23.788  -79.419  13.793 0.5000000000
2067  -25.413  -79.175  15.408 0.5000000000
4793  -14.247  -72.620  6.792 0.6000000238
3860  -14.088  -73.632  6.978 0.6000000238
5320  -13.895  -70.914  7.010 0.4000000060
1699  -17.767  -78.984  9.382 0.5000000000
121587  -22.954  -80.900  16.379 0.6000000238
902  -23.004  -80.978  15.663 0.5000000000
117610  -20.327  -79.542  10.858 0.5000000000
1260  -24.028  -80.579  15.238 0.5000000000
109198  -24.420  -80.367  16.043 0.5000000000
1248  -23.622  -80.636  16.412 0.5000000000
1676  -20.548  -79.536  11.682 0.5000000000
1269  -24.008  -80.577  14.213 0.5000000000
1271  -24.997  -79.644  15.307 0.5000000000
1663  -20.934  -79.485  12.487 0.6000000238
1652  -21.416  -79.350  13.274 0.6000000238
1639  -24.682  -79.698  14.743 0.5000000000
1636  -21.829  -79.058  14.021 0.6000000238
2064  -23.259  -78.693  14.610 0.5000000000
5833  -12.877  -69.709  7.684 0.4000000060
1688  -18.854  -79.348  10.381 0.5000000000
1615  -25.150  -79.759  16.909 0.5000000000
109126  -19.438  -79.453  10.908 0.5000000000
111148  -19.707  -79.484  12.647 0.5000000000
1617  -26.137  -79.148  16.251 0.5000000000
1598  -25.662  -79.284  17.182 0.5000000000
2449  -26.197  -77.704  17.598 0.5000000000
2898  -26.538  -76.963  17.383 0.5000000000
3347  -25.601  -75.696  16.628 0.5000000000
1651  -20.279  -79.400  13.555 0.6000000238
1635  -20.773  -79.188  14.309 0.6000000238
1623  -25.627  -79.351  15.730 0.5000000000
114299  -22.196  -78.635  14.712 0.6000000238
2049  -27.045  -78.225  15.112 0.5000000000
117107  -21.666  -78.340  15.192 0.5000000000
2476  -23.208  -77.822  15.422 0.5000000000
1649  -18.338  -79.442  13.928 0.5000000000
1599  -26.309  -78.824  16.930 0.5000000000
2019  -26.636  -78.231  17.112 0.5000000000
2916  -26.719  -76.297  16.622 0.5000000000
1662  -18.689  -79.520  13.008 0.5000000000
1633  -18.925  -79.262  14.624 0.6000000238
2031  -26.841  -78.559  16.211 0.5000000000
2020  -27.185  -78.017  16.609 0.5000000000
3349  -26.140  -75.429  16.096 0.5000000000
3779  -25.789  -74.902  15.695 0.5000000000
2063  -21.236  -78.759  14.847 0.5000000000
109961  -27.147  -78.320  15.496 0.5000000000
2050  -27.613  -78.025  15.131 0.5000000000
1632  -18.039  -78.961  14.641 0.5000000000
3351  -27.840  -76.227  15.268 0.5000000000
2930  -27.508  -76.427  15.949 0.5000000000
3361  -26.504  -75.135  15.371 0.5000000000
3799  -26.055  -74.185  13.963 0.4000000060
101930  -27.359  -75.530  14.932 0.4000000060
6355  -4.024  -69.272  13.296 0.4000000060
100652  3.213  -59.331  21.352 0.5000000000
11567  3.320  -60.213  21.187 0.5000000000
13910  3.759  -58.005  21.814 0.5000000000
113214  3.068  -58.498  21.732 0.5000000000
11587  3.157  -61.038  20.786 0.5000000000
17127  2.654  -54.114  21.661 0.5000000000
18033  2.626  -53.729  21.893 0.5000000000
19044  1.702  -52.680  21.834 0.5000000000
109440  -18.194  -79.505  12.282 0.5000000000
1674  -18.664  -79.465  11.420 0.5000000000
646  -21.068  -81.838  9.877 0.6000000238
1708  -20.502  -80.222  8.085 0.6000000238
935  -22.220  -81.333  10.785 0.6000000238
1285  -23.067  -80.746  12.090 0.6999999881
3440  -15.390  -75.504  5.970 0.6000000238
1701  -19.684  -79.459  9.384 0.5000000000
1677  -22.172  -80.210  11.085 0.6000000238
111516  -23.322  -79.827  13.158 0.6000000238
118477  -21.305  -81.503  15.391 0.6999999881
1689  -19.980  -79.538  10.152 0.5000000000
120104  -21.510  -79.702  11.586 0.5000000000
1653  -22.503  -79.556  13.095 0.6000000238
113899  -22.879  -79.166  13.834 0.6000000238
1624  -26.359  -78.702  15.632 0.5000000000
1261  -24.780  -80.102  15.467 0.5000000000
1250  -25.002  -80.021  16.205 0.5000000000
2045  -22.558  -78.171  15.274 0.5000000000
110105  -18.938  -79.516  12.203 0.5000000000
2062  -20.353  -78.897  15.024 0.5000000000
1650  -19.264  -79.487  13.779 0.5000000000
2899  -27.188  -76.989  16.976 0.5000000000
2032  -27.550  -78.062  15.838 0.5000000000
2931  -28.021  -76.875  15.561 0.5000000000
104548  -25.888  -74.614  14.924 0.5000000000
2480  -28.201  -77.426  15.075 0.4000000060
3790  -26.818  -74.795  14.518 0.4000000060
1207  -22.427  -80.159  19.586 0.5000000000
1208  -23.107  -80.026  19.268 0.6000000238
1586  -23.657  -79.486  18.874 0.6000000238
1217  -22.721  -80.565  19.054 0.6000000238
858  -22.078  -81.145  18.620 0.4000000060
2008  -24.146  -78.796  18.724 0.4000000060
1588  -25.219  -79.033  18.020 0.4000000060
1219  -24.183  -79.695  18.417 0.5000000000
1218  -23.528  -80.189  18.568 0.6000000238
1229  -24.187  -80.077  17.976 0.5000000000
1597  -24.825  -79.608  17.798 0.4000000060
870  -22.039  -81.275  17.461 0.5000000000
1247  -22.912  -80.879  17.059 0.5000000000
885  -21.565  -81.394  16.478 0.6000000238
908  -20.564  -81.822  14.974 0.6000000238
604  -20.190  -82.206  13.472 0.6000000238
109215  -20.029  -82.332  12.673 0.6000000238
103691  -20.936  -82.199  12.771 0.6000000238
111341  -19.892  -82.400  11.972 0.6000000238
629  -20.381  -82.292  11.255 0.5000000000
645  -20.041  -82.230  10.400 0.5000000000
657  -19.497  -82.132  9.627 0.4000000060
963  -19.116  -81.963  8.849 0.5000000000
118794  -19.890  -80.190  6.631 0.4000000060
9481  -9.413  -64.422  19.559 0.4000000060
9454  -10.300  -64.992  20.315 0.4000000060
8157  -10.805  -66.359  20.487 0.5000000000
13914  -3.861  -58.178  21.413 0.5000000000
13932  -3.824  -57.749  20.603 0.5000000000
13933  -4.811  -57.973  21.016 0.5000000000
14724  -4.629  -57.618  20.032 0.4000000060
14746  -4.500  -57.366  18.924 0.4000000060
14710  -6.941  -57.906  20.918 0.4000000060
117966  -4.220  -56.884  17.349 0.4000000060
15541  -5.479  -56.685  17.480 0.4000000060
14767  -5.421  -57.100  18.533 0.4000000060
107680  -3.946  -56.469  16.738 0.4000000060
120615  -5.479  -56.397  16.736 0.4000000060
105160  -6.557  -57.044  19.768 0.4000000060
15573  -5.398  -56.049  16.029 0.4000000060
15557  -6.102  -56.054  16.834 0.4000000060
15543  -7.049  -55.971  18.863 0.4000000060
16380  -4.907  -55.452  15.832 0.4000000060
16381  -5.799  -55.262  15.537 0.4000000060
17189  -5.094  -53.887  16.156 0.4000000060
17207  -6.020  -54.251  15.454 0.4000000060
17163  -6.779  -53.359  18.992 0.3000000119
111785  -6.497  -52.846  17.606 0.4000000060
19055  -7.056  -51.628  20.655 0.3000000119
19056  -7.345  -52.400  19.891 0.3000000119
18099  -7.151  -52.477  18.217 0.3000000119
18087  -7.273  -52.788  19.282 0.3000000119
13917  -6.299  -58.285  21.218 0.4000000060
101394  -6.117  -57.451  19.959 0.4000000060
14747  -5.394  -57.430  19.504 0.4000000060
14725  -5.498  -57.753  20.349 0.4000000060
14748  -6.068  -57.055  19.198 0.4000000060
15542  -6.080  -56.588  18.210 0.4000000060
14727  -7.416  -57.285  20.761 0.4000000060
15522  -6.665  -56.495  19.164 0.4000000060
118596  -6.663  -56.064  18.027 0.4000000060
4659  -18.812  -72.785  17.453 0.3000000119
116341  -19.272  -72.431  16.922 0.3000000119
112532  -18.495  -73.110  18.076 0.4000000060
4173  -18.670  -73.794  17.531 0.3000000119
4672  -19.258  -73.187  16.821 0.4000000060
3325  -19.127  -75.876  18.339 0.3000000119
3758  -18.943  -74.736  17.444 0.3000000119
3762  -19.690  -74.934  16.957 0.4000000060
2422  -19.778  -76.895  20.000 0.3000000119
3333  -19.358  -75.551  17.542 0.3000000119
119042  -19.941  -75.447  17.120 0.3000000119
2873  -19.516  -76.714  18.829 0.3000000119
2874  -19.924  -77.312  18.458 0.3000000119
2893  -20.583  -76.868  17.712 0.3000000119
2429  -19.999  -77.651  19.447 0.3000000119
2430  -20.363  -78.185  18.955 0.3000000119
2444  -20.574  -77.684  18.260 0.3000000119
2423  -20.486  -78.606  20.378 0.3000000119
2004  -20.925  -78.894  19.650 0.3000000119
2431  -20.987  -78.365  18.610 0.3000000119
1574  -19.309  -79.762  19.850 0.3000000119
1985  -20.324  -78.917  21.174 0.3000000119
1993  -20.709  -79.391  20.548 0.3000000119
1577  -21.138  -79.928  20.323 0.3000000119
1994  -21.484  -79.476  19.989 0.3000000119
115009  -19.748  -80.330  20.068 0.4000000060
4183  -19.362  -74.108  16.807 0.3000000119
3754  -18.685  -74.624  18.803 0.4000000060
3313  -19.274  -76.036  19.250 0.3000000119
3334  -20.162  -75.979  17.325 0.4000000060
2445  -21.355  -77.622  17.949 0.4000000060
1976  -20.093  -78.476  21.385 0.3000000119
2005  -21.753  -78.846  19.336 0.4000000060
115682  -19.366  -79.082  20.310 0.3000000119
1984  -19.628  -78.711  21.091 0.4000000060
1995  -22.220  -79.298  19.643 0.4000000060
1206  -21.643  -80.339  19.933 0.3000000119
1992  -18.808  -78.497  20.348 0.3000000119
4673  -19.853  -72.490  16.291 0.3000000119
5228  -20.113  -71.502  16.289 0.3000000119
3763  -20.371  -74.376  16.387 0.3000000119
3774  -20.682  -73.696  15.894 0.3000000119
3745  -19.732  -74.269  19.973 0.4000000060
107647  -21.227  -74.845  16.396 0.3000000119
107994  -19.318  -75.121  19.698 0.4000000060
3335  -21.177  -76.069  17.174 0.4000000060
3343  -21.813  -75.481  16.701 0.3000000119
2894  -21.757  -76.748  17.514 0.4000000060
105692  -22.107  -76.093  17.144 0.4000000060
2415  -20.298  -77.667  20.972 0.3000000119
103344  -19.541  -77.207  21.486 0.3000000119
2446  -22.438  -77.456  17.861 0.4000000060
2406  -19.871  -77.972  21.422 0.3000000119
2847  -18.893  -77.004  21.527 0.3000000119
106687  -23.181  -77.995  18.513 0.4000000060
2447  -24.056  -77.692  18.366 0.5000000000
2405  -19.293  -77.664  21.402 0.3000000119
1996  -22.692  -79.344  19.471 0.4000000060
2007  -23.332  -79.090  19.103 0.4000000060
2433  -23.766  -78.453  18.802 0.5000000000
2003  -18.218  -78.905  18.650 0.3000000119
4201  -20.550  -72.943  15.722 0.3000000119
4689  -20.592  -72.006  15.719 0.3000000119
3304  -20.037  -74.942  20.753 0.4000000060
3344  -22.612  -75.264  16.546 0.4000000060
105026  -23.490  -76.009  17.237 0.4000000060
103028  -19.914  -75.867  21.116 0.4000000060
106292  -23.343  -77.333  17.873 0.4000000060
2896  -23.999  -76.804  17.606 0.5000000000
2448  -24.851  -77.416  18.038 0.4000000060
2835  -19.197  -76.428  21.591 0.3000000119
2846  -18.220  -76.888  20.818 0.3000000119
2009  -24.966  -78.576  18.330 0.4000000060
2435  -25.406  -77.921  18.121 0.4000000060
2421  -18.280  -77.672  20.302 0.3000000119
1991  -18.181  -78.301  19.414 0.3000000119
2002  -17.643  -78.200  18.456 0.3000000119
3775  -21.280  -74.250  15.903 0.3000000119
3764  -22.018  -74.813  16.201 0.3000000119
104373  -19.560  -75.815  21.431 0.4000000060
3337  -24.281  -75.948  17.133 0.5000000000
2897  -24.969  -76.603  17.463 0.4000000060
2834  -18.405  -76.229  21.363 0.4000000060
103290  -25.686  -77.160  17.734 0.4000000060
3312  -17.526  -76.046  20.389 0.3000000119
2858  -17.626  -76.880  19.806 0.3000000119
2872  -17.183  -76.902  18.925 0.3000000119
2443  -17.102  -78.274  17.644 0.3000000119
2428  -17.002  -77.401  18.190 0.3000000119
3765  -22.893  -74.802  16.140 0.3000000119
3345  -23.505  -75.401  16.709 0.4000000060
3346  -24.612  -75.314  16.599 0.4000000060
2857  -16.942  -76.273  19.276 0.3000000119
3323  -16.071  -75.866  18.679 0.3000000119
2871  -16.556  -76.610  18.450 0.3000000119
106653  -15.287  -75.421  18.496 0.3000000119
2870  -15.336  -75.958  18.037 0.3000000119
115557  -15.949  -76.369  18.060 0.3000000119
2890  -15.456  -76.612  17.617 0.3000000119
2891  -16.203  -76.955  17.755 0.3000000119
3777  -24.054  -74.517  15.464 0.3000000119
114084  -24.581  -74.805  16.065 0.4000000060
2889  -14.037  -75.974  17.532 0.3000000119
2439  -14.139  -76.555  17.164 0.3000000119
113640  -23.170  -73.382  14.525 0.3000000119
117876  -23.515  -74.026  14.864 0.3000000119
3788  -24.306  -74.190  14.706 0.3000000119
107095  -23.336  -72.781  14.079 0.3000000119
4222  -23.800  -73.522  14.306 0.3000000119
4223  -24.547  -73.684  14.060 0.3000000119
14723  -3.671  -57.509  19.624 0.5000000000
18097  -5.579  -53.035  16.991 0.5000000000
18112  -5.677  -53.302  16.155 0.4000000060
111482  -25.804  -76.401  17.208 0.4000000060
3767  -25.319  -75.006  16.204 0.4000000060
3789  -25.134  -74.228  14.444 0.3000000119
13915  -4.672  -58.533  21.847 0.5000000000
13916  -5.526  -58.442  21.518 0.4000000060
14726  -6.760  -57.411  20.347 0.4000000060
3757  -18.607  -74.616  18.105 0.3000000119
1569  -20.132  -78.890  21.250 0.3000000119
3744  -18.868  -74.265  19.365 0.4000000060
2432  -22.059  -78.233  18.477 0.4000000060
103574  -19.852  -75.953  20.554 0.4000000060
2848  -20.101  -76.714  21.117 0.3000000119
2837  -19.998  -77.396  21.321 0.3000000119
2895  -22.869  -76.561  17.442 0.4000000060
114035  -17.654  -77.537  19.170 0.3000000119
3766  -23.812  -74.847  16.148 0.4000000060
3293  -17.838  -75.426  21.248 0.3000000119
2442  -16.371  -77.729  17.422 0.3000000119
110136  -23.191  -74.394  15.512 0.3000000119
113458  -14.719  -76.232  17.575 0.3000000119
628  -19.211  -82.383  11.464 0.5000000000
613  -19.204  -82.421  12.473 0.5000000000
109094  -19.462  -82.280  14.207 0.5000000000
900  -20.351  -81.845  15.649 0.4000000060
2060  -18.783  -78.825  15.022 0.4000000060
1216  -21.950  -80.793  19.449 0.3000000119
843  -20.462  -81.044  19.769 0.3000000119
1578  -22.082  -79.754  19.817 0.4000000060
1204  -20.412  -80.300  20.308 0.3000000119
3294  -18.774  -75.535  21.592 0.3000000119
104372  -18.860  -74.614  21.613 0.3000000119
117654  -19.394  -75.162  21.505 0.3000000119
4172  -18.495  -73.836  18.582 0.3000000119
3724  -19.678  -74.622  21.382 0.3000000119
3295  -19.902  -75.150  21.166 0.3000000119
4157  -18.919  -73.522  19.403 0.3000000119
4158  -20.182  -73.415  19.935 0.3000000119
4129  -19.544  -73.993  21.433 0.3000000119
4130  -20.175  -73.924  20.877 0.3000000119
3734  -20.218  -74.077  20.532 0.3000000119
4146  -20.396  -73.456  20.279 0.3000000119
4650  -18.520  -72.839  18.851 0.3000000119
113401  -20.009  -73.355  21.190 0.3000000119
4640  -18.961  -72.490  19.417 0.3000000119
109322  -21.119  -81.584  17.309 0.5000000000
603  -19.321  -82.370  13.315 0.5000000000
844  -21.198  -81.029  19.722 0.3000000119
15508  -7.910  -56.389  20.650 0.3000000119
15523  -7.343  -56.181  19.651 0.3000000119
16382  -6.670  -54.938  15.443 0.3000000119
643  -17.831  -82.043  10.572 0.4000000060
355  -15.282  -82.999  13.832 0.4000000060
365  -16.595  -82.662  12.864 0.4000000060
357  -17.052  -82.708  13.520 0.4000000060
109635  -18.459  -82.502  13.990 0.4000000060
109289  -17.154  -82.352  12.022 0.4000000060
602  -18.620  -82.467  13.074 0.4000000060
345  -14.164  -83.020  14.167 0.3000000119
347  -15.769  -82.964  14.761 0.4000000060
348  -16.782  -82.903  14.428 0.4000000060
627  -18.069  -82.222  11.342 0.4000000060
364  -15.706  -82.856  13.002 0.4000000060
178  -14.597  -83.051  13.736 0.3000000119
356  -16.185  -82.892  13.745 0.4000000060
601  -17.892  -82.526  13.282 0.4000000060
109932  -17.557  -82.682  14.034 0.4000000060
592  -18.748  -82.528  14.984 0.4000000060
590  -14.337  -82.846  14.681 0.3000000119
337  -14.642  -82.782  14.865 0.3000000119
340  -16.574  -83.001  15.445 0.3000000119
339  -15.801  -82.883  15.617 0.3000000119
111761  -18.225  -82.731  16.421 0.3000000119
567  -19.743  -82.233  17.166 0.3000000119
582  -18.203  -82.764  15.694 0.3000000119
550  -20.343  -82.013  17.894 0.3000000119
869  -21.269  -81.558  18.240 0.3000000119
583  -18.916  -82.528  15.913 0.3000000119
108869  -19.691  -82.205  16.241 0.3000000119
593  -19.718  -82.159  15.171 0.3000000119
2419  -11.376  -77.871  19.732 0.3000000119
2412  -11.598  -77.338  20.384 0.3000000119
3731  -15.801  -74.008  20.090 0.3000000119
3283  -11.801  -75.043  22.189 0.3000000119
3714  -11.553  -74.494  21.923 0.3000000119
4124  -11.882  -73.414  20.990 0.3000000119
4140  -12.688  -73.126  20.553 0.3000000119
4141  -13.563  -73.045  20.361 0.3000000119
4155  -14.000  -73.548  19.729 0.3000000119
4156  -14.929  -73.737  19.815 0.3000000119
4143  -15.437  -73.327  20.406 0.3000000119
4115  -11.748  -73.765  21.860 0.3000000119
4125  -12.240  -73.048  21.780 0.3000000119
112004  -12.550  -72.882  21.211 0.3000000119
4622  -13.193  -72.629  21.027 0.3000000119
4623  -14.103  -72.612  20.888 0.3000000119
581  -17.339  -82.906  16.216 0.3000000119
2844  -11.099  -76.476  20.674 0.3000000119
3730  -11.339  -74.016  20.370 0.3000000119
3302  -10.867  -75.574  20.907 0.3000000119
2831  -11.573  -76.097  21.360 0.3000000119
118704  -10.899  -74.548  20.620 0.3000000119
3722  -11.272  -74.269  21.226 0.3000000119
4593  -12.555  -72.812  22.387 0.3000000119
171  -14.142  -83.162  13.591 0.3000000119
346  -14.924  -82.947  14.528 0.4000000060
591  -17.684  -82.866  14.991 0.3000000119
594  -20.355  -82.025  14.290 0.6000000238
611  -17.381  -82.531  12.776 0.4000000060
612  -18.207  -82.403  12.331 0.4000000060
614  -20.733  -82.255  11.977 0.6000000238
630  -21.482  -81.961  11.166 0.6000000238
658  -20.459  -81.935  9.525 0.6000000238
884  -20.553  -81.759  16.571 0.4000000060
901  -22.137  -81.258  15.777 0.6999999881
948  -21.685  -81.361  9.661 0.6000000238
949  -22.091  -81.132  10.008 0.6000000238
1205  -20.995  -80.547  20.138 0.3000000119
1227  -22.854  -80.819  18.092 0.6000000238
1228  -23.610  -80.479  17.549 0.5000000000
1249  -24.436  -80.178  17.003 0.5000000000
1262  -25.252  -79.741  15.739 0.5000000000
1280  -24.312  -80.156  13.999 0.5000000000
1300  -22.071  -80.930  9.840 0.6000000238
1337  -20.082  -80.547  7.151 0.4000000060
1562  -19.954  -78.482  21.424 0.3000000119
1575  -19.960  -79.594  20.707 0.3000000119
1576  -20.432  -79.408  20.722 0.3000000119
1579  -22.887  -79.638  19.411 0.5000000000
1587  -24.530  -79.175  18.445 0.5000000000
1616  -25.535  -79.592  16.284 0.5000000000
1634  -19.822  -79.278  14.511 0.5000000000
1648  -17.527  -79.206  13.906 0.5000000000
1675  -19.564  -79.492  11.640 0.5000000000
1975  -19.604  -78.182  21.330 0.3000000119
2006  -22.811  -78.796  19.151 0.4000000060
2018  -25.812  -78.513  17.712 0.5000000000
2078  -17.211  -78.724  14.271 0.5000000000
2098  -15.574  -78.395  11.621 0.6000000238
2127  -18.953  -78.478  7.540 0.5000000000
2128  -20.606  -78.857  6.723 0.5000000000
2407  -20.099  -78.015  21.356 0.3000000119
2414  -18.695  -77.496  21.183 0.3000000119
2434  -24.594  -78.148  18.528 0.4000000060
2450  -26.923  -77.529  17.103 0.5000000000
2451  -27.454  -77.503  16.492 0.5000000000
2479  -27.864  -77.474  15.777 0.5000000000
2498  -28.002  -77.759  14.721 0.5000000000
2836  -19.778  -76.597  21.360 0.3000000119
2892  -19.567  -76.469  17.980 0.3000000119
2917  -27.576  -76.927  16.329 0.5000000000
2926  -23.423  -77.226  15.294 0.5000000000
3290  -10.851  -74.884  21.017 0.3000000119
3291  -11.325  -75.165  21.588 0.3000000119
3296  -20.102  -74.491  21.021 0.3000000119
3324  -18.844  -75.270  18.600 0.3000000119
3332  -18.821  -75.232  17.968 0.3000000119
3336  -22.758  -75.754  17.001 0.4000000060
3338  -25.050  -75.986  16.957 0.4000000060
3342  -20.620  -75.322  16.802 0.3000000119
3350  -27.010  -75.833  15.729 0.5000000000
3362  -28.090  -75.999  14.546 0.5000000000
3380  -12.796  -75.268  12.200 0.5000000000
3439  -14.721  -75.570  6.581 0.6000000238
3742  -15.316  -74.433  19.456 0.3000000119
3778  -24.999  -74.629  15.377 0.4000000060
3805  -11.902  -74.362  12.386 0.5000000000
3806  -12.456  -74.727  12.765 0.5000000000
3834  -12.733  -74.875  9.803 0.6999999881
3835  -12.905  -74.725  9.041 0.6999999881
3861  -14.744  -73.984  6.349 0.6000000238
4142  -14.524  -73.135  20.299 0.3000000119
4184  -19.975  -73.474  16.274 0.3000000119
4216  -11.722  -73.324  14.510 0.6000000238
4237  -11.425  -73.569  13.223 0.6000000238
4594  -13.056  -72.357  22.663 0.3000000119
4699  -11.135  -72.886  14.165 0.5000000000
5222  -10.143  -71.241  16.277 0.6000000238
5722  -12.300  -70.334  17.459 0.5000000000
5728  -10.321  -70.929  16.888 0.6000000238
6290  -11.791  -69.211  18.466 0.5000000000
6314  -9.497  -69.254  16.892 0.6000000238
6924  -10.456  -68.954  18.937 0.6000000238
6979  -9.196  -68.360  14.845 0.6000000238
6995  -9.466  -68.736  13.402 0.6000000238
7017  -9.801  -68.441  11.862 0.6999999881
7532  -9.913  -67.175  20.206 0.6000000238
7592  -4.600  -67.001  17.049 0.5000000000
7612  -4.038  -67.220  16.364 0.6000000238
7617  -8.862  -67.747  16.019 0.5000000000
7632  -7.851  -67.202  15.803 0.6000000238
7644  -3.239  -67.366  13.751 0.5000000000
7648  -6.484  -66.900  14.281 0.6000000238
7671  -1.601  -67.237  12.114 0.6000000238
7675  -8.803  -67.339  12.820 0.6999999881
7687  -6.564  -67.608  11.387 0.5000000000
7698  -5.820  -67.494  10.138 0.5000000000
7728  -11.054  -66.232  7.749 0.5000000000
8156  -9.994  -66.433  20.468 0.6000000238
8176  -6.758  -65.960  19.407 0.6000000238
8200  1.034  -66.884  18.988 0.6000000238
8202  -6.321  -66.364  18.815 0.6000000238
8221  -5.828  -66.774  18.165 0.6000000238
8251  -8.125  -67.095  14.463 0.6999999881
8265  -7.907  -66.783  13.826 0.6999999881
8294  -6.907  -66.607  11.704 0.6000000238
8312  -6.999  -65.738  10.360 0.5000000000
8331  -10.031  -65.949  8.279 0.5000000000
8799  2.009  -65.417  20.222 0.6000000238
8803  -8.854  -65.474  20.289 0.6000000238
8804  -9.717  -65.563  20.431 0.5000000000
8805  -10.544  -65.702  20.547 0.5000000000
8828  0.027  -66.096  19.488 0.6000000238
8917  -0.352  -65.364  11.605 0.6000000238
8918  -0.880  -65.751  11.460 0.6000000238
8947  -8.196  -65.051  9.993 0.5000000000
8948  -8.848  -65.389  9.792 0.6000000238
8955  -7.831  -64.895  9.338 0.5000000000
9403  -1.435  -64.456  23.199 0.6000000238
9406  -3.927  -64.172  23.296 0.6000000238
9420  -2.753  -64.659  22.840 0.6999999881
9421  -3.707  -64.469  22.948 0.6000000238
9422  -4.341  -64.142  22.932 0.5000000000
9426  0.825  -64.891  21.431 0.6999999881
9430  -2.586  -64.745  21.993 0.6999999881
9451  -3.146  -64.299  21.317 0.6000000238
9452  -8.591  -64.701  19.797 0.6000000238
9479  -6.803  -65.108  19.314 0.6000000238
9480  -7.609  -64.870  19.627 0.6000000238
9501  -6.819  -64.450  18.689 0.6000000238
9503  -9.022  -64.105  18.971 0.5000000000
9515  -4.687  -65.037  17.368 0.6000000238
9517  -6.173  -64.392  18.113 0.6000000238
9533  -5.173  -64.215  17.129 0.6000000238
9545  -2.659  -65.215  15.203 0.6999999881
9570  0.010  -64.693  12.259 0.6000000238
10073  -1.734  -63.751  23.512 0.6000000238
10153  -1.406  -63.513  18.373 0.8000000119
10196  -5.862  -63.579  16.676 0.5000000000
10221  -6.380  -63.128  15.836 0.5000000000
10265  -2.335  -63.786  11.564 0.6000000238
10271  0.028  -63.720  11.772 0.6000000238
10272  -0.963  -63.499  10.435 0.5000000000
10273  -2.020  -63.023  10.837 0.5000000000
10274  -2.520  -62.474  11.333 0.6000000238
10278  -0.363  -63.652  10.854 0.5000000000
10279  -1.342  -62.919  10.537 0.5000000000
10826  -2.582  -62.726  23.444 0.6000000238
10886  -2.741  -62.718  18.796 0.6999999881
10887  -3.321  -62.824  19.363 0.6000000238
10902  -3.346  -62.131  18.740 0.6999999881
10913  -1.392  -62.454  17.068 0.8000000119
10914  -2.106  -62.159  17.541 0.8000000119
10925  -0.648  -62.828  15.917 0.6000000238
10945  -6.779  -62.629  15.116 0.5000000000
10963  -5.447  -62.614  14.366 0.5000000000
10977  -4.959  -61.890  12.687 0.5000000000
10990  -1.038  -62.471  11.092 0.6999999881
11557  -2.381  -61.271  22.879 0.6000000238
11558  -3.100  -61.468  23.224 0.5000000000
11640  -1.879  -61.872  16.918 0.8000000119
11693  -0.557  -61.977  14.319 0.6000000238
11713  -2.594  -61.844  11.875 0.6000000238
12347  -1.238  -60.228  20.813 0.6000000238
12405  -3.280  -60.520  16.573 0.6999999881
12406  -4.038  -60.241  16.467 0.6999999881
12425  -1.749  -61.118  15.363 0.8000000119
12427  -4.341  -60.112  15.580 0.6000000238
12444  -4.596  -59.964  14.663 0.6000000238
12461  -2.955  -60.860  12.490 0.6999999881
12462  -3.776  -60.648  12.585 0.6999999881
13223  -4.481  -59.862  13.313 0.5000000000
13235  -4.283  -60.172  12.863 0.5000000000
13934  -6.240  -57.826  20.624 0.4000000060
13969  -0.879  -58.748  18.001 0.6000000238
14720  2.337  -56.489  21.405 0.6000000238
14763  0.146  -57.637  17.774 0.6999999881
14766  -4.769  -57.089  17.842 0.4000000060
14779  -1.436  -57.585  17.030 0.6000000238
15507  -7.119  -56.814  20.074 0.3000000119
15539  0.690  -57.033  18.422 0.6999999881
15552  -0.403  -57.039  17.543 0.6000000238
15555  -3.192  -56.477  16.812 0.5000000000
15556  -4.825  -56.595  16.829 0.4000000060
15570  -3.221  -55.844  16.742 0.5000000000
15572  -4.413  -56.104  16.141 0.4000000060
15574  -6.175  -55.568  15.845 0.4000000060
16346  -2.387  -55.107  17.723 0.4000000060
17107  2.852  -54.223  21.855 0.5000000000
17109  -5.079  -54.275  22.264 0.5000000000
17133  -6.299  -54.008  21.488 0.4000000060
17148  -4.518  -54.458  20.409 0.5000000000
17150  -6.494  -53.971  20.450 0.4000000060
17171  -2.674  -54.524  18.480 0.4000000060
17206  -4.554  -54.598  16.230 0.5000000000
18001  -4.170  -53.079  24.218 0.4000000060
18013  -4.590  -53.408  23.747 0.4000000060
18055  2.313  -53.502  21.851 0.6999999881
20862  -3.207  -50.193  26.133 0.3000000119
21727  -3.742  -48.715  22.908 0.5000000000
100660  -9.655  -66.722  10.107 0.6000000238
100886  -0.557  -65.027  18.045 0.6000000238
103516  -16.937  -78.767  9.203 0.6000000238
105575  -17.412  -79.305  12.347 0.6000000238
105823  -5.294  -54.741  15.686 0.4000000060
105968  -18.766  -79.014  19.536 0.3000000119
106734  -14.779  -77.686  10.105 0.6000000238
107092  -2.580  -66.255  12.315 0.6000000238
107119  -10.390  -71.714  15.850 0.6000000238
108192  -7.853  -63.752  17.768 0.5000000000
108725  -1.145  -61.534  14.832 0.6999999881
110088  2.167  -63.490  19.851 0.6000000238
111217  -1.493  -63.951  10.751 0.6000000238
111605  -21.008  -80.557  8.459 0.6000000238
111719  -14.460  -82.960  14.210 0.3000000119
112279  -21.950  -81.720  13.675 0.8000000119
112614  -20.233  -78.374  21.268 0.3000000119
112772  -0.112  -62.857  12.834 0.6000000238
113415  -21.362  -73.418  15.390 0.3000000119
114767  -3.306  -63.133  23.528 0.6000000238
114898  -4.984  -67.449  15.125 0.6000000238
115799  -27.913  -77.809  15.284 0.5000000000
116368  -4.016  -63.379  14.702 0.5000000000
116651  -3.175  -57.932  20.966 0.6000000238
116857  -21.436  -81.333  19.085 0.3000000119
117525  -5.683  -58.066  20.948 0.4000000060
117581  -1.941  -64.732  22.989 0.6000000238
117935  0.392  -63.996  22.494 0.6999999881
117972  -4.546  -64.427  16.834 0.5000000000
118400  -17.507  -79.248  10.989 0.6000000238
119032  -4.152  -68.457  13.484 0.5000000000
120063  1.538  -63.442  21.271 0.6999999881
120246  -0.376  -62.433  12.486 0.6000000238
120745  -19.956  -74.274  21.228 0.3000000119
121213  -9.789  -68.035  12.104 0.6999999881
121622  -19.190  -79.282  9.032 0.5000000000
121624  -3.611  -54.179  18.543 0.5000000000
122032  -2.186  -63.255  23.492 0.6000000238
