#!ascii label  , from subject sub-v1s9x0051355_ses-1 vox2ras=TkReg
643
10881  -36.160  -63.005  20.139 0.0000000000
13185  -32.702  -59.147  17.169 0.0000000000
103970  -44.123  -59.170  16.439 0.0000000000
13139  -32.883  -58.707  21.004 0.0000000000
119370  -40.097  -54.136  16.727 0.0000000000
10867  -41.115  -63.182  20.998 0.0000000000
15503  -36.858  -56.830  21.400 0.0000000000
104417  -31.222  -52.755  26.753 0.0000000000
121991  -45.252  -56.500  19.219 0.0000000000
103384  -42.649  -56.878  17.586 0.0000000000
17167  -43.375  -54.109  18.533 0.0000000000
12355  -38.453  -60.717  20.968 0.0000000000
13892  -36.400  -58.862  23.503 0.0000000000
117201  -31.272  -48.222  28.112 0.0000000000
118009  -32.966  -51.252  24.914 0.0000000000
10107  -30.568  -63.552  21.458 0.0000000000
14750  -31.376  -57.163  19.894 0.0000000000
12365  -28.089  -60.064  19.295 0.0000000000
12397  -29.569  -60.755  17.613 0.0000000000
120671  -40.460  -61.777  16.678 0.0000000000
112062  -35.106  -60.727  20.518 0.0000000000
14756  -37.751  -57.016  19.286 0.0000000000
111483  -36.390  -55.202  18.712 0.0000000000
12382  -41.956  -61.607  17.653 0.0000000000
14758  -41.252  -57.771  19.659 0.0000000000
16306  -40.739  -55.446  21.312 0.0000000000
16263  -34.417  -55.822  26.088 0.0000000000
16282  -33.283  -55.401  23.470 0.0000000000
19041  -36.190  -53.166  22.603 0.0000000000
19022  -38.607  -52.840  23.716 0.0000000000
114374  -28.259  -60.922  21.567 0.0000000000
117324  -32.078  -54.871  15.675 0.0000000000
13211  -33.030  -59.556  15.530 0.0000000000
10262  -32.164  -63.191  14.558 0.0000000000
16308  -44.532  -55.548  21.967 0.0000000000
17169  -45.311  -55.664  19.223 0.0000000000
112758  -33.391  -63.286  21.300 0.0000000000
14786  -32.181  -57.360  18.121 0.0000000000
13977  -30.598  -58.604  18.256 0.0000000000
12399  -31.506  -60.280  17.236 0.0000000000
120682  -30.766  -62.197  16.854 0.0000000000
12418  -32.721  -60.758  16.822 0.0000000000
13204  -42.426  -60.848  15.878 0.0000000000
13999  -42.526  -59.155  16.576 0.0000000000
16360  -41.717  -54.667  16.531 0.0000000000
15549  -40.708  -56.389  18.334 0.0000000000
121560  -39.357  -55.391  18.673 0.0000000000
15532  -36.253  -56.257  19.503 0.0000000000
16341  -37.786  -55.123  18.812 0.0000000000
10170  -40.900  -63.723  17.696 0.0000000000
10897  -40.972  -63.330  19.311 0.0000000000
13946  -38.161  -59.071  20.886 0.0000000000
13963  -40.082  -58.810  19.784 0.0000000000
107381  -39.367  -57.906  20.383 0.0000000000
15516  -41.107  -56.380  20.417 0.0000000000
16319  -38.914  -55.856  21.061 0.0000000000
17066  -32.506  -54.750  26.350 0.0000000000
15459  -33.667  -56.222  24.746 0.0000000000
18002  -31.811  -53.937  25.043 0.0000000000
20875  -34.075  -50.404  25.299 0.0000000000
18999  -33.868  -52.087  23.952 0.0000000000
111563  -35.853  -51.459  24.313 0.0000000000
18025  -37.185  -53.138  22.830 0.0000000000
12351  -33.967  -59.840  20.798 0.0000000000
11580  -31.056  -61.280  21.633 0.0000000000
13122  -31.151  -59.492  21.468 0.0000000000
11613  -26.192  -60.924  19.201 0.0000000000
17225  -32.830  -53.995  14.456 0.0000000000
102073  -32.654  -57.080  15.746 0.0000000000
12459  -31.657  -60.371  13.662 0.0000000000
14776  -44.484  -58.037  17.687 0.0000000000
14792  -43.810  -57.769  17.068 0.0000000000
15569  -45.287  -56.429  17.368 0.0000000000
17204  -44.188  -54.917  16.897 0.0000000000
18128  -42.435  -53.910  15.985 0.0000000000
11598  -39.216  -61.515  20.776 0.0000000000
113007  -37.313  -59.902  21.908 0.0000000000
13925  -35.999  -58.137  22.030 0.0000000000
21665  -30.734  -49.969  27.713 0.0000000000
19923  -31.090  -51.633  26.104 0.0000000000
21688  -31.730  -49.514  26.594 0.0000000000
21690  -33.163  -49.217  26.218 0.0000000000
22530  -34.603  -48.628  26.761 0.0000000000
13942  -32.459  -57.879  20.745 0.0000000000
13921  -29.869  -58.655  21.180 0.0000000000
13959  -30.029  -57.913  19.730 0.0000000000
12379  -29.076  -60.248  18.209 0.0000000000
11674  -27.885  -61.764  16.796 0.0000000000
10957  -29.353  -62.699  16.366 0.0000000000
10210  -30.438  -63.305  16.291 0.0000000000
9551  -31.222  -64.415  15.820 0.0000000000
10896  -37.951  -62.654  18.832 0.0000000000
10879  -34.608  -62.484  20.864 0.0000000000
12367  -37.548  -60.104  19.246 0.0000000000
13156  -36.457  -59.077  19.693 0.0000000000
13982  -40.475  -58.117  17.857 0.0000000000
13962  -38.195  -58.101  18.870 0.0000000000
14754  -35.417  -57.768  19.931 0.0000000000
14753  -34.063  -56.767  19.988 0.0000000000
15529  -33.502  -56.242  19.457 0.0000000000
15563  -33.914  -56.389  18.008 0.0000000000
111300  -39.452  -63.647  17.714 0.0000000000
10941  -42.088  -62.301  16.203 0.0000000000
12384  -43.494  -60.436  16.660 0.0000000000
109194  -40.467  -60.680  19.060 0.0000000000
13159  -41.967  -59.856  18.396 0.0000000000
13966  -43.442  -58.436  18.494 0.0000000000
15536  -43.025  -56.942  19.715 0.0000000000
15517  -42.312  -56.337  20.384 0.0000000000
17141  -41.811  -55.199  22.184 0.0000000000
14671  -35.851  -57.352  25.072 0.0000000000
14681  -34.654  -57.269  23.672 0.0000000000
117088  -34.939  -56.073  22.217 0.0000000000
106387  -32.820  -53.236  23.953 0.0000000000
17117  -34.410  -54.467  22.450 0.0000000000
17136  -35.946  -54.939  21.733 0.0000000000
17121  -38.183  -54.317  22.087 0.0000000000
18052  -39.424  -53.929  22.901 0.0000000000
107901  -32.292  -62.304  21.509 0.0000000000
107786  -29.612  -61.914  21.701 0.0000000000
13137  -27.934  -59.792  20.800 0.0000000000
12349  -26.826  -60.697  20.707 0.0000000000
17199  -37.533  -54.476  18.198 0.0000000000
16372  -35.295  -55.356  17.541 0.0000000000
14789  -35.135  -57.401  16.304 0.0000000000
14802  -35.052  -57.721  15.723 0.0000000000
13202  -34.498  -59.775  16.157 0.0000000000
11680  -34.364  -61.445  16.012 0.0000000000
10240  -33.157  -63.818  15.854 0.0000000000
16294  -44.430  -55.473  22.649 0.0000000000
16309  -44.876  -55.385  21.595 0.0000000000
9440  -33.131  -64.045  21.290 0.0000000000
102574  -34.309  -63.263  20.991 0.0000000000
13995  -33.040  -58.199  17.379 0.0000000000
13994  -31.875  -58.374  17.661 0.0000000000
12400  -32.388  -59.908  17.095 0.0000000000
13189  -43.101  -59.985  15.996 0.0000000000
13188  -41.865  -59.871  16.485 0.0000000000
107410  -43.687  -59.245  16.330 0.0000000000
17182  -40.692  -54.447  16.749 0.0000000000
16359  -40.264  -55.342  18.308 0.0000000000
116752  -39.580  -54.476  17.538 0.0000000000
16358  -38.675  -54.880  18.399 0.0000000000
10112  -40.895  -63.499  21.042 0.0000000000
112456  -40.951  -63.509  20.179 0.0000000000
10131  -40.964  -63.553  19.609 0.0000000000
10882  -41.021  -63.292  20.161 0.0000000000
14719  -37.269  -57.681  21.316 0.0000000000
13947  -38.770  -58.329  20.556 0.0000000000
14738  -37.990  -57.320  20.976 0.0000000000
15515  -39.261  -56.570  20.713 0.0000000000
15504  -38.291  -56.562  20.968 0.0000000000
19897  -30.518  -51.590  28.103 0.0000000000
18938  -30.736  -52.226  28.283 0.0000000000
18952  -31.241  -52.716  27.756 0.0000000000
17983  -32.135  -54.183  26.985 0.0000000000
17982  -31.623  -53.611  26.390 0.0000000000
17084  -32.178  -54.625  25.479 0.0000000000
122023  -31.361  -53.041  26.135 0.0000000000
111201  -34.919  -50.405  25.353 0.0000000000
19959  -34.960  -51.360  24.276 0.0000000000
112387  -36.645  -51.817  24.091 0.0000000000
20890  -36.180  -50.939  25.068 0.0000000000
13124  -33.208  -59.521  21.087 0.0000000000
102174  -32.055  -59.836  21.406 0.0000000000
109838  -31.799  -59.113  21.359 0.0000000000
15590  -31.557  -56.965  14.917 0.0000000000
13233  -31.402  -59.649  14.284 0.0000000000
104288  -31.615  -58.656  13.728 0.0000000000
14761  -45.116  -57.134  18.294 0.0000000000
14762  -45.348  -56.714  17.603 0.0000000000
15538  -45.526  -56.431  18.385 0.0000000000
17168  -44.577  -54.830  18.581 0.0000000000
17185  -45.275  -55.428  18.061 0.0000000000
17183  -43.774  -54.304  17.363 0.0000000000
17203  -43.377  -54.361  16.620 0.0000000000
18111  -42.907  -53.761  16.904 0.0000000000
117161  -36.322  -58.739  22.052 0.0000000000
13908  -36.000  -58.568  22.650 0.0000000000
21651  -30.333  -49.988  28.641 0.0000000000
21652  -30.822  -49.014  28.086 0.0000000000
119440  -31.022  -50.022  27.230 0.0000000000
22504  -31.527  -48.512  27.468 0.0000000000
21691  -34.123  -49.226  26.246 0.0000000000
10861  -29.103  -62.813  21.659 0.0000000000
14734  -32.167  -57.165  20.218 0.0000000000
14733  -30.614  -57.636  20.284 0.0000000000
14770  -30.739  -57.501  19.364 0.0000000000
13182  -29.816  -59.880  17.937 0.0000000000
13166  -29.345  -59.569  18.548 0.0000000000
11652  -28.518  -61.574  17.198 0.0000000000
11675  -28.528  -62.190  16.589 0.0000000000
10938  -31.650  -62.069  16.820 0.0000000000
10937  -31.066  -62.758  16.688 0.0000000000
120665  -31.319  -63.288  16.528 0.0000000000
119247  -30.820  -63.918  16.068 0.0000000000
9538  -31.666  -63.862  16.347 0.0000000000
11633  -39.196  -62.066  17.777 0.0000000000
11632  -38.252  -61.649  18.680 0.0000000000
110514  -36.968  -59.610  19.495 0.0000000000
119447  -37.565  -59.441  19.186 0.0000000000
15567  -43.795  -56.513  17.342 0.0000000000
14791  -42.978  -58.311  16.978 0.0000000000
14775  -41.373  -57.374  17.763 0.0000000000
14774  -39.573  -57.749  18.383 0.0000000000
14773  -38.742  -57.298  18.840 0.0000000000
13961  -36.618  -58.296  19.556 0.0000000000
113928  -36.092  -57.811  19.684 0.0000000000
14737  -34.584  -57.631  20.211 0.0000000000
16339  -35.926  -55.601  19.201 0.0000000000
15531  -35.351  -56.151  19.538 0.0000000000
16338  -35.028  -55.585  19.122 0.0000000000
15546  -33.343  -55.953  18.875 0.0000000000
16355  -34.943  -55.505  18.678 0.0000000000
11634  -41.559  -62.656  17.891 0.0000000000
10171  -41.224  -63.381  16.933 0.0000000000
11635  -42.225  -62.436  16.948 0.0000000000
11659  -43.055  -61.424  15.954 0.0000000000
13170  -42.567  -60.698  17.588 0.0000000000
111038  -39.791  -61.833  20.113 0.0000000000
12356  -39.231  -60.784  20.212 0.0000000000
13964  -40.923  -58.614  19.511 0.0000000000
13158  -40.661  -59.634  19.270 0.0000000000
115617  -41.668  -59.141  18.975 0.0000000000
13983  -43.027  -59.296  18.187 0.0000000000
13965  -42.082  -58.506  19.143 0.0000000000
14759  -42.508  -57.713  19.390 0.0000000000
119469  -40.646  -55.946  20.770 0.0000000000
16321  -41.566  -55.828  20.843 0.0000000000
109556  -42.013  -55.541  21.446 0.0000000000
17140  -40.336  -54.869  21.953 0.0000000000
15461  -35.413  -56.763  25.471 0.0000000000
16268  -33.081  -55.668  24.272 0.0000000000
15469  -34.164  -56.750  24.154 0.0000000000
15487  -34.145  -56.643  23.288 0.0000000000
14706  -34.665  -57.126  22.890 0.0000000000
15486  -33.807  -55.909  22.960 0.0000000000
20873  -31.680  -50.969  25.770 0.0000000000
18004  -32.313  -52.844  24.520 0.0000000000
18997  -32.426  -51.927  24.770 0.0000000000
19020  -34.486  -52.455  23.377 0.0000000000
18024  -34.032  -53.255  23.026 0.0000000000
115238  -34.996  -53.988  22.247 0.0000000000
17118  -35.127  -54.695  22.062 0.0000000000
18048  -35.813  -53.997  22.093 0.0000000000
17119  -36.519  -54.396  21.864 0.0000000000
18049  -36.775  -53.779  22.261 0.0000000000
19000  -37.682  -52.646  23.516 0.0000000000
18026  -38.110  -53.250  23.061 0.0000000000
18027  -38.971  -53.424  23.292 0.0000000000
18053  -40.419  -54.095  23.144 0.0000000000
11596  -35.067  -61.634  20.641 0.0000000000
10866  -33.821  -62.509  21.226 0.0000000000
115941  -33.446  -61.914  21.307 0.0000000000
102192  -30.099  -61.110  21.674 0.0000000000
11579  -29.125  -60.967  21.666 0.0000000000
107684  -28.663  -61.788  21.687 0.0000000000
11578  -27.793  -61.627  21.596 0.0000000000
13939  -29.141  -58.787  20.730 0.0000000000
13119  -28.515  -59.451  21.068 0.0000000000
13153  -27.924  -59.803  20.123 0.0000000000
11631  -25.525  -61.320  18.659 0.0000000000
12363  -26.740  -60.595  19.953 0.0000000000
17200  -38.227  -54.280  17.857 0.0000000000
18124  -37.862  -54.097  17.869 0.0000000000
102663  -35.310  -55.985  16.715 0.0000000000
15565  -35.150  -56.577  16.483 0.0000000000
15580  -35.127  -56.614  16.266 0.0000000000
14800  -32.319  -57.940  15.474 0.0000000000
14801  -33.871  -57.875  15.663 0.0000000000
13213  -34.906  -58.630  15.958 0.0000000000
13212  -34.446  -59.446  15.785 0.0000000000
12420  -34.468  -60.827  15.952 0.0000000000
12440  -34.089  -60.910  15.720 0.0000000000
10974  -31.736  -62.157  14.568 0.0000000000
10960  -33.584  -62.510  15.797 0.0000000000
10959  -33.172  -63.298  15.643 0.0000000000
16323  -44.785  -55.917  21.185 0.0000000000
16325  -45.396  -56.073  19.574 0.0000000000
16324  -45.098  -55.763  20.767 0.0000000000
17155  -44.990  -55.252  20.107 0.0000000000
109061  -44.190  -54.624  19.675 0.0000000000
23403  -31.776  -47.741  27.760 0.0000000000
23383  -32.054  -47.036  28.187 0.0000000000
107787  -31.850  -62.993  21.477 0.0000000000
14771  -31.506  -57.067  18.946 0.0000000000
110341  -30.301  -58.140  18.898 0.0000000000
13978  -31.116  -57.891  18.376 0.0000000000
13183  -30.664  -59.411  17.740 0.0000000000
12398  -30.447  -60.477  17.446 0.0000000000
11654  -30.273  -61.563  17.130 0.0000000000
11655  -31.119  -61.100  17.103 0.0000000000
11677  -31.978  -61.211  16.963 0.0000000000
100925  -33.022  -61.790  16.584 0.0000000000
12402  -41.437  -61.507  16.221 0.0000000000
103704  -41.311  -60.541  16.454 0.0000000000
13187  -40.542  -59.822  17.279 0.0000000000
13998  -41.069  -59.032  17.392 0.0000000000
15566  -42.482  -55.673  17.427 0.0000000000
15550  -41.586  -56.326  17.948 0.0000000000
111802  -41.202  -55.486  17.881 0.0000000000
120625  -39.623  -56.537  18.691 0.0000000000
15534  -38.561  -55.992  19.169 0.0000000000
118486  -37.021  -56.384  19.448 0.0000000000
15533  -37.603  -55.959  19.355 0.0000000000
10908  -41.191  -63.378  18.314 0.0000000000
11616  -40.927  -62.682  18.845 0.0000000000
13144  -38.640  -59.857  20.586 0.0000000000
13145  -39.486  -59.540  20.004 0.0000000000
120291  -38.886  -59.044  20.444 0.0000000000
13948  -39.456  -58.574  20.222 0.0000000000
14757  -40.150  -57.987  20.004 0.0000000000
14740  -39.701  -57.257  20.413 0.0000000000
110132  -40.162  -56.510  20.545 0.0000000000
16320  -39.842  -55.886  20.930 0.0000000000
17047  -32.974  -54.667  27.116 0.0000000000
104542  -33.742  -55.457  26.311 0.0000000000
120720  -34.203  -56.190  25.463 0.0000000000
16261  -32.906  -55.349  25.753 0.0000000000
16267  -32.634  -55.177  24.823 0.0000000000
16281  -32.722  -54.924  23.962 0.0000000000
20887  -33.703  -51.037  24.861 0.0000000000
113684  -33.349  -51.681  24.477 0.0000000000
19958  -34.176  -51.458  24.357 0.0000000000
19976  -35.220  -51.884  23.689 0.0000000000
19021  -35.495  -52.562  23.056 0.0000000000
114309  -36.643  -52.472  23.360 0.0000000000
120216  -37.322  -52.139  23.990 0.0000000000
19001  -38.200  -52.241  24.357 0.0000000000
12339  -34.261  -60.796  20.854 0.0000000000
106265  -33.437  -61.205  21.242 0.0000000000
12337  -32.573  -60.729  21.415 0.0000000000
12336  -31.573  -60.536  21.556 0.0000000000
12334  -29.616  -60.156  21.595 0.0000000000
12364  -27.405  -60.270  19.655 0.0000000000
17233  -32.391  -54.809  14.248 0.0000000000
17216  -31.847  -55.231  14.960 0.0000000000
16393  -31.878  -55.695  15.512 0.0000000000
15584  -31.822  -56.533  15.436 0.0000000000
108702  -31.825  -57.266  15.360 0.0000000000
14018  -31.939  -58.864  15.301 0.0000000000
12439  -32.763  -60.301  15.453 0.0000000000
12452  -31.435  -60.556  14.301 0.0000000000
116854  -31.526  -61.349  13.881 0.0000000000
13985  -44.237  -58.544  16.872 0.0000000000
14000  -44.083  -58.617  16.652 0.0000000000
14777  -44.699  -57.320  17.381 0.0000000000
116250  -44.465  -57.594  17.183 0.0000000000
16342  -45.716  -55.995  18.344 0.0000000000
16378  -44.859  -55.761  17.178 0.0000000000
16377  -43.848  -55.252  16.926 0.0000000000
16376  -42.507  -54.374  16.132 0.0000000000
120726  -42.344  -54.087  15.893 0.0000000000
16375  -41.760  -54.110  15.987 0.0000000000
11599  -40.522  -62.595  20.667 0.0000000000
12340  -37.892  -60.446  21.639 0.0000000000
12318  -37.587  -60.310  22.246 0.0000000000
13126  -37.554  -59.593  21.473 0.0000000000
13926  -36.647  -58.363  21.675 0.0000000000
14718  -36.349  -57.531  21.660 0.0000000000
20831  -30.489  -50.783  27.975 0.0000000000
19906  -30.584  -51.347  27.475 0.0000000000
18965  -30.856  -52.112  26.555 0.0000000000
20832  -30.769  -50.649  27.174 0.0000000000
20874  -32.310  -50.495  25.616 0.0000000000
22505  -32.199  -48.085  27.103 0.0000000000
21689  -32.321  -49.331  26.328 0.0000000000
21710  -32.704  -49.878  25.837 0.0000000000
21711  -33.611  -49.826  25.757 0.0000000000
21712  -34.531  -49.879  25.837 0.0000000000
109528  -35.222  -49.421  26.444 0.0000000000
13924  -32.058  -58.501  21.169 0.0000000000
13923  -31.260  -58.591  21.246 0.0000000000
13922  -30.576  -58.176  20.996 0.0000000000
13940  -29.879  -58.146  20.545 0.0000000000
13958  -28.887  -58.874  20.084 0.0000000000
13165  -28.745  -59.775  18.904 0.0000000000
11651  -27.701  -61.363  17.288 0.0000000000
10936  -30.183  -62.411  16.698 0.0000000000
10239  -29.323  -63.402  15.789 0.0000000000
9550  -30.122  -64.034  15.599 0.0000000000
9567  -30.542  -64.833  15.164 0.0000000000
120152  -36.686  -62.910  19.746 0.0000000000
10880  -35.462  -62.674  20.497 0.0000000000
10895  -37.063  -62.318  19.544 0.0000000000
111831  -36.160  -62.088  20.210 0.0000000000
11597  -35.833  -61.036  20.298 0.0000000000
11614  -37.481  -60.920  19.308 0.0000000000
12354  -36.272  -60.502  20.010 0.0000000000
12353  -35.621  -60.128  20.258 0.0000000000
106741  -35.176  -59.479  20.329 0.0000000000
13141  -34.500  -59.246  20.509 0.0000000000
14790  -41.632  -58.426  17.416 0.0000000000
107191  -40.276  -57.261  18.217 0.0000000000
13157  -37.136  -58.896  19.370 0.0000000000
13960  -35.926  -58.497  19.855 0.0000000000
13944  -34.176  -58.361  20.477 0.0000000000
13943  -33.318  -58.120  20.656 0.0000000000
14735  -32.947  -57.285  20.354 0.0000000000
15514  -32.789  -56.658  19.822 0.0000000000
14751  -32.151  -56.678  19.444 0.0000000000
14772  -32.175  -56.716  18.768 0.0000000000
15562  -32.847  -56.581  18.444 0.0000000000
14787  -33.417  -57.238  17.640 0.0000000000
102733  -37.532  -63.562  19.065 0.0000000000
10906  -38.860  -62.895  18.060 0.0000000000
11656  -40.094  -62.469  16.908 0.0000000000
10189  -40.634  -63.696  17.220 0.0000000000
10918  -40.661  -63.331  16.781 0.0000000000
11657  -41.044  -62.461  16.401 0.0000000000
12421  -42.328  -61.589  15.884 0.0000000000
12423  -43.206  -60.790  15.912 0.0000000000
13190  -43.669  -59.826  16.351 0.0000000000
11615  -40.610  -62.651  19.746 0.0000000000
12368  -40.153  -61.496  19.425 0.0000000000
12369  -40.967  -61.588  18.540 0.0000000000
104224  -39.874  -60.391  19.584 0.0000000000
108946  -41.322  -60.601  18.446 0.0000000000
13172  -43.989  -59.692  16.927 0.0000000000
13984  -44.216  -58.980  17.261 0.0000000000
14760  -43.953  -57.626  18.900 0.0000000000
15537  -44.519  -56.905  19.523 0.0000000000
15535  -41.706  -56.925  19.877 0.0000000000
15518  -43.934  -56.425  20.439 0.0000000000
16322  -43.196  -55.840  21.167 0.0000000000
16307  -43.267  -55.496  22.040 0.0000000000
15460  -34.522  -56.607  25.061 0.0000000000
15470  -34.944  -57.177  24.620 0.0000000000
13876  -35.690  -58.277  23.371 0.0000000000
13907  -35.534  -57.976  22.633 0.0000000000
14717  -35.640  -57.437  22.085 0.0000000000
15502  -35.939  -56.642  21.672 0.0000000000
115909  -31.839  -53.286  24.890 0.0000000000
18003  -32.235  -53.642  24.424 0.0000000000
17101  -32.638  -54.082  23.830 0.0000000000
19019  -33.568  -52.833  23.607 0.0000000000
18023  -33.295  -53.652  23.378 0.0000000000
16290  -33.720  -55.008  22.805 0.0000000000
16291  -34.480  -55.470  22.400 0.0000000000
16301  -35.902  -55.754  21.657 0.0000000000
16302  -36.652  -55.915  21.445 0.0000000000
114903  -37.372  -55.556  21.386 0.0000000000
17138  -37.864  -54.964  21.553 0.0000000000
17139  -38.756  -54.777  21.750 0.0000000000
18050  -37.684  -53.751  22.447 0.0000000000
17122  -39.014  -54.331  22.307 0.0000000000
119062  -39.469  -54.691  21.948 0.0000000000
17123  -41.010  -54.594  22.674 0.0000000000
10865  -33.053  -62.451  21.386 0.0000000000
108288  -30.999  -62.871  21.535 0.0000000000
11581  -31.971  -61.457  21.578 0.0000000000
10862  -30.567  -62.029  21.654 0.0000000000
111137  -30.109  -62.794  21.610 0.0000000000
115092  -30.582  -58.811  21.321 0.0000000000
13120  -29.255  -59.320  21.321 0.0000000000
12333  -28.624  -60.081  21.443 0.0000000000
12350  -27.374  -60.244  20.435 0.0000000000
12332  -27.465  -60.305  21.063 0.0000000000
106315  -27.552  -60.878  21.387 0.0000000000
18071  -44.698  -54.673  21.805 0.0000000000
111034  -42.279  -53.604  18.145 0.0000000000
18110  -41.856  -53.386  16.796 0.0000000000
18126  -40.340  -53.587  16.861 0.0000000000
17201  -39.627  -53.995  16.991 0.0000000000
17181  -38.783  -54.263  17.688 0.0000000000
16374  -38.151  -54.533  18.059 0.0000000000
16357  -36.883  -54.854  18.419 0.0000000000
18123  -36.996  -54.294  18.190 0.0000000000
16373  -36.108  -54.920  18.088 0.0000000000
16356  -35.763  -55.269  18.351 0.0000000000
15548  -35.318  -55.693  17.455 0.0000000000
14788  -34.758  -57.286  16.976 0.0000000000
13996  -34.286  -58.103  16.755 0.0000000000
15585  -32.342  -56.212  15.963 0.0000000000
15586  -34.298  -56.695  16.052 0.0000000000
15579  -34.856  -56.407  16.267 0.0000000000
14022  -35.019  -57.453  15.852 0.0000000000
14009  -34.831  -58.809  16.089 0.0000000000
13186  -33.864  -59.037  16.612 0.0000000000
13201  -33.563  -60.101  16.579 0.0000000000
12419  -33.889  -61.191  16.361 0.0000000000
10939  -33.635  -62.473  16.171 0.0000000000
10213  -33.579  -62.860  16.019 0.0000000000
10212  -33.202  -63.235  16.227 0.0000000000
9539  -32.739  -63.935  16.209 0.0000000000
10127  -35.806  -63.769  20.096 0.0000000000
10188  -40.116  -63.779  17.317 0.0000000000
10261  -29.164  -63.980  15.180 0.0000000000
10863  -31.465  -62.164  21.588 0.0000000000
10864  -32.606  -63.063  21.423 0.0000000000
10907  -39.723  -63.205  17.283 0.0000000000
10909  -41.496  -63.200  17.319 0.0000000000
10919  -41.541  -62.815  16.435 0.0000000000
10920  -41.872  -62.725  16.597 0.0000000000
10940  -34.048  -62.015  15.950 0.0000000000
10958  -32.526  -61.980  15.303 0.0000000000
11582  -32.797  -61.680  21.428 0.0000000000
11583  -34.110  -61.746  21.077 0.0000000000
11595  -26.059  -61.105  20.264 0.0000000000
11653  -29.279  -61.414  17.363 0.0000000000
11658  -42.469  -61.976  16.270 0.0000000000
11678  -34.030  -61.873  16.170 0.0000000000
11679  -34.339  -61.413  16.029 0.0000000000
11681  -41.910  -62.175  16.032 0.0000000000
11682  -42.507  -61.807  15.951 0.0000000000
11690  -31.689  -61.224  14.760 0.0000000000
12331  -27.006  -60.837  21.164 0.0000000000
12335  -30.608  -60.326  21.606 0.0000000000
12338  -33.380  -60.356  21.154 0.0000000000
12352  -34.777  -60.049  20.533 0.0000000000
12366  -36.861  -60.352  19.616 0.0000000000
12380  -38.073  -60.633  18.906 0.0000000000
12383  -42.951  -61.429  16.586 0.0000000000
12403  -43.375  -60.812  16.155 0.0000000000
12422  -42.802  -61.348  15.825 0.0000000000
13107  -37.040  -59.735  22.369 0.0000000000
13118  -28.039  -59.920  21.196 0.0000000000
13121  -30.154  -59.406  21.478 0.0000000000
13123  -32.470  -59.260  21.273 0.0000000000
13125  -36.838  -59.249  21.823 0.0000000000
13138  -28.493  -59.330  20.480 0.0000000000
13140  -33.684  -58.990  20.757 0.0000000000
13142  -35.786  -59.279  20.061 0.0000000000
13143  -38.043  -59.977  21.090 0.0000000000
13154  -28.531  -59.430  19.710 0.0000000000
13167  -29.907  -58.957  18.516 0.0000000000
13171  -43.137  -60.026  17.531 0.0000000000
13173  -44.156  -59.245  16.588 0.0000000000
13184  -31.648  -59.277  17.462 0.0000000000
13203  -34.619  -59.836  15.961 0.0000000000
13210  -31.973  -59.646  15.273 0.0000000000
13927  -37.399  -58.681  21.337 0.0000000000
13941  -31.471  -57.776  20.742 0.0000000000
13945  -35.108  -58.623  20.228 0.0000000000
13979  -37.856  -58.866  18.967 0.0000000000
13993  -31.127  -58.683  17.838 0.0000000000
13997  -35.067  -57.988  16.275 0.0000000000
14010  -35.231  -58.101  15.947 0.0000000000
14019  -33.421  -58.723  15.583 0.0000000000
14020  -34.825  -58.402  15.713 0.0000000000
14021  -35.150  -58.045  15.766 0.0000000000
14682  -35.446  -57.802  24.130 0.0000000000
14698  -35.092  -57.737  23.200 0.0000000000
14707  -35.172  -57.449  22.613 0.0000000000
14736  -33.739  -57.465  20.348 0.0000000000
14739  -38.767  -57.420  20.660 0.0000000000
14741  -40.617  -57.115  20.130 0.0000000000
14752  -33.370  -56.793  20.062 0.0000000000
14793  -45.039  -56.898  17.265 0.0000000000
14807  -31.567  -57.908  15.004 0.0000000000
14809  -31.556  -57.424  14.229 0.0000000000
15468  -33.586  -56.172  23.758 0.0000000000
15494  -34.462  -56.384  22.656 0.0000000000
15495  -35.152  -56.774  22.279 0.0000000000
15519  -45.090  -56.263  20.256 0.0000000000
15530  -34.447  -56.118  19.511 0.0000000000
15545  -32.601  -56.312  18.982 0.0000000000
15547  -34.459  -55.768  18.412 0.0000000000
15551  -45.593  -56.323  17.710 0.0000000000
15564  -35.130  -56.504  17.163 0.0000000000
15568  -44.866  -56.529  17.163 0.0000000000
15578  -33.344  -56.046  16.370 0.0000000000
15587  -35.090  -57.056  15.876 0.0000000000
16262  -33.642  -55.827  25.558 0.0000000000
16264  -34.957  -56.252  25.833 0.0000000000
16292  -35.280  -55.509  21.940 0.0000000000
16303  -37.468  -56.241  21.254 0.0000000000
16304  -38.078  -55.724  21.240 0.0000000000
16305  -39.499  -55.228  21.451 0.0000000000
16310  -45.030  -55.450  21.096 0.0000000000
16337  -34.195  -55.691  19.071 0.0000000000
16340  -36.856  -55.573  19.230 0.0000000000
16361  -45.235  -55.725  17.407 0.0000000000
16389  -35.291  -55.581  16.970 0.0000000000
17065  -31.961  -54.282  26.176 0.0000000000
17083  -31.756  -53.987  25.708 0.0000000000
17086  -32.293  -54.423  24.548 0.0000000000
17102  -33.184  -54.527  23.322 0.0000000000
17116  -33.787  -54.076  22.822 0.0000000000
17120  -37.301  -54.349  21.922 0.0000000000
17137  -36.837  -55.037  21.563 0.0000000000
17154  -44.574  -54.775  20.914 0.0000000000
17180  -36.543  -54.707  18.206 0.0000000000
17184  -44.507  -54.884  17.261 0.0000000000
17202  -40.655  -54.021  16.444 0.0000000000
17967  -31.677  -53.437  27.308 0.0000000000
17997  -31.567  -53.288  25.569 0.0000000000
18047  -34.515  -53.662  22.590 0.0000000000
18051  -38.556  -53.814  22.665 0.0000000000
18127  -41.374  -53.750  16.361 0.0000000000
18149  -33.341  -53.286  14.637 0.0000000000
18951  -30.703  -52.076  27.351 0.0000000000
18984  -31.748  -52.590  25.114 0.0000000000
18985  -31.649  -51.777  25.419 0.0000000000
18998  -33.038  -52.416  24.176 0.0000000000
19039  -34.731  -53.014  22.821 0.0000000000
19040  -35.272  -53.363  22.505 0.0000000000
19922  -30.738  -51.476  26.826 0.0000000000
19944  -32.334  -51.140  25.261 0.0000000000
19945  -33.096  -50.541  25.326 0.0000000000
19975  -34.552  -51.819  23.897 0.0000000000
19977  -35.974  -52.007  23.659 0.0000000000
20849  -31.189  -50.805  26.430 0.0000000000
20850  -31.858  -50.114  26.131 0.0000000000
20888  -34.548  -50.902  24.814 0.0000000000
21666  -31.296  -49.404  27.223 0.0000000000
22527  -31.889  -48.830  26.778 0.0000000000
24175  -32.451  -46.463  28.714 0.0000000000
100939  -38.954  -58.212  18.544 0.0000000000
101865  -31.226  -52.473  25.902 0.0000000000
102195  -31.308  -50.069  26.782 0.0000000000
103276  -38.047  -58.073  20.911 0.0000000000
103364  -37.381  -58.084  19.273 0.0000000000
105225  -29.400  -58.392  19.986 0.0000000000
105377  -34.018  -60.174  15.652 0.0000000000
106723  -32.823  -56.287  19.297 0.0000000000
107285  -26.906  -60.585  19.226 0.0000000000
107641  -37.580  -56.924  21.176 0.0000000000
108231  -34.928  -56.883  19.860 0.0000000000
109742  -36.318  -59.821  19.854 0.0000000000
109763  -42.949  -54.272  16.326 0.0000000000
110130  -38.611  -55.297  21.393 0.0000000000
111259  -30.479  -51.817  28.781 0.0000000000
112088  -36.714  -61.248  19.783 0.0000000000
112908  -34.515  -60.305  15.879 0.0000000000
114241  -34.254  -57.212  15.817 0.0000000000
114957  -27.957  -60.376  21.347 0.0000000000
115640  -35.012  -63.215  20.634 0.0000000000
115712  -35.256  -50.070  25.933 0.0000000000
115914  -32.749  -59.936  21.297 0.0000000000
116016  -34.453  -60.642  16.089 0.0000000000
117065  -45.266  -55.714  20.318 0.0000000000
117575  -37.473  -61.713  19.290 0.0000000000
118134  -39.887  -54.411  22.475 0.0000000000
118868  -33.130  -55.702  25.025 0.0000000000
119095  -33.237  -56.636  16.059 0.0000000000
119325  -32.832  -63.533  21.378 0.0000000000
119732  -35.422  -56.152  21.899 0.0000000000
119808  -32.363  -54.016  16.014 0.0000000000
119878  -33.144  -55.127  26.553 0.0000000000
120450  -36.617  -51.375  24.689 0.0000000000
121505  -36.326  -55.400  21.590 0.0000000000
121963  -32.601  -62.767  15.235 0.0000000000
