#!ascii label  , from subject sub-v1s9x0051355_ses-1 vox2ras=TkReg
2277
45626  29.425  -19.901  83.795 0.5555559993
43623  28.643  -21.878  82.533 0.4444440007
122429  29.049  -21.056  83.473 0.4444440007
44686  28.368  -21.593  83.424 0.5555559993
44676  29.624  -20.288  83.639 0.4444440007
45627  29.348  -19.999  84.022 0.5555559993
45628  28.795  -20.158  84.298 0.5555559993
43635  28.595  -22.561  81.483 0.4444440007
44677  28.829  -20.593  84.050 0.5555559993
42664  28.108  -22.400  82.763 0.4444440007
43615  28.228  -21.376  84.339 0.5555559993
46543  29.065  -19.770  83.635 0.4444440007
46544  28.449  -19.841  83.717 0.4444440007
45638  29.568  -19.788  83.186 0.4444440007
46534  28.307  -19.922  84.275 0.4444440007
44675  30.231  -20.261  83.301 0.5555559993
46538  28.918  -19.908  84.163 0.5555559993
43634  29.538  -21.765  82.030 0.4444440007
43607  27.930  -22.359  83.645 0.4444440007
44670  28.312  -20.769  84.591 0.5555559993
41701  27.676  -23.972  82.658 0.4444440007
42656  27.847  -23.391  83.522 0.4444440007
41711  27.471  -24.397  81.847 0.2222220004
40628  27.657  -25.431  81.770 0.1111110002
45639  28.673  -19.839  82.977 0.3333329856
45640  27.760  -20.286  82.794 0.3333329856
45629  27.732  -20.057  83.840 0.4444440007
44697  30.515  -21.204  82.588 0.4444440007
45637  30.577  -20.080  82.977 0.4444440007
108776  30.305  -19.863  83.029 0.4444440007
44685  29.903  -20.944  83.136 0.4444440007
43606  28.077  -22.187  85.002 0.5555559993
40617  27.788  -24.975  82.726 0.4444440007
43632  31.944  -21.703  81.962 0.4444440007
43622  31.777  -21.043  82.342 0.4444440007
45636  31.270  -20.422  82.438 0.4444440007
45645  31.686  -20.257  82.041 0.4444440007
45648  28.874  -20.274  82.140 0.3333329856
45649  28.104  -20.399  82.056 0.3333329856
44684  30.822  -20.609  82.786 0.4444440007
45647  29.877  -20.099  82.122 0.4444440007
121696  28.284  -20.485  81.539 0.3333329856
43633  30.657  -21.798  81.674 0.3333329856
45655  29.654  -20.556  80.806 0.3333329856
45656  28.596  -20.568  80.959 0.3333329856
45668  27.515  -20.844  80.317 0.3333329856
43646  29.491  -22.532  81.026 0.2222220004
42650  27.928  -22.898  84.437 0.5555559993
40623  28.175  -25.857  82.513 0.1111110002
44695  32.730  -21.525  81.715 0.4444440007
45644  32.502  -20.926  81.832 0.5555559993
124127  32.179  -20.489  81.775 0.4444440007
42663  33.110  -22.409  81.642 0.3333329856
44683  32.371  -21.302  81.990 0.4444440007
45635  31.981  -20.701  82.177 0.4444440007
45653  31.975  -20.352  81.253 0.4444440007
123964  32.716  -22.202  81.631 0.3333329856
43621  32.496  -21.710  81.804 0.4444440007
42675  32.511  -22.377  81.470 0.3333329856
43645  31.531  -22.200  81.279 0.3333329856
109931  31.160  -20.298  81.237 0.4444440007
42688  30.608  -22.686  80.503 0.2222220004
118549  30.437  -20.284  81.483 0.3333329856
45667  28.110  -20.882  79.906 0.3333329856
45658  26.974  -20.912  80.703 0.2222220004
44694  33.397  -21.870  81.622 0.4444440007
45643  33.026  -21.316  81.451 0.5555559993
45652  32.647  -20.689  81.143 0.5555559993
42673  33.692  -23.096  81.642 0.3333329856
45663  32.067  -20.725  80.186 0.5555559993
122795  31.451  -20.553  80.375 0.5555559993
41722  33.041  -24.021  80.745 0.2222220004
42686  32.809  -23.155  81.080 0.2222220004
45677  31.345  -20.854  79.405 0.4444440007
41733  32.692  -24.378  79.790 0.1111110002
42687  31.825  -22.808  80.663 0.2222220004
44693  34.257  -22.072  81.566 0.4444440007
44705  33.376  -21.296  80.880 0.5555559993
42672  34.461  -23.357  81.506 0.3333329856
44706  32.854  -21.117  79.876 0.5555559993
44711  32.001  -21.063  79.098 0.5555559993
41719  35.584  -24.442  81.073 0.3333329856
41708  34.919  -24.136  81.258 0.3333329856
40636  34.851  -25.200  80.408 0.1111110002
41720  34.654  -24.497  80.913 0.2222220004
41721  33.884  -24.199  80.858 0.2222220004
107653  31.877  -21.485  78.282 0.3333329856
40646  34.464  -25.654  79.715 0.1111110002
120740  34.151  -24.957  80.321 0.1111110002
41732  33.415  -24.610  80.306 0.1111110002
40647  33.407  -25.157  79.486 0.1111110002
41746  32.435  -24.765  78.859 0.1111110002
41747  31.626  -24.591  78.483 0.1111110002
40659  32.051  -25.210  78.186 0.1111110002
41758  30.369  -24.449  77.588 0.1111110002
121806  29.358  -24.612  76.571 0.1111110002
116133  33.674  -21.664  81.383 0.5555559993
43630  34.834  -22.744  81.436 0.4444440007
44704  34.239  -21.779  80.984 0.5555559993
44710  33.775  -21.610  79.982 0.6666669846
44725  32.590  -21.463  78.682 0.5555559993
42671  35.355  -23.581  81.318 0.5555559993
43643  35.817  -22.913  81.196 0.4444440007
43681  33.249  -22.070  78.078 0.6666669846
118609  36.301  -24.847  80.515 0.4444440007
40635  35.390  -25.139  80.496 0.4444440007
42685  36.344  -23.774  80.985 0.4444440007
40655  36.441  -25.494  78.643 0.3333329856
40643  36.455  -25.341  79.600 0.3333329856
40644  35.632  -25.598  79.899 0.3333329856
40645  35.031  -25.799  79.950 0.2222220004
40656  35.714  -25.926  79.139 0.3333329856
39638  34.831  -25.989  79.528 0.2222220004
39639  34.401  -25.901  79.049 0.1111110002
40658  32.864  -25.599  78.513 0.1111110002
41757  31.280  -24.766  77.849 0.1111110002
106475  30.937  -25.224  77.216 0.1111110002
40672  30.108  -24.906  76.945 0.1111110002
43656  35.874  -22.620  80.444 0.6666669846
43644  35.087  -22.320  81.148 0.6666669846
44723  34.821  -22.250  79.874 0.6666669846
44724  34.032  -21.965  78.848 0.6666669846
43642  36.637  -22.976  80.571 0.5555559993
41731  37.158  -24.738  79.986 0.3333329856
41718  36.934  -24.229  80.469 0.4444440007
41756  37.099  -25.145  78.223 0.3333329856
43668  34.740  -22.338  78.449 0.6666669846
43669  34.052  -22.337  77.967 0.7777780294
43655  36.671  -22.628  79.557 0.5555559993
102691  35.593  -22.572  79.096 0.6666669846
41730  37.438  -24.076  80.063 0.4444440007
42684  37.102  -23.536  80.326 0.5555559993
43654  37.300  -22.942  79.822 0.5555559993
43680  34.581  -22.580  77.377 0.6666669846
41755  37.750  -24.488  78.440 0.3333329856
41744  37.745  -24.304  79.460 0.3333329856
42699  37.800  -23.466  79.621 0.4444440007
43666  37.392  -22.547  79.023 0.6666669846
104444  37.757  -24.202  77.575 0.4444440007
42711  38.288  -23.782  78.966 0.4444440007
43678  36.840  -22.351  78.307 0.6666669846
43667  36.083  -22.551  78.441 0.6666669846
102605  35.305  -22.431  77.961 0.7777780294
43665  37.798  -22.650  78.993 0.6666669846
43690  35.344  -22.390  76.952 0.6666669846
42698  38.181  -23.107  78.854 0.4444440007
42720  38.196  -23.770  78.144 0.5555559993
42719  38.089  -23.022  77.613 0.5555559993
43679  36.031  -22.067  77.571 0.7777780294
119389  37.592  -21.573  78.312 0.6666669846
44738  36.723  -21.522  77.795 0.6666669846
43653  38.026  -22.481  78.316 0.5555559993
42710  38.218  -23.214  78.347 0.5555559993
43664  38.185  -22.527  78.080 0.5555559993
43677  38.293  -22.460  77.695 0.5555559993
45676  37.335  -20.128  78.750 0.6666669846
46580  36.917  -19.764  78.356 0.6666669846
45675  38.219  -20.871  78.346 0.6666669846
123264  37.772  -20.280  78.740 0.6666669846
103320  37.034  -20.753  78.215 0.6666669846
45684  36.655  -20.715  77.398 0.6666669846
44721  38.349  -21.480  77.969 0.5555559993
44722  37.968  -21.861  78.146 0.6666669846
45685  36.488  -19.863  76.998 0.5555559993
44737  38.643  -21.674  77.663 0.5555559993
43688  39.153  -21.996  76.356 0.5555559993
43676  38.954  -21.801  77.182 0.5555559993
44748  39.570  -21.325  76.758 0.5555559993
46568  37.436  -19.266  79.170 0.7777780294
45662  37.294  -19.590  79.012 0.6666669846
45674  38.829  -20.423  78.580 0.6666669846
46579  38.308  -19.744  79.221 0.6666669846
44736  39.314  -21.111  77.424 0.5555559993
44720  39.008  -20.831  77.921 0.6666669846
44761  40.087  -20.803  76.309 0.5555559993
47494  37.764  -18.604  79.247 0.7777780294
104163  37.231  -19.000  78.270 0.7777780294
47500  36.866  -18.513  77.519 0.6666669846
46567  37.864  -18.978  79.593 0.6666669846
46591  36.420  -18.967  77.374 0.6666669846
46578  39.279  -19.590  78.916 0.6666669846
45673  39.407  -20.244  78.336 0.6666669846
113834  40.722  -19.495  76.332 0.6666669846
44735  39.916  -20.640  77.088 0.5555559993
45683  39.687  -20.465  77.746 0.6666669846
45695  40.499  -20.097  75.839 0.6666669846
47499  37.673  -18.421  78.077 0.6666669846
48442  38.198  -17.927  78.944 0.6666669846
48451  36.958  -17.952  77.384 0.6666669846
47488  38.859  -18.099  79.250 0.7777780294
47489  38.270  -18.281  79.396 0.6666669846
46610  41.164  -18.610  75.489 0.7777780294
46577  39.962  -18.937  78.331 0.7777780294
47493  39.391  -18.508  78.985 0.7777780294
46611  40.745  -19.220  75.828 0.7777780294
46601  40.766  -19.409  76.926 0.6666669846
46590  40.451  -19.195  77.604 0.6666669846
45672  39.921  -19.823  78.119 0.6666669846
45690  40.452  -20.114  76.693 0.6666669846
45682  40.290  -20.009  77.399 0.6666669846
49491  39.233  -17.075  77.662 0.8888890147
48449  38.719  -17.499  78.305 0.8888890147
48450  38.030  -17.861  77.762 0.8888890147
48462  36.594  -17.811  76.681 0.6666669846
48448  39.477  -17.469  78.306 0.8888890147
48441  38.805  -17.731  79.033 0.8888890147
47513  41.590  -18.030  75.774 0.7777780294
47498  40.456  -18.232  77.827 0.8888890147
48440  39.411  -17.794  78.712 0.7777780294
47524  41.876  -18.167  75.158 0.7777780294
46600  41.066  -18.709  76.287 0.7777780294
46589  40.941  -18.497  77.092 0.7777780294
46629  41.329  -18.907  73.579 0.6666669846
49514  38.885  -16.718  76.369 0.7777780294
108935  38.094  -17.158  76.587 0.6666669846
49503  39.596  -16.631  77.039 0.8888890147
120735  38.791  -16.741  77.086 0.8888890147
49504  38.378  -17.235  77.412 0.6666669846
103981  41.103  -16.591  76.491 0.8888890147
49502  40.494  -16.654  76.851 0.8888890147
47523  42.461  -17.818  74.739 0.7777780294
47512  42.090  -17.649  75.284 0.8888890147
47505  41.687  -17.391  75.862 0.7777780294
47506  41.280  -17.807  76.475 0.8888890147
48459  41.292  -17.045  76.497 0.8888890147
47497  40.795  -17.564  77.178 0.8888890147
48460  40.666  -17.089  77.101 0.8888890147
47537  41.908  -18.281  74.305 0.6666669846
113831  41.965  -18.454  73.426 0.6666669846
120309  39.934  -16.305  76.222 0.8888890147
48475  42.182  -17.185  75.393 0.8888890147
122945  42.310  -16.658  75.548 0.8888890147
48458  41.812  -16.801  75.891 0.8888890147
109815  41.541  -16.474  76.188 0.8888890147
107176  40.892  -16.010  76.396 0.8888890147
49513  40.681  -15.832  75.786 0.8888890147
49521  39.914  -16.524  75.068 0.7777780294
48492  42.555  -17.418  74.847 0.8888890147
50467  41.272  -15.576  76.038 0.8888890147
47536  42.646  -18.120  73.911 0.6666669846
47522  42.995  -17.635  74.328 0.7777780294
48493  39.185  -17.051  74.255 0.6666669846
48474  42.652  -16.945  75.043 0.8888890147
49512  42.046  -15.963  75.927 0.8888890147
50480  41.144  -15.558  74.314 0.8888890147
49520  40.554  -16.027  74.774 0.7777780294
49530  39.925  -16.645  74.061 0.6666669846
48491  43.048  -17.220  74.513 0.8888890147
50466  41.757  -15.308  75.905 0.8888890147
50473  41.274  -15.405  75.510 0.8888890147
48506  43.498  -17.434  73.890 0.8888890147
47535  43.257  -17.928  73.457 0.7777780294
49519  43.230  -16.677  74.765 0.8888890147
49511  42.805  -16.069  75.416 0.8888890147
49529  40.655  -16.038  73.200 0.5555559993
114255  39.941  -16.479  73.191 0.6666669846
50465  42.486  -15.011  75.608 0.8888890147
50472  41.909  -15.016  75.213 0.8888890147
113111  41.337  -15.636  73.318 0.7777780294
50487  40.975  -15.810  72.326 0.5555559993
48490  43.594  -16.986  74.124 0.8888890147
48505  44.045  -17.186  73.443 0.8888890147
47550  43.257  -18.026  72.340 0.7777780294
50464  43.099  -15.103  75.369 0.7777780294
50493  41.633  -15.370  71.755 0.5555559993
50494  40.829  -15.649  71.291 0.4444440007
49518  43.827  -16.324  74.336 0.8888890147
50471  43.434  -15.761  74.943 0.7777780294
116973  42.649  -14.657  74.779 0.8888890147
50479  41.898  -15.071  74.087 0.8888890147
50486  41.911  -15.272  72.898 0.7777780294
50502  40.660  -15.586  70.384 0.2222220004
49528  44.215  -16.698  73.679 0.8888890147
48531  43.923  -17.763  71.978 0.6666669846
48519  44.395  -17.400  72.554 0.7777780294
48530  44.543  -17.438  71.604 0.7777780294
50470  44.040  -15.247  74.461 0.8888890147
51479  43.018  -14.722  75.169 0.7777780294
50514  41.219  -15.114  69.894 0.2222220004
51486  43.485  -14.806  74.788 0.7777780294
51487  43.205  -14.586  74.650 0.7777780294
50485  42.613  -14.745  73.125 0.6666669846
49535  45.291  -16.485  72.548 0.8888890147
48518  45.011  -17.094  72.112 0.7777780294
48541  44.565  -17.291  70.719 0.6666669846
48529  45.254  -17.217  71.207 0.7777780294
48553  44.514  -17.034  69.822 0.6666669846
48540  45.271  -17.007  70.415 0.6666669846
48552  45.150  -16.715  69.671 0.5555559993
50501  41.376  -15.157  70.793 0.2222220004
116335  44.668  -14.729  73.744 0.8888890147
51492  43.737  -14.367  74.178 0.7777780294
51493  43.154  -14.433  73.936 0.7777780294
51500  43.168  -14.439  72.822 0.7777780294
51513  42.194  -14.947  71.218 0.6666669846
51545  41.146  -15.087  69.138 0.1111110002
49527  44.876  -16.291  73.236 0.8888890147
52479  44.438  -14.105  73.473 0.8888890147
51499  43.892  -14.098  73.404 0.7777780294
50484  45.490  -15.698  72.882 0.8888890147
49544  45.621  -16.675  71.652 0.7777780294
49551  46.411  -16.322  70.372 0.7777780294
123852  44.175  -17.514  68.454 0.4444440007
49570  45.605  -16.532  69.175 0.6666669846
48565  44.809  -17.096  68.884 0.4444440007
49583  44.652  -17.222  67.829 0.2222220004
48578  43.973  -17.466  67.057 0.2222220004
104994  44.712  -16.640  65.956 0.2222220004
123909  44.178  -17.140  65.732 0.2222220004
49599  44.295  -16.884  65.117 0.2222220004
49615  43.941  -16.455  63.288 0.2222220004
51527  42.779  -14.562  70.695 0.3333329856
51528  41.890  -14.649  70.296 0.3333329856
51561  41.569  -14.917  68.399 0.2222220004
51560  42.608  -14.554  68.639 0.2222220004
51512  42.945  -14.493  71.710 0.6666669846
51544  41.814  -14.766  69.360 0.2222220004
50483  45.987  -15.030  72.519 0.8888890147
51491  45.407  -14.746  73.140 0.8888890147
51511  43.820  -14.141  72.279 0.7777780294
49543  46.331  -16.252  71.263 0.7777780294
49559  46.418  -16.227  69.445 0.6666669846
50526  46.881  -15.869  68.541 0.5555559993
120243  46.077  -16.227  68.693 0.5555559993
49582  45.425  -16.648  67.409 0.3333329856
49589  46.275  -16.223  66.186 0.3333329856
115345  45.553  -16.286  65.843 0.2222220004
49598  45.196  -16.318  65.159 0.3333329856
49605  44.955  -16.500  64.355 0.2222220004
51543  42.622  -14.493  69.749 0.3333329856
51526  43.541  -14.185  71.152 0.5555559993
51497  46.295  -14.427  72.178 0.8888890147
52493  45.523  -13.512  72.418 0.7777780294
52510  44.973  -13.176  72.240 0.7777780294
52511  44.320  -13.737  71.709 0.6666669846
52509  46.663  -13.579  71.408 0.8888890147
114681  46.161  -13.622  72.027 0.8888890147
50491  46.597  -15.303  71.708 0.8888890147
51510  46.714  -14.353  71.634 0.8888890147
50490  47.275  -15.047  71.135 0.8888890147
50500  47.030  -15.735  70.898 0.7777780294
52508  47.175  -14.312  71.179 0.8888890147
51525  47.485  -14.653  70.682 0.8888890147
116062  47.139  -15.604  69.405 0.7777780294
50536  46.816  -15.787  67.512 0.4444440007
50545  46.871  -15.824  66.611 0.3333329856
108545  43.432  -14.322  70.166 0.4444440007
51542  43.535  -14.277  69.259 0.4444440007
53470  45.389  -13.098  72.080 0.7777780294
52526  44.075  -13.815  70.523 0.6666669846
121939  43.823  -14.112  69.839 0.4444440007
53469  45.838  -13.072  71.970 0.8888890147
52524  46.595  -12.932  71.049 0.8888890147
52523  47.262  -13.766  70.748 0.8888890147
115046  47.875  -14.563  69.987 0.8888890147
118301  47.739  -15.180  69.524 0.6666669846
51558  47.877  -14.762  68.073 0.6666669846
50535  48.186  -15.170  67.129 0.5555559993
50543  48.505  -15.147  66.254 0.5555559993
51591  50.079  -14.084  66.042 0.5555559993
50525  47.539  -15.305  68.758 0.6666669846
108235  47.477  -15.463  67.873 0.5555559993
50544  47.715  -15.533  66.239 0.4444440007
52536  44.187  -13.813  69.581 0.6666669846
53479  45.262  -12.728  71.690 0.7777780294
52535  44.643  -13.201  70.242 0.6666669846
53478  45.798  -12.553  71.602 0.8888890147
52525  44.736  -13.224  71.264 0.6666669846
53477  46.228  -12.799  71.500 0.8888890147
53485  46.999  -12.726  70.570 0.8888890147
52534  47.654  -13.521  69.989 0.7777780294
51557  48.431  -14.248  68.317 0.7777780294
52546  48.732  -13.467  68.405 0.7777780294
52545  49.433  -12.946  67.768 0.7777780294
107670  48.106  -14.778  69.058 0.7777780294
51575  48.773  -14.481  67.502 0.5555559993
52556  49.263  -13.829  67.678 0.7777780294
52569  50.392  -13.570  66.609 0.6666669846
52592  50.345  -12.747  65.172 0.4444440007
114976  45.498  -12.271  71.342 0.6666669846
53488  45.085  -12.512  71.055 0.5555559993
52547  44.545  -13.101  69.154 0.5555559993
119849  46.222  -12.101  71.214 0.8888890147
111702  47.158  -12.043  70.482 0.8888890147
121149  47.974  -13.335  69.546 0.7777780294
115121  48.327  -13.024  69.183 0.7777780294
52555  50.197  -13.269  67.173 0.7777780294
53510  50.708  -12.269  66.378 0.6666669846
54431  50.374  -11.558  65.860 0.6666669846
53487  45.482  -11.873  70.852 0.5555559993
112289  46.000  -11.859  71.212 0.8888890147
53486  46.511  -12.007  70.943 0.8888890147
54396  46.506  -11.424  70.859 0.8888890147
53493  47.548  -12.562  69.853 0.7777780294
112690  48.167  -11.973  69.352 0.7777780294
53499  48.863  -12.488  68.496 0.7777780294
54412  49.887  -11.237  67.926 0.7777780294
112214  50.467  -11.615  67.262 0.6666669846
55314  50.663  -10.924  66.878 0.6666669846
56288  50.417  -9.930  67.219 0.7777780294
56302  50.322  -9.034  66.995 0.7777780294
55320  50.035  -10.217  66.511 0.8888890147
55329  49.234  -10.581  66.026 0.7777780294
54407  46.060  -10.843  70.698 0.8888890147
54400  46.918  -11.058  70.805 0.8888890147
54406  47.449  -11.442  70.167 0.7777780294
55304  47.492  -10.575  70.510 0.8888890147
54413  48.970  -11.406  68.649 0.7777780294
116876  48.721  -10.606  69.089 0.7777780294
55308  49.526  -10.609  68.372 0.8888890147
106510  49.886  -9.917  68.015 0.8888890147
55302  48.905  -9.839  68.931 0.8888890147
103108  49.929  -9.166  67.634 0.7777780294
104073  46.829  -10.648  70.930 0.8888890147
55293  47.053  -10.130  71.085 0.8888890147
55303  48.133  -10.180  69.859 0.8888890147
54405  48.080  -11.023  69.622 0.7777780294
56250  47.988  -9.312  69.783 0.7777780294
56270  49.371  -9.276  68.366 0.7777780294
55294  46.786  -10.000  70.998 0.6666669846
56232  46.923  -9.431  70.891 0.7777780294
55292  47.411  -9.752  70.498 0.8888890147
56251  47.249  -9.096  70.223 0.6666669846
57183  47.800  -8.622  69.434 0.6666669846
111701  26.749  -21.080  83.349 0.4444440007
44661  28.028  -21.309  85.008 0.4444440007
121206  27.425  -20.588  81.879 0.2222220004
45620  28.408  -20.263  84.453 0.5555559993
42649  28.164  -23.095  85.471 0.5555559993
44698  26.449  -21.323  81.674 0.2222220004
119101  29.941  -19.977  83.502 0.4444440007
42665  27.826  -23.133  82.683 0.4444440007
45621  27.819  -20.412  84.520 0.4444440007
114117  28.104  -21.465  84.930 0.5555559993
39624  27.636  -26.079  81.080 0.1111110002
111860  27.107  -20.618  83.104 0.3333329856
45630  27.218  -20.623  83.944 0.4444440007
44696  31.231  -21.186  82.470 0.4444440007
41689  28.111  -23.722  84.590 0.5555559993
41695  28.007  -24.302  83.545 0.5555559993
45646  30.945  -19.981  82.446 0.4444440007
45657  27.654  -20.657  81.212 0.3333329856
45666  28.944  -20.889  79.945 0.2222220004
42689  29.375  -23.081  80.086 0.2222220004
44682  32.925  -21.895  81.697 0.3333329856
42674  33.130  -22.819  81.646 0.2222220004
45654  30.335  -20.516  80.620 0.4444440007
42700  31.199  -23.250  79.719 0.2222220004
44716  26.661  -21.052  80.006 0.2222220004
45650  26.907  -20.880  81.366 0.2222220004
43631  33.821  -22.475  81.667 0.3333329856
41710  33.528  -23.490  81.380 0.2222220004
111838  35.118  -24.727  80.927 0.3333329856
41709  34.241  -23.784  81.357 0.2222220004
40657  33.749  -25.766  78.824 0.1111110002
114602  33.326  -21.533  79.061 0.6666669846
41745  37.187  -24.986  79.099 0.3333329856
39637  35.110  -26.044  79.451 0.3333329856
45661  37.595  -19.536  79.224 0.6666669846
46566  38.622  -18.817  79.431 0.7777780294
104378  36.326  -18.350  77.069 0.6666669846
49490  40.080  -17.075  77.595 0.8888890147
48447  40.194  -17.459  78.005 0.8888890147
49501  41.470  -15.952  76.169 0.8888890147
47551  42.458  -18.363  72.728 0.6666669846
48507  39.356  -17.073  73.330 0.6666669846
118767  40.460  -16.222  73.885 0.7777780294
48520  43.873  -17.685  73.033 0.7777780294
50478  42.447  -14.773  73.789 0.7777780294
49536  44.605  -16.864  72.968 0.8888890147
50477  44.440  -15.854  73.821 0.8888890147
50492  42.408  -14.932  72.214 0.6666669846
49552  45.875  -16.874  70.781 0.7777780294
49560  45.997  -16.891  69.993 0.6666669846
108113  44.038  -14.498  74.230 0.8888890147
50476  45.037  -15.479  73.416 0.8888890147
52495  44.554  -13.685  72.811 0.7777780294
49534  45.988  -15.970  72.178 0.8888890147
103393  43.751  -17.665  67.829 0.3333329856
48591  43.524  -17.879  66.413 0.2222220004
48579  43.359  -18.115  67.155 0.2222220004
114679  45.415  -16.638  68.301 0.4444440007
49591  44.676  -16.894  66.863 0.2222220004
48590  44.117  -17.310  66.253 0.2222220004
49590  45.498  -16.497  66.598 0.2222220004
48600  43.632  -17.479  65.668 0.2222220004
49614  44.851  -16.493  63.579 0.2222220004
48644  43.285  -16.799  62.839 0.2222220004
52478  45.172  -13.919  73.163 0.7777780294
52494  45.035  -13.521  72.762 0.7777780294
50513  46.840  -15.807  70.047 0.7777780294
49569  46.023  -16.030  67.902 0.4444440007
49581  46.161  -16.249  67.011 0.3333329856
51498  45.738  -14.124  72.584 0.7777780294
50512  47.465  -15.272  70.294 0.8888890147
114112  47.469  -15.572  67.101 0.4444440007
51592  49.081  -14.633  66.598 0.7777780294
51606  49.150  -14.868  65.564 0.4444440007
51605  49.866  -14.093  64.989 0.4444440007
51541  48.224  -13.952  69.236 0.7777780294
53498  49.624  -12.027  67.863 0.7777780294
51574  49.847  -14.127  67.037 0.7777780294
52568  50.609  -12.929  66.621 0.6666669846
52579  50.679  -13.095  65.970 0.5555559993
53516  50.610  -12.198  65.783 0.5555559993
53505  50.192  -12.467  67.346 0.7777780294
53504  50.587  -12.371  66.897 0.6666669846
115614  50.683  -11.721  66.690 0.6666669846
54430  50.633  -11.611  66.387 0.6666669846
52580  50.340  -13.488  65.326 0.5555559993
54423  50.448  -11.005  66.571 0.7777780294
55328  49.967  -11.048  66.192 0.7777780294
54432  49.569  -11.426  65.473 0.6666669846
111486  50.284  -10.691  67.578 0.6666669846
55319  50.411  -10.032  66.895 0.7777780294
57233  49.872  -8.126  66.892 0.8888890147
57213  49.819  -8.347  67.375 0.8888890147
56303  50.085  -8.971  66.731 0.8888890147
57196  49.270  -8.553  68.205 0.8888890147
45622  27.255  -20.888  84.575 0.4444440007
44671  26.970  -21.421  84.919 0.4444440007
45613  28.020  -20.843  84.873 0.4444440007
44662  27.758  -21.538  85.270 0.4444440007
114314  26.941  -20.742  82.196 0.2222220004
34812  11.361  -31.078  88.728 0.1111110002
34819  10.848  -31.034  88.058 0.1111110002
109355  11.784  -32.300  87.338 0.1111110002
33895  12.467  -32.784  87.581 0.1111110002
33896  12.008  -32.008  88.146 0.1111110002
35717  10.871  -30.242  88.776 0.1111110002
32078  12.889  -34.567  84.618 0.1111110002
116228  33.739  -22.579  77.285 0.5555559993
32053  16.129  -35.230  88.942 0.1111110002
32982  13.069  -33.976  86.607 0.1111110002
32069  13.194  -34.494  85.500 0.1111110002
32063  12.611  -34.262  85.951 0.1111110002
32979  12.793  -33.452  87.041 0.1111110002
34807  11.657  -30.664  89.594 0.1111110002
32077  14.041  -34.670  84.881 0.1111110002
31307  15.230  -35.557  82.678 0.1111110002
32088  14.225  -34.675  83.879 0.1111110002
32070  12.241  -34.524  85.276 0.1111110002
102702  15.488  -36.098  82.016 0.1111110002
44739  32.303  -21.853  77.744 0.4444440007
33886  17.111  -33.170  90.072 0.2222220004
32049  16.321  -34.214  89.369 0.1111110002
32054  15.665  -35.215  88.746 0.1111110002
32978  13.604  -33.801  87.448 0.1111110002
32974  13.051  -33.240  87.803 0.1111110002
34811  12.262  -31.561  88.960 0.1111110002
34806  12.482  -31.123  89.834 0.1111110002
32062  13.524  -34.384  86.237 0.1111110002
108986  11.921  -30.350  90.251 0.1111110002
33885  17.640  -32.668  89.886 0.3333329856
32068  14.224  -34.772  85.851 0.1111110002
37556  12.096  -28.874  90.025 0.1111110002
35710  11.263  -29.822  90.114 0.1111110002
30512  15.489  -36.629  82.502 0.1111110002
31298  14.981  -35.459  83.626 0.1111110002
31292  14.776  -35.376  84.520 0.1111110002
30519  15.635  -36.848  81.834 0.1111110002
43682  32.932  -22.273  77.050 0.4444440007
44752  32.125  -21.855  76.775 0.3333329856
44740  31.556  -21.527  77.497 0.3333329856
44753  31.307  -21.749  76.731 0.2222220004
44741  30.870  -21.330  77.383 0.2222220004
44754  30.491  -21.705  76.629 0.2222220004
33880  16.656  -32.862  90.388 0.2222220004
32050  15.789  -34.493  89.244 0.1111110002
31270  15.709  -36.060  88.225 0.1111110002
32977  14.308  -33.963  88.079 0.1111110002
117649  13.681  -33.402  88.414 0.1111110002
33889  13.062  -32.018  89.316 0.1111110002
34802  12.829  -30.436  90.612 0.1111110002
33879  17.224  -32.182  90.478 0.3333329856
32058  14.568  -34.451  87.514 0.1111110002
32059  13.813  -34.237  86.869 0.1111110002
37549  12.704  -29.095  90.733 0.1111110002
117725  12.919  -29.596  90.999 0.1111110002
33884  18.282  -32.211  89.464 0.3333329856
32061  14.433  -34.702  86.679 0.1111110002
31284  14.825  -35.357  85.418 0.1111110002
34804  18.620  -31.374  89.801 0.3333329856
30485  15.368  -37.024  85.851 0.1111110002
31275  15.120  -35.551  86.456 0.1111110002
30486  15.217  -36.184  85.133 0.1111110002
29699  15.543  -37.393  83.068 0.1111110002
30505  15.389  -36.425  83.327 0.1111110002
29709  15.701  -37.673  81.782 0.1111110002
39607  25.620  -26.364  83.762 0.2222220004
43694  31.807  -22.266  75.945 0.2222220004
39615  25.350  -26.201  82.870 0.2222220004
44766  30.953  -22.035  75.923 0.2222220004
44755  29.684  -21.648  76.426 0.1111110002
32970  15.196  -33.657  89.436 0.1111110002
102575  14.692  -32.812  89.979 0.1111110002
33882  14.271  -31.918  90.416 0.1111110002
34801  13.888  -30.800  90.803 0.1111110002
34805  17.936  -31.748  90.202 0.3333329856
34797  17.625  -31.151  90.970 0.3333329856
32973  14.597  -33.867  88.748 0.1111110002
32971  14.245  -33.171  89.187 0.1111110002
33883  13.367  -31.523  90.134 0.1111110002
36618  13.353  -29.250  91.486 0.1111110002
35702  18.672  -30.093  90.907 0.3333329856
30496  15.269  -36.285  84.255 0.1111110002
106896  25.038  -26.556  85.504 0.2222220004
39600  23.268  -26.637  84.226 0.2222220004
43691  34.808  -22.581  76.570 0.6666669846
39598  25.101  -26.736  84.298 0.3333329856
103706  24.230  -26.719  83.736 0.2222220004
39608  24.998  -26.639  83.274 0.2222220004
44750  35.787  -21.731  76.585 0.6666669846
39625  25.424  -26.127  82.080 0.2222220004
40630  25.405  -25.700  81.343 0.1111110002
44768  29.490  -21.876  75.712 0.1111110002
32967  16.180  -33.224  90.262 0.2222220004
120366  15.594  -31.541  90.900 0.2222220004
34794  15.540  -30.769  91.514 0.1111110002
34795  14.898  -30.369  91.833 0.1111110002
35699  14.493  -29.853  91.961 0.1111110002
33887  15.531  -33.103  90.197 0.1111110002
105060  15.129  -32.244  90.568 0.1111110002
35705  14.251  -30.214  91.694 0.1111110002
35700  13.490  -29.903  91.402 0.1111110002
34796  18.355  -30.888  90.665 0.3333329856
36622  18.663  -29.280  90.778 0.3333329856
37545  19.009  -28.442  90.363 0.3333329856
36640  18.280  -29.108  88.541 0.1111110002
105055  18.907  -28.798  88.260 0.1111110002
37570  18.974  -28.963  87.276 0.1111110002
43692  33.588  -22.551  76.473 0.4444440007
43693  32.827  -22.462  75.998 0.4444440007
115676  19.568  -28.845  86.171 0.1111110002
102871  34.218  -22.661  76.733 0.5555559993
37595  20.460  -28.181  85.478 0.1111110002
39599  24.251  -26.631  84.868 0.2222220004
122240  20.615  -28.225  84.727 0.1111110002
105315  24.377  -26.835  82.900 0.2222220004
38629  22.131  -27.288  83.288 0.1111110002
39616  24.935  -26.592  82.402 0.2222220004
117774  24.872  -26.515  81.416 0.2222220004
43695  28.040  -22.235  76.028 0.1111110002
40638  24.968  -25.958  80.460 0.1111110002
43710  27.267  -22.529  75.208 0.1111110002
43696  26.983  -22.263  76.154 0.1111110002
41713  25.272  -25.009  80.691 0.1111110002
43697  26.033  -22.239  76.252 0.1111110002
41725  24.878  -25.080  79.881 0.1111110002
43712  25.661  -22.632  75.618 0.1111110002
117102  24.791  -24.389  79.415 0.1111110002
35697  16.223  -30.483  91.607 0.2222220004
36615  15.869  -29.648  91.692 0.1111110002
36616  14.917  -29.451  91.767 0.1111110002
35704  17.152  -30.452  91.457 0.2222220004
111707  16.574  -29.274  91.254 0.2222220004
36624  17.377  -28.933  91.004 0.1111110002
121184  17.369  -29.353  89.379 0.1111110002
36641  17.990  -28.965  89.340 0.1111110002
119605  19.157  -29.081  86.572 0.1111110002
108430  18.197  -29.476  87.610 0.1111110002
120616  30.636  -22.085  75.265 0.1111110002
37587  19.915  -28.657  85.640 0.1111110002
44767  30.206  -21.792  75.809 0.1111110002
44756  28.896  -21.773  76.224 0.1111110002
44757  27.570  -21.887  76.822 0.1111110002
38630  21.584  -27.494  83.873 0.1111110002
44758  26.624  -21.980  76.941 0.1111110002
43683  25.804  -22.128  77.057 0.1111110002
115770  25.272  -22.353  77.187 0.1111110002
39609  23.548  -26.929  83.158 0.1111110002
38636  22.821  -27.238  82.544 0.1111110002
43685  25.012  -22.515  77.772 0.1111110002
39617  23.998  -26.977  82.131 0.1111110002
43699  24.857  -22.693  76.937 0.1111110002
43713  25.163  -22.922  75.658 0.1111110002
120502  24.542  -23.932  77.911 0.1111110002
113611  24.666  -24.123  78.688 0.1111110002
122027  16.886  -29.279  89.858 0.1111110002
110932  16.566  -28.968  90.750 0.1111110002
36625  15.519  -28.965  91.313 0.1111110002
106005  17.551  -29.599  88.465 0.1111110002
102440  16.140  -29.634  89.708 0.1111110002
36658  18.605  -29.696  86.569 0.1111110002
36667  19.440  -29.268  85.466 0.1111110002
44751  35.308  -22.253  76.054 0.6666669846
38623  21.033  -27.817  84.323 0.1111110002
44763  35.526  -21.354  75.827 0.4444440007
42721  24.619  -23.222  77.441 0.1111110002
43698  25.308  -22.469  76.414 0.1111110002
117792  24.859  -22.844  76.291 0.1111110002
42729  24.567  -23.311  76.640 0.1111110002
36642  16.746  -29.755  88.963 0.1111110002
43704  34.382  -22.440  75.975 0.5555559993
105162  21.866  -27.558  82.511 0.1111110002
117723  35.319  -19.868  75.271 0.4444440007
45696  35.069  -20.710  75.140 0.3333329856
44765  34.112  -22.088  75.200 0.4444440007
43705  33.640  -22.433  75.744 0.4444440007
109860  31.430  -22.272  75.035 0.2222220004
43719  33.330  -22.487  75.051 0.4444440007
43706  32.400  -22.473  75.091 0.3333329856
43722  30.717  -22.410  74.415 0.1111110002
38635  23.212  -27.362  81.544 0.1111110002
118033  22.776  -26.959  83.477 0.1111110002
43720  32.882  -22.245  74.220 0.2222220004
103041  32.082  -22.454  74.459 0.2222220004
43721  31.556  -22.496  74.196 0.2222220004
39626  24.043  -27.068  81.092 0.1111110002
43733  32.131  -22.410  73.731 0.2222220004
43734  31.272  -22.539  73.417 0.1111110002
43735  30.217  -22.551  73.546 0.1111110002
44781  32.762  -21.995  73.325 0.2222220004
43745  29.650  -22.716  72.804 0.1111110002
122405  25.014  -22.530  78.401 0.1111110002
44782  32.049  -22.375  72.939 0.1111110002
43744  30.591  -22.562  72.668 0.1111110002
42713  24.797  -23.161  78.358 0.1111110002
113493  24.541  -26.676  80.606 0.1111110002
44789  32.541  -21.724  72.549 0.1111110002
44790  31.743  -22.000  72.249 0.1111110002
43756  30.927  -22.341  71.869 0.1111110002
43757  29.968  -22.705  71.924 0.1111110002
44795  31.476  -21.627  71.549 0.1111110002
43743  31.341  -22.436  72.622 0.1111110002
44796  30.904  -21.878  71.177 0.1111110002
44804  31.241  -21.245  70.904 0.1111110002
45731  31.013  -20.935  70.202 0.1111110002
36650  17.472  -30.031  87.615 0.1111110002
102191  17.830  -30.226  86.951 0.1111110002
38631  21.013  -27.960  83.504 0.1111110002
35720  16.812  -30.274  88.048 0.1111110002
38638  21.094  -28.052  82.610 0.1111110002
37602  20.522  -28.409  84.017 0.1111110002
122195  21.515  -27.633  83.142 0.1111110002
44764  34.866  -21.707  75.430 0.5555559993
43708  29.244  -22.324  75.094 0.1111110002
47515  35.301  -18.899  74.843 0.4444440007
45692  35.512  -20.297  75.837 0.5555559993
43707  30.031  -22.111  75.135 0.1111110002
47525  35.055  -18.585  74.212 0.3333329856
43723  29.734  -22.442  74.374 0.1111110002
44774  34.467  -21.324  74.758 0.3333329856
115354  28.843  -22.551  74.392 0.1111110002
43736  29.302  -22.644  73.631 0.1111110002
45703  34.226  -21.057  73.981 0.4444440007
44780  33.530  -21.543  73.626 0.3333329856
45711  33.194  -21.179  72.941 0.2222220004
45717  32.195  -21.127  71.804 0.1111110002
113242  31.725  -20.930  71.263 0.1111110002
45740  30.708  -20.670  69.598 0.1111110002
44813  30.379  -21.319  69.785 0.1111110002
46622  34.849  -19.223  74.455 0.3333329856
108508  34.925  -19.860  74.726 0.4444440007
44769  28.806  -22.154  75.651 0.1111110002
43709  28.362  -22.434  75.146 0.1111110002
43684  25.501  -21.960  77.751 0.1111110002
45702  34.546  -20.505  74.532 0.3333329856
39633  24.006  -27.099  80.212 0.1111110002
105616  35.273  -17.792  73.110 0.2222220004
48512  35.214  -18.084  73.769 0.1111110002
103242  35.980  -17.706  73.075 0.2222220004
41738  24.591  -25.060  78.973 0.1111110002
40649  24.635  -25.851  79.543 0.1111110002
39632  24.491  -26.541  79.897 0.1111110002
43724  27.912  -22.746  74.406 0.1111110002
45716  32.941  -20.800  72.247 0.1111110002
46633  33.412  -20.350  72.700 0.1111110002
123084  32.686  -20.361  71.680 0.1111110002
45723  32.158  -20.356  71.252 0.1111110002
45730  31.598  -20.395  70.681 0.1111110002
45739  31.205  -20.153  69.909 0.1111110002
38651  23.308  -27.449  80.668 0.1111110002
48525  35.652  -17.742  72.278 0.2222220004
40661  24.258  -25.318  78.304 0.1111110002
48524  36.629  -17.684  72.627 0.3333329856
46623  34.298  -19.900  74.028 0.2222220004
45710  33.794  -20.606  73.337 0.2222220004
46642  33.236  -19.847  72.099 0.1111110002
46651  32.156  -19.823  70.779 0.1111110002
46650  32.733  -19.784  71.230 0.1111110002
48534  36.561  -17.620  71.719 0.3333329856
46632  33.969  -19.745  72.956 0.1111110002
48533  37.322  -17.538  71.282 0.2222220004
48545  36.635  -17.654  70.841 0.2222220004
47554  33.742  -19.170  72.242 0.1111110002
48535  35.812  -17.889  71.217 0.2222220004
48555  37.886  -17.047  69.579 0.1111110002
48544  37.295  -17.489  70.527 0.1111110002
48526  34.877  -18.120  72.412 0.1111110002
49561  38.955  -16.119  68.892 0.1111110002
49562  38.411  -16.667  69.252 0.1111110002
102247  34.961  -18.055  71.556 0.1111110002
47538  34.719  -18.395  73.252 0.1111110002
46631  34.455  -19.097  73.682 0.2222220004
48532  38.041  -17.373  70.866 0.1111110002
48543  37.689  -17.242  70.126 0.1111110002
105038  36.821  -17.686  70.028 0.1111110002
50528  39.552  -15.808  68.473 0.1111110002
49571  39.078  -16.230  68.190 0.1111110002
123727  36.788  -17.558  69.500 0.1111110002
50538  39.463  -15.817  67.632 0.1111110002
104295  36.739  -17.433  68.897 0.1111110002
102377  37.030  -17.202  68.001 0.1111110002
50537  40.161  -15.220  67.222 0.1111110002
49584  38.699  -16.363  67.622 0.1111110002
123611  39.595  -15.609  66.911 0.1111110002
48567  37.725  -17.157  68.766 0.1111110002
51579  40.803  -15.006  67.811 0.1111110002
50546  40.518  -15.050  66.402 0.1111110002
104752  41.087  -14.686  66.293 0.1111110002
51593  41.636  -14.526  66.654 0.1111110002
124399  39.962  -15.390  66.518 0.1111110002
50548  38.972  -15.944  66.888 0.1111110002
52572  42.337  -14.002  66.299 0.2222220004
52571  43.086  -13.357  66.590 0.3333329856
56253  46.520  -9.515  69.878 0.5555559993
55310  45.107  -10.845  68.539 0.5555559993
53506  44.074  -12.251  67.413 0.4444440007
52557  44.053  -13.271  68.049 0.4444440007
55309  45.799  -10.282  69.279 0.5555559993
54418  44.665  -11.529  67.948 0.4444440007
52570  43.617  -13.027  67.224 0.4444440007
50547  39.405  -15.603  66.287 0.1111110002
123268  42.861  -14.082  66.985 0.3333329856
56272  46.898  -8.827  69.396 0.6666669846
57198  47.790  -7.967  68.843 0.6666669846
54433  48.118  -11.274  65.623 0.7777780294
54434  47.320  -11.557  65.457 0.6666669846
54440  46.818  -11.743  65.276 0.6666669846
119347  40.036  -15.301  65.847 0.1111110002
54419  44.200  -11.252  67.122 0.4444440007
55315  44.716  -10.621  67.676 0.5555559993
56273  46.148  -9.436  68.806 0.5555559993
56274  45.295  -9.996  68.259 0.5555559993
57184  47.364  -8.722  69.549 0.6666669846
57197  48.411  -8.106  68.687 0.7777780294
60007  49.062  -5.477  62.191 0.6666669846
59099  49.072  -6.205  61.895 0.6666669846
58206  48.754  -6.658  62.317 0.6666669846
58207  48.118  -7.209  62.973 0.6666669846
108306  47.328  -8.223  62.850 0.6666669846
55351  45.674  -10.846  63.674 0.5555559993
55342  46.038  -11.055  64.521 0.5555559993
60014  48.991  -5.417  61.525 0.6666669846
107155  48.713  -5.146  60.790 0.5555559993
60021  47.648  -5.495  60.024 0.3333329856
60906  51.270  -4.682  59.295 0.4444440007
118836  50.860  -4.875  59.886 0.5555559993
60901  49.568  -4.702  60.083 0.3333329856
117074  48.750  -4.766  59.698 0.6666669846
106902  47.508  -5.479  59.233 0.3333329856
60908  48.887  -4.549  58.893 0.5555559993
60030  47.862  -4.917  58.855 0.5555559993
60031  47.053  -5.618  58.456 0.3333329856
52581  42.571  -13.256  65.885 0.1111110002
51607  41.489  -14.244  65.897 0.1111110002
58129  49.072  -7.798  67.924 0.7777780294
105365  49.279  -9.537  66.255 0.7777780294
59091  49.213  -5.480  62.685 0.6666669846
122232  48.886  -6.220  63.010 0.6666669846
57273  47.031  -8.767  63.692 0.6666669846
56330  47.048  -9.391  64.606 0.6666669846
55350  46.249  -10.171  64.155 0.5555559993
55330  48.174  -10.137  65.629 0.7777780294
55341  46.654  -10.477  64.886 0.5555559993
114517  46.514  -11.247  65.059 0.6666669846
119127  50.414  -4.363  58.517 0.3333329856
105436  49.531  -4.405  58.407 0.2222220004
59119  46.824  -6.067  59.154 0.2222220004
59134  45.933  -6.475  58.649 0.2222220004
60931  53.132  -4.426  58.036 0.3333329856
60918  49.601  -4.295  57.550 0.2222220004
60920  48.013  -4.721  58.040 0.4444440007
59146  46.426  -5.737  57.604 0.1111110002
59135  45.283  -6.867  57.973 0.1111110002
58246  44.747  -7.583  58.541 0.1111110002
60059  46.136  -5.761  56.635 0.1111110002
59147  45.687  -6.320  57.198 0.1111110002
58274  44.844  -6.721  56.980 0.1111110002
51608  40.753  -14.744  65.565 0.1111110002
57200  46.525  -8.524  68.355 0.5555559993
57199  47.340  -8.119  68.717 0.6666669846
58151  49.549  -7.627  67.236 0.7777780294
59990  49.216  -4.537  63.262 0.7777780294
59084  49.036  -5.456  63.497 0.7777780294
58195  48.479  -6.605  63.759 0.7777780294
113412  47.511  -8.331  64.356 0.7777780294
60008  48.860  -5.013  62.161 0.5555559993
60000  48.823  -4.486  62.697 0.5555559993
59072  48.544  -5.849  64.576 0.7777780294
58183  48.084  -7.277  64.567 0.7777780294
56329  47.770  -9.379  65.265 0.7777780294
59100  48.018  -5.424  61.555 0.3333329856
59109  47.919  -5.497  60.866 0.5555559993
59110  47.074  -6.164  60.954 0.3333329856
60916  52.104  -4.632  58.891 0.3333329856
60917  51.279  -4.315  58.341 0.2222220004
106149  46.956  -6.160  60.136 0.3333329856
59120  46.143  -6.700  59.528 0.1111110002
108300  45.432  -7.167  58.998 0.1111110002
58235  45.634  -7.393  59.902 0.1111110002
58228  45.105  -7.953  60.346 0.1111110002
108441  52.736  -4.676  58.588 0.3333329856
105122  52.088  -4.251  57.887 0.3333329856
120561  50.416  -4.253  57.640 0.2222220004
60919  48.624  -4.458  57.586 0.4444440007
110738  47.705  -4.890  57.173 0.2222220004
60042  47.334  -5.252  57.793 0.2222220004
58236  44.971  -7.854  59.460 0.1111110002
57307  43.721  -8.685  59.576 0.1111110002
60934  48.135  -4.667  56.554 0.1111110002
60935  47.303  -4.890  56.309 0.1111110002
60055  53.502  -5.322  57.867 0.3333329856
60945  47.784  -4.732  55.856 0.1111110002
60946  47.093  -4.905  55.407 0.1111110002
60071  46.573  -5.298  56.055 0.1111110002
59162  45.336  -6.172  56.236 0.1111110002
106770  47.934  -4.627  55.168 0.1111110002
56289  45.579  -9.121  67.903 0.4444440007
58131  47.757  -7.161  68.301 0.6666669846
59977  48.701  -4.595  63.859 0.7777780294
59965  48.471  -5.186  64.661 0.7777780294
57234  49.545  -7.765  66.670 0.7777780294
59991  48.623  -4.282  63.250 0.7777780294
108733  48.877  -5.094  63.966 0.7777780294
57264  48.473  -6.861  65.515 0.7777780294
56316  48.596  -8.914  65.819 0.7777780294
57265  48.086  -8.278  65.106 0.7777780294
59092  47.880  -5.300  62.191 0.3333329856
59101  47.034  -6.158  61.680 0.3333329856
58217  46.397  -6.951  61.161 0.2222220004
57283  43.620  -8.580  62.689 0.2222220004
59111  46.355  -6.916  60.401 0.2222220004
117954  45.785  -7.375  61.395 0.1111110002
58219  45.160  -7.802  61.208 0.1111110002
57289  44.069  -8.490  61.868 0.2222220004
57299  44.543  -8.522  60.948 0.1111110002
60932  50.945  -4.113  57.206 0.3333329856
60933  49.860  -4.126  56.646 0.3333329856
104604  48.902  -4.217  56.666 0.2222220004
60038  53.766  -4.744  57.878 0.3333329856
102925  49.113  -4.116  55.978 0.3333329856
60944  48.465  -4.520  55.879 0.2222220004
60054  54.192  -4.954  57.501 0.3333329856
102274  48.926  -4.485  55.121 0.2222220004
53511  43.425  -12.417  66.680 0.4444440007
54424  43.671  -11.704  66.727 0.3333329856
52583  41.174  -13.934  65.124 0.1111110002
58140  48.959  -7.041  67.579 0.7777780294
59978  48.389  -4.443  63.956 0.7777780294
59966  48.184  -4.864  64.827 0.7777780294
59057  48.482  -5.907  65.666 0.7777780294
58170  49.176  -6.663  66.299 0.7777780294
58152  49.401  -7.004  66.812 0.7777780294
59992  47.603  -4.750  63.771 0.5555559993
60001  47.731  -4.900  62.914 0.5555559993
57253  48.829  -7.778  66.099 0.7777780294
59093  46.840  -5.956  62.439 0.4444440007
58218  46.157  -6.792  61.907 0.3333329856
59085  46.680  -5.693  63.324 0.4444440007
104904  45.280  -7.404  62.128 0.2222220004
105567  44.633  -7.965  61.760 0.2222220004
61925  52.630  -3.959  57.138 0.3333329856
60941  51.536  -3.930  56.661 0.3333329856
60942  50.568  -3.948  56.137 0.3333329856
114891  53.635  -4.198  57.384 0.3333329856
60943  49.721  -4.028  55.607 0.2222220004
102912  54.145  -5.356  57.207 0.3333329856
60067  54.587  -5.370  56.421 0.3333329856
102843  54.004  -5.687  55.360 0.3333329856
102842  53.573  -5.737  54.234 0.3333329856
119025  49.073  -4.470  54.291 0.1111110002
60082  54.681  -5.615  54.832 0.3333329856
60953  49.661  -4.333  53.748 0.1111110002
60080  56.111  -4.750  55.020 0.3333329856
57214  46.985  -7.453  67.885 0.5555559993
59043  47.491  -5.940  66.478 0.7777780294
59027  48.388  -5.965  67.291 0.7777780294
58141  48.325  -6.551  67.826 0.7777780294
58130  48.301  -7.317  68.283 0.7777780294
59979  47.549  -4.831  64.616 0.6666669846
59967  47.526  -5.131  65.247 0.7777780294
59954  47.861  -5.486  65.749 0.7777780294
59042  48.213  -5.747  66.553 0.7777780294
59026  48.970  -6.306  67.207 0.7777780294
108312  46.672  -5.544  64.231 0.6666669846
58197  44.596  -7.724  63.666 0.4444440007
57266  44.252  -8.167  64.130 0.4444440007
59094  45.895  -6.578  62.766 0.4444440007
58208  45.172  -7.207  63.171 0.2222220004
57282  44.388  -7.883  62.673 0.3333329856
61933  52.015  -3.710  56.010 0.3333329856
106501  51.141  -3.828  55.735 0.3333329856
60930  54.369  -4.565  57.312 0.3333329856
61924  53.137  -3.683  56.465 0.3333329856
61934  50.429  -3.846  55.190 0.2222220004
60954  49.698  -4.173  54.697 0.2222220004
61944  51.319  -3.702  54.869 0.2222220004
61945  50.391  -3.899  54.275 0.2222220004
119692  54.947  -5.402  55.756 0.3333329856
59044  46.484  -6.508  66.229 0.7777780294
58153  46.988  -6.669  67.124 0.7777780294
59059  47.030  -5.656  65.761 0.7777780294
58171  45.627  -7.229  65.747 0.6666669846
58172  44.931  -7.818  65.256 0.5555559993
110369  44.343  -8.330  64.783 0.4444440007
57236  44.920  -8.848  66.229 0.5555559993
59060  46.142  -6.363  65.392 0.6666669846
58184  45.346  -7.056  64.932 0.6666669846
58185  44.757  -7.707  64.480 0.4444440007
59073  46.745  -5.463  65.059 0.6666669846
59074  45.909  -6.286  64.588 0.6666669846
58196  45.200  -7.059  64.095 0.4444440007
61923  54.200  -3.933  56.771 0.3333329856
60066  55.457  -5.014  56.293 0.3333329856
61956  51.971  -3.601  54.079 0.3333329856
55321  44.360  -10.394  66.823 0.5555559993
56290  44.882  -9.755  67.405 0.5555559993
57215  45.958  -8.184  67.416 0.5555559993
121936  46.430  -7.411  67.309 0.5555559993
57235  45.180  -8.035  66.028 0.4444440007
61932  53.681  -3.524  55.779 0.3333329856
61943  52.515  -3.573  55.254 0.2222220004
117913  55.903  -3.126  50.237 0.2222220004
57216  45.160  -8.961  67.061 0.4444440007
58154  45.961  -7.483  66.656 0.5555559993
108292  45.406  -8.323  66.676 0.4444440007
102555  55.668  -3.302  51.253 0.2222220004
32969  15.975  -33.754  89.800 0.1111110002
112960  16.592  -32.039  90.712 0.3333329856
31274  15.523  -36.501  87.456 0.1111110002
31271  15.196  -35.362  87.401 0.1111110002
124244  18.347  -29.719  91.139 0.3333329856
33881  15.978  -32.423  90.629 0.2222220004
32055  14.988  -34.493  88.392 0.1111110002
32051  15.264  -34.403  88.962 0.1111110002
34799  16.149  -31.374  91.050 0.3333329856
34798  16.854  -31.274  91.090 0.3333329856
30495  15.378  -37.173  84.984 0.1111110002
37562  18.731  -28.565  89.205 0.1111110002
36621  19.344  -29.022  90.488 0.3333329856
36632  17.551  -28.846  90.260 0.2222220004
37596  19.967  -28.856  84.722 0.1111110002
60952  56.126  -4.512  55.153 0.3333329856
61929  55.914  -4.361  55.721 0.3333329856
60081  55.650  -5.125  55.540 0.3333329856
61940  56.155  -4.116  55.254 0.3333329856
60065  55.874  -4.767  55.780 0.3333329856
60053  54.803  -4.853  56.866 0.3333329856
60940  55.510  -4.640  56.237 0.3333329856
61930  55.629  -4.038  56.012 0.3333329856
61955  53.205  -3.522  54.432 0.1111110002
103885  11.099  -30.218  89.463 0.1111110002
32983  12.351  -33.838  86.342 0.1111110002
33892  12.817  -32.621  88.484 0.1111110002
32968  16.570  -33.548  89.954 0.1111110002
32048  16.852  -33.754  89.531 0.2222220004
35706  12.153  -29.720  90.549 0.1111110002
36628  11.813  -29.242  90.310 0.1111110002
32057  15.296  -35.121  88.082 0.1111110002
118730  13.514  -32.764  88.995 0.1111110002
33888  13.860  -32.399  89.674 0.1111110002
119107  15.301  -36.123  85.886 0.1111110002
31283  15.401  -36.827  86.682 0.1111110002
34800  14.885  -31.035  90.989 0.1111110002
35709  19.023  -30.578  90.267 0.3333329856
35698  15.282  -30.141  91.933 0.1111110002
117362  13.885  -29.629  91.788 0.1111110002
35703  18.008  -30.192  91.319 0.3333329856
37546  18.142  -28.791  90.644 0.3333329856
37553  18.413  -28.457  90.014 0.3333329856
119580  16.667  -29.826  91.638 0.1111110002
35696  17.326  -29.586  91.426 0.2222220004
36623  17.990  -29.349  91.152 0.3333329856
41751  24.398  -24.643  78.195 0.1111110002
44775  33.872  -21.911  74.381 0.4444440007
55331  47.204  -11.010  65.414 0.6666669846
57272  47.649  -7.770  63.752 0.7777780294
107219  46.532  -9.148  62.744 0.5555559993
60013  49.541  -5.248  61.133 0.5555559993
60019  49.295  -4.875  60.602 0.5555559993
60020  48.271  -5.059  59.892 0.5555559993
60907  50.171  -4.531  59.500 0.4444440007
59133  46.363  -5.994  58.345 0.3333329856
56315  49.286  -8.561  66.411 0.7777780294
56340  46.493  -9.467  63.719 0.5555559993
55340  47.277  -10.081  65.237 0.6666669846
108832  45.893  -6.253  57.946 0.1111110002
59999  49.185  -4.691  62.745 0.6666669846
60883  49.219  -4.160  63.118 0.7777780294
58227  45.781  -7.483  60.729 0.1111110002
60058  46.862  -5.239  56.914 0.1111110002
57316  44.204  -8.127  59.083 0.1111110002
57306  44.530  -8.533  59.979 0.2222220004
120051  45.944  -5.707  55.903 0.1111110002
57274  43.890  -8.260  63.478 0.4444440007
59058  48.269  -5.660  65.638 0.7777780294
59041  48.925  -6.025  66.510 0.7777780294
60093  55.539  -5.346  54.449 0.3333329856
59028  47.790  -5.945  67.195 0.7777780294
58142  47.723  -6.425  67.753 0.7777780294
59086  45.813  -6.372  63.701 0.3333329856
61922  55.022  -4.297  56.721 0.3333329856
57254  44.605  -8.565  65.507 0.4444440007
56304  44.625  -9.586  66.536 0.5555559993
60079  56.574  -4.557  54.388 0.3333329856
61931  54.758  -3.682  56.144 0.3333329856
61942  54.204  -3.461  55.246 0.1111110002
39645  34.640  -26.067  78.878 0.1111110002
39654  35.024  -26.126  78.637 0.2222220004
115164  34.325  -26.291  78.112 0.1111110002
39655  33.685  -26.269  77.669 0.1111110002
39664  33.406  -26.051  76.800 0.1111110002
39673  33.162  -26.416  75.983 0.1111110002
40667  36.330  -25.293  77.575 0.2222220004
40668  35.627  -25.813  78.198 0.2222220004
113243  35.411  -25.582  77.366 0.2222220004
40669  34.844  -26.098  77.728 0.2222220004
40682  34.724  -25.756  76.724 0.2222220004
39663  34.108  -26.223  77.272 0.2222220004
40696  34.281  -25.447  75.824 0.1111110002
40683  33.813  -25.925  76.388 0.1111110002
103882  37.213  -24.762  77.500 0.2222220004
41768  36.475  -24.638  76.703 0.2222220004
40681  35.640  -25.048  76.583 0.1111110002
41777  35.626  -24.620  75.600 0.2222220004
40695  35.030  -25.188  75.957 0.1111110002
40697  33.541  -25.930  75.546 0.1111110002
41767  37.297  -24.146  76.633 0.3333329856
106221  36.513  -24.282  75.803 0.2222220004
41784  36.142  -24.250  75.005 0.2222220004
123260  36.049  -24.625  76.149 0.2222220004
111154  37.641  -23.581  75.212 0.3333329856
42736  37.851  -23.643  76.096 0.3333329856
42728  37.907  -23.612  77.137 0.3333329856
42737  37.235  -23.890  75.719 0.2222220004
104922  36.910  -23.718  74.154 0.2222220004
42743  36.898  -23.936  74.906 0.2222220004
42750  36.458  -23.556  73.596 0.2222220004
42727  38.212  -23.068  76.518 0.4444440007
42735  38.294  -23.266  75.488 0.3333329856
114985  38.072  -23.284  74.745 0.3333329856
42742  37.483  -23.517  74.410 0.2222220004
43689  38.536  -22.416  76.905 0.4444440007
43703  38.696  -22.670  75.878 0.4444440007
42749  37.299  -23.417  73.633 0.2222220004
43702  39.120  -22.160  75.375 0.4444440007
43718  38.634  -22.854  74.789 0.4444440007
46620  41.194  -18.663  74.629 0.6666669846
46630  40.703  -19.413  74.017 0.6666669846
106775  38.402  -22.462  73.986 0.3333329856
120755  37.742  -23.093  73.111 0.2222220004
42741  37.975  -23.022  73.959 0.2222220004
104634  40.180  -19.925  73.194 0.4444440007
43732  38.229  -22.616  73.067 0.2222220004
45714  39.459  -20.483  72.644 0.3333329856
44762  39.646  -21.505  75.895 0.4444440007
43717  38.951  -22.131  74.453 0.4444440007
44772  39.994  -20.861  75.481 0.5555559993
45701  39.680  -20.731  74.608 0.5555559993
44773  39.385  -21.436  74.999 0.4444440007
46621  40.587  -19.409  75.074 0.6666669846
45708  40.114  -20.040  74.299 0.5555559993
44787  38.897  -21.229  73.041 0.4444440007
49522  39.064  -16.927  75.306 0.6666669846
48554  43.865  -17.569  70.071 0.5555559993
48566  44.074  -17.626  69.178 0.4444440007
49538  39.479  -16.891  72.484 0.5555559993
49537  40.148  -16.330  72.373 0.4444440007
123758  40.338  -16.122  71.668 0.3333329856
55295  46.352  -10.138  70.374 0.6666669846
53494  45.067  -12.448  70.065 0.4444440007
52548  44.150  -13.874  68.789 0.4444440007
51559  43.507  -14.109  68.270 0.3333329856
51576  42.884  -14.402  67.680 0.2222220004
56252  46.953  -9.045  70.375 0.5555559993
56233  46.781  -9.498  70.728 0.5555559993
108938  44.856  -12.210  69.268 0.3333329856
53500  44.608  -12.378  68.393 0.3333329856
54408  45.345  -11.521  69.908 0.3333329856
54414  44.945  -11.581  68.890 0.3333329856
55305  45.326  -10.990  69.357 0.3333329856
53517  50.136  -12.037  65.096 0.4444440007
56317  44.316  -9.312  65.758 0.4444440007
57255  43.930  -8.960  65.071 0.2222220004
57267  43.682  -8.719  64.254 0.2222220004
53518  48.786  -11.947  64.997 0.4444440007
53528  46.709  -12.256  64.806 0.5555559993
53527  47.659  -12.439  64.643 0.4444440007
61957  51.022  -3.692  53.766 0.1111110002
103130  52.460  -3.615  53.111 0.1111110002
102830  53.620  -3.523  53.375 0.1111110002
61966  54.179  -3.511  52.604 0.1111110002
61978  54.849  -3.457  51.942 0.1111110002
61979  53.777  -3.614  51.672 0.1111110002
103473  53.171  -3.638  52.355 0.1111110002
61988  54.383  -3.613  51.010 0.1111110002
60987  54.812  -3.616  50.252 0.1111110002
69175  56.780  4.632  39.458 0.1111110002
69160  56.625  4.291  40.038 0.1111110002
43741  38.091  -22.059  72.198 0.2222220004
43742  37.564  -22.681  72.401 0.2222220004
45709  39.573  -20.636  73.636 0.4444440007
44778  39.262  -21.451  74.031 0.4444440007
44779  38.664  -21.966  73.568 0.2222220004
104802  38.493  -21.942  72.806 0.2222220004
44749  36.333  -21.389  77.071 0.5555559993
49545  40.121  -16.086  70.902 0.1111110002
56271  48.612  -8.919  68.943 0.7777780294
52558  43.391  -13.774  67.434 0.3333329856
114427  45.681  -10.709  70.037 0.4444440007
53519  47.447  -11.990  65.316 0.4444440007
41778  34.756  -24.833  75.239 0.1111110002
45700  40.266  -20.292  75.098 0.5555559993
49553  39.346  -16.487  70.554 0.1111110002
37578  24.094  -28.075  86.848 0.2222220004
36655  23.209  -28.518  86.618 0.3333329856
122276  23.154  -29.214  86.048 0.3333329856
38607  24.289  -27.393  87.296 0.2222220004
36666  23.038  -29.673  85.569 0.2222220004
35744  21.809  -30.617  84.586 0.2222220004
38606  25.200  -27.216  86.908 0.2222220004
37577  25.018  -27.889  86.883 0.2222220004
36665  23.649  -28.852  85.762 0.2222220004
35743  23.041  -29.703  84.577 0.1111110002
37576  25.914  -27.807  86.605 0.1111110002
36664  24.302  -29.160  85.094 0.1111110002
106198  23.594  -29.395  85.027 0.2222220004
117825  25.443  -28.212  86.235 0.2222220004
36663  25.253  -28.705  85.219 0.1111110002
105336  26.344  -28.365  85.952 0.2222220004
104028  22.735  -28.446  87.489 0.3333329856
36656  22.671  -29.415  86.446 0.3333329856
107416  23.443  -27.609  87.618 0.3333329856
38594  24.253  -26.714  87.321 0.2222220004
38605  26.348  -27.231  86.343 0.2222220004
37575  26.876  -27.757  86.360 0.2222220004
38603  28.187  -27.045  86.318 0.2222220004
37574  27.612  -27.551  86.179 0.2222220004
37594  27.087  -28.615  84.899 0.2222220004
37567  23.120  -26.992  88.174 0.3333329856
37568  22.695  -27.520  88.308 0.3333329856
38595  23.619  -26.886  87.734 0.3333329856
39572  25.794  -26.735  86.245 0.1111110002
39573  24.783  -26.639  86.858 0.2222220004
39584  26.824  -26.182  85.656 0.2222220004
39570  27.697  -26.387  86.324 0.1111110002
38604  27.264  -27.046  86.063 0.2222220004
39568  29.237  -26.058  86.348 0.2222220004
38602  29.030  -26.730  86.394 0.2222220004
39565  23.559  -26.318  87.482 0.2222220004
38596  23.037  -26.529  87.940 0.3333329856
39574  24.117  -26.270  86.964 0.2222220004
39587  24.092  -26.113  86.204 0.2222220004
39571  26.983  -26.610  85.850 0.1111110002
39585  25.837  -26.460  85.727 0.1111110002
40604  27.267  -25.246  85.825 0.1111110002
39583  27.543  -25.877  86.130 0.1111110002
40603  27.817  -25.146  86.416 0.1111110002
40593  28.770  -25.522  86.453 0.2222220004
40602  29.029  -25.385  86.197 0.2222220004
40609  29.578  -26.242  84.892 0.2222220004
42677  27.706  -23.654  81.374 0.3333329856
38590  22.377  -26.856  88.354 0.3333329856
37559  21.941  -27.586  88.885 0.3333329856
36648  22.220  -28.391  88.401 0.3333329856
39567  22.418  -26.266  87.493 0.2222220004
35725  22.165  -30.032  86.551 0.3333329856
40611  26.538  -25.807  85.227 0.1111110002
41681  27.619  -24.309  86.323 0.1111110002
40610  26.650  -25.012  84.855 0.3333329856
113865  28.096  -24.459  86.523 0.2222220004
42636  28.353  -23.946  86.426 0.2222220004
41688  28.553  -24.020  85.763 0.4444440007
41694  28.417  -24.652  84.571 0.4444440007
40616  28.898  -25.529  84.300 0.3333329856
42676  28.032  -22.922  81.941 0.3333329856
110241  27.601  -23.597  82.059 0.3333329856
38597  21.796  -26.595  88.143 0.3333329856
112793  22.555  -26.386  87.952 0.2222220004
41682  27.166  -24.400  85.762 0.2222220004
41690  26.250  -24.282  84.296 0.3333329856
42638  27.652  -22.994  86.012 0.3333329856
41672  27.864  -23.656  86.397 0.3333329856
115466  28.042  -22.819  85.662 0.3333329856
44726  31.229  -21.242  78.322 0.2222220004
45715  38.831  -20.887  72.159 0.2222220004
41673  27.213  -23.382  85.981 0.3333329856
106133  26.849  -22.700  85.508 0.3333329856
42651  26.606  -23.438  84.929 0.3333329856
42666  25.766  -23.443  82.750 0.2222220004
42637  28.038  -23.320  86.255 0.4444440007
43600  27.905  -22.067  85.365 0.3333329856
45664  30.673  -20.645  79.876 0.3333329856
45722  38.626  -20.659  71.380 0.2222220004
43608  26.842  -22.106  85.272 0.3333329856
43609  26.480  -22.729  84.597 0.3333329856
44663  27.277  -21.783  85.427 0.3333329856
42657  25.980  -23.448  83.923 0.3333329856
43601  27.583  -22.303  85.648 0.3333329856
43617  26.034  -22.674  83.566 0.3333329856
44712  30.008  -20.972  79.171 0.2222220004
43624  25.914  -22.531  82.681 0.2222220004
45665  29.798  -20.745  79.873 0.1111110002
44728  29.749  -21.032  78.291 0.1111110002
44714  28.318  -20.979  79.130 0.2222220004
45721  39.254  -20.238  71.757 0.1111110002
45728  39.201  -20.219  70.861 0.1111110002
43616  26.659  -22.043  84.215 0.3333329856
44678  26.856  -21.284  84.035 0.3333329856
115698  40.818  -19.448  73.195 0.3333329856
46640  40.632  -19.514  72.503 0.2222220004
46641  39.970  -19.891  72.156 0.2222220004
46649  39.829  -19.793  71.256 0.2222220004
115955  35.891  -19.853  76.398 0.5555559993
46612  35.603  -18.794  75.647 0.5555559993
46592  35.957  -19.218  76.701 0.5555559993
46602  35.517  -19.369  75.979 0.5555559993
48495  35.912  -17.848  75.107 0.3333329856
47514  35.501  -18.382  74.975 0.2222220004
46613  35.331  -19.316  75.093 0.4444440007
106435  36.245  -17.696  74.461 0.3333329856
114597  35.541  -18.004  74.388 0.1111110002
46639  41.173  -19.282  72.807 0.4444440007
46647  41.167  -19.175  72.097 0.3333329856
48463  36.131  -18.422  76.224 0.5555559993
47507  35.955  -18.840  76.586 0.4444440007
110468  36.694  -17.701  75.216 0.5555559993
48479  35.899  -18.306  75.560 0.5555559993
105018  37.249  -17.578  74.623 0.5555559993
107170  37.505  -17.614  73.012 0.3333329856
48510  36.703  -17.629  73.611 0.3333329856
48523  37.393  -17.647  72.121 0.3333329856
48546  35.982  -17.741  70.292 0.1111110002
47552  41.689  -18.922  72.720 0.4444440007
48477  37.125  -17.453  76.056 0.5555559993
123266  37.244  -17.539  75.353 0.5555559993
48508  38.466  -17.436  73.426 0.4444440007
48509  37.635  -17.532  73.804 0.3333329856
48522  38.211  -17.541  72.463 0.3333329856
48521  38.923  -17.335  72.701 0.2222220004
49547  38.793  -17.163  71.884 0.2222220004
48542  43.828  -17.597  71.004 0.4444440007
49546  39.601  -16.623  71.535 0.2222220004
58321  48.019  -7.928  51.558 0.1111110002
58331  50.131  -7.132  50.066 0.1111110002
58259  46.748  -7.899  57.484 0.2222220004
57325  46.254  -8.154  57.895 0.2222220004
58272  47.618  -7.481  56.481 0.2222220004
57337  46.269  -8.292  57.031 0.2222220004
59179  48.985  -7.107  54.576 0.1111110002
58283  47.783  -7.474  55.422 0.2222220004
58284  46.928  -7.758  55.811 0.2222220004
59188  48.984  -7.110  53.673 0.1111110002
58291  47.773  -7.730  54.465 0.1111110002
59210  49.902  -6.773  51.711 0.1111110002
58308  48.586  -7.566  52.289 0.1111110002
57369  47.341  -8.251  52.869 0.1111110002
59219  50.034  -6.923  50.867 0.1111110002
58319  49.324  -7.226  51.206 0.1111110002
51578  41.577  -14.763  67.462 0.1111110002
57281  47.064  -8.518  61.951 0.4444440007
56350  46.386  -9.190  61.662 0.4444440007
57297  47.934  -7.891  60.863 0.4444440007
57288  46.859  -8.670  61.234 0.4444440007
57313  47.591  -7.839  59.215 0.4444440007
57303  47.693  -7.826  60.190 0.4444440007
57298  47.054  -8.418  60.570 0.4444440007
56360  46.383  -9.152  60.819 0.4444440007
56351  45.733  -9.908  62.230 0.4444440007
55361  45.018  -10.790  62.293 0.4444440007
117498  47.836  -7.583  58.483 0.4444440007
57304  46.887  -8.407  59.643 0.3333329856
59145  49.196  -6.830  58.004 0.3333329856
105861  48.462  -7.228  58.256 0.3333329856
59161  49.034  -6.738  57.015 0.2222220004
58257  48.380  -7.215  57.241 0.2222220004
59159  50.823  -6.255  56.262 0.1111110002
59170  49.299  -6.841  56.178 0.2222220004
58271  48.468  -7.209  56.268 0.2222220004
59177  50.249  -6.326  54.118 0.1111110002
59178  49.740  -6.672  54.826 0.1111110002
105445  51.851  -6.042  53.275 0.1111110002
59186  50.368  -6.391  53.127 0.1111110002
59208  51.690  -6.313  51.650 0.2222220004
59195  51.173  -6.305  52.112 0.1111110002
105902  42.230  -14.698  67.838 0.1111110002
51577  42.303  -14.491  67.118 0.1111110002
58216  48.489  -7.296  61.493 0.4444440007
57280  47.892  -7.703  62.110 0.4444440007
57287  47.588  -8.148  61.327 0.4444440007
58234  48.507  -7.376  60.079 0.4444440007
115264  45.483  -10.599  62.888 0.4444440007
54449  45.614  -11.796  63.992 0.4444440007
53529  45.906  -12.400  64.068 0.3333329856
117922  48.555  -7.344  59.226 0.4444440007
54459  44.670  -12.530  62.765 0.3333329856
53538  45.431  -12.932  63.408 0.3333329856
59132  49.390  -6.903  59.140 0.4444440007
59143  50.978  -6.278  58.157 0.2222220004
59144  49.869  -6.628  57.625 0.2222220004
124234  49.562  -6.674  56.881 0.2222220004
60070  51.476  -5.988  55.777 0.1111110002
60095  51.918  -5.815  54.205 0.2222220004
60085  51.186  -5.933  54.671 0.2222220004
60108  52.607  -6.075  52.903 0.2222220004
51620  49.098  -14.739  64.532 0.2222220004
51619  49.522  -13.842  64.065 0.3333329856
53525  49.693  -12.735  63.645 0.3333329856
52603  49.872  -12.998  63.618 0.3333329856
114753  49.078  -6.848  60.782 0.4444440007
111255  49.004  -6.713  61.292 0.4444440007
53535  49.241  -12.706  63.017 0.3333329856
54441  46.218  -11.867  64.740 0.4444440007
53537  46.572  -12.650  63.952 0.3333329856
59118  49.392  -6.712  60.291 0.4444440007
59130  51.156  -5.947  59.202 0.4444440007
59116  50.786  -5.746  59.866 0.4444440007
60056  52.874  -6.060  57.732 0.3333329856
110850  51.181  -6.305  57.241 0.3333329856
60069  52.538  -5.945  56.502 0.2222220004
119403  49.730  -12.239  64.494 0.3333329856
119959  49.984  -12.606  64.386 0.4444440007
106154  49.371  -5.924  61.286 0.4444440007
53526  49.097  -12.409  64.040 0.3333329856
59108  49.899  -5.609  60.836 0.4444440007
59117  50.166  -6.232  60.105 0.4444440007
59107  50.328  -5.337  60.499 0.4444440007
122382  49.784  -4.871  60.621 0.4444440007
60029  51.433  -5.464  59.516 0.4444440007
60041  52.086  -6.221  58.104 0.3333329856
105247  56.698  -1.861  41.861 0.1111110002
104824  22.377  -30.089  85.040 0.2222220004
34828  21.230  -31.063  85.041 0.2222220004
35736  21.787  -30.551  85.474 0.3333329856
35755  21.863  -30.721  83.717 0.2222220004
44727  30.587  -21.045  78.817 0.2222220004
45691  36.120  -20.799  76.496 0.4444440007
48461  37.439  -17.508  77.012 0.5555559993
48478  36.403  -17.923  75.800 0.5555559993
48476  37.982  -17.265  75.535 0.4444440007
48494  38.284  -17.366  74.476 0.4444440007
117010  28.276  -25.022  83.621 0.3333329856
52593  50.100  -13.233  64.547 0.3333329856
123222  49.687  -11.864  64.944 0.4444440007
45614  27.544  -21.118  84.986 0.3333329856
48511  35.821  -17.798  73.725 0.1111110002
103558  38.074  -17.584  71.656 0.2222220004
60900  50.225  -4.905  60.361 0.4444440007
60018  50.839  -5.181  59.983 0.4444440007
56341  45.955  -9.966  63.253 0.4444440007
60012  49.865  -5.091  60.807 0.4444440007
37586  24.518  -28.358  85.908 0.2222220004
35735  22.396  -30.180  85.922 0.3333329856
106799  27.437  -28.182  85.896 0.2222220004
39586  24.885  -26.468  86.362 0.2222220004
113910  27.926  -25.765  86.518 0.2222220004
39569  28.454  -26.116  86.560 0.2222220004
40594  28.263  -25.298  86.521 0.2222220004
41671  28.551  -24.839  86.413 0.2222220004
39566  22.982  -26.123  87.560 0.2222220004
112740  23.449  -25.987  87.038 0.2222220004
39597  25.777  -26.317  84.882 0.1111110002
41680  28.693  -24.669  86.171 0.2222220004
115717  29.079  -25.212  85.529 0.2222220004
123374  26.818  -24.137  85.148 0.3333329856
42642  28.206  -23.292  86.084 0.4444440007
43602  27.078  -22.444  85.764 0.3333329856
42643  27.896  -22.848  85.884 0.3333329856
45729  38.410  -20.436  70.553 0.1111110002
44713  29.249  -20.994  79.098 0.1111110002
58320  48.754  -7.517  51.557 0.1111110002
58333  48.609  -7.639  50.689 0.1111110002
58344  49.654  -7.533  49.590 0.1111110002
59218  50.772  -6.886  50.503 0.1111110002
58332  49.451  -7.364  50.370 0.1111110002
58258  47.567  -7.616  57.549 0.2222220004
58273  46.833  -7.785  56.733 0.2222220004
58245  47.087  -7.906  58.226 0.2222220004
57314  46.625  -8.329  58.749 0.3333329856
57348  46.303  -8.249  56.163 0.2222220004
58290  48.363  -7.458  54.025 0.1111110002
116081  48.277  -7.360  54.768 0.2222220004
58282  48.688  -7.187  55.406 0.2222220004
58292  47.191  -8.105  54.903 0.1111110002
57354  46.459  -8.402  55.259 0.2222220004
116415  49.521  -6.827  54.110 0.1111110002
58298  48.456  -7.545  53.156 0.1111110002
58299  47.769  -7.997  53.534 0.1111110002
57361  46.980  -8.364  53.468 0.1111110002
58300  47.288  -8.196  54.137 0.1111110002
58307  49.202  -7.093  52.017 0.1111110002
59197  49.761  -6.735  52.557 0.1111110002
59196  50.507  -6.495  52.286 0.1111110002
59198  49.078  -7.092  52.841 0.1111110002
58309  47.947  -8.012  52.591 0.1111110002
57296  48.529  -7.373  60.792 0.4444440007
55372  45.206  -10.250  61.634 0.4444440007
56361  45.741  -9.677  61.255 0.4444440007
54458  45.044  -11.594  63.111 0.4444440007
59131  50.243  -6.411  58.897 0.4444440007
59169  49.953  -6.559  55.739 0.1111110002
59168  50.525  -6.245  55.202 0.1111110002
116249  49.330  -6.920  55.324 0.1111110002
59160  50.217  -6.535  56.837 0.1111110002
60094  52.643  -5.827  53.756 0.2222220004
60096  51.052  -5.932  53.657 0.1111110002
60110  51.099  -6.130  52.792 0.1111110002
59187  49.649  -6.753  53.401 0.1111110002
60109  51.833  -6.175  52.449 0.2222220004
59209  50.813  -6.668  51.431 0.1111110002
54450  45.127  -12.550  63.451 0.4444440007
52604  45.898  -13.174  63.181 0.3333329856
52605  45.172  -13.248  63.062 0.2222220004
60057  51.869  -6.203  56.972 0.2222220004
47567  41.901  -18.920  71.858 0.4444440007
47566  42.600  -18.442  71.602 0.3333329856
47579  41.911  -18.647  70.950 0.3333329856
103291  42.035  -18.429  70.057 0.3333329856
47565  43.264  -18.094  71.303 0.3333329856
47578  42.690  -18.373  70.708 0.3333329856
54576  52.663  -11.711  52.262 0.1111110002
54575  53.608  -11.417  52.376 0.1111110002
53686  49.141  -11.643  52.192 0.1111110002
53673  49.299  -11.234  52.849 0.1111110002
53674  48.538  -11.317  53.116 0.1111110002
121616  50.795  -11.572  51.832 0.1111110002
54577  51.010  -11.437  51.875 0.1111110002
118480  49.841  -11.417  52.425 0.1111110002
53660  48.435  -10.936  54.065 0.1111110002
120630  51.775  -11.558  52.118 0.1111110002
53683  52.248  -11.717  51.868 0.1111110002
54560  49.949  -11.332  53.105 0.1111110002
47587  43.282  -18.015  69.420 0.3333329856
53687  48.487  -11.821  52.312 0.1111110002
123826  47.661  -11.608  53.214 0.1111110002
53685  50.281  -11.563  51.874 0.1111110002
53661  47.134  -11.620  53.745 0.1111110002
54562  47.727  -11.104  54.579 0.1111110002
102306  46.477  -11.812  54.503 0.1111110002
103729  45.903  -12.391  53.419 0.1111110002
53648  44.170  -12.857  54.701 0.1111110002
53637  43.615  -12.914  55.512 0.1111110002
53675  46.612  -12.334  52.874 0.1111110002
53662  44.936  -12.588  53.846 0.1111110002
53647  45.348  -12.392  54.886 0.1111110002
53627  43.913  -13.009  56.401 0.1111110002
103975  44.275  -12.867  57.265 0.1111110002
108383  47.413  -12.267  52.389 0.1111110002
120278  45.311  -12.740  52.502 0.1111110002
53636  44.977  -12.488  55.875 0.1111110002
53626  45.332  -12.503  56.952 0.1111110002
111364  50.584  -12.269  51.440 0.1111110002
53649  43.425  -12.532  54.690 0.1111110002
53639  42.903  -12.486  55.568 0.1111110002
54505  43.106  -12.477  56.896 0.1111110002
54481  43.631  -11.453  58.974 0.1111110002
47594  43.118  -18.145  67.947 0.2222220004
118308  45.044  -12.665  53.115 0.1111110002
53628  43.145  -12.807  56.070 0.1111110002
111819  43.554  -12.175  58.727 0.1111110002
53590  43.696  -12.873  59.352 0.1111110002
120498  43.509  -12.873  56.766 0.1111110002
107347  43.838  -12.823  58.409 0.1111110002
53676  44.304  -12.605  52.818 0.1111110002
52668  44.431  -13.310  58.861 0.1111110002
55392  44.878  -10.096  60.051 0.1111110002
55383  44.531  -11.005  60.585 0.1111110002
55431  42.992  -11.460  55.669 0.1111110002
55411  43.283  -11.580  57.450 0.1111110002
55400  43.953  -10.694  58.710 0.1111110002
55393  44.010  -10.963  59.656 0.1111110002
54550  43.059  -12.037  54.459 0.1111110002
55430  43.709  -10.629  56.103 0.1111110002
54474  43.735  -11.887  60.450 0.1111110002
53663  43.857  -12.539  53.739 0.1111110002
55437  43.730  -10.629  55.149 0.1111110002
53573  43.558  -12.615  60.265 0.1111110002
52636  43.737  -13.189  60.758 0.2222220004
53677  43.654  -12.219  52.899 0.1111110002
113256  43.313  -11.469  54.073 0.1111110002
124106  43.984  -13.465  60.407 0.1111110002
55382  45.008  -10.135  60.914 0.2222220004
55373  44.699  -10.932  61.499 0.2222220004
56383  44.580  -9.920  58.294 0.1111110002
115347  44.424  -12.535  61.765 0.2222220004
53550  44.685  -12.957  62.210 0.2222220004
56394  44.452  -9.847  57.438 0.1111110002
56407  44.395  -9.802  56.547 0.1111110002
52627  44.138  -13.056  61.322 0.2222220004
52626  44.723  -13.219  61.606 0.1111110002
56393  45.186  -9.300  56.980 0.1111110002
56415  44.428  -9.817  55.613 0.1111110002
56406  45.051  -9.152  56.086 0.1111110002
56421  44.506  -9.919  54.653 0.1111110002
56429  44.617  -9.988  53.681 0.1111110002
56414  45.062  -9.152  55.169 0.1111110002
56420  45.216  -9.296  54.244 0.1111110002
57355  45.808  -8.792  54.759 0.1111110002
56367  45.612  -9.513  60.444 0.2222220004
56373  45.316  -9.346  58.729 0.1111110002
56382  45.231  -9.327  57.844 0.1111110002
52624  46.487  -13.124  62.346 0.2222220004
104903  48.088  -12.263  61.641 0.1111110002
57326  45.739  -8.746  57.428 0.1111110002
57338  45.748  -8.769  56.557 0.1111110002
57349  45.752  -8.736  55.669 0.1111110002
106172  46.540  -8.486  54.260 0.1111110002
49604  45.804  -16.213  64.375 0.2222220004
56366  46.243  -8.945  60.053 0.3333329856
53548  48.588  -12.482  62.428 0.2222220004
57305  45.981  -8.762  59.200 0.2222220004
53549  47.279  -12.770  63.014 0.2222220004
53546  49.312  -12.669  61.689 0.1111110002
53556  48.984  -11.838  60.593 0.1111110002
52623  49.286  -13.083  60.913 0.1111110002
50599  47.230  -15.048  61.135 0.1111110002
50600  46.453  -15.844  61.335 0.1111110002
49651  45.077  -16.712  60.883 0.1111110002
106359  46.610  -15.286  60.287 0.1111110002
50601  45.784  -16.010  60.675 0.1111110002
49597  46.243  -16.107  65.216 0.2222220004
114587  46.339  -16.313  63.553 0.2222220004
53536  48.052  -12.755  63.756 0.2222220004
49612  46.372  -16.476  62.812 0.2222220004
52622  49.317  -12.673  61.109 0.1111110002
51645  48.999  -14.006  61.762 0.1111110002
50587  47.346  -15.279  62.262 0.1111110002
49623  46.389  -16.278  62.151 0.1111110002
51659  48.065  -14.433  61.610 0.1111110002
106888  46.800  -15.827  61.955 0.1111110002
49638  45.737  -16.288  61.517 0.1111110002
50569  47.230  -16.081  64.822 0.2222220004
49603  46.580  -16.084  64.366 0.2222220004
51633  49.000  -14.593  63.630 0.1111110002
50580  48.012  -15.692  63.802 0.1111110002
115234  46.779  -16.129  63.179 0.2222220004
53534  49.441  -12.918  62.668 0.2222220004
106347  48.991  -14.356  62.714 0.1111110002
51646  48.318  -14.882  62.534 0.1111110002
50588  46.799  -16.058  62.643 0.1111110002
51644  49.308  -13.305  61.973 0.2222220004
60899  51.515  -5.082  59.676 0.3333329856
59129  51.988  -5.989  59.069 0.3333329856
105897  48.299  -15.346  65.642 0.2222220004
50554  48.463  -15.386  64.912 0.1111110002
50581  47.182  -15.920  63.933 0.2222220004
50568  47.920  -15.827  64.446 0.1111110002
60028  52.102  -5.327  59.275 0.2222220004
60027  52.594  -5.016  59.011 0.2222220004
60039  53.193  -4.999  58.480 0.2222220004
60040  52.679  -5.572  58.599 0.2222220004
105437  53.411  -5.732  57.228 0.2222220004
105473  57.813  -5.594  49.672 0.2222220004
62035  59.258  -2.707  46.606 0.2222220004
60905  52.015  -4.931  59.360 0.2222220004
60084  52.179  -5.810  55.292 0.2222220004
60999  58.400  -4.721  50.135 0.2222220004
105894  57.107  -6.003  50.346 0.1111110002
108538  58.985  -3.914  48.331 0.2222220004
62022  59.142  -3.116  47.477 0.2222220004
119485  59.178  -1.997  46.481 0.2222220004
63849  58.965  -1.719  45.864 0.2222220004
62988  59.380  -1.796  45.082 0.2222220004
63857  59.400  -1.546  44.139 0.1111110002
60068  53.402  -5.732  56.129 0.2222220004
60083  52.888  -5.760  54.785 0.1111110002
59216  52.283  -6.295  51.115 0.1111110002
60146  57.968  -5.383  50.738 0.2222220004
59217  51.506  -6.612  50.844 0.1111110002
61016  58.459  -4.990  49.388 0.2222220004
60133  56.354  -6.224  50.908 0.1111110002
60134  53.600  -6.296  50.836 0.1111110002
60135  52.824  -6.292  50.594 0.1111110002
60998  58.779  -4.064  49.410 0.2222220004
61015  58.552  -4.837  48.701 0.2222220004
123050  58.858  -1.941  47.232 0.2222220004
62971  58.950  -2.251  47.781 0.2222220004
106523  58.331  -1.893  47.179 0.2222220004
62981  58.778  -1.766  46.667 0.2222220004
62970  59.123  -2.214  47.103 0.2222220004
63852  58.127  -1.512  45.109 0.2222220004
63851  58.812  -1.393  44.975 0.2222220004
63008  56.124  -2.384  44.076 0.1111110002
63858  58.863  -1.242  44.057 0.1111110002
102840  53.281  -5.851  53.388 0.1111110002
102841  54.330  -5.759  53.600 0.2222220004
60124  52.661  -6.253  51.982 0.1111110002
60107  53.504  -6.047  52.671 0.1111110002
102837  55.519  -6.187  51.402 0.1111110002
103044  53.784  -6.239  51.743 0.1111110002
105253  55.216  -6.216  50.537 0.1111110002
103054  54.494  -6.250  51.089 0.1111110002
104334  53.020  -6.303  51.266 0.1111110002
62013  58.839  -3.230  48.944 0.2222220004
62023  59.024  -2.990  48.249 0.2222220004
119411  58.297  -1.742  46.573 0.1111110002
62989  57.447  -1.946  45.488 0.1111110002
62990  56.663  -2.458  45.901 0.1111110002
105491  58.346  -1.438  44.523 0.1111110002
62997  56.503  -2.471  45.014 0.1111110002
63859  58.069  -1.572  43.802 0.1111110002
63853  57.401  -1.994  44.486 0.1111110002
63860  56.933  -2.113  43.493 0.1111110002
60106  55.560  -5.561  53.374 0.2222220004
60986  58.364  -4.482  51.000 0.2222220004
60132  57.341  -5.759  51.232 0.2222220004
105254  56.580  -5.881  51.727 0.1111110002
60123  54.795  -6.161  51.814 0.1111110002
60985  58.578  -3.696  50.317 0.2222220004
62000  58.186  -2.811  50.195 0.2222220004
62972  58.126  -2.150  47.971 0.2222220004
62961  57.912  -2.366  48.690 0.2222220004
62946  58.345  -2.736  49.268 0.2222220004
62037  54.510  -3.598  46.633 0.1111110002
104955  57.338  -2.251  47.269 0.1111110002
62983  56.739  -2.488  46.645 0.1111110002
62984  55.969  -2.891  46.379 0.1111110002
62991  55.798  -2.893  45.527 0.1111110002
102908  57.024  -4.632  53.721 0.2222220004
60092  56.460  -4.921  54.135 0.2222220004
60104  57.279  -4.789  52.786 0.2222220004
60105  56.643  -5.203  53.196 0.2222220004
102838  54.581  -5.980  52.563 0.1111110002
60122  57.335  -5.276  51.941 0.2222220004
105266  56.809  -5.424  52.418 0.2222220004
102839  55.782  -5.854  52.351 0.1111110002
62947  57.679  -2.441  49.401 0.2222220004
62026  54.739  -3.712  47.479 0.1111110002
106279  57.140  -2.415  48.049 0.2222220004
62973  56.281  -2.779  47.327 0.1111110002
62036  55.398  -3.454  46.901 0.1111110002
61941  55.094  -3.566  55.348 0.2222220004
61954  54.325  -3.416  54.394 0.1111110002
60961  57.019  -4.340  53.946 0.2222220004
61939  56.580  -4.234  54.482 0.2222220004
61952  56.389  -3.747  54.502 0.2222220004
60969  57.273  -4.287  53.320 0.2222220004
61951  57.085  -3.888  53.713 0.2222220004
60979  58.013  -4.247  51.706 0.2222220004
60968  57.626  -4.235  52.461 0.2222220004
124257  57.508  -3.159  52.255 0.2222220004
103733  57.056  -3.378  52.810 0.2222220004
61987  58.158  -3.452  51.164 0.2222220004
61976  57.820  -3.532  52.024 0.2222220004
103453  56.924  -2.859  51.064 0.2222220004
110650  57.707  -2.815  50.896 0.2222220004
62962  57.119  -2.489  48.716 0.2222220004
62014  56.627  -2.738  49.112 0.2222220004
62016  54.929  -3.777  48.310 0.1111110002
62024  56.355  -2.879  48.270 0.1111110002
62015  55.717  -3.336  48.687 0.1111110002
118315  55.691  -3.413  53.839 0.1111110002
61964  56.497  -3.444  53.495 0.2222220004
61965  55.293  -3.376  52.945 0.1111110002
103475  56.974  -2.851  52.000 0.2222220004
102762  56.064  -3.251  52.410 0.1111110002
62001  57.118  -2.604  50.107 0.2222220004
62002  56.047  -3.046  49.481 0.1111110002
119686  43.543  -17.849  68.574 0.2222220004
50556  47.078  -16.078  65.716 0.2222220004
50555  47.783  -15.804  65.265 0.2222220004
118498  55.930  -3.808  55.354 0.2222220004
47577  43.280  -18.071  70.393 0.3333329856
57315  45.786  -8.672  58.327 0.1111110002
55362  44.548  -11.737  62.206 0.2222220004
53539  44.871  -13.065  63.048 0.2222220004
52614  45.486  -13.334  62.709 0.2222220004
50567  48.534  -15.379  64.073 0.1111110002
51632  49.351  -13.599  63.102 0.2222220004
52615  44.996  -13.266  62.582 0.1111110002
54561  49.267  -10.958  53.754 0.1111110002
106988  49.388  -11.954  51.698 0.1111110002
53646  46.467  -11.766  55.652 0.1111110002
53650  43.000  -12.380  55.081 0.1111110002
53688  46.109  -12.899  51.980 0.1111110002
53611  43.692  -12.770  57.536 0.1111110002
53610  44.471  -13.053  58.083 0.1111110002
53664  43.354  -12.161  53.718 0.1111110002
54537  42.829  -12.035  55.272 0.1111110002
54523  42.793  -12.261  56.017 0.1111110002
55422  43.034  -11.583  56.574 0.1111110002
55401  43.492  -11.481  58.271 0.1111110002
54491  43.411  -12.315  57.873 0.1111110002
54482  43.515  -11.975  59.590 0.1111110002
109583  45.413  -9.354  59.622 0.1111110002
56374  44.712  -10.027  59.165 0.1111110002
55410  43.763  -10.615  57.890 0.1111110002
55421  43.639  -10.619  57.034 0.1111110002
108358  44.285  -11.835  61.255 0.2222220004
53563  43.780  -12.654  61.033 0.1111110002
55438  43.146  -11.419  54.783 0.1111110002
55448  43.724  -10.696  54.102 0.1111110002
52652  43.743  -13.195  60.125 0.1111110002
115187  44.158  -13.469  60.906 0.1111110002
119037  43.312  -11.829  53.712 0.1111110002
55449  43.472  -11.239  53.427 0.1111110002
53547  49.218  -12.530  61.926 0.2222220004
120419  48.967  -12.110  61.461 0.2222220004
53555  49.244  -12.211  60.905 0.1111110002
51658  48.904  -13.528  60.797 0.1111110002
49639  44.966  -16.486  61.827 0.1111110002
49624  45.705  -16.506  62.342 0.2222220004
50579  48.491  -15.228  63.328 0.1111110002
109933  47.539  -15.614  63.151 0.2222220004
62980  59.342  -2.253  45.874 0.2222220004
61999  58.676  -3.211  49.683 0.2222220004
63848  58.341  -1.618  45.903 0.2222220004
63861  55.858  -2.184  43.275 0.1111110002
105005  58.732  -1.319  43.255 0.1111110002
60131  57.887  -5.046  51.459 0.2222220004
62960  58.583  -2.617  48.484 0.2222220004
62982  57.599  -1.959  46.444 0.1111110002
60103  57.660  -4.722  52.056 0.2222220004
62025  55.565  -3.454  47.804 0.1111110002
61953  55.410  -3.490  54.549 0.2222220004
61963  57.418  -3.812  52.739 0.2222220004
61977  57.666  -2.887  51.670 0.2222220004
31269  16.360  -36.448  87.889 0.1111110002
31291  17.053  -35.365  84.792 0.2222220004
32067  17.110  -34.557  85.382 0.2222220004
31273  16.702  -35.871  87.026 0.1111110002
30473  16.596  -36.698  87.009 0.1111110002
30474  16.196  -37.328  87.532 0.1111110002
31282  16.904  -35.751  85.976 0.1111110002
28740  15.977  -38.230  86.944 0.1111110002
28750  15.658  -38.549  86.384 0.1111110002
102560  16.780  -35.446  87.683 0.1111110002
119171  16.176  -36.331  88.271 0.1111110002
32060  16.906  -34.954  86.549 0.1111110002
30469  16.035  -36.882  87.997 0.1111110002
30470  15.884  -36.912  87.911 0.1111110002
103097  17.150  -34.393  87.283 0.1111110002
31268  16.438  -35.795  88.311 0.1111110002
32981  17.187  -33.963  86.163 0.2222220004
32972  17.238  -33.691  88.862 0.1111110002
32976  17.476  -33.713  87.890 0.1111110002
32056  16.922  -34.781  88.330 0.1111110002
32985  17.789  -33.227  85.837 0.2222220004
32980  17.561  -33.397  86.852 0.2222220004
31266  16.186  -35.929  88.523 0.1111110002
32052  16.598  -34.526  88.962 0.1111110002
32990  17.977  -33.354  84.819 0.2222220004
120176  17.340  -33.282  89.608 0.1111110002
124349  17.827  -32.894  87.446 0.2222220004
32975  17.811  -32.920  88.309 0.2222220004
33904  18.744  -32.742  85.437 0.2222220004
33898  18.333  -32.607  86.636 0.2222220004
34813  20.495  -31.225  87.339 0.2222220004
33894  18.386  -32.351  87.721 0.2222220004
33890  18.428  -32.366  88.672 0.2222220004
33893  19.025  -31.885  87.194 0.2222220004
34815  19.084  -31.933  88.186 0.2222220004
34822  19.848  -31.631  86.805 0.2222220004
33897  19.284  -32.202  86.237 0.2222220004
34830  20.012  -31.842  85.925 0.2222220004
34814  19.772  -31.546  87.740 0.2222220004
34809  19.547  -31.359  88.536 0.2222220004
34821  20.595  -31.347  86.416 0.2222220004
34829  20.615  -31.441  85.502 0.2222220004
109789  21.769  -30.493  86.283 0.2222220004
34803  19.255  -30.967  89.387 0.2222220004
34808  20.229  -30.980  88.167 0.2222220004
35719  20.876  -30.536  87.814 0.2222220004
35726  21.782  -30.241  86.902 0.2222220004
35727  21.265  -30.832  86.923 0.2222220004
37552  19.174  -28.022  89.754 0.2222220004
121327  19.628  -28.027  89.992 0.2222220004
36620  19.782  -28.527  90.160 0.2222220004
36631  19.890  -29.325  90.205 0.2222220004
35701  19.266  -29.767  90.522 0.2222220004
36630  20.501  -28.703  89.792 0.2222220004
35708  19.693  -30.172  89.956 0.2222220004
36629  21.120  -28.382  89.494 0.2222220004
36639  20.988  -29.207  89.283 0.2222220004
35707  20.279  -29.662  89.563 0.2222220004
35713  19.822  -30.468  88.953 0.2222220004
36638  21.588  -28.562  89.003 0.2222220004
35711  21.205  -29.631  88.397 0.2222220004
35712  20.536  -30.069  88.664 0.2222220004
36649  22.065  -29.394  87.290 0.2222220004
35718  21.481  -30.026  87.538 0.2222220004
40618  26.137  -25.136  83.738 0.2222220004
40619  26.164  -25.741  84.236 0.2222220004
37551  20.245  -28.001  89.827 0.2222220004
38589  20.577  -27.620  89.555 0.2222220004
38593  19.962  -27.670  89.488 0.2222220004
38588  20.969  -27.447  89.450 0.2222220004
38592  20.675  -27.349  89.220 0.2222220004
38591  21.375  -27.133  88.982 0.2222220004
38598  20.884  -26.999  88.583 0.2222220004
115532  25.764  -25.762  83.308 0.1111110002
123932  25.593  -25.775  82.616 0.1111110002
37569  19.667  -28.369  88.042 0.1111110002
39575  22.844  -25.987  87.058 0.1111110002
105238  23.458  -26.443  85.311 0.1111110002
39588  23.004  -26.265  86.113 0.1111110002
115959  22.800  -26.536  85.031 0.1111110002
38608  21.655  -26.730  86.995 0.1111110002
106695  25.900  -24.358  83.289 0.1111110002
39576  22.268  -26.470  86.496 0.1111110002
40629  25.621  -25.413  82.095 0.1111110002
107059  28.549  -25.710  83.296 0.2222220004
41723  32.194  -23.616  80.182 0.1111110002
41734  31.684  -23.993  79.129 0.1111110002
41735  30.668  -23.774  79.102 0.1111110002
42678  25.498  -23.762  81.641 0.1111110002
42701  30.163  -23.245  79.492 0.1111110002
109250  27.456  -25.186  80.955 0.1111110002
123528  27.476  -24.867  81.384 0.1111110002
41736  29.721  -23.745  78.792 0.1111110002
40637  27.277  -25.660  80.201 0.1111110002
41749  28.718  -23.972  78.235 0.1111110002
110279  27.484  -24.637  80.281 0.1111110002
44688  26.351  -21.828  83.176 0.2222220004
44699  25.999  -21.929  82.069 0.2222220004
42702  29.235  -23.430  79.390 0.1111110002
42712  28.637  -23.620  78.987 0.1111110002
41750  27.952  -23.854  78.857 0.1111110002
113164  27.346  -24.882  79.568 0.1111110002
114930  27.854  -24.232  78.212 0.1111110002
116137  27.474  -24.645  78.731 0.1111110002
44687  26.561  -21.248  82.563 0.2222220004
42690  28.524  -23.086  80.607 0.1111110002
107599  28.075  -23.153  81.122 0.1111110002
42691  27.883  -23.754  80.484 0.1111110002
42703  28.393  -23.538  79.708 0.1111110002
41737  27.741  -24.154  79.548 0.1111110002
41761  27.461  -24.719  77.785 0.1111110002
40648  27.124  -25.563  79.197 0.1111110002
46648  40.537  -19.486  71.654 0.2222220004
46659  40.468  -19.397  70.756 0.2222220004
46658  41.236  -19.173  71.242 0.3333329856
46670  40.295  -19.271  69.844 0.1111110002
46669  41.151  -18.864  70.221 0.1111110002
120130  40.794  -18.907  69.358 0.1111110002
47597  40.939  -18.735  68.484 0.1111110002
46689  40.067  -18.989  68.050 0.1111110002
47589  41.497  -18.606  69.305 0.1111110002
47596  41.781  -18.515  68.565 0.1111110002
47605  41.685  -18.504  67.679 0.1111110002
47606  40.730  -18.652  67.488 0.1111110002
47607  40.003  -19.030  67.145 0.1111110002
115844  40.471  -18.400  65.824 0.1111110002
47617  39.823  -18.759  66.360 0.1111110002
47588  42.384  -18.331  69.163 0.1111110002
47595  42.427  -18.374  68.218 0.1111110002
106804  41.254  -18.421  66.930 0.1111110002
119626  41.355  -18.272  66.095 0.1111110002
47616  40.601  -18.588  66.631 0.1111110002
123934  40.218  -18.138  65.183 0.1111110002
47625  39.644  -18.468  65.563 0.1111110002
47634  39.586  -18.166  64.655 0.1111110002
114682  42.947  -18.150  68.655 0.1111110002
47615  42.041  -18.389  66.738 0.1111110002
122740  41.701  -18.028  65.570 0.1111110002
47633  40.362  -17.886  64.626 0.1111110002
47645  40.091  -17.775  63.944 0.1111110002
48628  39.889  -17.851  63.095 0.1111110002
48627  40.649  -17.570  63.315 0.1111110002
48646  41.213  -17.344  62.653 0.1111110002
48679  43.772  -17.166  61.050 0.1111110002
48665  42.944  -16.958  61.524 0.1111110002
48667  40.862  -17.466  61.723 0.1111110002
47604  42.622  -18.382  67.356 0.1111110002
47624  42.285  -18.063  65.917 0.1111110002
48602  42.028  -17.787  65.140 0.1111110002
48615  40.898  -17.682  64.150 0.1111110002
48614  41.758  -17.709  64.341 0.1111110002
48626  41.487  -17.470  63.514 0.1111110002
48624  43.082  -16.901  63.818 0.1111110002
48625  42.270  -17.378  63.714 0.1111110002
49613  45.718  -16.582  63.097 0.1111110002
115381  42.682  -17.064  63.156 0.1111110002
106488  42.051  -17.156  62.919 0.1111110002
48647  40.409  -17.635  62.493 0.1111110002
49626  43.909  -16.587  62.521 0.1111110002
48645  42.782  -17.086  62.414 0.1111110002
49625  44.742  -16.469  62.687 0.1111110002
49640  44.280  -16.660  62.056 0.1111110002
48664  43.648  -17.046  61.965 0.1111110002
48592  42.884  -18.272  66.558 0.1111110002
103367  43.095  -17.996  65.966 0.1111110002
48601  42.814  -17.642  65.348 0.1111110002
48613  42.516  -17.441  64.521 0.1111110002
48612  43.370  -17.138  64.796 0.1111110002
49606  44.053  -16.660  64.181 0.1111110002
56305  44.015  -10.073  66.019 0.2222220004
107925  43.399  -9.428  64.649 0.2222220004
40624  25.808  -25.199  82.859 0.1111110002
120846  45.575  -16.450  63.743 0.1111110002
33891  17.843  -32.913  89.204 0.2222220004
34810  18.934  -31.799  88.999 0.2222220004
56318  43.673  -9.677  65.322 0.2222220004
41724  27.567  -24.391  81.019 0.1111110002
113911  42.751  -18.253  69.948 0.1111110002
103547  16.014  -37.601  87.474 0.1111110002
29661  15.763  -38.043  86.888 0.1111110002
31265  16.424  -35.340  88.647 0.1111110002
34820  21.239  -31.002  85.949 0.2222220004
37560  21.301  -27.705  89.359 0.2222220004
106242  21.712  -29.214  88.123 0.2222220004
41748  30.756  -24.159  78.424 0.1111110002
46679  40.176  -19.187  68.944 0.1111110002
47632  41.113  -17.995  65.122 0.1111110002
103033  41.934  -17.082  61.911 0.1111110002
121900  30.496  -21.119  77.965 0.1111110002
105605  25.758  -22.346  81.278 0.1111110002
44707  26.347  -21.304  80.766 0.1111110002
44729  28.746  -21.205  78.342 0.1111110002
44730  27.762  -21.324  78.390 0.1111110002
44715  27.303  -21.025  79.307 0.1111110002
117591  26.003  -21.725  81.268 0.1111110002
108891  38.782  -16.962  71.044 0.1111110002
121047  38.429  -17.333  71.351 0.1111110002
54435  42.776  -11.912  65.394 0.1111110002
53512  42.964  -12.576  65.955 0.1111110002
55322  43.661  -10.943  66.275 0.1111110002
55323  43.114  -11.132  65.493 0.1111110002
54442  42.593  -11.382  64.765 0.1111110002
55333  42.998  -10.628  64.845 0.1111110002
55332  43.400  -10.384  65.490 0.1111110002
56319  43.201  -9.972  64.968 0.1111110002
56332  42.950  -10.076  64.248 0.1111110002
103927  42.924  -9.765  63.487 0.1111110002
56331  43.182  -9.290  64.075 0.1111110002
57275  43.313  -8.934  63.474 0.1111110002
57300  43.813  -8.822  60.468 0.1111110002
56342  43.044  -9.402  62.651 0.1111110002
116385  43.822  -8.825  61.261 0.1111110002
39606  29.507  -26.396  83.905 0.2222220004
57290  43.438  -8.991  61.899 0.1111110002
54425  43.219  -11.739  66.120 0.1111110002
54436  42.127  -12.041  64.824 0.1111110002
60164  58.142  -5.549  48.820 0.1111110002
118593  58.074  -6.078  48.187 0.1111110002
60163  58.277  -5.625  48.076 0.1111110002
59275  58.665  -6.537  46.627 0.1111110002
59274  58.973  -6.510  45.916 0.1111110002
59279  59.725  -6.864  45.067 0.1111110002
58375  59.877  -8.007  44.759 0.1111110002
61028  58.480  -4.902  47.787 0.1111110002
60187  58.679  -5.796  46.485 0.1111110002
61150  59.657  -3.925  38.889 0.1111110002
61027  58.957  -4.232  47.317 0.1111110002
61041  58.971  -4.811  46.361 0.1111110002
110083  59.410  -4.953  45.401 0.1111110002
61054  60.226  -4.413  44.020 0.1111110002
60191  59.881  -5.211  44.506 0.1111110002
61057  60.790  -4.812  43.165 0.1111110002
62069  60.950  -3.839  42.661 0.1111110002
61061  61.019  -5.046  42.329 0.1111110002
61080  61.109  -4.812  41.469 0.1111110002
61106  61.083  -4.537  40.643 0.1111110002
60241  60.483  -4.719  40.377 0.1111110002
110857  60.093  -3.670  38.428 0.1111110002
61149  60.626  -3.912  38.999 0.1111110002
62122  59.281  -3.580  38.121 0.1111110002
112086  59.246  -3.690  46.643 0.1111110002
61055  59.758  -3.960  45.036 0.1111110002
62066  60.484  -3.599  43.540 0.1111110002
62056  60.091  -3.208  44.345 0.1111110002
62071  61.198  -3.454  41.538 0.1111110002
109269  61.050  -3.403  42.059 0.1111110002
61105  61.303  -3.743  40.124 0.1111110002
116240  61.132  -3.800  39.368 0.1111110002
62099  61.131  -3.411  38.736 0.1111110002
106976  60.164  -3.416  37.824 0.1111110002
62142  59.582  -3.294  37.297 0.1111110002
62159  58.955  -3.065  36.758 0.1111110002
63075  59.305  -2.546  36.070 0.1111110002
63076  58.284  -2.726  36.241 0.1111110002
103546  59.701  -2.695  45.118 0.1111110002
62045  59.459  -3.213  45.889 0.1111110002
62996  59.812  -2.218  44.401 0.1111110002
62067  60.176  -2.674  43.859 0.1111110002
63006  60.364  -2.657  43.147 0.1111110002
105588  60.707  -2.921  42.413 0.1111110002
62072  60.822  -2.705  41.754 0.1111110002
63017  60.728  -2.350  41.132 0.1111110002
63020  60.905  -2.304  40.396 0.1111110002
119658  61.285  -2.879  40.017 0.1111110002
63019  61.287  -3.162  39.352 0.1111110002
63047  61.181  -2.705  38.537 0.1111110002
62121  61.126  -3.042  37.994 0.1111110002
118144  60.748  -3.180  37.705 0.1111110002
63060  61.104  -2.374  37.582 0.1111110002
63061  60.980  -2.720  37.259 0.1111110002
62158  59.942  -2.850  36.586 0.1111110002
63091  58.661  -2.161  35.521 0.1111110002
63092  57.651  -2.352  35.622 0.1111110002
63975  57.134  -1.807  35.056 0.1111110002
63992  56.676  -1.189  34.515 0.1111110002
63977  55.192  -2.090  34.945 0.1111110002
63104  54.228  -2.247  34.714 0.1111110002
119021  59.928  -2.040  43.782 0.1111110002
63015  60.254  -2.195  42.455 0.1111110002
63880  60.231  -2.029  41.701 0.1111110002
63892  60.334  -1.922  40.907 0.1111110002
63031  61.013  -2.305  39.370 0.1111110002
63906  60.439  -1.729  40.007 0.1111110002
102459  60.538  -1.796  38.954 0.1111110002
63925  60.989  -1.942  38.131 0.1111110002
63072  61.199  -2.110  36.654 0.1111110002
63944  61.102  -1.707  36.977 0.1111110002
63089  61.061  -1.927  35.494 0.1111110002
63088  61.300  -1.938  35.910 0.1111110002
63090  59.750  -1.963  35.315 0.1111110002
63973  59.143  -1.569  34.773 0.1111110002
63974  58.097  -1.718  34.970 0.1111110002
64891  56.174  -0.429  34.190 0.1111110002
63993  55.647  -1.306  34.556 0.1111110002
63105  53.262  -2.385  34.371 0.1111110002
63106  52.397  -2.409  34.183 0.1111110002
63991  57.704  -1.137  34.388 0.1111110002
63994  54.675  -1.503  34.438 0.1111110002
112754  53.746  -1.650  34.230 0.1111110002
63995  52.783  -1.702  33.937 0.1111110002
63970  61.311  -1.463  35.351 0.1111110002
63961  61.295  -1.552  36.051 0.1111110002
63971  61.105  -1.442  34.806 0.1111110002
63972  60.418  -1.351  34.501 0.1111110002
63990  59.549  -0.821  34.088 0.1111110002
63997  51.823  -1.253  33.958 0.1111110002
64874  51.318  -0.616  34.521 0.1111110002
64889  58.631  -0.315  33.796 0.1111110002
64890  57.396  -0.301  34.023 0.1111110002
64892  55.034  -0.703  34.048 0.1111110002
64893  53.319  -0.938  33.849 0.1111110002
64894  52.376  -0.870  33.513 0.1111110002
64896  51.502  -0.442  33.546 0.1111110002
64907  56.949  0.598  33.699 0.1111110002
64909  54.136  -0.240  33.748 0.1111110002
64908  55.474  0.139  33.821 0.1111110002
65799  60.871  -0.005  34.227 0.1111110002
64888  59.800  0.055  33.615 0.1111110002
64904  59.796  0.768  33.515 0.1111110002
64910  52.907  -0.255  33.432 0.1111110002
64911  51.951  -0.123  32.925 0.1111110002
64905  59.183  0.665  33.392 0.1111110002
65826  54.747  0.630  33.749 0.1111110002
65827  53.535  0.387  33.638 0.1111110002
116312  52.545  0.257  33.176 0.1111110002
65824  58.068  1.370  33.283 0.1111110002
65825  55.981  1.078  33.749 0.1111110002
113277  57.202  1.751  33.413 0.1111110002
66705  56.244  2.100  33.656 0.1111110002
65800  60.608  0.282  34.409 0.1111110002
66701  59.761  1.107  33.564 0.1111110002
67547  59.100  2.078  33.953 0.1111110002
67548  58.610  2.755  34.070 0.1111110002
65823  58.897  1.385  33.198 0.1111110002
66702  59.189  1.629  33.329 0.1111110002
67564  58.329  3.012  33.415 0.1111110002
66706  54.229  1.251  34.081 0.1111110002
67576  57.969  3.457  33.224 0.1111110002
68391  57.874  3.663  33.428 0.1111110002
66704  57.385  2.883  33.324 0.1111110002
68404  56.531  3.733  33.698 0.1111110002
121297  54.393  2.069  34.397 0.1111110002
105280  55.978  4.014  34.148 0.1111110002
67565  54.875  2.738  34.387 0.1111110002
68393  54.962  3.375  34.524 0.1111110002
68383  55.039  4.075  34.772 0.1111110002
68392  56.906  4.163  33.575 0.1111110002
69223  55.735  4.682  34.547 0.1111110002
121127  56.157  5.135  34.450 0.1111110002
69224  55.116  4.655  35.145 0.1111110002
63007  59.823  -1.752  43.250 0.1111110002
59266  57.778  -6.568  47.735 0.1111110002
60178  58.415  -5.787  47.261 0.1111110002
59280  59.181  -7.354  45.832 0.1111110002
60188  59.534  -5.859  44.919 0.1111110002
61042  58.493  -5.083  47.013 0.1111110002
60186  59.045  -5.793  45.632 0.1111110002
61050  59.397  -4.124  45.916 0.1111110002
61060  61.196  -4.165  41.848 0.1111110002
61079  61.303  -4.023  41.065 0.1111110002
113979  60.876  -5.333  41.851 0.1111110002
61130  60.879  -4.250  39.825 0.1111110002
61131  60.131  -4.337  39.591 0.1111110002
110159  60.682  -3.452  38.293 0.1111110002
62081  61.240  -3.013  40.878 0.1111110002
62141  60.445  -3.055  37.171 0.1111110002
62143  58.626  -3.392  37.457 0.1111110002
63073  60.847  -2.411  36.404 0.1111110002
120694  60.643  -1.810  35.133 0.1111110002
63976  56.165  -1.919  35.066 0.1111110002
63869  59.725  -1.568  42.461 0.1111110002
63893  60.040  -1.542  40.724 0.1111110002
122957  58.575  -1.159  34.351 0.1111110002
63996  52.141  -1.568  33.815 0.1111110002
63107  51.952  -2.292  34.192 0.1111110002
122664  54.174  -0.988  34.091 0.1111110002
63988  61.050  -0.968  34.322 0.1111110002
63989  60.535  -0.503  34.035 0.1111110002
64895  51.859  -0.663  33.359 0.1111110002
64897  50.842  0.208  33.666 0.1111110002
63979  51.036  -0.768  35.570 0.1111110002
64906  58.225  0.581  33.436 0.1111110002
65814  60.477  0.361  33.829 0.1111110002
108426  55.269  1.441  33.890 0.1111110002
66689  56.432  3.064  33.663 0.1111110002
66690  55.319  2.272  34.115 0.1111110002
66674  60.072  0.991  34.047 0.1111110002
67563  58.873  2.201  33.527 0.1111110002
120960  57.994  2.549  34.940 0.1111110002
66703  58.446  2.342  33.201 0.1111110002
67577  57.248  3.702  33.387 0.1111110002
103160  55.702  3.253  34.079 0.1111110002
69234  57.068  4.449  33.746 0.1111110002
110847  56.498  4.578  34.073 0.1111110002
70060  55.598  5.438  35.038 0.1111110002
30484  16.820  -36.876  86.132 0.1111110002
117369  16.738  -37.778  86.231 0.1111110002
32986  17.454  -33.762  85.365 0.1111110002
115903  17.481  -33.956  84.782 0.1111110002
33908  18.757  -32.940  84.374 0.1111110002
33903  19.528  -32.259  85.484 0.1111110002
34851  20.714  -31.577  82.660 0.1111110002
34844  20.630  -31.577  83.644 0.1111110002
116073  19.336  -32.536  83.813 0.1111110002
33902  20.049  -31.938  85.073 0.1111110002
34836  21.263  -31.137  84.136 0.1111110002
34837  20.624  -31.521  84.593 0.1111110002
33906  20.003  -32.027  84.161 0.1111110002
34843  21.330  -31.157  83.231 0.1111110002
37593  28.273  -28.399  85.314 0.1111110002
39605  30.198  -27.118  84.382 0.1111110002
39596  29.883  -26.929  85.136 0.1111110002
117103  29.168  -28.066  85.420 0.1111110002
38621  30.403  -27.647  84.672 0.1111110002
37584  30.050  -28.110  84.907 0.1111110002
37592  29.352  -28.537  84.754 0.1111110002
36672  28.244  -28.701  84.330 0.1111110002
38609  20.997  -27.059  87.521 0.1111110002
37585  28.311  -27.828  85.911 0.1111110002
40601  29.474  -26.098  85.746 0.1111110002
38613  29.874  -27.428  85.299 0.1111110002
121609  29.621  -27.756  85.382 0.1111110002
38601  29.602  -26.750  85.874 0.1111110002
41785  35.311  -24.213  74.602 0.1111110002
42744  36.174  -23.823  74.343 0.1111110002
42751  35.585  -23.755  73.744 0.1111110002
103049  35.942  -23.577  72.892 0.1111110002
42758  36.879  -23.208  72.787 0.1111110002
43755  36.933  -22.998  71.816 0.1111110002
106442  37.362  -22.304  71.514 0.1111110002
44788  38.540  -21.545  72.367 0.1111110002
44803  37.470  -21.675  70.785 0.1111110002
119884  37.780  -21.647  71.505 0.1111110002
43770  37.018  -22.284  70.625 0.1111110002
44802  37.864  -20.945  71.106 0.1111110002
44794  38.328  -21.328  71.784 0.1111110002
38614  29.188  -27.421  85.895 0.1111110002
32991  17.757  -33.809  84.128 0.1111110002
32076  17.376  -34.513  84.386 0.1111110002
105534  18.231  -33.328  84.014 0.1111110002
33911  19.174  -32.584  83.049 0.1111110002
33910  19.891  -32.090  83.101 0.1111110002
35769  21.882  -30.732  82.970 0.1111110002
36627  12.740  -29.234  90.865 0.1111110002
37550  20.835  -27.872  89.613 0.2222220004
47492  39.923  -18.112  78.420 0.7777780294
48556  37.281  -17.438  69.559 0.1111110002
51594  40.915  -14.788  67.001 0.1111110002
53638  43.164  -12.660  55.405 0.1111110002
60871  48.946  -4.268  63.372 0.7777780294
63074  60.337  -2.320  35.804 0.1111110002
64871  61.097  -0.351  34.768 0.1111110002
64887  61.012  -0.384  34.219 0.1111110002
66688  59.435  1.582  33.701 0.1111110002
119092  59.430  1.199  33.339 0.1111110002
119499  37.267  -17.531  70.049 0.1111110002
123350  13.628  -34.524  84.282 0.1111110002
124165  55.958  -4.067  55.644 0.2222220004
