#!ascii label  , from subject sub-v1s9x0051355_ses-1 vox2ras=TkReg
496
52344  22.099  -13.771  0.638 0.0000000000
60655  25.257  -5.919  -2.603 0.0000000000
66228  24.091  0.517  -8.434 0.0000000000
101736  20.509  -2.408  -3.568 0.0000000000
49368  25.574  -17.623  2.034 0.0000000000
53319  27.063  -13.836  1.142 0.0000000000
55136  24.089  -11.854  -3.194 0.0000000000
114355  19.479  -5.951  -6.155 0.0000000000
108103  25.030  -2.533  -5.028 0.0000000000
69567  25.729  4.124  -6.820 0.0000000000
115706  22.193  3.730  -9.219 0.0000000000
50336  23.642  -15.762  1.229 0.0000000000
50320  26.939  -16.135  1.597 0.0000000000
52350  25.217  -14.494  -0.232 0.0000000000
57042  20.546  -9.244  -2.946 0.0000000000
59771  18.903  -6.474  -2.258 0.0000000000
64417  23.246  -1.882  -6.704 0.0000000000
62595  22.866  -3.265  -5.490 0.0000000000
65339  24.537  -1.145  -7.073 0.0000000000
66191  25.352  0.239  -5.773 0.0000000000
67941  25.002  2.345  -7.514 0.0000000000
70403  20.431  5.612  -6.258 0.0000000000
68760  21.094  3.850  -6.148 0.0000000000
70441  21.534  5.346  -9.709 0.0000000000
104815  24.385  -8.830  -3.559 0.0000000000
114014  25.968  -9.920  -1.170 0.0000000000
58842  26.450  -7.755  -1.071 0.0000000000
67079  22.164  0.635  -7.121 0.0000000000
62565  26.058  -3.152  -2.304 0.0000000000
54209  21.494  -11.720  -0.084 0.0000000000
54221  23.151  -12.726  -1.563 0.0000000000
55131  21.555  -11.005  -1.851 0.0000000000
57050  21.482  -9.077  -4.168 0.0000000000
59802  23.411  -6.757  -4.074 0.0000000000
61609  20.800  -4.559  -3.345 0.0000000000
61608  23.600  -4.778  -4.525 0.0000000000
61593  24.510  -4.646  -3.843 0.0000000000
65298  25.822  -0.864  -3.498 0.0000000000
67932  21.592  2.345  -6.940 0.0000000000
67120  22.956  1.944  -9.207 0.0000000000
70472  21.917  5.168  -11.996 0.0000000000
69651  23.154  4.028  -12.161 0.0000000000
69598  24.134  4.086  -9.708 0.0000000000
71261  24.699  6.046  -8.083 0.0000000000
118827  25.516  -12.603  -1.265 0.0000000000
53321  21.249  -13.160  1.363 0.0000000000
51332  21.595  -14.425  1.637 0.0000000000
123927  23.174  -14.843  0.490 0.0000000000
51340  24.377  -15.314  0.395 0.0000000000
52342  23.083  -14.475  0.004 0.0000000000
65352  23.696  -1.026  -8.020 0.0000000000
65340  23.864  -1.495  -7.338 0.0000000000
119688  24.519  -0.249  -8.162 0.0000000000
66216  25.112  0.398  -7.539 0.0000000000
66217  24.609  0.763  -8.105 0.0000000000
103872  20.662  6.517  -7.972 0.0000000000
69582  21.594  5.274  -7.639 0.0000000000
71272  21.264  6.479  -8.871 0.0000000000
121643  24.792  -7.461  -3.061 0.0000000000
57946  25.580  -8.558  -2.170 0.0000000000
59755  25.781  -7.043  -1.995 0.0000000000
65330  21.775  -1.125  -5.723 0.0000000000
66192  21.113  -0.215  -5.930 0.0000000000
49369  24.669  -17.564  2.206 0.0000000000
48347  25.241  -18.276  2.578 0.0000000000
48345  26.743  -18.185  2.777 0.0000000000
49366  27.093  -17.364  2.426 0.0000000000
52333  27.189  -14.690  1.409 0.0000000000
51314  28.182  -15.130  2.254 0.0000000000
55102  21.190  -11.167  -0.374 0.0000000000
55115  20.807  -10.533  -0.669 0.0000000000
101720  16.980  -8.968  -6.349 0.0000000000
57052  19.952  -9.089  -4.147 0.0000000000
57988  20.169  -7.997  -5.172 0.0000000000
115447  22.694  -7.800  -4.202 0.0000000000
59817  21.851  -6.788  -4.808 0.0000000000
61596  19.602  -4.575  -2.172 0.0000000000
119484  20.680  -3.889  -3.174 0.0000000000
62594  24.436  -3.348  -5.573 0.0000000000
62583  23.184  -3.925  -4.882 0.0000000000
62582  24.443  -3.838  -5.012 0.0000000000
61594  24.342  -5.022  -4.412 0.0000000000
62577  24.279  -3.699  -4.034 0.0000000000
63464  25.180  -2.242  -3.361 0.0000000000
64389  25.054  -1.805  -4.644 0.0000000000
67066  25.845  1.822  -5.738 0.0000000000
67050  25.884  1.022  -5.135 0.0000000000
68789  22.108  3.346  -8.595 0.0000000000
68759  21.561  3.199  -6.985 0.0000000000
67957  22.261  2.820  -8.480 0.0000000000
67110  22.583  1.776  -8.541 0.0000000000
68788  22.610  2.944  -9.192 0.0000000000
69616  23.702  3.691  -10.513 0.0000000000
71283  23.589  5.860  -10.349 0.0000000000
113019  24.288  4.766  -8.634 0.0000000000
54250  23.453  -12.306  -2.992 0.0000000000
54220  23.915  -12.673  -1.705 0.0000000000
54237  24.346  -12.099  -2.170 0.0000000000
57010  26.734  -9.215  -0.301 0.0000000000
55991  26.887  -10.646  0.282 0.0000000000
50324  23.627  -16.307  1.638 0.0000000000
50323  24.278  -16.389  1.351 0.0000000000
50306  26.667  -16.812  1.762 0.0000000000
50334  25.137  -15.787  0.611 0.0000000000
52341  25.752  -14.724  0.264 0.0000000000
53334  25.909  -13.926  -0.018 0.0000000000
57023  19.541  -8.671  -0.540 0.0000000000
118007  20.813  -7.532  -3.046 0.0000000000
59785  18.774  -6.204  -4.464 0.0000000000
63480  22.044  -2.497  -5.102 0.0000000000
103607  22.097  -3.352  -4.744 0.0000000000
117727  22.847  -2.444  -5.910 0.0000000000
63497  23.915  -2.154  -6.550 0.0000000000
64409  24.509  -2.277  -6.201 0.0000000000
65317  25.052  -1.228  -5.104 0.0000000000
65338  25.066  -0.546  -6.519 0.0000000000
67078  25.385  1.166  -6.677 0.0000000000
68758  25.439  3.285  -6.865 0.0000000000
69556  19.716  4.376  -5.054 0.0000000000
69569  20.540  4.733  -6.280 0.0000000000
69599  21.840  4.603  -8.608 0.0000000000
69618  21.844  4.530  -9.506 0.0000000000
56047  24.026  -10.207  -3.376 0.0000000000
55134  24.981  -11.262  -2.849 0.0000000000
57033  25.356  -9.361  -2.709 0.0000000000
57945  26.088  -8.545  -1.412 0.0000000000
64391  20.810  -1.922  -4.217 0.0000000000
64400  22.063  -1.774  -5.402 0.0000000000
65342  22.318  -0.887  -6.481 0.0000000000
66219  22.692  0.174  -8.152 0.0000000000
50305  27.503  -16.489  2.171 0.0000000000
61582  25.749  -4.512  -2.335 0.0000000000
60646  26.421  -5.423  -1.503 0.0000000000
53349  22.143  -13.043  0.060 0.0000000000
53348  22.539  -13.462  -0.632 0.0000000000
54208  21.742  -12.290  -0.368 0.0000000000
54240  22.433  -11.788  -1.852 0.0000000000
119231  22.498  -11.641  -3.214 0.0000000000
56035  20.758  -9.852  -2.577 0.0000000000
55142  21.272  -10.414  -3.390 0.0000000000
56049  22.839  -10.097  -3.652 0.0000000000
57048  23.319  -9.236  -3.559 0.0000000000
120540  24.139  -8.095  -3.834 0.0000000000
59784  24.455  -6.533  -3.529 0.0000000000
60658  20.262  -5.764  -2.781 0.0000000000
101727  19.935  -5.543  -4.604 0.0000000000
101737  21.435  -4.265  -3.633 0.0000000000
101735  21.620  -4.928  -3.607 0.0000000000
102621  20.975  -5.734  -5.159 0.0000000000
60681  23.295  -6.130  -4.282 0.0000000000
60657  24.618  -5.462  -4.038 0.0000000000
112009  24.651  -5.237  -2.998 0.0000000000
62566  25.581  -3.781  -2.631 0.0000000000
64378  25.834  -1.552  -3.029 0.0000000000
65316  25.234  -0.489  -4.653 0.0000000000
122681  21.641  0.846  -6.622 0.0000000000
117475  22.825  1.102  -8.344 0.0000000000
67109  23.220  1.504  -8.769 0.0000000000
70456  21.545  5.135  -10.739 0.0000000000
69634  22.724  3.881  -11.199 0.0000000000
106941  22.718  4.343  -12.220 0.0000000000
68815  22.990  3.409  -10.827 0.0000000000
68800  23.185  3.086  -10.280 0.0000000000
68799  23.536  2.756  -9.599 0.0000000000
67955  24.116  1.871  -9.076 0.0000000000
67942  24.547  2.465  -8.329 0.0000000000
69581  24.759  4.540  -7.837 0.0000000000
70411  25.344  5.590  -7.510 0.0000000000
52358  23.766  -13.922  -1.115 0.0000000000
53345  25.269  -13.869  -0.769 0.0000000000
53344  26.391  -12.904  0.060 0.0000000000
55113  25.621  -11.203  -1.312 0.0000000000
113179  26.503  -12.047  -0.170 0.0000000000
53320  21.594  -13.777  1.240 0.0000000000
104952  22.039  -14.265  1.151 0.0000000000
52343  22.594  -14.496  0.654 0.0000000000
52353  22.601  -13.907  -0.009 0.0000000000
66218  23.617  -0.285  -8.329 0.0000000000
120458  24.062  -0.763  -8.197 0.0000000000
59767  25.487  -6.721  -2.410 0.0000000000
48346  26.033  -18.571  2.456 0.0000000000
49367  26.307  -17.593  2.082 0.0000000000
52332  27.791  -14.727  1.841 0.0000000000
119724  27.752  -14.014  1.641 0.0000000000
53318  28.350  -13.344  2.118 0.0000000000
55103  20.846  -10.620  0.109 0.0000000000
103858  20.552  -10.131  -0.165 0.0000000000
58905  18.150  -7.553  -6.079 0.0000000000
120989  18.447  -8.292  -5.743 0.0000000000
103510  19.185  -7.367  -5.680 0.0000000000
58902  21.200  -6.806  -5.266 0.0000000000
114104  20.529  -6.168  -5.723 0.0000000000
62568  20.125  -3.068  -2.977 0.0000000000
61617  24.001  -4.118  -4.914 0.0000000000
61607  24.230  -4.405  -4.542 0.0000000000
63473  24.821  -3.193  -4.872 0.0000000000
63472  24.612  -2.251  -4.099 0.0000000000
68738  25.851  3.172  -6.178 0.0000000000
67924  25.990  2.705  -5.839 0.0000000000
68801  22.817  3.071  -10.070 0.0000000000
70425  23.772  5.807  -9.309 0.0000000000
119994  23.739  -12.097  -3.225 0.0000000000
54249  24.450  -11.852  -2.925 0.0000000000
56997  27.383  -9.240  0.363 0.0000000000
51330  23.044  -15.140  1.067 0.0000000000
50325  22.909  -15.789  1.737 0.0000000000
50322  25.075  -16.386  1.082 0.0000000000
50335  24.356  -15.839  0.875 0.0000000000
51345  24.417  -14.785  -0.104 0.0000000000
51339  25.162  -15.111  0.249 0.0000000000
58859  18.661  -7.341  -1.999 0.0000000000
58858  19.296  -8.049  -2.140 0.0000000000
58873  19.948  -7.273  -2.460 0.0000000000
58884  19.936  -7.460  -3.651 0.0000000000
119980  20.667  -6.748  -3.265 0.0000000000
120089  24.260  -1.743  -6.702 0.0000000000
65329  24.778  -1.415  -6.129 0.0000000000
67094  25.031  1.408  -7.462 0.0000000000
67931  25.533  2.270  -6.612 0.0000000000
71252  20.601  6.295  -6.571 0.0000000000
69570  20.157  4.908  -5.855 0.0000000000
70402  21.311  5.153  -6.839 0.0000000000
70426  21.573  5.497  -8.654 0.0000000000
57041  24.514  -9.633  -3.337 0.0000000000
108438  25.020  -9.954  -3.084 0.0000000000
57970  24.926  -9.100  -3.247 0.0000000000
58856  25.850  -7.750  -1.724 0.0000000000
57930  26.576  -8.493  -0.689 0.0000000000
120703  20.502  -1.992  -3.620 0.0000000000
63481  21.471  -1.900  -4.806 0.0000000000
64401  21.703  -1.331  -5.145 0.0000000000
66204  22.559  -0.328  -7.321 0.0000000000
50321  26.313  -16.232  1.168 0.0000000000
51313  28.734  -15.667  2.716 0.0000000000
62554  26.096  -3.922  -2.022 0.0000000000
54192  21.069  -11.910  0.941 0.0000000000
53350  21.506  -12.269  0.421 0.0000000000
55114  21.285  -11.397  -1.123 0.0000000000
55130  21.825  -11.502  -1.650 0.0000000000
54251  22.764  -12.068  -2.839 0.0000000000
55137  22.060  -11.472  -2.539 0.0000000000
57035  20.552  -9.360  -1.792 0.0000000000
56042  20.115  -9.623  -3.565 0.0000000000
57051  20.651  -9.188  -4.198 0.0000000000
56051  20.506  -9.621  -3.579 0.0000000000
56050  21.310  -9.888  -4.056 0.0000000000
119512  21.824  -10.577  -3.714 0.0000000000
106042  22.019  -10.092  -4.008 0.0000000000
57049  22.464  -9.223  -3.885 0.0000000000
58895  23.025  -7.375  -4.159 0.0000000000
114511  23.465  -7.959  -3.950 0.0000000000
58894  23.723  -7.396  -3.890 0.0000000000
58871  24.374  -7.314  -3.496 0.0000000000
59801  24.025  -6.695  -3.789 0.0000000000
61595  20.265  -4.286  -2.707 0.0000000000
106782  20.069  -5.094  -2.530 0.0000000000
102020  20.516  -5.202  -3.002 0.0000000000
101728  20.382  -5.485  -3.709 0.0000000000
101732  20.840  -5.252  -3.749 0.0000000000
116599  21.515  -3.561  -4.050 0.0000000000
62578  22.391  -4.223  -4.279 0.0000000000
101983  22.426  -4.960  -4.041 0.0000000000
101734  21.288  -5.462  -4.167 0.0000000000
101733  22.217  -5.454  -4.160 0.0000000000
60682  22.668  -6.015  -4.411 0.0000000000
60671  23.133  -5.514  -4.384 0.0000000000
60670  24.011  -5.600  -4.337 0.0000000000
61592  24.874  -4.482  -2.826 0.0000000000
62567  24.584  -3.654  -3.216 0.0000000000
64388  25.281  -1.600  -3.759 0.0000000000
65279  26.474  -0.851  -2.876 0.0000000000
65328  25.103  -0.521  -5.486 0.0000000000
66173  25.458  0.186  -4.817 0.0000000000
67081  20.952  1.851  -6.366 0.0000000000
66205  21.018  1.035  -6.351 0.0000000000
67080  21.769  1.456  -6.897 0.0000000000
67119  23.479  1.976  -9.268 0.0000000000
122666  21.653  5.042  -11.394 0.0000000000
69635  21.963  4.441  -10.506 0.0000000000
69652  22.232  4.472  -11.517 0.0000000000
123570  23.271  4.422  -12.167 0.0000000000
70470  23.019  4.528  -12.330 0.0000000000
121223  22.840  3.888  -11.991 0.0000000000
68814  23.095  3.713  -11.552 0.0000000000
108931  23.262  3.547  -10.857 0.0000000000
69615  23.907  3.320  -9.812 0.0000000000
68787  24.142  2.819  -9.078 0.0000000000
70424  24.106  5.703  -8.531 0.0000000000
70412  24.553  5.409  -8.004 0.0000000000
53360  22.529  -13.078  -1.105 0.0000000000
53359  23.018  -13.528  -1.123 0.0000000000
54219  24.733  -12.533  -1.603 0.0000000000
53357  25.144  -13.264  -1.275 0.0000000000
111710  25.793  -13.223  -0.792 0.0000000000
54206  26.056  -12.416  -0.718 0.0000000000
56022  25.678  -10.437  -1.662 0.0000000000
55129  25.239  -11.116  -2.067 0.0000000000
56021  25.953  -10.579  -0.872 0.0000000000
55087  27.148  -11.098  0.711 0.0000000000
55088  26.704  -11.332  0.068 0.0000000000
54191  26.938  -12.029  0.580 0.0000000000
51341  23.674  -15.294  0.693 0.0000000000
51346  23.674  -14.884  0.162 0.0000000000
52352  23.706  -14.444  -0.415 0.0000000000
65341  23.228  -1.129  -7.454 0.0000000000
65351  24.279  -0.985  -7.878 0.0000000000
66203  24.967  -0.492  -7.471 0.0000000000
109251  24.565  1.615  -8.239 0.0000000000
71262  20.520  6.769  -7.388 0.0000000000
70413  20.662  6.109  -7.103 0.0000000000
57960  24.722  -8.176  -3.296 0.0000000000
57959  25.174  -8.583  -2.840 0.0000000000
58857  25.273  -7.627  -2.548 0.0000000000
59754  26.277  -6.995  -1.434 0.0000000000
115570  21.627  0.230  -6.460 0.0000000000
49370  23.715  -17.386  2.581 0.0000000000
49371  22.766  -16.887  2.809 0.0000000000
48348  24.389  -18.102  2.751 0.0000000000
48331  27.326  -18.737  3.221 0.0000000000
49353  27.514  -17.884  3.093 0.0000000000
51329  26.706  -15.469  1.217 0.0000000000
51328  27.482  -15.510  1.820 0.0000000000
55089  21.106  -11.352  0.418 0.0000000000
122225  21.036  -10.993  -0.856 0.0000000000
119603  21.078  -10.763  -1.310 0.0000000000
57053  18.287  -9.339  -4.730 0.0000000000
56043  19.089  -9.338  -4.268 0.0000000000
57060  18.165  -9.608  -5.368 0.0000000000
57058  20.004  -8.641  -4.490 0.0000000000
57981  20.813  -8.421  -4.491 0.0000000000
57980  22.204  -8.358  -4.163 0.0000000000
57987  21.044  -7.692  -5.008 0.0000000000
58901  21.890  -7.537  -4.673 0.0000000000
58896  22.404  -7.309  -4.460 0.0000000000
119393  23.835  -3.669  -5.506 0.0000000000
63465  24.433  -2.884  -3.602 0.0000000000
122551  25.568  0.899  -6.016 0.0000000000
67923  26.337  2.698  -5.182 0.0000000000
68776  21.839  3.332  -7.862 0.0000000000
67943  21.942  2.671  -7.766 0.0000000000
67097  22.068  1.987  -7.768 0.0000000000
117127  22.280  2.331  -8.352 0.0000000000
67956  22.608  2.301  -9.012 0.0000000000
67972  23.107  2.520  -9.593 0.0000000000
70455  23.443  4.696  -11.665 0.0000000000
69633  23.432  3.927  -11.365 0.0000000000
70440  23.802  4.593  -10.437 0.0000000000
69597  24.329  3.730  -8.936 0.0000000000
121243  23.947  5.126  -9.233 0.0000000000
54239  23.119  -12.148  -2.115 0.0000000000
54238  23.701  -12.250  -2.256 0.0000000000
110797  25.122  -11.817  -1.686 0.0000000000
105559  26.340  -9.921  -0.568 0.0000000000
56998  26.843  -9.971  0.062 0.0000000000
55990  27.334  -10.186  0.771 0.0000000000
50307  23.292  -16.565  2.186 0.0000000000
49383  24.057  -16.930  1.847 0.0000000000
49382  24.937  -17.001  1.597 0.0000000000
49381  25.837  -16.879  1.428 0.0000000000
106538  25.707  -16.218  0.896 0.0000000000
50333  25.953  -15.540  0.600 0.0000000000
52340  26.451  -14.578  0.706 0.0000000000
53333  26.552  -13.644  0.560 0.0000000000
121390  20.281  -9.018  -2.229 0.0000000000
57961  20.392  -8.231  -2.724 0.0000000000
57971  20.449  -8.413  -3.147 0.0000000000
57972  18.901  -8.506  -4.244 0.0000000000
101723  17.356  -6.480  -5.328 0.0000000000
102175  18.156  -5.507  -6.179 0.0000000000
101998  21.165  -2.579  -4.352 0.0000000000
63498  23.598  -2.560  -6.294 0.0000000000
118927  23.568  -3.085  -5.946 0.0000000000
63490  24.131  -2.898  -6.121 0.0000000000
63479  24.768  -2.789  -5.623 0.0000000000
64399  24.908  -2.083  -5.477 0.0000000000
66202  25.345  0.228  -6.752 0.0000000000
69568  21.533  4.199  -6.997 0.0000000000
121869  21.637  4.700  -7.286 0.0000000000
107835  21.743  4.078  -8.084 0.0000000000
55139  24.034  -11.098  -3.292 0.0000000000
55135  24.552  -11.302  -3.120 0.0000000000
56039  25.000  -10.744  -3.032 0.0000000000
56033  25.366  -10.364  -2.584 0.0000000000
108466  25.807  -9.501  -1.878 0.0000000000
57021  26.192  -9.242  -0.959 0.0000000000
64410  22.442  -1.670  -6.069 0.0000000000
65353  23.079  -0.684  -8.063 0.0000000000
66229  23.383  0.717  -8.454 0.0000000000
49365  27.920  -17.164  2.783 0.0000000000
110464  28.032  -15.850  2.338 0.0000000000
111157  25.913  -5.291  -2.146 0.0000000000
61581  26.272  -4.660  -1.815 0.0000000000
53335  21.647  -13.093  0.801 0.0000000000
53361  22.132  -12.798  -0.794 0.0000000000
54224  21.420  -11.782  -0.668 0.0000000000
54223  21.741  -12.080  -1.141 0.0000000000
54222  22.439  -12.444  -1.416 0.0000000000
54252  23.138  -11.945  -3.330 0.0000000000
56023  20.464  -9.852  -0.786 0.0000000000
104814  20.829  -10.129  -1.486 0.0000000000
56034  21.187  -10.390  -2.106 0.0000000000
114210  19.870  -9.236  -3.748 0.0000000000
56041  20.699  -10.020  -3.076 0.0000000000
55138  21.409  -10.857  -2.772 0.0000000000
55141  21.884  -11.142  -3.300 0.0000000000
103856  22.675  -11.061  -3.669 0.0000000000
55140  23.548  -11.568  -3.363 0.0000000000
56048  23.414  -10.743  -3.530 0.0000000000
57047  24.015  -9.370  -3.516 0.0000000000
57979  23.025  -8.471  -3.763 0.0000000000
57978  23.842  -8.607  -3.712 0.0000000000
59768  24.832  -6.779  -2.937 0.0000000000
60660  18.609  -5.769  -1.813 0.0000000000
59770  20.171  -6.417  -2.658 0.0000000000
59769  20.639  -6.102  -2.963 0.0000000000
105460  19.157  -5.568  -4.895 0.0000000000
103537  19.120  -5.270  -5.673 0.0000000000
102300  20.823  -3.236  -3.583 0.0000000000
101731  20.300  -5.546  -4.884 0.0000000000
102200  20.211  -5.747  -5.796 0.0000000000
59818  21.115  -6.122  -5.382 0.0000000000
59803  22.635  -6.691  -4.399 0.0000000000
60680  23.871  -6.227  -4.118 0.0000000000
60669  24.431  -6.060  -4.010 0.0000000000
60656  24.669  -5.991  -3.448 0.0000000000
115243  25.227  -5.071  -2.573 0.0000000000
105780  25.312  -2.994  -2.919 0.0000000000
63463  25.907  -2.292  -2.607 0.0000000000
65299  25.283  -0.987  -4.205 0.0000000000
66155  25.627  -0.081  -3.950 0.0000000000
67933  21.262  2.893  -6.089 0.0000000000
67096  22.382  1.207  -7.870 0.0000000000
67108  23.837  1.322  -8.746 0.0000000000
71284  21.460  6.137  -10.042 0.0000000000
69617  22.530  3.823  -10.247 0.0000000000
121023  23.505  3.285  -10.270 0.0000000000
67095  24.232  1.194  -8.537 0.0000000000
68775  24.637  3.402  -8.154 0.0000000000
107439  24.923  3.081  -7.601 0.0000000000
68774  25.203  3.852  -7.388 0.0000000000
69580  25.611  4.742  -7.122 0.0000000000
71270  25.216  6.676  -8.432 0.0000000000
71260  25.548  6.264  -7.962 0.0000000000
70410  26.359  5.468  -7.127 0.0000000000
53347  23.044  -14.056  -0.627 0.0000000000
52351  24.507  -14.278  -0.695 0.0000000000
111846  23.571  -13.245  -1.412 0.0000000000
53346  24.641  -13.785  -1.160 0.0000000000
53332  26.979  -12.968  0.885 0.0000000000
54236  24.788  -11.648  -2.388 0.0000000000
54207  25.709  -11.924  -1.136 0.0000000000
56007  26.494  -10.657  -0.281 0.0000000000
55101  26.140  -11.458  -0.623 0.0000000000
107913  27.582  -13.141  1.547 0.0000000000
60647  26.020  -6.226  -1.912 0.0000000000
114454  26.588  -6.228  -1.111 0.0000000000
53358  24.277  -13.234  -1.454 0.0000000000
56040  24.549  -10.496  -3.213 0.0000000000
56052  18.931  -9.286  -4.463 0.0000000000
56053  18.060  -9.647  -5.044 0.0000000000
57034  20.537  -8.972  -2.590 0.0000000000
57043  19.497  -9.160  -3.912 0.0000000000
57059  19.122  -9.194  -4.892 0.0000000000
57063  17.795  -9.387  -6.076 0.0000000000
57947  19.810  -8.766  -1.609 0.0000000000
57982  17.992  -8.424  -5.938 0.0000000000
57989  19.231  -8.453  -5.230 0.0000000000
57990  17.356  -9.019  -6.205 0.0000000000
58872  20.715  -7.085  -2.903 0.0000000000
58885  17.944  -7.381  -4.629 0.0000000000
58903  20.281  -6.967  -5.468 0.0000000000
58904  18.556  -6.555  -6.169 0.0000000000
59804  21.878  -6.172  -4.605 0.0000000000
101717  16.813  -8.515  -6.243 0.0000000000
101718  16.977  -8.814  -6.317 0.0000000000
101719  16.722  -8.703  -6.212 0.0000000000
101721  16.786  -8.663  -6.280 0.0000000000
101722  17.866  -6.734  -6.244 0.0000000000
101724  18.456  -5.820  -6.227 0.0000000000
101725  18.775  -5.184  -6.083 0.0000000000
101726  18.454  -4.967  -6.002 0.0000000000
101729  19.703  -5.474  -5.773 0.0000000000
101730  19.579  -5.578  -6.064 0.0000000000
102117  17.017  -8.212  -6.332 0.0000000000
102142  17.681  -9.268  -6.056 0.0000000000
102152  17.813  -9.166  -5.839 0.0000000000
102163  17.809  -5.300  -5.757 0.0000000000
102214  17.729  -6.626  -6.216 0.0000000000
102565  17.281  -7.809  -6.110 0.0000000000
103223  17.465  -7.843  -6.225 0.0000000000
106320  24.033  -12.232  -2.988 0.0000000000
107277  23.534  -9.922  -3.429 0.0000000000
113703  20.023  -5.829  -3.852 0.0000000000
116380  18.352  -9.046  -5.554 0.0000000000
121018  21.496  -8.195  -4.454 0.0000000000
122235  24.018  -3.324  -5.897 0.0000000000
