#!ascii label  , from subject sub-v1s9x0051352_ses-1 vox2ras=TkReg
1786
33281  -8.070  -19.294  69.793 0.3333329856
34153  -8.421  -18.122  69.536 0.3333329856
35060  -9.420  -16.451  68.250 0.3333329856
34167  -8.009  -17.079  67.740 0.4444440007
35059  -8.642  -16.826  67.845 0.3333329856
35070  -9.248  -16.652  67.188 0.4444440007
35069  -8.365  -16.881  66.949 0.5555559993
35082  -9.794  -16.214  66.693 0.4444440007
35992  -10.006  -14.804  65.776 0.5555559993
36924  -10.406  -14.328  65.374 0.6666669846
37827  -10.556  -13.745  64.636 0.7777780294
32335  -3.522  -21.047  71.443 0.3333329856
33279  -6.185  -19.131  69.497 0.4444440007
34151  -6.753  -18.247  69.319 0.4444440007
34159  -7.872  -17.498  68.666 0.3333329856
34158  -7.147  -17.529  68.904 0.4444440007
35081  -8.923  -16.427  66.424 0.6666669846
35991  -9.256  -15.005  65.796 0.7777780294
36923  -9.613  -14.399  65.356 0.7777780294
37835  -11.160  -13.346  64.140 0.5555559993
32330  -2.978  -20.435  71.581 0.2222220004
110261  -4.644  -19.064  70.688 0.4444440007
33275  -5.948  -18.121  70.047 0.4444440007
35058  -7.413  -16.925  68.197 0.5555559993
35068  -7.479  -16.530  67.188 0.6666669846
35080  -8.003  -16.203  66.426 0.6666669846
35982  -8.587  -15.567  66.064 0.6666669846
35981  -7.799  -15.213  66.140 0.6666669846
36922  -8.373  -14.715  65.754 0.6666669846
101682  -8.899  -14.241  65.430 0.6666669846
36933  -9.910  -14.031  64.880 0.7777780294
37826  -9.744  -13.503  64.400 0.6666669846
37818  -9.317  -13.806  64.978 0.7777780294
37834  -10.350  -13.158  63.811 0.6666669846
114262  -11.016  -13.044  63.508 0.5555559993
38788  -11.831  -12.309  62.519 0.5555559993
38789  -12.792  -12.234  62.694 0.5555559993
39742  -13.637  -11.844  61.600 0.3333329856
38787  -10.967  -12.264  62.442 0.7777780294
39741  -12.685  -11.545  61.449 0.5555559993
39740  -11.846  -11.361  61.444 0.6666669846
39748  -14.102  -11.583  60.806 0.4444440007
39747  -13.205  -11.232  60.946 0.7777780294
40793  -14.527  -11.271  60.193 0.5555559993
34157  -1.940  -18.368  68.849 0.1111110002
33272  -2.682  -18.757  70.119 0.2222220004
33271  -3.625  -18.929  71.041 0.2222220004
34146  -5.368  -17.200  70.356 0.3333329856
34145  -4.660  -17.358  70.890 0.2222220004
35053  -6.238  -17.163  69.552 0.3333329856
35057  -6.728  -16.821  68.738 0.5555559993
96410  -1.917  -18.380  67.964 0.1111110002
111868  -8.288  -14.001  65.539 0.6666669846
37817  -8.661  -13.499  65.211 0.7777780294
37825  -9.037  -13.077  64.628 0.7777780294
38770  -9.467  -12.778  63.965 0.7777780294
38778  -9.877  -12.413  63.380 0.7777780294
39731  -11.419  -11.789  61.936 0.7777780294
104049  -15.296  -11.061  60.023 0.5555559993
40785  -12.262  -10.810  60.865 0.7777780294
40792  -13.591  -10.716  60.367 0.6666669846
40800  -14.378  -10.310  59.743 0.6666669846
40801  -15.201  -10.211  59.538 0.5555559993
112589  -12.943  -10.668  60.679 0.7777780294
34165  -1.654  -17.611  68.282 0.1111110002
34156  -1.726  -17.458  69.070 0.2222220004
35040  -2.829  -16.819  70.556 0.2222220004
109255  -4.186  -16.740  71.123 0.2222220004
35048  -4.655  -16.415  70.771 0.3333329856
35951  -6.025  -16.006  69.133 0.6666669846
35970  -6.735  -15.632  67.393 0.7777780294
34172  -2.394  -17.350  66.593 0.1111110002
35067  -6.749  -16.274  68.084 0.5555559993
35971  -7.301  -15.624  66.671 0.6666669846
36908  -7.243  -14.667  66.508 0.7777780294
113052  -9.245  -12.088  63.674 0.7777780294
39719  -10.163  -11.984  62.692 0.7777780294
39730  -10.562  -11.441  61.961 0.7777780294
40784  -11.503  -10.681  61.276 0.8888890147
41823  -12.628  -9.989  60.439 0.7777780294
41831  -14.744  -9.581  59.261 0.6666669846
41830  -13.409  -9.698  59.969 0.7777780294
98006  -13.922  -9.335  59.414 0.7777780294
103752  -15.094  -9.147  58.801 0.5555559993
35047  -3.881  -15.725  71.066 0.3333329856
35065  -1.690  -16.726  67.860 0.2222220004
35943  -4.465  -15.454  70.550 0.4444440007
35958  -6.104  -15.413  68.218 0.6666669846
35066  -2.117  -16.619  67.011 0.1111110002
36893  -6.864  -14.917  67.071 0.6666669846
36921  -7.688  -14.193  65.905 0.7777780294
38763  -7.672  -12.543  65.725 0.7777780294
102309  -7.895  -11.860  65.427 0.4444440007
39700  -7.590  -11.041  65.347 0.4444440007
37816  -7.999  -13.355  65.569 0.7777780294
38764  -8.389  -12.548  65.153 0.8888890147
39701  -8.271  -11.574  64.919 0.7777780294
39708  -8.462  -11.326  64.270 0.6666669846
38769  -8.812  -12.120  64.328 0.8888890147
39729  -9.607  -11.172  62.339 0.7777780294
40783  -10.864  -10.607  61.648 0.8888890147
40791  -11.790  -9.993  60.841 0.7777780294
104792  -13.166  -8.987  59.561 0.7777780294
42807  -14.284  -8.898  58.947 0.6666669846
42815  -14.587  -8.521  58.463 0.6666669846
93677  -7.462  -10.205  64.846 0.2222220004
92077  -7.664  -10.069  63.963 0.2222220004
111948  -7.437  -9.740  64.538 0.1111110002
109936  -8.265  -10.754  63.702 0.7777780294
41806  -8.482  -9.512  62.933 0.2222220004
39728  -8.721  -10.812  62.815 0.7777780294
40775  -8.602  -10.087  62.542 0.5555559993
113524  -9.763  -9.870  61.955 0.6666669846
41815  -10.552  -9.840  61.816 0.8888890147
100787  -11.065  -9.029  61.978 0.6666669846
41816  -11.253  -9.890  61.521 0.8888890147
41829  -12.642  -9.072  60.021 0.7777780294
42806  -13.540  -8.529  59.227 0.8888890147
43681  -13.880  -8.105  58.819 0.6666669846
43690  -14.902  -8.145  57.857 0.6666669846
43699  -15.316  -7.704  57.261 0.6666669846
43689  -14.172  -7.697  58.259 0.7777780294
43709  -15.703  -7.227  56.683 0.6666669846
41808  -10.147  -9.214  62.217 0.1111110002
41822  -12.084  -9.146  60.591 0.8888890147
43680  -13.140  -7.712  59.219 0.8888890147
43688  -13.433  -7.288  58.672 0.8888890147
43698  -14.552  -7.266  57.591 0.7777780294
44563  -15.031  -6.815  57.092 0.6666669846
44568  -16.077  -6.686  56.084 0.6666669846
44569  -16.652  -6.230  55.645 0.6666669846
42783  -9.683  -8.694  62.701 0.1111110002
43666  -11.776  -7.760  61.877 0.4444440007
42785  -11.248  -8.142  62.270 0.4444440007
42792  -12.011  -8.258  61.155 0.5555559993
42791  -11.561  -8.467  61.740 0.5555559993
43671  -12.425  -7.553  60.694 0.6666669846
43679  -12.638  -7.477  59.848 0.6666669846
42805  -12.766  -8.286  59.703 0.8888890147
44554  -12.855  -6.751  59.335 0.6666669846
44557  -13.701  -6.736  57.934 0.7777780294
44562  -14.374  -6.378  57.389 0.7777780294
45488  -17.276  -5.798  55.324 0.6666669846
45489  -18.030  -6.146  54.962 0.7777780294
44575  -18.867  -6.382  54.741 0.6666669846
43657  -10.405  -7.369  63.367 0.1111110002
43658  -11.039  -7.070  63.156 0.1111110002
43661  -10.817  -7.729  62.802 0.1111110002
43662  -11.426  -7.372  62.505 0.1111110002
43663  -12.007  -6.853  62.076 0.4444440007
43667  -12.186  -7.414  61.449 0.4444440007
44546  -12.492  -6.610  61.320 0.4444440007
44549  -12.620  -6.680  60.328 0.6666669846
100147  -13.181  -6.487  58.608 0.7777780294
44561  -13.885  -5.906  57.691 0.7777780294
44566  -14.819  -6.042  57.009 0.8888890147
44567  -15.330  -6.289  56.530 0.7777780294
45484  -15.842  -5.555  55.950 0.8888890147
45487  -16.608  -5.435  55.549 0.7777780294
100779  -16.451  -4.743  55.874 0.8888890147
102453  -17.797  -5.221  55.093 0.8888890147
45492  -18.571  -5.457  54.738 0.7777780294
45493  -19.630  -5.695  54.558 0.7777780294
99875  -31.341  -2.580  49.996 0.2222220004
46342  -18.319  -4.465  55.009 0.7777780294
46347  -19.023  -4.808  54.582 0.7777780294
103453  -30.133  -3.559  49.095 0.3333329856
47257  -28.151  -4.540  48.437 0.5555559993
44541  -10.633  -6.746  63.725 0.1111110002
113926  -11.544  -5.934  63.148 0.1111110002
112915  -12.406  -6.138  61.995 0.1111110002
45461  -12.769  -5.823  60.797 0.4444440007
44550  -12.849  -5.897  59.894 0.5555559993
45468  -13.076  -5.843  59.050 0.7777780294
45472  -13.401  -5.817  58.263 0.7777780294
45478  -14.427  -5.539  57.383 0.7777780294
45483  -15.086  -5.223  56.836 0.8888890147
46333  -15.826  -4.520  56.562 0.8888890147
49017  -32.415  -1.157  50.726 0.1111110002
113883  -17.631  -4.516  55.388 0.8888890147
49016  -31.912  -1.716  50.217 0.1111110002
47195  -17.873  -3.760  55.685 0.8888890147
46348  -19.723  -4.536  54.468 0.7777780294
109538  -18.551  -3.612  55.280 0.8888890147
104177  -19.157  -3.905  54.812 0.8888890147
48116  -30.882  -2.773  49.235 0.3333329856
48117  -31.491  -2.035  49.334 0.3333329856
96588  -19.825  -3.766  54.450 0.8888890147
46349  -20.350  -4.033  54.148 0.7777780294
96417  -30.390  -2.969  48.395 0.3333329856
108775  -28.809  -4.579  47.963 0.3333329856
46400  -28.102  -4.481  47.526 0.4444440007
47266  -28.831  -4.235  47.294 0.4444440007
47265  -27.435  -4.014  47.320 0.5555559993
48129  -25.419  -2.041  48.935 0.8888890147
106207  -25.854  -2.552  47.887 0.8888890147
45457  -11.932  -5.987  62.549 0.1111110002
97832  -12.680  -5.659  61.620 0.1111110002
45465  -13.073  -5.105  60.298 0.3333329856
97577  -13.160  -5.262  59.553 0.4444440007
109032  -14.010  -4.159  59.160 0.3333329856
45473  -13.981  -5.189  57.986 0.7777780294
45479  -14.609  -4.706  57.616 0.7777780294
46335  -17.155  -4.228  55.884 0.8888890147
49976  -32.275  -1.194  50.022 0.1111110002
47201  -19.747  -3.112  54.828 0.8888890147
101404  -20.278  -3.202  54.177 0.8888890147
47202  -20.939  -3.423  53.707 0.8888890147
47210  -21.723  -3.370  53.425 0.6666669846
47211  -22.456  -3.398  53.161 0.7777780294
48130  -31.047  -2.280  48.563 0.2222220004
47212  -23.117  -3.172  52.766 0.6666669846
48141  -30.012  -3.131  47.558 0.2222220004
112934  -23.444  -2.553  52.619 0.8888890147
47216  -23.516  -3.132  51.961 0.8888890147
48140  -29.605  -3.898  48.040 0.3333329856
48091  -23.628  -1.938  52.253 0.8888890147
48999  -24.009  -1.507  51.800 0.7777780294
49007  -24.201  -1.180  50.970 0.8888890147
112228  -24.787  -1.192  50.385 0.8888890147
49023  -25.034  -1.617  49.719 0.8888890147
47255  -26.693  -3.595  47.654 0.7777780294
49008  -25.409  -0.855  50.988 0.8888890147
49015  -25.323  -0.853  50.119 0.8888890147
49024  -25.434  -1.038  49.297 0.8888890147
45459  -12.852  -4.856  61.994 0.1111110002
46320  -14.238  -4.407  58.374 0.6666669846
46321  -14.887  -3.923  58.031 0.4444440007
46325  -15.307  -4.223  57.318 0.6666669846
46326  -15.986  -3.697  57.131 0.7777780294
46334  -16.574  -3.953  56.498 0.7777780294
47188  -17.275  -3.481  56.369 0.7777780294
48068  -17.857  -3.022  56.155 0.7777780294
99343  -18.441  -2.936  55.701 0.7777780294
47196  -19.071  -2.976  55.256 0.7777780294
48073  -19.503  -2.262  55.163 0.8888890147
49025  -31.947  -1.342  49.389 0.2222220004
49984  -32.533  -0.999  49.458 0.1111110002
48074  -20.219  -2.528  54.598 0.8888890147
46357  -22.188  -4.221  53.365 0.6666669846
48131  -31.583  -1.617  48.595 0.2222220004
49037  -32.220  -1.141  48.621 0.2222220004
48083  -20.728  -2.612  53.850 0.8888890147
47209  -21.273  -2.756  53.542 0.8888890147
48084  -21.933  -2.615  53.406 0.8888890147
48085  -22.767  -2.405  53.305 0.8888890147
48086  -23.404  -1.978  53.149 0.8888890147
49942  -26.181  -0.416  52.904 0.6666669846
49955  -26.731  0.148  52.612 0.3333329856
49967  -27.041  0.301  51.765 0.3333329856
50959  -27.521  0.306  50.991 0.4444440007
98430  -30.693  -2.536  47.795 0.2222220004
97002  -31.211  -1.951  47.974 0.2222220004
100896  -24.227  -1.188  52.597 0.7777780294
49000  -24.748  -0.968  52.170 0.7777780294
49001  -25.445  -0.712  51.917 0.7777780294
49954  -26.299  -0.386  51.725 0.3333329856
49975  -26.785  -0.113  50.382 0.6666669846
49983  -26.722  -0.042  49.473 0.6666669846
49993  -25.923  -0.523  48.025 0.8888890147
49048  -26.392  -1.861  47.094 0.8888890147
47267  -29.397  -3.666  47.266 0.4444440007
110854  -23.885  -1.399  53.047 0.8888890147
49966  -26.168  -0.588  50.722 0.7777780294
49974  -25.978  -0.506  49.779 0.8888890147
49982  -25.953  -0.537  48.890 0.8888890147
49047  -25.839  -1.266  47.582 0.8888890147
48139  -26.990  -2.992  47.025 0.8888890147
47272  -28.105  -3.845  46.816 0.5555559993
47273  -28.997  -3.576  46.825 0.4444440007
49036  -25.553  -1.290  48.374 0.8888890147
48152  -27.785  -2.734  46.400 0.5555559993
109991  -16.102  -3.107  57.601 0.5555559993
47187  -16.715  -3.098  57.096 0.4444440007
48064  -17.439  -2.633  56.673 0.6666669846
49908  -27.821  -0.757  56.501 0.1111110002
48069  -18.814  -2.054  55.483 0.7777780294
49920  -27.342  -0.328  55.677 0.1111110002
48965  -26.216  -1.173  55.516 0.4444440007
48978  -26.659  -0.590  55.158 0.2222220004
49929  -27.085  0.021  54.689 0.1111110002
49995  -33.018  -0.896  48.760 0.1111110002
49985  -33.317  -0.833  49.634 0.1111110002
48977  -26.019  -0.847  54.592 0.3333329856
48972  -20.714  -2.164  54.394 0.8888890147
48987  -21.309  -2.257  53.762 0.8888890147
48988  -22.113  -1.961  53.738 0.8888890147
48993  -26.364  -0.354  54.137 0.4444440007
49943  -26.699  0.121  53.608 0.4444440007
104123  -27.846  1.053  49.620 0.2222220004
49049  -31.888  -1.610  47.691 0.2222220004
51964  -27.553  1.236  48.742 0.5555559993
50974  -27.120  0.751  49.106 0.5555559993
48142  -31.203  -2.370  47.271 0.2222220004
108698  -25.484  -0.656  52.727 0.7777780294
50980  -26.562  0.176  47.749 0.6666669846
49058  -26.255  -1.080  47.072 0.8888890147
103728  -27.078  -2.090  46.446 0.8888890147
48154  -30.473  -2.875  46.997 0.2222220004
49059  -26.730  -1.217  46.603 0.7777780294
48153  -28.678  -3.007  46.379 0.5555559993
47274  -29.731  -3.223  46.851 0.4444440007
48058  -17.175  -2.163  57.433 0.4444440007
48065  -18.180  -2.154  56.164 0.5555559993
48955  -26.402  -1.423  56.350 0.1111110002
48956  -27.268  -1.327  56.792 0.1111110002
48959  -18.586  -1.274  55.701 0.6666669846
48966  -26.956  -0.898  56.042 0.2222220004
48976  -25.442  -0.995  55.098 0.3333329856
49038  -32.759  -1.108  47.860 0.1111110002
48960  -19.175  -1.378  55.342 0.7777780294
48971  -19.969  -1.858  55.134 0.8888890147
48992  -25.793  -0.617  53.580 0.4444440007
48989  -22.978  -1.567  53.762 0.8888890147
48990  -24.418  -0.833  53.440 0.7777780294
48991  -24.977  -0.706  53.074 0.7777780294
50990  -26.902  0.935  47.338 0.6666669846
50989  -26.688  0.142  46.980 0.7777780294
103307  -30.324  -3.093  46.239 0.5555559993
48155  -31.108  -2.925  46.396 0.2222220004
50996  -27.241  0.728  46.412 0.7777780294
50014  -27.000  -0.353  46.253 0.7777780294
49069  -27.278  -1.344  45.997 0.8888890147
47279  -29.489  -3.049  46.346 0.7777780294
48166  -28.284  -2.389  45.747 0.8888890147
48167  -29.184  -2.686  45.687 0.8888890147
48939  -17.730  -1.354  57.191 0.3333329856
48950  -17.668  -1.873  56.772 0.5555559993
48940  -18.158  -0.871  56.800 0.3333329856
48954  -25.609  -1.571  56.659 0.2222220004
48944  -26.542  -1.552  57.192 0.1111110002
49914  -19.042  -0.704  55.565 0.3333329856
97343  -25.143  -1.362  55.804 0.2222220004
49915  -19.855  -0.798  55.434 0.5555559993
105753  -24.611  -0.855  55.059 0.3333329856
48964  -25.771  -1.519  55.851 0.3333329856
48961  -20.726  -1.609  55.261 0.6666669846
48973  -21.522  -1.826  54.510 0.8888890147
111415  -24.628  -0.730  54.317 0.7777780294
97095  -25.264  -0.725  54.026 0.6666669846
51978  -28.392  1.252  48.343 0.4444440007
48975  -23.363  -1.043  54.475 0.7777780294
108230  -24.064  -0.716  54.526 0.7777780294
51988  -28.261  1.345  47.379 0.4444440007
95034  -23.782  -1.048  53.772 0.8888890147
50997  -28.229  1.240  46.381 0.5555559993
51987  -27.459  1.246  47.024 0.5555559993
48143  -31.844  -2.235  46.720 0.2222220004
49060  -32.711  -1.651  46.948 0.1111110002
51005  -28.687  1.013  45.502 0.6666669846
95915  -27.933  0.679  45.763 0.6666669846
51003  -27.580  0.107  45.640 0.7777780294
50020  -27.514  -0.685  45.633 0.7777780294
48168  -30.107  -2.902  45.586 0.5555559993
51004  -28.294  0.306  44.986 0.7777780294
50021  -27.989  -0.516  45.072 0.7777780294
49071  -28.817  -2.048  45.096 0.8888890147
48169  -31.133  -2.963  45.502 0.5555559993
49079  -28.543  -1.135  44.689 0.8888890147
97989  -29.731  -2.469  44.937 0.8888890147
49893  -18.666  -0.522  56.846 0.2222220004
49905  -19.177  -0.361  56.107 0.2222220004
50915  -20.784  0.487  56.248 0.2222220004
50914  -19.984  0.051  56.150 0.2222220004
50924  -20.376  0.028  55.638 0.2222220004
48953  -24.717  -1.345  56.440 0.1111110002
109207  -19.651  -0.332  55.701 0.2222220004
49917  -21.928  -0.699  55.647 0.4444440007
49918  -22.907  -0.281  55.648 0.2222220004
49919  -23.442  -0.225  55.850 0.2222220004
104296  -24.509  -0.997  55.717 0.2222220004
49916  -20.847  -0.504  55.532 0.4444440007
48963  -23.783  -0.634  55.215 0.2222220004
48962  -21.499  -1.406  55.447 0.4444440007
102465  -22.235  -1.294  55.334 0.4444440007
51979  -30.259  1.572  48.442 0.2222220004
109852  -23.004  -0.944  55.065 0.6666669846
51997  -29.242  1.455  46.946 0.2222220004
51989  -29.332  1.259  47.916 0.3333329856
48974  -22.527  -1.512  54.538 0.7777780294
95835  -29.271  1.497  46.043 0.3333329856
48156  -32.483  -2.478  46.200 0.2222220004
51012  -29.043  0.874  44.767 0.7777780294
48181  -31.565  -3.179  44.480 0.6666669846
97922  -31.752  -2.834  45.989 0.3333329856
51011  -28.727  0.301  44.147 0.7777780294
50035  -28.837  -0.155  43.808 0.7777780294
50028  -28.474  -0.321  44.397 0.8888890147
49080  -29.325  -1.624  44.416 0.8888890147
104328  -30.686  -2.750  44.734 0.7777780294
111648  -29.161  0.894  44.111 0.7777780294
50029  -28.951  -0.799  44.015 0.8888890147
52915  -30.996  2.104  47.895 0.2222220004
103221  -30.920  2.004  46.994 0.2222220004
51990  -30.185  1.569  47.447 0.2222220004
51998  -30.145  1.650  46.538 0.4444440007
52932  -29.801  2.045  44.953 0.7777780294
109203  -30.008  1.803  45.725 0.5555559993
52008  -29.400  1.453  45.270 0.6666669846
99319  -29.428  1.479  44.537 0.7777780294
48180  -30.167  -2.096  44.137 0.8888890147
52016  -29.338  1.426  43.717 0.7777780294
51018  -29.156  0.463  43.347 0.7777780294
50036  -29.284  -0.511  43.363 0.7777780294
49086  -29.584  -1.354  43.650 0.8888890147
48187  -30.983  -2.750  43.647 0.8888890147
52025  -29.338  1.375  42.797 1.0000000000
49093  -29.732  -1.200  42.849 1.0000000000
49088  -30.816  -2.338  42.767 0.8888890147
48188  -31.599  -2.653  42.912 1.0000000000
98796  -32.386  -2.806  43.049 0.8888890147
51026  -29.469  0.643  42.462 1.0000000000
50044  -29.582  -0.234  42.706 1.0000000000
108475  -29.874  -1.033  42.146 1.0000000000
49095  -31.169  -2.329  41.989 1.0000000000
113606  -29.701  0.656  42.005 1.0000000000
49103  -30.708  -1.916  41.419 1.0000000000
50045  -30.023  -0.022  42.035 1.0000000000
105408  -30.328  -0.068  41.355 1.0000000000
50053  -30.324  -1.115  41.459 1.0000000000
52916  -31.668  2.595  47.482 0.3333329856
102161  -30.713  2.097  46.183 0.5555559993
52933  -30.470  2.377  45.406 0.8888890147
52936  -29.660  2.191  44.142 0.8888890147
48192  -32.245  -2.406  42.415 1.0000000000
52942  -29.651  2.149  43.221 1.0000000000
52034  -29.560  1.275  41.961 1.0000000000
50054  -31.105  -1.318  40.999 1.0000000000
49104  -31.591  -1.815  41.397 1.0000000000
49105  -32.515  -1.655  41.463 0.7777780294
52956  -29.826  1.943  41.676 1.0000000000
51035  -29.957  0.614  41.528 1.0000000000
50065  -30.770  -0.447  40.866 1.0000000000
49114  -31.979  -1.386  40.861 1.0000000000
51047  -30.447  0.547  40.767 1.0000000000
51048  -31.073  0.048  40.382 1.0000000000
50066  -31.508  -0.672  40.522 1.0000000000
53847  -31.035  2.742  45.852 0.5555559993
52937  -30.307  2.617  44.590 0.7777780294
52943  -30.225  2.760  43.713 1.0000000000
52950  -29.672  2.047  42.351 1.0000000000
52039  -29.992  1.383  41.190 1.0000000000
50067  -32.347  -0.756  40.366 1.0000000000
52957  -30.190  2.369  41.073 1.0000000000
52052  -31.061  0.851  39.999 1.0000000000
50079  -31.701  -0.066  39.930 1.0000000000
49115  -32.849  -1.291  40.845 0.6666669846
52051  -30.484  1.566  40.470 1.0000000000
109195  -31.013  1.760  39.924 1.0000000000
51063  -31.666  0.626  39.323 1.0000000000
51064  -31.994  -0.095  39.125 1.0000000000
53848  -31.375  3.432  45.565 0.3333329856
53852  -30.884  3.011  45.076 0.5555559993
53859  -30.908  3.141  44.243 0.7777780294
53853  -31.409  3.555  44.743 0.5555559993
53860  -31.452  3.686  43.970 0.5555559993
53866  -30.922  3.351  43.386 0.8888890147
52951  -30.322  2.789  42.688 0.8888890147
102104  -30.112  2.459  41.899 1.0000000000
53867  -30.978  3.619  42.450 0.8888890147
53871  -30.523  3.085  41.727 0.8888890147
53879  -30.660  3.248  40.741 0.7777780294
98638  -33.203  -0.766  40.318 0.5555559993
52967  -30.682  2.494  40.205 1.0000000000
52978  -31.399  2.363  39.539 1.0000000000
52064  -31.461  1.480  39.539 1.0000000000
50080  -32.533  -0.446  39.719 0.7777780294
50081  -33.382  -0.677  39.464 0.4444440007
52082  -31.821  1.299  38.955 1.0000000000
50096  -32.640  -0.273  38.806 0.7777780294
50097  -33.567  -0.405  38.536 0.5555559993
97096  -34.398  -0.541  38.170 0.3333329856
52987  -32.005  2.214  38.892 1.0000000000
52083  -32.403  1.393  38.534 1.0000000000
51083  -33.033  0.355  38.143 0.7777780294
51084  -33.805  -0.014  37.859 0.6666669846
51104  -34.530  -0.016  37.340 0.4444440007
113382  -32.643  0.878  38.287 0.8888890147
51103  -33.716  0.759  37.424 0.7777780294
54784  -31.571  4.324  42.171 0.6666669846
53872  -31.064  3.837  41.466 0.6666669846
53880  -31.311  3.927  40.495 0.8888890147
53889  -31.678  3.855  39.700 0.7777780294
53899  -31.789  3.242  39.059 1.0000000000
53890  -32.453  4.032  39.251 1.0000000000
53900  -32.599  3.414  38.681 1.0000000000
105766  -33.003  2.920  38.342 1.0000000000
52988  -32.739  2.205  38.421 1.0000000000
52989  -33.369  2.273  37.963 1.0000000000
52100  -33.586  1.637  37.524 0.8888890147
52113  -34.456  0.762  36.806 0.6666669846
52101  -34.052  1.471  36.930 1.0000000000
54771  -31.819  4.123  44.398 0.2222220004
112908  -31.791  4.096  43.849 0.4444440007
54777  -31.594  4.050  43.210 0.4444440007
54778  -32.197  4.580  43.822 0.4444440007
54791  -32.294  4.826  41.842 0.5555559993
54790  -31.741  4.450  41.198 0.5555559993
53881  -32.187  4.516  40.204 0.6666669846
96041  -32.943  4.589  39.771 0.5555559993
54807  -33.397  4.278  39.309 0.5555559993
54820  -33.199  3.794  38.760 1.0000000000
54821  -33.856  3.755  38.236 1.0000000000
53913  -33.644  3.074  37.773 1.0000000000
53009  -34.124  3.022  36.940 1.0000000000
53010  -34.464  2.214  36.509 1.0000000000
52114  -35.134  1.651  36.002 1.0000000000
97645  -34.542  3.147  36.228 1.0000000000
53011  -35.036  2.523  35.746 1.0000000000
54785  -32.266  4.651  42.812 0.4444440007
55725  -32.872  5.221  43.370 0.2222220004
106184  -33.362  5.617  43.385 0.2222220004
55738  -32.921  5.197  42.379 0.3333329856
55726  -33.491  5.553  42.830 0.3333329856
55739  -33.603  5.595  41.912 0.3333329856
100962  -32.457  4.851  41.012 0.5555559993
55748  -33.869  5.225  41.114 0.3333329856
54799  -33.142  5.023  40.467 0.5555559993
112227  -33.645  4.589  39.893 0.5555559993
104578  -33.866  4.084  38.924 0.7777780294
54822  -34.341  4.351  38.646 1.0000000000
53914  -34.165  3.675  37.343 1.0000000000
53923  -34.369  3.646  36.638 1.0000000000
54845  -34.506  4.297  36.754 1.0000000000
53023  -34.955  3.317  35.651 1.0000000000
53935  -35.276  3.883  35.287 1.0000000000
114043  -35.676  3.492  34.914 1.0000000000
109170  -35.685  7.347  43.950 0.1111110002
57495  -36.620  7.097  44.318 0.1111110002
57484  -37.520  6.898  44.789 0.1111110002
55713  -33.817  6.088  43.321 0.3333329856
56639  -34.628  6.560  42.774 0.1111110002
56624  -36.035  7.094  43.316 0.1111110002
56611  -37.447  6.688  44.352 0.1111110002
55727  -34.100  6.010  42.354 0.3333329856
56640  -35.558  6.672  42.484 0.1111110002
97738  -36.388  6.716  42.754 0.2222220004
55740  -34.433  5.621  41.586 0.2222220004
55728  -34.891  6.144  41.993 0.2222220004
113906  -35.540  6.158  41.796 0.1111110002
100698  -34.770  5.142  40.904 0.2222220004
55741  -35.166  5.745  41.346 0.2222220004
55755  -35.104  4.832  40.046 0.2222220004
54800  -34.189  4.795  40.350 0.3333329856
54808  -34.263  4.473  39.501 0.4444440007
55769  -34.908  4.855  39.039 0.5555559993
97638  -34.790  5.005  38.038 0.8888890147
54832  -34.419  4.353  37.668 1.0000000000
55786  -34.894  5.049  36.927 0.8888890147
53934  -34.633  4.054  36.009 1.0000000000
54862  -34.744  4.938  36.158 1.0000000000
54863  -35.040  4.782  35.607 0.8888890147
54877  -35.506  4.575  35.051 0.8888890147
53945  -36.587  3.836  34.472 1.0000000000
54878  -36.128  4.812  34.568 0.8888890147
54879  -37.097  4.517  34.160 0.8888890147
54880  -38.071  4.314  34.031 0.7777780294
56641  -37.121  6.543  42.665 0.2222220004
55729  -36.227  6.408  42.049 0.2222220004
56657  -36.941  6.409  41.620 0.2222220004
55742  -35.944  6.131  41.186 0.2222220004
55749  -35.495  5.459  40.669 0.2222220004
55756  -35.682  5.218  39.375 0.3333329856
55770  -35.525  5.361  38.421 0.5555559993
55787  -35.371  5.571  37.457 0.7777780294
55805  -35.228  5.891  36.606 0.8888890147
55804  -35.025  5.542  36.241 1.0000000000
55814  -35.131  5.658  35.793 0.8888890147
102498  -35.503  5.337  35.179 0.8888890147
55822  -36.739  5.478  34.215 0.8888890147
98593  -37.514  5.182  33.859 0.8888890147
55824  -38.238  5.142  33.644 0.8888890147
54881  -38.745  4.464  33.840 0.8888890147
55750  -36.238  5.734  40.436 0.2222220004
55743  -36.683  6.153  40.828 0.2222220004
55758  -37.013  6.132  40.080 0.2222220004
56680  -37.499  6.514  39.498 0.3333329856
111125  -35.844  5.197  40.076 0.3333329856
55771  -36.274  5.739  38.794 0.3333329856
56690  -36.780  6.412  38.273 0.4444440007
56691  -37.535  6.898  38.716 0.3333329856
55788  -36.084  5.947  37.870 0.4444440007
56704  -35.657  6.376  37.018 0.4444440007
56713  -35.167  6.084  36.091 0.7777780294
56721  -35.446  6.467  35.812 0.8888890147
56722  -36.052  6.822  35.328 0.7777780294
56727  -36.707  6.547  34.454 0.8888890147
110096  -37.184  5.919  33.909 0.8888890147
54890  -39.416  4.340  33.558 0.8888890147
55823  -37.747  5.860  33.545 0.8888890147
55833  -38.465  5.884  33.232 0.8888890147
55825  -38.816  5.088  33.426 0.8888890147
56705  -36.336  6.788  37.430 0.3333329856
57558  -36.611  7.533  37.008 0.6666669846
56715  -35.943  7.113  36.584 0.6666669846
57562  -35.774  7.179  35.943 0.7777780294
57566  -36.345  7.633  35.572 0.7777780294
57569  -36.564  7.388  34.969 0.8888890147
54891  -40.290  3.641  33.583 0.8888890147
56728  -37.380  6.580  33.806 0.8888890147
55832  -37.914  6.463  33.409 0.8888890147
55834  -39.336  5.484  32.930 0.8888890147
56736  -38.977  6.407  33.014 0.8888890147
55835  -40.280  5.652  32.317 0.8888890147
56747  -41.007  6.201  31.869 0.8888890147
57586  -41.406  7.104  32.475 0.8888890147
56748  -41.851  6.642  31.861 0.8888890147
56756  -42.261  6.077  31.260 0.8888890147
56766  -43.204  6.597  30.162 0.8888890147
55869  -43.835  5.965  29.620 0.8888890147
56706  -37.117  7.130  37.814 0.3333329856
57563  -36.325  7.728  36.194 0.5555559993
57570  -37.107  7.478  34.346 0.8888890147
57567  -36.719  7.953  35.082 0.7777780294
57575  -37.747  7.175  33.601 0.8888890147
57571  -37.738  7.995  33.980 0.8888890147
57576  -39.115  7.376  33.278 0.8888890147
56737  -39.654  6.555  32.733 0.8888890147
57577  -40.079  7.510  33.095 0.8888890147
56738  -40.524  6.800  32.519 0.8888890147
57594  -42.366  6.958  31.706 0.8888890147
56757  -42.630  6.900  30.953 0.8888890147
57604  -43.021  7.526  30.716 0.8888890147
56767  -43.811  6.743  29.671 0.8888890147
56779  -44.385  6.497  29.336 0.8888890147
56786  -45.142  6.458  29.019 0.7777780294
55870  -44.527  5.789  29.495 0.7777780294
55862  -45.338  5.682  29.605 0.6666669846
58481  -36.801  8.375  35.703 0.5555559993
58486  -37.181  8.401  34.766 0.5555559993
57572  -38.613  8.229  33.782 0.6666669846
58488  -39.684  8.353  33.701 0.8888890147
57578  -40.940  7.599  33.050 0.8888890147
57579  -41.752  7.763  33.127 0.7777780294
57587  -42.226  7.481  32.424 0.8888890147
57595  -42.740  7.783  31.592 0.8888890147
58504  -43.399  8.360  30.964 0.8888890147
58510  -44.018  8.205  30.090 0.8888890147
57615  -44.157  7.330  29.539 0.8888890147
58482  -37.460  8.869  36.378 0.5555559993
58484  -37.582  9.090  35.378 0.5555559993
110964  -38.360  9.383  34.846 0.5555559993
59372  -38.946  8.990  34.279 0.5555559993
58487  -37.972  8.759  34.435 0.5555559993
59373  -39.868  9.278  34.338 0.5555559993
58489  -40.618  8.548  34.070 0.4444440007
58495  -40.522  8.059  33.492 0.7777780294
58496  -41.253  8.096  33.673 0.6666669846
107958  -42.504  8.019  33.250 0.6666669846
57580  -42.804  8.043  32.533 0.7777780294
58501  -43.309  8.428  32.106 0.4444440007
58505  -44.043  8.892  31.830 0.5555559993
59393  -44.203  8.972  30.815 0.5555559993
58511  -44.420  8.884  29.847 0.8888890147
58525  -44.434  7.971  29.300 0.8888890147
57616  -44.706  7.163  28.938 0.8888890147
56780  -46.020  6.235  29.282 0.6666669846
60169  -39.249  10.433  37.620 0.3333329856
104225  -38.424  9.751  35.702 0.5555559993
59363  -39.166  9.872  34.772 0.5555559993
58490  -41.491  8.543  34.329 0.4444440007
58497  -42.070  8.134  33.839 0.4444440007
58493  -44.036  8.936  34.084 0.1111110002
59382  -44.859  9.176  33.943 0.1111110002
58498  -43.402  8.347  33.379 0.4444440007
99150  -44.154  8.893  33.397 0.2222220004
59386  -44.598  9.335  32.728 0.4444440007
59387  -45.271  9.872  32.261 0.4444440007
59391  -45.359  10.027  31.334 0.5555559993
59394  -44.815  9.592  30.595 0.5555559993
59395  -45.491  10.129  30.380 0.5555559993
57624  -45.353  7.450  28.455 0.8888890147
99394  -44.794  7.828  28.626 0.8888890147
56787  -45.946  6.869  28.657 0.7777780294
99169  -46.634  6.655  29.060 0.6666669846
56768  -47.061  6.256  29.789 0.6666669846
60171  -40.807  10.261  38.388 0.1111110002
60177  -40.211  10.506  37.571 0.1111110002
59356  -38.859  10.222  36.705 0.4444440007
60186  -39.761  10.541  36.765 0.3333329856
60187  -40.589  10.536  36.913 0.1111110002
59357  -39.439  10.247  35.736 0.1111110002
110396  -40.536  10.293  36.072 0.1111110002
59364  -40.141  10.041  34.954 0.3333329856
59365  -41.149  9.705  35.396 0.2222220004
59374  -40.839  9.118  34.722 0.4444440007
59375  -41.776  9.230  34.853 0.2222220004
58491  -42.371  8.630  34.397 0.4444440007
59376  -42.633  9.308  34.902 0.2222220004
95543  -43.950  9.303  34.805 0.2222220004
59377  -44.560  9.212  34.650 0.2222220004
59370  -45.279  9.265  35.022 0.1111110002
60203  -46.065  9.517  34.866 0.1111110002
59379  -46.626  10.134  34.599 0.1111110002
58492  -43.265  8.796  34.378 0.2222220004
59378  -45.842  9.281  34.240 0.1111110002
59384  -46.263  9.669  33.605 0.2222220004
60211  -46.629  10.344  33.065 0.1111110002
59383  -45.475  9.553  33.261 0.1111110002
60217  -46.424  10.478  32.174 0.2222220004
114187  -45.831  10.216  31.940 0.4444440007
59426  -45.304  8.980  27.802 0.8888890147
59412  -45.098  9.285  28.618 0.7777780294
59406  -45.536  10.286  29.317 0.5555559993
59405  -44.944  9.545  29.605 0.6666669846
58534  -45.134  8.278  28.107 0.8888890147
58526  -44.699  8.618  28.929 0.8888890147
57633  -45.615  7.887  27.748 0.7777780294
57625  -46.055  7.432  28.004 0.7777780294
56788  -46.718  7.055  28.503 0.6666669846
95977  -41.713  10.561  38.290 0.1111110002
60178  -41.327  10.510  37.495 0.1111110002
60179  -42.236  10.583  37.421 0.1111110002
60188  -41.218  10.413  36.677 0.1111110002
97137  -42.052  10.355  36.820 0.1111110002
60198  -41.609  10.131  36.090 0.1111110002
59358  -42.548  9.921  36.251 0.1111110002
59366  -42.100  9.681  35.474 0.1111110002
59367  -42.983  9.579  35.626 0.1111110002
59368  -43.899  9.480  35.715 0.1111110002
59360  -43.975  9.745  36.251 0.1111110002
59369  -44.709  9.539  35.894 0.1111110002
60199  -45.547  9.805  35.570 0.1111110002
108745  -43.339  9.386  35.012 0.2222220004
110088  -44.553  9.347  35.306 0.1111110002
60204  -47.251  10.623  34.341 0.1111110002
61025  -47.427  11.280  31.520 0.1111110002
60212  -47.130  10.935  32.455 0.1111110002
110862  -46.196  10.896  29.489 0.4444440007
60242  -46.193  10.625  30.226 0.3333329856
60229  -46.897  10.858  30.856 0.3333329856
60218  -46.833  10.771  31.629 0.3333329856
59413  -45.527  9.896  28.212 0.5555559993
59427  -45.764  9.342  27.373 0.8888890147
56781  -47.373  6.860  29.148 0.5555559993
60180  -42.912  10.528  37.104 0.1111110002
60189  -42.865  10.194  36.809 0.1111110002
60971  -43.120  11.356  37.395 0.1111110002
60190  -43.495  10.095  36.603 0.1111110002
60979  -43.661  10.759  36.805 0.1111110002
59359  -43.365  9.801  36.309 0.1111110002
60191  -44.220  10.077  36.423 0.1111110002
60192  -45.030  10.265  36.212 0.1111110002
60990  -45.787  10.832  35.862 0.1111110002
60200  -46.271  10.354  35.245 0.1111110002
60992  -47.542  11.533  35.658 0.1111110002
60201  -47.068  10.781  35.072 0.1111110002
60993  -48.138  11.701  35.200 0.1111110002
101449  -47.710  11.459  32.277 0.1111110002
61011  -47.712  11.359  33.064 0.1111110002
58545  -45.669  8.466  27.434 0.8888890147
57634  -46.195  7.903  27.169 0.7777780294
60991  -46.604  11.220  35.691 0.1111110002
57635  -47.183  7.631  27.102 0.7777780294
33280  -7.269  -19.189  69.339 0.2222220004
34152  -7.629  -18.333  69.255 0.4444440007
34160  -8.295  -17.238  68.489 0.3333329856
34161  -8.845  -17.104  68.882 0.3333329856
105192  -10.132  -15.403  66.257 0.5555559993
35983  -9.365  -15.762  66.165 0.6666669846
32338  -5.216  -19.973  69.992 0.2222220004
33274  -5.293  -19.063  70.245 0.3333329856
33270  -3.226  -19.323  71.114 0.2222220004
33273  -4.369  -18.413  70.946 0.2222220004
38780  -11.373  -12.674  63.071 0.6666669846
38779  -10.622  -12.626  63.124 0.7777780294
95181  -12.983  -11.949  62.016 0.4444440007
39732  -12.259  -11.890  61.995 0.5555559993
33278  -2.664  -19.225  69.729 0.1111110002
100842  -2.552  -18.701  67.724 0.1111110002
34144  -2.703  -17.852  70.313 0.2222220004
106143  -2.297  -17.715  69.939 0.2222220004
34142  -4.009  -17.657  71.147 0.2222220004
35052  -5.339  -16.229  70.083 0.4444440007
33288  -2.317  -18.111  67.091 0.1111110002
34166  -1.879  -17.548  67.409 0.1111110002
35051  -1.801  -16.542  69.426 0.2222220004
35046  -3.075  -15.858  70.833 0.2222220004
35950  -5.042  -15.278  69.884 0.5555559993
34180  -2.738  -17.144  65.680 0.1111110002
39718  -9.375  -11.674  63.088 0.8888890147
39739  -11.190  -11.216  61.574 0.7777780294
35949  -4.268  -14.666  70.332 0.3333329856
39707  -7.996  -10.783  64.555 0.4444440007
39717  -8.804  -11.454  63.646 0.7777780294
40776  -9.181  -10.350  62.115 0.7777780294
40777  -10.054  -10.543  61.870 0.8888890147
94259  -7.944  -9.510  63.566 0.1111110002
95696  -8.122  -10.145  63.113 0.2222220004
41807  -9.210  -9.499  62.410 0.2222220004
42782  -8.972  -8.937  62.919 0.1111110002
41817  -11.601  -9.143  61.298 0.6666669846
42784  -10.540  -8.452  62.499 0.3333329856
42798  -12.382  -8.389  60.359 0.7777780294
44570  -17.512  -6.863  55.415 0.6666669846
112098  -10.089  -8.008  63.044 0.1111110002
102908  -12.500  -7.942  60.102 0.6666669846
44542  -11.144  -6.367  63.474 0.1111110002
44544  -11.512  -6.605  62.817 0.1111110002
46341  -17.064  -4.933  55.360 0.7777780294
45494  -20.473  -5.012  54.372 0.6666669846
47258  -29.166  -4.208  48.921 0.4444440007
47256  -27.301  -4.266  47.978 0.4444440007
45458  -12.447  -5.434  62.358 0.1111110002
46316  -13.555  -4.991  58.847 0.5555559993
98192  -13.416  -4.529  59.692 0.3333329856
46350  -21.094  -4.486  54.017 0.6666669846
108398  -21.590  -4.093  53.687 0.6666669846
48096  -23.695  -2.153  51.327 0.8888890147
47173  -14.613  -3.722  58.792 0.3333329856
113788  -26.808  -0.154  51.135 0.4444440007
50966  -27.385  0.466  50.036 0.4444440007
49994  -26.599  0.053  48.581 0.6666669846
47180  -15.556  -3.475  57.793 0.4444440007
49930  -27.560  0.170  55.360 0.1111110002
50981  -26.920  0.910  48.226 0.5555559993
50005  -26.308  -0.529  47.395 0.8888890147
50013  -26.572  -0.588  46.862 0.8888890147
48165  -27.612  -2.078  45.909 0.8888890147
48951  -18.120  -1.309  56.426 0.4444440007
51977  -27.439  1.242  47.825 0.4444440007
51965  -28.477  1.319  49.266 0.3333329856
49070  -27.954  -1.495  45.384 0.8888890147
49904  -18.544  -0.761  56.114 0.3333329856
95145  -29.419  1.290  48.916 0.3333329856
48952  -24.033  -0.713  56.079 0.2222220004
50926  -22.160  0.372  56.065 0.3333329856
50925  -21.266  0.309  55.785 0.4444440007
52904  -31.086  2.192  48.842 0.2222220004
49087  -30.216  -1.975  43.195 0.8888890147
47286  -31.953  -3.160  43.616 0.8888890147
49094  -29.947  -2.156  41.967 1.0000000000
47295  -32.938  -3.169  43.563 0.7777780294
52925  -31.226  2.616  46.637 0.4444440007
49096  -32.125  -1.920  41.923 0.8888890147
113972  -31.354  3.209  46.276 0.3333329856
51082  -32.235  0.513  38.663 1.0000000000
52977  -31.105  3.276  39.861 1.0000000000
112370  -31.701  1.858  39.289 1.0000000000
112979  -32.362  2.896  38.632 1.0000000000
52084  -33.026  1.365  37.975 1.0000000000
51120  -35.067  0.314  36.775 0.5555559993
53901  -33.271  3.371  38.384 1.0000000000
113699  -34.631  1.387  36.495 0.7777780294
53000  -33.860  2.292  37.292 1.0000000000
55711  -32.670  5.328  44.328 0.2222220004
55747  -33.007  5.282  41.402 0.5555559993
53024  -35.545  2.967  35.112 1.0000000000
53944  -35.845  3.959  34.774 1.0000000000
53031  -36.103  3.257  34.696 1.0000000000
100390  -35.163  7.272  43.289 0.1111110002
56625  -36.894  6.740  43.548 0.2222220004
53946  -37.479  3.587  34.314 0.7777780294
56714  -35.453  6.591  36.273 0.7777780294
109710  -35.559  6.092  35.392 0.8888890147
55815  -36.080  5.882  34.811 0.8888890147
55757  -36.358  5.620  39.683 0.3333329856
56679  -36.913  6.235  39.174 0.4444440007
56735  -38.419  6.809  33.273 0.8888890147
56755  -41.617  5.834  31.554 0.8888890147
112421  -38.282  7.555  33.519 0.8888890147
57605  -43.558  7.512  30.127 0.8888890147
112822  -37.827  9.325  36.066 0.5555559993
96905  -42.800  8.149  33.973 0.4444440007
58502  -43.939  8.719  32.715 0.3333329856
59390  -44.688  9.534  31.600 0.5555559993
59388  -46.030  9.966  32.717 0.3333329856
110045  -46.352  9.618  34.269 0.1111110002
60207  -46.792  10.080  33.903 0.1111110002
60208  -47.248  10.728  33.475 0.1111110002
60228  -46.196  10.408  31.206 0.4444440007
60970  -42.386  10.971  37.817 0.1111110002
60995  -47.698  11.243  34.797 0.1111110002
60999  -47.801  11.187  33.971 0.1111110002
60972  -43.970  11.754  37.067 0.1111110002
61925  -47.842  11.945  36.533 0.1111110002
61932  -48.315  12.052  35.848 0.1111110002
102726  -46.854  7.360  27.791 0.6666669846
105254  -2.501  -16.017  70.501 0.1111110002
35044  -2.111  -16.247  70.088 0.1111110002
36875  -3.714  -13.844  70.395 0.2222220004
36869  -3.204  -14.057  70.681 0.1111110002
36867  -2.814  -14.545  70.510 0.1111110002
36883  -4.810  -14.246  68.956 0.4444440007
36884  -5.524  -14.732  68.292 0.5555559993
35968  -1.696  -15.906  68.423 0.1111110002
36892  -6.131  -14.698  67.587 0.6666669846
35980  -2.434  -15.780  66.577 0.1111110002
35056  -1.625  -16.704  68.689 0.1111110002
37809  -7.386  -13.283  66.075 0.6666669846
35990  -2.600  -15.542  65.638 0.1111110002
36920  -2.817  -14.801  65.367 0.1111110002
36868  -3.046  -13.997  70.667 0.1111110002
37783  -3.451  -13.592  70.630 0.1111110002
36876  -4.531  -14.436  69.832 0.3333329856
37791  -4.430  -13.411  68.942 0.3333329856
36874  -2.660  -14.301  70.182 0.1111110002
102753  -5.925  -13.872  67.510 0.6666669846
36881  -2.593  -14.107  68.927 0.1111110002
36891  -5.232  -14.087  68.029 0.5555559993
37808  -6.792  -13.223  66.645 0.5555559993
36890  -2.554  -14.408  67.453 0.1111110002
36932  -2.922  -14.775  64.775 0.1111110002
37831  -3.028  -14.431  64.418 0.1111110002
37785  -3.701  -13.318  70.326 0.2222220004
37790  -3.989  -12.834  70.137 0.2222220004
92038  -4.134  -12.696  69.947 0.2222220004
36882  -4.108  -13.654  69.954 0.2222220004
92047  -4.585  -12.672  68.693 0.2222220004
37799  -5.281  -13.302  67.882 0.4444440007
37800  -6.145  -13.221  67.252 0.4444440007
37798  -2.813  -13.521  67.911 0.1111110002
110092  -2.655  -14.534  66.557 0.1111110002
37784  -3.372  -13.643  70.418 0.1111110002
37788  -3.300  -13.353  69.180 0.1111110002
93331  -5.530  -12.515  67.679 0.4444440007
38755  -6.349  -12.452  66.936 0.2222220004
38753  -2.825  -13.202  66.249 0.1111110002
38756  -7.022  -12.489  66.284 0.4444440007
39694  -7.279  -11.765  65.874 0.4444440007
47222  -24.548  -3.833  50.664 0.5555559993
47230  -24.890  -3.679  50.155 0.6666669846
105630  -25.531  -4.038  49.674 0.7777780294
48105  -25.119  -2.839  49.673 0.7777780294
48115  -25.522  -3.298  48.923 0.7777780294
113722  -25.240  -2.448  49.322 0.7777780294
48097  -24.195  -2.711  50.588 0.6666669846
48104  -24.578  -2.093  50.159 0.7777780294
52903  -30.274  1.725  49.428 0.1111110002
47287  -32.510  -3.385  44.360 0.6666669846
52893  -31.576  2.925  49.124 0.1111110002
53813  -30.689  3.258  50.517 0.1111110002
111371  -30.672  2.733  49.808 0.1111110002
48182  -34.256  -3.137  44.347 0.4444440007
47288  -33.431  -3.332  44.293 0.5555559993
52905  -31.963  2.608  48.264 0.1111110002
53805  -31.117  3.152  51.369 0.1111110002
52128  -35.850  1.962  35.301 0.7777780294
100446  -36.216  2.620  34.829 0.6666669846
53841  -32.147  3.128  47.858 0.2222220004
53032  -36.824  2.969  34.543 0.6666669846
53033  -37.696  2.737  34.617 0.6666669846
53947  -38.381  3.357  34.404 0.5555559993
54750  -32.473  4.637  48.584 0.1111110002
54757  -31.762  4.147  47.319 0.1111110002
54749  -31.955  4.213  48.204 0.1111110002
54740  -31.887  4.193  49.113 0.1111110002
54763  -31.626  4.025  46.278 0.2222220004
53948  -38.875  3.800  34.295 0.6666669846
54864  -39.293  3.651  34.184 0.6666669846
54882  -40.076  3.365  34.184 0.7777780294
54758  -32.237  4.886  47.715 0.1111110002
54766  -31.763  4.119  45.245 0.1111110002
54883  -40.755  3.490  34.989 0.5555559993
53949  -40.910  3.162  33.977 0.5555559993
53950  -41.623  3.452  34.448 0.3333329856
58459  -39.028  8.427  39.791 0.2222220004
58468  -39.436  9.242  39.161 0.2222220004
59332  -40.340  9.371  39.478 0.1111110002
57548  -37.665  7.665  38.109 0.2222220004
114052  -37.998  8.215  38.311 0.2222220004
58467  -38.526  8.830  38.571 0.2222220004
58477  -37.751  8.597  37.542 0.2222220004
59349  -38.357  9.443  37.826 0.3333329856
57564  -37.010  8.189  36.695 0.4444440007
59348  -38.130  9.489  36.846 0.3333329856
53959  -41.940  3.290  33.620 0.5555559993
108191  -40.768  4.743  32.425 0.7777780294
54893  -41.836  3.710  32.741 0.7777780294
58452  -39.902  8.129  40.470 0.1111110002
58460  -40.039  8.798  39.912 0.1111110002
57549  -38.188  7.768  38.984 0.2222220004
59340  -38.994  9.970  38.375 0.3333329856
59341  -40.052  9.799  38.783 0.2222220004
108118  -38.618  10.066  37.575 0.3333329856
100409  -40.134  4.579  32.917 0.7777780294
54903  -41.427  4.314  32.243 0.7777780294
55863  -46.298  5.719  30.130 0.5555559993
114009  -47.111  5.756  30.558 0.3333329856
56681  -38.106  6.917  39.523 0.2222220004
57542  -38.545  7.539  39.858 0.2222220004
57533  -39.134  7.694  40.573 0.1111110002
53979  -43.742  4.059  31.823 0.6666669846
55843  -41.169  5.202  31.780 0.7777780294
54904  -42.115  3.824  31.993 0.7777780294
54917  -45.248  4.559  31.409 0.5555559993
55861  -44.742  5.255  29.907 0.5555559993
54928  -45.568  5.078  30.535 0.5555559993
56667  -37.901  6.504  40.146 0.2222220004
56668  -38.518  6.992  40.328 0.1111110002
54914  -42.471  4.422  31.551 0.7777780294
108070  -43.906  4.474  31.144 0.6666669846
55848  -42.011  5.179  31.447 0.7777780294
55849  -42.822  5.199  30.987 0.7777780294
54915  -43.243  4.439  31.322 0.7777780294
54927  -44.478  4.750  30.586 0.6666669846
104384  -44.021  5.270  29.865 0.7777780294
55860  -43.364  5.581  30.178 0.7777780294
58546  -46.732  8.008  26.462 0.6666669846
57648  -47.606  7.569  26.222 0.5555559993
58570  -49.388  7.812  24.648 0.5555559993
110588  -50.015  7.720  24.300 0.6666669846
57677  -50.702  7.524  24.311 0.4444440007
57678  -51.644  7.359  24.364 0.4444440007
57680  -53.226  7.197  24.569 0.4444440007
55859  -42.779  6.034  30.624 0.7777780294
58556  -46.297  8.768  26.681 0.7777780294
58557  -46.962  8.420  25.697 0.7777780294
58569  -47.750  8.521  24.958 0.7777780294
58579  -48.711  8.640  24.395 0.7777780294
57691  -49.554  8.260  23.935 0.7777780294
57693  -51.163  7.655  23.645 0.5555559993
57694  -52.537  7.322  23.979 0.4444440007
60260  -46.034  10.403  27.750 0.4444440007
59438  -46.261  9.968  26.883 0.5555559993
60271  -47.147  10.589  25.717 0.6666669846
59439  -46.648  9.647  26.035 0.6666669846
59451  -47.261  9.497  25.246 0.6666669846
59452  -47.985  9.522  24.592 0.6666669846
59458  -48.616  9.679  24.006 0.7777780294
57692  -50.332  7.969  23.706 0.7777780294
58584  -50.771  8.211  23.021 0.6666669846
96880  -51.911  7.498  23.589 0.4444440007
57695  -53.416  7.330  23.625 0.4444440007
58589  -50.393  8.868  22.425 0.7777780294
57711  -51.651  7.859  23.000 0.4444440007
57712  -52.586  7.621  23.123 0.4444440007
60261  -46.635  10.930  27.358 0.5555559993
60267  -46.772  10.709  26.480 0.5555559993
100423  -47.933  11.376  25.709 0.5555559993
60272  -47.789  10.494  25.079 0.6666669846
59466  -49.564  9.560  22.947 0.7777780294
58583  -49.873  8.661  23.081 0.7777780294
58588  -49.885  9.114  22.535 0.7777780294
58590  -51.317  8.604  22.475 0.7777780294
58591  -52.220  8.336  22.510 0.4444440007
112961  -53.257  7.624  23.006 0.4444440007
105189  -53.181  8.140  22.501 0.4444440007
60243  -46.795  11.151  30.009 0.3333329856
102800  -47.320  11.622  28.828 0.3333329856
104250  -46.682  11.266  29.170 0.4444440007
61077  -47.253  11.607  27.917 0.4444440007
61092  -47.918  12.079  27.554 0.3333329856
59468  -50.943  9.389  22.011 0.7777780294
59469  -51.829  9.142  22.020 0.5555559993
58608  -52.664  8.881  21.913 0.5555559993
58609  -53.530  8.731  21.737 0.4444440007
104913  -50.744  10.125  21.908 0.7777780294
59473  -51.479  10.071  21.611 0.6666669846
111352  -52.227  9.584  21.568 0.6666669846
59476  -53.888  9.168  21.011 0.5555559993
59475  -52.995  9.583  21.212 0.5555559993
59474  -52.212  10.303  21.134 0.6666669846
60288  -52.844  10.545  20.586 0.5555559993
59488  -53.601  9.991  20.536 0.5555559993
60299  -54.078  10.254  19.926 0.5555559993
60308  -54.013  11.006  19.479 0.4444440007
60309  -54.550  10.382  19.338 0.5555559993
61150  -55.741  11.238  18.239 0.2222220004
61151  -56.032  11.969  18.301 0.3333329856
60283  -50.970  10.941  21.766 0.7777780294
60286  -51.632  10.927  21.207 0.5555559993
60287  -52.212  11.094  20.677 0.3333329856
60297  -52.880  11.321  20.277 0.4444440007
60298  -53.418  10.810  20.000 0.5555559993
62096  -54.424  11.747  19.603 0.3333329856
62086  -55.010  12.552  19.998 0.3333329856
62097  -55.236  11.914  19.283 0.2222220004
61140  -54.673  11.138  19.061 0.3333329856
62087  -55.808  12.788  19.642 0.2222220004
62103  -56.069  12.651  19.083 0.2222220004
109322  -56.196  13.290  19.248 0.1111110002
60310  -55.032  10.459  18.789 0.3333329856
61141  -55.286  11.252  18.677 0.2222220004
62974  -56.122  13.218  18.620 0.1111110002
99964  -56.246  11.119  17.595 0.3333329856
61152  -56.404  12.080  17.661 0.1111110002
62111  -56.313  12.678  17.753 0.1111110002
62117  -56.766  12.887  17.116 0.1111110002
62972  -55.631  13.837  17.479 0.1111110002
62980  -55.524  13.708  16.670 0.1111110002
61126  -52.514  11.879  20.733 0.3333329856
62084  -53.234  12.115  20.453 0.3333329856
62950  -56.762  13.869  20.231 0.1111110002
63727  -57.848  14.921  20.540 0.1111110002
62088  -56.288  13.374  19.738 0.1111110002
63735  -57.077  14.453  19.925 0.1111110002
62966  -56.421  13.914  19.350 0.1111110002
63745  -56.651  14.538  19.269 0.1111110002
98908  -57.289  15.310  19.629 0.1111110002
65117  -57.620  16.610  19.421 0.1111110002
63754  -55.767  14.140  18.209 0.1111110002
64448  -56.226  15.526  18.537 0.1111110002
64449  -56.850  16.024  18.958 0.1111110002
63753  -55.444  14.482  17.732 0.1111110002
65128  -56.417  16.556  18.294 0.1111110002
65832  -57.652  18.056  17.931 0.1111110002
63763  -54.954  14.379  17.164 0.1111110002
65140  -55.920  16.632  17.677 0.1111110002
65831  -56.570  17.379  17.623 0.1111110002
64470  -54.709  15.408  17.079 0.1111110002
62946  -56.937  14.094  20.784 0.1111110002
63726  -57.426  14.349  20.587 0.1111110002
64438  -58.063  15.898  20.309 0.1111110002
65830  -55.648  17.043  17.127 0.1111110002
54918  -46.161  4.715  31.538 0.4444440007
54916  -44.460  4.364  31.588 0.6666669846
53972  -44.397  3.959  32.416 0.6666669846
54905  -45.021  4.255  32.133 0.5555559993
102395  -7.161  -13.884  66.426 0.6666669846
36907  -6.643  -14.061  67.002 0.6666669846
35969  -1.963  -15.905  67.462 0.1111110002
47244  -26.360  -3.737  48.374 0.7777780294
51952  -28.658  1.338  50.090 0.2222220004
53844  -31.595  3.262  47.027 0.2222220004
60253  -45.960  10.808  28.681 0.4444440007
35955  -1.900  -15.048  69.313 0.1111110002
35957  -5.358  -15.041  69.038 0.4444440007
35948  -2.270  -14.911  70.143 0.1111110002
36906  -2.643  -14.984  66.109 0.1111110002
36938  -2.725  -15.021  64.096 0.1111110002
37807  -2.674  -13.772  66.770 0.1111110002
37814  -2.805  -14.125  65.901 0.1111110002
93800  -3.398  -12.821  68.422 0.1111110002
47223  -26.188  -4.361  50.724 0.6666669846
47221  -24.003  -3.452  51.132 0.6666669846
51966  -29.426  1.541  49.795 0.2222220004
103093  -31.269  3.464  49.947 0.1111110002
52115  -35.870  1.108  35.915 0.5555559993
53835  -31.837  3.594  48.719 0.2222220004
54764  -32.085  4.892  46.755 0.1111110002
54892  -41.068  3.946  33.097 0.7777780294
57559  -37.226  7.840  37.430 0.3333329856
104846  -42.779  3.063  33.687 0.4444440007
54913  -41.780  4.520  31.725 0.7777780294
55850  -46.662  5.266  30.984 0.3333329856
54919  -47.089  4.855  31.827 0.3333329856
53960  -42.648  3.393  32.829 0.7777780294
53970  -42.896  3.727  31.877 0.7777780294
54926  -43.599  4.887  30.559 0.7777780294
57662  -48.568  7.837  25.052 0.6666669846
110443  -49.220  9.078  23.640 0.7777780294
111235  -47.349  11.268  26.248 0.5555559993
60275  -48.288  10.504  24.384 0.6666669846
60277  -48.755  10.562  23.767 0.6666669846
60254  -46.589  11.186  28.275 0.4444440007
61091  -47.276  11.468  27.000 0.5555559993
61111  -48.350  11.304  24.911 0.5555559993
110776  -49.126  9.856  23.569 0.7777780294
61061  -47.993  11.937  29.355 0.2222220004
61060  -47.395  11.543  29.683 0.2222220004
61131  -53.625  11.551  19.939 0.3333329856
61142  -55.800  11.963  18.890 0.2222220004
62085  -54.090  12.368  20.231 0.3333329856
62957  -56.679  13.908  19.899 0.1111110002
62104  -56.114  12.621  18.446 0.1111110002
62965  -56.129  13.913  18.785 0.1111110002
62973  -56.024  13.228  17.903 0.1111110002
62949  -56.290  13.526  20.268 0.1111110002
103415  -56.653  15.186  19.031 0.1111110002
65809  -58.159  17.611  19.421 0.1111110002
63744  -56.137  14.689  18.724 0.1111110002
103845  -55.680  14.937  18.181 0.1111110002
65129  -57.070  16.880  18.759 0.1111110002
64459  -55.245  15.147  17.619 0.1111110002
65819  -56.976  17.379  18.321 0.1111110002
64460  -55.807  15.795  17.925 0.1111110002
65139  -55.342  16.102  17.371 0.1111110002
63719  -57.986  14.295  21.063 0.1111110002
65118  -58.333  17.022  20.083 0.1111110002
36894  -10.940  -14.928  67.046 0.1111110002
108074  -10.102  -15.842  68.325 0.1111110002
35071  -9.996  -16.144  67.496 0.1111110002
103747  -10.475  -15.812  67.021 0.3333329856
104290  -8.697  -19.321  70.340 0.1111110002
34154  -9.262  -17.588  69.974 0.2222220004
36910  -11.314  -14.215  66.636 0.1111110002
37821  -12.252  -13.201  65.426 0.1111110002
36925  -11.059  -14.269  65.844 0.3333329856
37819  -11.060  -13.961  65.329 0.3333329856
107588  -12.363  -12.945  64.822 0.1111110002
38765  -12.784  -12.720  65.143 0.1111110002
100055  -11.471  -13.580  64.970 0.2222220004
38772  -12.470  -12.709  64.263 0.1111110002
37828  -11.912  -13.128  64.547 0.2222220004
38771  -11.686  -12.906  63.801 0.3333329856
38781  -12.209  -12.579  63.312 0.3333329856
38782  -13.033  -12.327  63.674 0.1111110002
97292  -13.657  -12.100  63.088 0.2222220004
40794  -16.638  -10.647  60.628 0.1111110002
41834  -17.463  -9.586  59.498 0.1111110002
96240  -17.887  -9.082  59.093 0.1111110002
41824  -17.766  -9.511  60.353 0.1111110002
40803  -17.115  -10.189  59.976 0.1111110002
42818  -17.342  -9.091  58.191 0.2222220004
41839  -16.961  -9.474  58.743 0.2222220004
112142  -15.962  -10.859  60.331 0.2222220004
40802  -16.061  -10.373  59.828 0.2222220004
41833  -16.562  -9.846  59.291 0.2222220004
41832  -15.591  -9.719  59.222 0.3333329856
41838  -15.989  -9.327  58.761 0.3333329856
42826  -16.655  -8.653  57.480 0.2222220004
42817  -16.343  -9.026  58.158 0.2222220004
42816  -15.423  -8.809  58.274 0.3333329856
43700  -16.096  -8.069  56.946 0.2222220004
42825  -15.765  -8.456  57.631 0.3333329856
42837  -16.969  -8.268  56.745 0.2222220004
43710  -16.502  -7.522  56.386 0.3333329856
43721  -17.387  -7.843  55.972 0.3333329856
94038  -4.812  -11.883  68.539 0.1111110002
43720  -16.797  -7.037  55.862 0.3333329856
43722  -18.208  -7.830  55.399 0.2222220004
95411  -18.861  -7.696  55.175 0.2222220004
44571  -18.410  -7.064  54.996 0.2222220004
43731  -21.599  -7.621  54.567 0.1111110002
44577  -20.951  -6.895  54.217 0.1111110002
44572  -19.164  -7.198  54.873 0.2222220004
43729  -19.871  -7.392  54.783 0.2222220004
43736  -22.881  -7.457  53.902 0.1111110002
97776  -22.616  -7.851  54.834 0.1111110002
105853  -22.201  -7.319  54.117 0.1111110002
44578  -21.674  -6.762  53.984 0.1111110002
110757  -19.537  -6.682  54.672 0.2222220004
44576  -20.186  -6.729  54.504 0.2222220004
101926  -20.579  -6.030  54.246 0.2222220004
43733  -24.070  -7.609  54.645 0.1111110002
43732  -23.394  -7.667  54.624 0.1111110002
94219  -24.319  -7.509  53.749 0.1111110002
44581  -22.369  -6.659  53.519 0.1111110002
92150  -26.020  -6.601  52.228 0.1111110002
92153  -26.633  -6.692  51.783 0.1111110002
48106  -30.608  -3.348  49.881 0.2222220004
47247  -29.614  -3.909  49.874 0.2222220004
102981  -21.186  -6.256  53.943 0.2222220004
45510  -26.536  -5.540  52.050 0.1111110002
46374  -27.307  -4.997  51.761 0.1111110002
46375  -28.046  -4.691  51.310 0.2222220004
47225  -28.624  -4.462  50.889 0.2222220004
47233  -28.167  -4.355  50.464 0.3333329856
94383  -29.085  -3.909  50.363 0.2222220004
109489  -27.140  -4.616  51.362 0.2222220004
47224  -27.431  -4.407  50.836 0.2222220004
43737  -23.627  -7.470  53.762 0.1111110002
44583  -24.076  -7.123  53.043 0.1111110002
94674  -24.876  -7.395  53.182 0.1111110002
97210  -25.464  -7.270  52.718 0.1111110002
44582  -23.183  -6.986  53.150 0.1111110002
44586  -24.911  -6.881  52.854 0.1111110002
44587  -25.558  -6.677  52.531 0.1111110002
48057  -16.516  -2.593  57.857 0.1111110002
45496  -21.735  -5.954  53.722 0.2222220004
45509  -25.492  -5.602  52.337 0.1111110002
45495  -21.160  -5.433  54.026 0.3333329856
46373  -26.433  -4.655  51.543 0.2222220004
45500  -21.832  -4.981  53.693 0.4444440007
45502  -22.907  -6.051  53.103 0.2222220004
112146  -24.345  -6.460  52.921 0.1111110002
98538  -24.900  -6.000  52.826 0.1111110002
47232  -27.261  -4.429  49.870 0.3333329856
47246  -28.379  -4.328  49.659 0.3333329856
45508  -24.361  -5.158  52.380 0.2222220004
46367  -25.635  -4.790  51.749 0.2222220004
111657  -26.397  -4.356  50.013 0.4444440007
98250  -24.858  -4.783  51.881 0.4444440007
95769  -25.448  -4.305  50.993 0.3333329856
46372  -24.731  -4.252  51.271 0.3333329856
47231  -26.188  -4.228  49.192 0.4444440007
47245  -27.209  -4.372  48.918 0.4444440007
45503  -23.682  -6.278  52.969 0.1111110002
110845  -24.201  -5.793  52.845 0.2222220004
46366  -24.090  -4.228  51.698 0.4444440007
46359  -23.398  -5.295  52.728 0.2222220004
46358  -22.556  -5.107  53.168 0.2222220004
103686  -22.786  -4.299  52.796 0.3333329856
46365  -23.457  -4.293  52.246 0.4444440007
94793  -33.125  -2.768  45.671 0.1111110002
48170  -32.226  -3.160  45.331 0.2222220004
48157  -34.041  -2.304  45.876 0.1111110002
48171  -33.763  -2.960  45.058 0.1111110002
49063  -35.708  -1.600  46.118 0.1111110002
49072  -35.244  -2.216  45.642 0.1111110002
97947  -34.810  -2.820  44.985 0.1111110002
49062  -34.765  -1.770  46.491 0.1111110002
48189  -33.353  -2.548  42.754 0.5555559993
47296  -34.040  -3.180  43.478 0.4444440007
49064  -36.239  -1.015  45.477 0.1111110002
49073  -35.806  -1.532  45.115 0.1111110002
110419  -35.579  -2.228  44.632 0.1111110002
48193  -34.684  -2.724  42.716 0.4444440007
47289  -35.078  -2.815  43.783 0.3333329856
113671  -36.661  0.270  36.606 0.2222220004
52116  -38.055  0.919  36.083 0.2222220004
51121  -35.869  0.377  36.519 0.3333329856
51134  -37.241  0.891  35.812 0.2222220004
52131  -38.371  1.771  35.611 0.2222220004
111046  -35.156  0.904  36.382 0.4444440007
52129  -36.655  1.331  35.561 0.2222220004
52130  -37.542  1.490  35.521 0.3333329856
102420  -39.591  1.894  36.331 0.2222220004
53013  -39.951  2.685  36.150 0.1111110002
53012  -39.153  2.261  35.817 0.2222220004
53028  -39.456  2.862  35.437 0.2222220004
53026  -37.865  2.124  35.148 0.3333329856
53027  -38.632  2.598  35.050 0.2222220004
53025  -36.934  2.169  35.063 0.3333329856
53014  -40.508  3.467  36.482 0.1111110002
54833  -40.964  3.844  36.880 0.1111110002
53924  -40.012  3.398  35.560 0.1111110002
54846  -40.555  4.031  36.144 0.1111110002
53936  -39.166  3.179  34.857 0.4444440007
109443  -39.580  3.369  34.737 0.3333329856
109878  -41.465  4.076  37.139 0.1111110002
112836  -41.044  4.174  36.518 0.1111110002
54834  -42.022  4.372  37.168 0.1111110002
54847  -41.530  4.275  36.481 0.1111110002
109404  -40.799  4.206  35.956 0.1111110002
54865  -40.164  3.559  35.241 0.1111110002
98873  -42.618  4.545  37.082 0.1111110002
54848  -42.282  4.348  36.425 0.1111110002
95611  -41.661  4.159  35.600 0.1111110002
53937  -42.298  3.835  34.950 0.2222220004
53938  -43.115  3.552  34.896 0.2222220004
53952  -43.316  3.109  34.176 0.2222220004
53939  -44.091  3.406  34.823 0.2222220004
53951  -42.522  3.211  34.260 0.3333329856
102907  -43.991  3.206  34.008 0.2222220004
60170  -39.780  10.307  38.177 0.1111110002
53953  -44.765  3.426  34.208 0.2222220004
53962  -44.376  3.472  33.311 0.3333329856
53971  -43.550  3.492  32.568 0.4444440007
57618  -48.217  7.164  29.206 0.4444440007
96493  -47.746  7.303  27.836 0.4444440007
57626  -48.413  7.397  28.595 0.4444440007
57636  -48.101  7.341  27.181 0.4444440007
100732  -48.674  7.259  26.591 0.4444440007
57649  -48.538  7.388  25.756 0.4444440007
57663  -49.383  7.447  25.342 0.4444440007
57661  -47.789  7.831  25.450 0.4444440007
57676  -50.105  7.424  24.857 0.4444440007
62030  -48.739  12.308  27.226 0.3333329856
101860  -48.118  11.758  26.607 0.4444440007
61104  -48.883  12.108  26.413 0.3333329856
61112  -48.775  11.901  25.543 0.4444440007
61114  -48.667  11.315  24.112 0.5555559993
61117  -49.005  11.161  23.508 0.5555559993
60278  -49.286  10.460  23.247 0.5555559993
60281  -49.780  10.422  22.667 0.6666669846
62059  -49.452  12.322  25.038 0.2222220004
95001  -48.862  11.833  24.651 0.4444440007
101486  -49.452  11.935  23.895 0.3333329856
61119  -49.992  11.841  22.968 0.3333329856
61121  -50.046  11.096  22.650 0.5555559993
61122  -50.530  11.464  22.431 0.4444440007
109328  -51.426  11.560  21.559 0.4444440007
39744  -15.329  -11.725  61.294 0.2222220004
39749  -14.990  -11.683  60.615 0.2222220004
39743  -14.619  -11.876  61.445 0.2222220004
40778  -15.945  -11.392  61.822 0.1111110002
40786  -15.849  -11.291  60.841 0.1111110002
104536  -9.232  -18.733  70.470 0.2222220004
35959  -9.899  -15.718  69.258 0.1111110002
35054  -9.530  -16.578  69.512 0.1111110002
36909  -10.658  -14.715  66.129 0.4444440007
32339  -6.028  -19.899  69.232 0.2222220004
39733  -13.485  -12.041  62.350 0.2222220004
39734  -14.302  -11.960  62.397 0.1111110002
47175  -15.893  -2.844  58.219 0.3333329856
57617  -47.543  7.163  28.516 0.4444440007
47280  -33.031  -3.305  45.000 0.3333329856
60282  -50.396  10.597  22.301 0.6666669846
61125  -51.954  11.679  21.172 0.4444440007
61123  -51.072  11.921  22.140 0.3333329856
35972  -10.799  -15.484  67.898 0.1111110002
104433  -8.608  -20.049  70.223 0.1111110002
35049  -9.729  -16.682  70.964 0.2222220004
32340  -7.791  -20.090  69.604 0.2222220004
37820  -11.696  -13.765  65.974 0.2222220004
92146  -25.869  -7.150  52.337 0.1111110002
45501  -22.278  -5.727  53.439 0.2222220004
49097  -32.989  -1.888  42.077 0.4444440007
51122  -36.597  0.687  36.048 0.2222220004
51123  -37.304  0.483  36.367 0.2222220004
53961  -43.420  3.153  33.437 0.3333329856
97764  -48.550  7.405  27.964 0.4444440007
57637  -49.140  7.388  27.516 0.4444440007
112478  -48.459  11.788  26.082 0.3333329856
61118  -49.482  11.214  23.018 0.5555559993
62060  -50.137  12.708  24.579 0.2222220004
62068  -50.323  12.498  23.630 0.3333329856
62075  -50.616  12.319  22.793 0.4444440007
62069  -50.914  13.007  23.315 0.3333329856
31418  -6.320  -20.149  68.924 0.1111110002
31413  -3.309  -21.270  71.121 0.1111110002
32337  -2.913  -20.453  70.211 0.1111110002
31415  -3.287  -21.070  70.367 0.1111110002
39721  -14.506  -11.821  63.397 0.1111110002
48098  -31.723  -2.442  50.790 0.1111110002
110198  -27.021  0.582  53.209 0.1111110002
95211  -34.147  -2.031  42.156 0.3333329856
49098  -35.030  -2.088  42.250 0.3333329856
49106  -33.523  -1.447  41.551 0.2222220004
49107  -34.631  -1.344  41.853 0.3333329856
50055  -34.177  -1.215  41.209 0.2222220004
49116  -33.544  -1.177  40.810 0.3333329856
50068  -34.033  -1.166  40.258 0.2222220004
108311  -34.674  -1.280  40.862 0.2222220004
50082  -34.394  -0.939  39.160 0.2222220004
57650  -49.508  7.275  26.232 0.3333329856
57664  -50.928  7.307  25.019 0.3333329856
100405  -53.130  7.283  25.469 0.2222220004
57696  -54.406  7.226  23.565 0.2222220004
56808  -57.380  6.769  23.734 0.2222220004
57714  -54.800  7.639  22.756 0.2222220004
57715  -55.623  7.462  22.851 0.2222220004
95462  -56.970  7.144  23.195 0.2222220004
57716  -56.383  7.566  22.487 0.2222220004
57713  -53.855  7.629  22.919 0.3333329856
58592  -54.119  8.214  22.300 0.2222220004
58593  -54.838  8.228  22.103 0.2222220004
57699  -57.847  6.812  23.049 0.2222220004
58594  -55.521  7.927  22.227 0.2222220004
58612  -56.157  8.116  21.662 0.2222220004
57717  -57.397  7.428  22.451 0.2222220004
57718  -58.272  7.128  22.344 0.2222220004
98472  -55.999  8.502  21.052 0.2222220004
58613  -56.765  8.337  21.071 0.3333329856
57735  -57.831  7.826  21.662 0.2222220004
99149  -58.722  7.290  21.625 0.2222220004
57719  -59.662  6.892  21.771 0.3333329856
113367  -57.293  8.122  21.356 0.3333329856
57736  -58.371  7.915  20.904 0.3333329856
58610  -54.384  8.598  21.565 0.2222220004
58628  -54.685  8.888  20.828 0.3333329856
58629  -55.444  8.710  20.592 0.4444440007
58630  -56.196  8.519  20.358 0.3333329856
95237  -59.231  7.444  20.924 0.3333329856
58631  -57.011  8.373  20.195 0.4444440007
58632  -57.887  8.242  20.118 0.4444440007
57744  -58.805  7.913  20.010 0.4444440007
59490  -54.891  9.107  20.058 0.4444440007
58644  -56.396  8.542  19.497 0.4444440007
58645  -57.290  8.344  19.268 0.4444440007
58647  -58.774  8.080  19.163 0.3333329856
58657  -58.274  8.289  18.546 0.3333329856
57758  -59.469  7.845  19.390 0.3333329856
102760  -58.672  8.345  17.868 0.4444440007
59501  -55.123  9.575  19.301 0.4444440007
59502  -55.842  9.004  18.925 0.4444440007
58655  -56.621  8.649  18.654 0.4444440007
108861  -57.775  8.336  18.876 0.4444440007
59521  -56.219  9.357  18.110 0.4444440007
58668  -56.851  8.833  17.987 0.4444440007
58669  -57.322  8.777  17.614 0.4444440007
59522  -56.903  9.377  17.373 0.3333329856
57679  -52.467  7.213  24.857 0.3333329856
57681  -54.090  7.100  24.432 0.2222220004
59489  -54.264  9.478  20.351 0.4444440007
59500  -54.569  9.735  19.788 0.4444440007
60326  -56.353  10.083  17.574 0.3333329856
57666  -52.509  7.296  25.656 0.2222220004
57665  -51.803  7.246  25.306 0.2222220004
51105  -35.491  -0.216  37.132 0.2222220004
98444  -50.253  7.317  25.612 0.3333329856
96516  -34.951  -1.511  40.025 0.2222220004
58611  -55.292  8.437  21.437 0.3333329856
57734  -56.991  7.985  21.804 0.2222220004
58614  -57.559  8.236  20.912 0.3333329856
58643  -55.608  8.828  19.761 0.4444440007
57745  -59.752  7.467  20.209 0.4444440007
58656  -57.424  8.504  18.366 0.4444440007
58658  -59.216  8.127  18.524 0.3333329856
58670  -57.966  8.528  17.682 0.4444440007
59513  -55.531  9.826  18.545 0.3333329856
94607  -6.102  -10.849  66.709 0.1111110002
47226  -29.603  -4.420  50.560 0.1111110002
50916  -21.538  0.737  56.536 0.1111110002
50897  -21.338  0.701  58.780 0.1111110002
50907  -22.384  0.350  57.760 0.1111110002
50906  -21.698  0.893  57.620 0.1111110002
50917  -22.263  0.618  56.814 0.1111110002
49907  -23.503  -0.427  56.616 0.1111110002
49906  -22.837  0.132  56.254 0.1111110002
49895  -22.912  -0.165  57.309 0.1111110002
113988  -28.004  0.711  51.155 0.1111110002
51953  -29.228  1.840  50.480 0.1111110002
52882  -29.517  2.706  50.757 0.1111110002
51951  -28.156  0.844  50.620 0.2222220004
49089  -35.688  -1.167  43.374 0.1111110002
48190  -35.410  -2.177  42.939 0.1111110002
48183  -35.640  -1.989  43.766 0.1111110002
98439  -27.669  0.834  51.661 0.1111110002
49099  -35.394  -1.381  42.505 0.1111110002
49108  -35.295  -1.017  42.218 0.1111110002
50037  -35.797  -0.664  43.006 0.1111110002
95203  -35.776  -0.930  42.099 0.1111110002
109767  -34.958  -1.179  41.623 0.1111110002
50056  -36.305  -1.194  41.420 0.1111110002
96368  -35.532  -1.350  40.994 0.1111110002
50069  -36.454  -1.535  40.620 0.1111110002
53940  -45.083  3.616  35.028 0.1111110002
54895  -47.110  4.445  33.645 0.1111110002
54907  -47.319  4.693  32.846 0.1111110002
54884  -46.427  4.178  34.839 0.1111110002
54894  -46.529  4.090  33.987 0.1111110002
54896  -47.806  4.740  33.724 0.1111110002
55844  -47.903  5.109  32.164 0.1111110002
54908  -48.178  5.139  33.028 0.1111110002
53954  -45.709  3.705  34.334 0.1111110002
55845  -48.560  5.515  32.424 0.1111110002
53964  -45.946  3.793  33.455 0.1111110002
95162  -46.582  4.253  33.189 0.1111110002
55853  -48.928  5.813  31.866 0.1111110002
56759  -49.621  6.197  31.979 0.1111110002
108346  -48.339  5.485  31.763 0.1111110002
108928  -49.800  6.611  31.356 0.1111110002
56770  -49.505  6.921  30.559 0.1111110002
56758  -49.163  6.297  31.236 0.1111110002
95044  -50.018  7.561  30.299 0.1111110002
53963  -45.238  3.587  33.639 0.1111110002
57607  -50.758  7.634  30.406 0.1111110002
57620  -50.217  8.146  29.657 0.1111110002
53973  -45.284  3.855  32.866 0.2222220004
101556  -46.509  4.446  32.385 0.2222220004
55851  -47.659  5.445  31.276 0.1111110002
55852  -48.439  5.907  31.190 0.1111110002
58527  -50.763  8.829  29.119 0.1111110002
57619  -49.540  7.596  29.826 0.1111110002
58536  -51.445  8.842  28.812 0.1111110002
94843  -45.727  4.321  32.205 0.2222220004
96534  -47.841  6.052  30.535 0.2222220004
56769  -48.674  6.416  30.506 0.1111110002
58535  -50.755  8.603  28.492 0.1111110002
111199  -51.969  8.487  28.331 0.1111110002
58538  -53.284  8.955  28.188 0.1111110002
99574  -49.628  7.968  29.265 0.1111110002
57628  -50.142  8.349  28.915 0.1111110002
59416  -55.692  10.556  28.706 0.1111110002
60262  -56.922  11.216  28.576 0.1111110002
56782  -48.049  6.571  29.806 0.2222220004
57606  -48.840  7.059  29.860 0.1111110002
96061  -49.004  7.535  29.247 0.2222220004
57627  -49.335  7.701  28.570 0.1111110002
58547  -51.525  8.405  28.031 0.1111110002
58549  -53.863  9.211  27.533 0.1111110002
60255  -56.523  11.299  29.573 0.1111110002
59430  -55.990  10.243  27.926 0.1111110002
99494  -53.245  8.613  27.410 0.1111110002
58550  -54.318  9.196  27.266 0.1111110002
57638  -50.061  7.824  28.065 0.1111110002
57639  -50.852  7.867  27.455 0.1111110002
57640  -51.858  7.896  27.209 0.1111110002
58559  -53.651  8.483  26.893 0.1111110002
97030  -55.513  8.667  26.859 0.1111110002
58561  -55.888  7.996  26.182 0.1111110002
58571  -56.706  8.052  26.013 0.1111110002
57652  -51.310  7.553  26.652 0.1111110002
58558  -52.773  8.062  26.952 0.1111110002
58560  -54.501  8.592  26.801 0.1111110002
57653  -52.102  7.496  26.279 0.1111110002
57654  -53.017  7.696  26.255 0.1111110002
57655  -53.933  7.667  26.074 0.1111110002
57656  -54.992  7.753  26.242 0.1111110002
112090  -56.119  7.467  25.600 0.1111110002
95980  -55.830  7.055  24.924 0.1111110002
98180  -49.927  7.390  27.131 0.2222220004
108880  -49.312  7.293  26.856 0.2222220004
57651  -50.507  7.380  26.494 0.1111110002
99466  -51.155  7.274  25.868 0.1111110002
101281  -53.806  7.186  25.199 0.2222220004
57667  -54.734  7.195  25.291 0.1111110002
57668  -55.500  7.393  25.638 0.1111110002
57682  -55.042  6.992  24.318 0.1111110002
57698  -56.627  6.825  23.804 0.1111110002
57737  -60.925  7.030  21.582 0.1111110002
100630  -56.139  7.154  23.350 0.1111110002
109728  -58.961  6.707  22.243 0.2222220004
61040  -47.518  11.451  30.588 0.1111110002
107461  -60.043  7.101  20.983 0.2222220004
99082  -47.976  11.798  30.082 0.1111110002
62010  -48.558  12.502  29.016 0.1111110002
106114  -49.226  12.861  28.644 0.1111110002
62877  -50.294  13.434  28.295 0.1111110002
62878  -50.916  13.834  28.206 0.1111110002
63642  -51.530  14.411  28.163 0.1111110002
62017  -48.555  12.550  28.114 0.1111110002
61078  -47.870  12.179  28.460 0.1111110002
62876  -49.703  13.140  28.294 0.1111110002
62889  -51.031  14.084  27.457 0.1111110002
62018  -49.234  12.826  27.795 0.1111110002
62943  -53.184  13.443  21.325 0.2222220004
62080  -52.248  12.339  21.171 0.2222220004
60320  -55.839  10.354  17.998 0.2222220004
59530  -57.700  9.025  16.854 0.1111110002
59531  -58.528  9.176  16.341 0.1111110002
58687  -58.623  8.630  17.054 0.2222220004
62082  -53.755  12.837  20.915 0.2222220004
110760  -56.850  10.412  17.062 0.1111110002
60336  -57.325  9.772  16.687 0.1111110002
62948  -55.610  13.258  20.446 0.1111110002
62945  -55.543  13.669  21.158 0.1111110002
62083  -54.747  13.120  20.841 0.1111110002
61159  -56.939  11.588  16.916 0.1111110002
60337  -57.949  9.918  16.050 0.1111110002
59544  -58.815  9.840  15.632 0.1111110002
60327  -57.344  10.656  16.302 0.1111110002
58537  -52.432  8.686  28.571 0.1111110002
60256  -57.644  11.848  29.422 0.1111110002
58528  -51.423  8.734  29.271 0.1111110002
59415  -54.675  10.075  28.873 0.1111110002
59428  -54.003  9.642  28.218 0.1111110002
58562  -57.541  8.965  26.711 0.1111110002
59442  -57.308  10.034  27.459 0.1111110002
60319  -55.442  10.631  18.387 0.2222220004
62081  -52.863  12.640  20.957 0.2222220004
62079  -51.660  12.422  21.715 0.2222220004
35042  -9.575  -16.314  72.309 0.1111110002
62031  -49.356  12.815  26.885 0.1111110002
57697  -55.317  7.149  23.483 0.1111110002
94322  -29.094  -4.505  50.921 0.1111110002
50898  -22.218  0.110  58.793 0.1111110002
49885  -23.036  -0.580  58.594 0.1111110002
54906  -46.050  4.038  32.807 0.1111110002
58548  -52.450  8.415  27.787 0.1111110002
59429  -54.707  9.859  27.868 0.1111110002
59440  -55.118  9.481  27.315 0.1111110002
59441  -56.264  9.763  27.357 0.1111110002
57683  -55.944  6.816  24.076 0.1111110002
62887  -49.798  13.283  27.633 0.1111110002
104093  -50.779  13.576  28.946 0.1111110002
58688  -59.463  8.682  16.816 0.1111110002
56643  -39.015  6.154  42.856 0.1111110002
56642  -38.086  6.385  42.912 0.1111110002
95397  -39.855  6.015  42.634 0.1111110002
56645  -40.754  5.658  42.844 0.1111110002
111903  -37.534  6.476  42.223 0.1111110002
56658  -38.036  6.457  41.877 0.1111110002
56659  -39.088  6.550  41.915 0.1111110002
102914  -37.457  6.387  40.886 0.1111110002
99982  -40.647  5.658  43.434 0.1111110002
100504  -40.362  5.791  43.902 0.1111110002
56629  -41.067  6.032  43.311 0.1111110002
56644  -39.966  5.578  43.443 0.1111110002
56628  -39.855  5.730  44.088 0.1111110002
56626  -37.796  6.446  43.760 0.1111110002
56627  -38.934  5.916  43.983 0.1111110002
56613  -39.000  6.214  44.536 0.1111110002
56612  -38.270  6.517  44.560 0.1111110002
54772  -32.178  4.764  44.793 0.1111110002
55700  -33.105  6.002  44.793 0.1111110002
55712  -33.226  5.782  43.919 0.1111110002
56603  -34.444  7.016  45.754 0.1111110002
56610  -34.248  7.169  44.712 0.1111110002
56609  -33.624  6.534  44.262 0.1111110002
56623  -34.315  7.003  43.692 0.1111110002
57720  -61.937  7.989  21.938 0.1111110002
57738  -62.152  7.626  21.050 0.2222220004
57759  -60.413  7.517  19.521 0.2222220004
62924  -51.556  13.451  23.094 0.1111110002
62933  -52.643  13.828  21.992 0.1111110002
62934  -53.540  14.134  21.829 0.1111110002
62935  -54.452  14.242  21.788 0.1111110002
62077  -51.846  13.367  22.199 0.1111110002
62944  -54.116  13.618  21.317 0.1111110002
95869  -61.558  7.225  19.934 0.2222220004
57767  -59.949  7.907  18.879 0.2222220004
109318  -61.186  7.479  19.187 0.2222220004
98759  -54.882  13.730  21.414 0.1111110002
62076  -51.239  12.792  22.542 0.1111110002
57746  -60.779  7.136  20.520 0.2222220004
62942  -52.307  13.118  21.435 0.1111110002
55699  -32.567  5.483  45.265 0.1111110002
56602  -33.647  6.667  45.245 0.1111110002
57721  -63.048  9.002  21.876 0.1111110002
95632  -63.304  8.889  21.052 0.1111110002
92058  -6.588  -11.695  66.517 0.1111110002
93975  -6.976  -10.243  65.506 0.1111110002
39699  -6.809  -10.970  65.987 0.1111110002
42827  -17.678  -8.750  57.494 0.1111110002
42828  -18.819  -8.639  57.553 0.1111110002
42838  -17.946  -8.506  56.657 0.1111110002
42839  -18.938  -8.428  56.606 0.1111110002
42846  -18.276  -8.338  55.953 0.1111110002
45462  -12.995  -4.983  61.158 0.1111110002
46312  -13.847  -3.779  59.876 0.1111110002
47174  -15.284  -3.271  58.547 0.2222220004
49892  -18.085  -0.742  57.693 0.1111110002
99741  -18.868  -0.353  57.705 0.1111110002
49894  -19.568  -0.091  57.043 0.1111110002
50905  -20.354  0.401  56.793 0.1111110002
96697  -38.027  0.224  36.817 0.1111110002
105605  -38.910  1.472  36.241 0.1111110002
56891  -65.908  7.111  17.464 0.1111110002
56890  -65.467  6.427  17.252 0.1111110002
56873  -65.632  6.193  17.802 0.1111110002
56889  -64.537  6.142  17.074 0.1111110002
57803  -65.287  7.502  15.514 0.1111110002
97587  -65.251  7.683  14.731 0.1111110002
102462  -65.577  8.231  15.765 0.1111110002
57772  -65.913  7.915  17.704 0.1111110002
58662  -65.568  8.511  18.327 0.1111110002
62032  -49.736  13.158  26.261 0.1111110002
62048  -49.925  13.021  25.501 0.1111110002
62047  -49.365  12.519  25.958 0.1111110002
57760  -62.115  7.419  19.304 0.1111110002
57761  -63.641  8.950  19.738 0.1111110002
57776  -60.956  7.966  17.965 0.1111110002
57769  -62.615  7.664  18.674 0.1111110002
58674  -64.503  9.042  18.534 0.1111110002
57771  -64.117  9.221  19.372 0.1111110002
58675  -64.989  9.171  17.754 0.1111110002
111788  -64.556  8.769  17.666 0.1111110002
58661  -65.080  9.301  18.436 0.1111110002
58711  -65.479  8.865  15.434 0.1111110002
113724  -65.533  8.531  16.994 0.1111110002
101386  -65.180  8.877  16.978 0.1111110002
58742  -65.518  9.094  13.910 0.1111110002
62898  -50.420  13.650  26.135 0.1111110002
62909  -50.689  13.538  25.079 0.1111110002
58659  -60.068  8.127  18.183 0.1111110002
101426  -60.325  8.406  17.272 0.1111110002
58673  -62.514  8.165  17.062 0.1111110002
57778  -63.434  8.017  17.905 0.1111110002
94827  -63.777  8.439  16.946 0.1111110002
96090  -64.883  8.946  16.983 0.1111110002
58693  -65.185  9.088  16.089 0.1111110002
58710  -65.108  9.257  15.235 0.1111110002
59563  -65.369  9.589  14.218 0.1111110002
58671  -59.380  8.367  17.616 0.1111110002
58672  -61.379  8.234  17.205 0.1111110002
58691  -63.029  8.490  16.129 0.1111110002
58692  -64.410  8.857  16.102 0.1111110002
58709  -64.891  9.363  15.322 0.1111110002
58689  -60.218  8.861  16.395 0.1111110002
111146  -35.021  -0.915  38.530 0.1111110002
57768  -60.652  7.747  18.712 0.1111110002
103896  -61.533  7.632  18.596 0.1111110002
46311  -13.300  -4.164  60.582 0.2222220004
49884  -20.392  0.380  57.638 0.1111110002
56914  -65.782  7.138  16.952 0.1111110002
57779  -65.841  7.952  17.059 0.1111110002
56913  -65.264  6.696  16.668 0.1111110002
57804  -65.572  8.285  15.042 0.1111110002
57790  -65.573  7.596  16.370 0.1111110002
97923  -62.999  7.766  19.356 0.1111110002
57777  -62.009  7.881  17.883 0.1111110002
57770  -63.632  8.160  18.920 0.1111110002
58660  -64.552  9.391  19.263 0.1111110002
58690  -61.821  8.477  16.338 0.1111110002
105602  -60.934  8.603  16.622 0.1111110002
47169  -14.950  -3.145  59.299 0.1111110002
112316  -14.364  -3.573  59.404 0.1111110002
31412  -2.941  -21.230  71.096 0.1111110002
32331  -3.165  -20.441  71.640 0.2222220004
32332  -3.901  -19.789  71.155 0.2222220004
32333  -2.848  -20.427  70.959 0.1111110002
32334  -2.973  -21.141  71.585 0.2222220004
32336  -4.432  -20.204  70.711 0.4444440007
32347  -3.200  -19.345  68.132 0.1111110002
33269  -3.064  -19.225  70.788 0.2222220004
34140  -3.158  -18.021  70.767 0.2222220004
34141  -3.439  -18.106  71.049 0.2222220004
34149  -1.991  -17.169  69.719 0.2222220004
34150  -2.068  -18.117  69.550 0.2222220004
35041  -3.482  -16.912  71.068 0.2222220004
35045  -2.382  -16.898  70.160 0.2222220004
35940  -2.373  -15.390  70.342 0.1111110002
35941  -3.261  -14.761  70.735 0.1111110002
35942  -3.794  -14.623  70.679 0.2222220004
35947  -1.926  -15.641  69.823 0.1111110002
35956  -2.147  -15.133  68.038 0.1111110002
56930  -65.038  6.955  16.129 0.1111110002
57822  -65.391  8.323  14.212 0.1111110002
58646  -58.141  8.236  19.334 0.4444440007
58676  -65.429  8.701  17.613 0.1111110002
58694  -65.548  8.547  16.392 0.1111110002
58723  -65.479  8.955  14.599 0.1111110002
59467  -50.169  9.691  22.274 0.6666669846
59548  -65.316  9.291  14.809 0.1111110002
62988  -56.414  13.428  16.030 0.1111110002
101156  -58.972  8.856  16.548 0.1111110002
103489  -2.490  -15.221  67.007 0.1111110002
103710  -5.123  -18.138  70.572 0.3333329856
105785  -2.777  -15.277  70.605 0.1111110002
108630  -6.891  -19.697  69.240 0.2222220004
110147  -1.687  -15.944  69.144 0.1111110002
111820  -3.033  -14.208  70.594 0.1111110002
