#!ascii label  , from subject sub-v1s9x0051352_ses-1 vox2ras=TkReg
1830
39699  -6.809  -10.970  65.987 0.6250000000
93243  -6.364  -10.154  66.141 0.6250000000
106859  -6.522  -9.548  65.689 0.5000000000
93677  -7.462  -10.205  64.846 0.6250000000
111948  -7.437  -9.740  64.538 0.6250000000
92074  -7.051  -9.463  65.086 0.5000000000
94405  -6.477  -8.791  65.629 0.5000000000
92077  -7.664  -10.069  63.963 0.6250000000
96934  -7.946  -8.845  63.993 0.6250000000
94815  -7.057  -8.609  65.067 0.5000000000
109936  -8.265  -10.754  63.702 0.5000000000
92070  -7.658  -8.421  64.597 0.5000000000
92071  -7.273  -7.995  65.108 0.5000000000
43653  -8.627  -7.239  64.753 0.5000000000
42776  -8.477  -8.149  64.213 0.5000000000
43654  -9.292  -7.511  64.106 0.6250000000
43655  -10.004  -7.070  63.969 0.6250000000
44537  -9.499  -6.674  64.649 0.5000000000
44536  -10.138  -6.177  64.938 0.1250000000
44538  -10.311  -6.413  64.323 0.3750000000
44541  -10.633  -6.746  63.725 0.6250000000
45451  -10.913  -5.886  64.807 0.1250000000
44539  -10.854  -6.191  64.041 0.5000000000
113926  -11.544  -5.934  63.148 0.6250000000
45457  -11.932  -5.987  62.549 0.6250000000
52805  -27.999  2.029  63.166 0.3750000000
51884  -27.564  1.338  61.947 0.3750000000
51865  -28.200  1.685  62.588 0.3750000000
45452  -11.419  -5.666  63.928 0.3750000000
51866  -28.938  1.799  62.378 0.3750000000
45455  -12.067  -5.323  63.235 0.6250000000
101559  -26.935  0.286  60.807 0.7500000000
50861  -27.241  0.623  61.285 0.5000000000
51885  -28.453  1.414  61.684 0.5000000000
52808  -30.133  2.732  62.857 0.5000000000
54588  -31.719  4.004  63.207 0.3750000000
45458  -12.447  -5.434  62.358 0.7500000000
50862  -28.048  0.832  61.120 0.7500000000
51897  -28.779  1.185  60.832 0.7500000000
51886  -29.243  1.592  61.417 0.6250000000
52817  -29.711  2.045  62.141 0.5000000000
52818  -30.439  2.516  61.787 0.5000000000
53710  -32.152  4.358  61.272 0.3750000000
54603  -33.105  4.880  61.248 0.3750000000
45459  -12.852  -4.856  61.994 0.7500000000
100935  -26.957  0.121  59.911 0.8750000000
50876  -27.633  0.393  60.530 0.8750000000
50877  -28.533  0.595  60.255 0.8750000000
111990  -29.034  0.954  60.315 0.7500000000
51898  -29.489  1.349  60.456 0.7500000000
52826  -30.677  2.329  60.735 0.5000000000
53724  -31.660  3.550  59.800 0.3750000000
53725  -32.234  4.404  60.308 0.3750000000
106227  -33.044  5.036  60.377 0.3750000000
50878  -29.204  0.806  59.834 0.7500000000
52827  -31.196  2.898  60.306 0.6250000000
98495  -31.597  3.705  60.782 0.6250000000
53735  -32.283  4.026  59.280 0.3750000000
49877  -28.684  0.385  59.391 1.0000000000
51903  -29.727  1.339  59.644 0.7500000000
51904  -30.255  1.887  59.415 0.8750000000
100965  -30.680  2.412  59.179 0.7500000000
52831  -31.187  2.887  59.432 0.6250000000
53734  -31.761  3.402  58.933 0.5000000000
50899  -28.544  0.268  58.587 1.0000000000
51910  -28.756  0.894  58.088 1.0000000000
101960  -29.800  1.504  59.023 0.8750000000
52833  -30.161  2.170  58.624 0.7500000000
52834  -30.992  2.898  58.526 0.7500000000
53740  -31.643  3.558  58.096 0.5000000000
51906  -29.416  1.553  58.399 1.0000000000
52836  -29.655  2.183  57.944 0.7500000000
52837  -30.407  2.671  57.712 0.6250000000
52838  -31.120  3.130  57.704 0.6250000000
50908  -28.395  0.008  57.685 1.0000000000
51911  -28.918  1.817  57.477 1.0000000000
95074  -29.613  2.454  57.324 0.8750000000
52841  -30.143  2.872  56.822 0.7500000000
95507  -28.465  0.865  57.195 1.0000000000
51914  -28.540  1.605  56.524 1.0000000000
52840  -29.160  2.503  56.549 0.8750000000
52844  -29.208  2.668  55.555 0.8750000000
52843  -28.683  2.155  55.884 0.8750000000
50918  -28.196  0.567  56.354 1.0000000000
51916  -28.258  1.500  55.633 1.0000000000
52846  -28.621  2.256  55.096 1.0000000000
106093  -29.053  2.381  54.257 1.0000000000
49921  -27.806  -0.013  56.043 1.0000000000
51920  -27.891  1.416  54.954 1.0000000000
105838  -28.320  1.934  54.528 1.0000000000
52857  -28.560  2.106  53.719 1.0000000000
52858  -29.517  2.370  53.536 1.0000000000
47196  -19.071  -2.976  55.256 0.1250000000
48073  -19.503  -2.262  55.163 0.1250000000
50943  -27.754  1.453  54.054 1.0000000000
51940  -28.456  1.952  52.111 1.0000000000
50932  -27.172  0.709  53.973 1.0000000000
50942  -27.385  1.121  53.345 1.0000000000
51939  -27.877  1.413  52.105 1.0000000000
48083  -20.728  -2.612  53.850 0.1250000000
47209  -21.273  -2.756  53.542 0.1250000000
48084  -21.933  -2.615  53.406 0.1250000000
49943  -26.699  0.121  53.608 1.0000000000
50951  -27.314  0.931  52.500 1.0000000000
98439  -27.669  0.834  51.661 1.0000000000
49942  -26.181  -0.416  52.904 0.8750000000
49955  -26.731  0.148  52.612 1.0000000000
49967  -27.041  0.301  51.765 1.0000000000
50959  -27.521  0.306  50.991 1.0000000000
48086  -23.404  -1.978  53.149 0.3750000000
49001  -25.445  -0.712  51.917 0.8750000000
49954  -26.299  -0.386  51.725 0.8750000000
49975  -26.785  -0.113  50.382 0.8750000000
49983  -26.722  -0.042  49.473 0.8750000000
110854  -23.885  -1.399  53.047 0.6250000000
100896  -24.227  -1.188  52.597 0.6250000000
45453  -12.062  -5.084  64.117 0.5000000000
99244  -26.088  1.031  61.643 0.5000000000
51883  -26.712  1.181  61.785 0.5000000000
50859  -25.761  0.559  61.162 0.5000000000
50860  -26.524  0.523  61.252 0.5000000000
46302  -12.607  -4.694  62.833 0.7500000000
54589  -32.745  4.699  62.367 0.3750000000
50875  -26.248  0.242  60.555 0.6250000000
54620  -32.752  4.842  59.597 0.3750000000
46311  -13.300  -4.164  60.582 0.8750000000
50889  -26.007  -0.134  59.892 0.7500000000
50890  -27.943  0.188  59.666 0.8750000000
54634  -32.800  4.567  58.770 0.2500000000
53741  -32.369  3.940  58.459 0.3750000000
46312  -13.847  -3.779  59.876 0.7500000000
49874  -25.891  -1.007  59.394 0.8750000000
49876  -27.450  -0.383  59.040 1.0000000000
109146  -28.154  0.020  58.986 1.0000000000
47173  -14.613  -3.722  58.792 0.7500000000
49888  -26.690  -1.141  58.895 0.8750000000
49889  -28.048  -0.365  58.344 1.0000000000
53746  -30.977  3.057  57.017 0.6250000000
53747  -31.602  3.530  57.253 0.5000000000
47180  -15.556  -3.475  57.793 0.5000000000
48934  -27.503  -1.091  58.123 1.0000000000
104083  -28.063  -0.717  57.670 1.0000000000
98050  -28.371  0.014  56.926 1.0000000000
53751  -30.790  3.250  56.247 0.5000000000
47187  -16.715  -3.098  57.096 0.6250000000
49898  -28.231  -0.601  57.043 1.0000000000
53755  -29.749  3.191  55.054 0.7500000000
53750  -29.869  3.105  55.955 0.6250000000
49909  -28.153  -0.245  56.574 1.0000000000
52848  -29.863  2.737  54.135 1.0000000000
48064  -17.439  -2.633  56.673 0.5000000000
49908  -27.821  -0.757  56.501 1.0000000000
52859  -30.260  2.556  53.310 1.0000000000
99343  -18.441  -2.936  55.701 0.3750000000
48069  -18.814  -2.054  55.483 0.5000000000
49920  -27.342  -0.328  55.677 1.0000000000
49930  -27.560  0.170  55.360 1.0000000000
50927  -27.843  0.702  55.537 1.0000000000
52875  -29.206  2.427  52.134 1.0000000000
48965  -26.216  -1.173  55.516 1.0000000000
48978  -26.659  -0.590  55.158 1.0000000000
49929  -27.085  0.021  54.689 1.0000000000
50933  -27.523  0.735  54.777 1.0000000000
52868  -28.852  2.264  52.882 1.0000000000
48074  -20.219  -2.528  54.598 0.1250000000
48977  -26.019  -0.847  54.592 1.0000000000
51945  -28.320  1.262  51.389 1.0000000000
48972  -20.714  -2.164  54.394 0.1250000000
48987  -21.309  -2.257  53.762 0.2500000000
48988  -22.113  -1.961  53.738 0.1250000000
48085  -22.767  -2.405  53.305 0.1250000000
48993  -26.364  -0.354  54.137 1.0000000000
104123  -27.846  1.053  49.620 0.8750000000
51951  -28.156  0.844  50.620 1.0000000000
51964  -27.553  1.236  48.742 0.8750000000
50974  -27.120  0.751  49.106 0.7500000000
108698  -25.484  -0.656  52.727 0.7500000000
50980  -26.562  0.176  47.749 0.7500000000
46297  -12.551  -4.655  63.749 0.5000000000
51882  -25.363  1.129  61.935 0.5000000000
50858  -24.802  0.673  60.923 0.6250000000
50873  -24.035  0.777  60.088 0.6250000000
50872  -23.326  0.803  60.552 0.6250000000
46307  -13.142  -4.171  61.528 0.8750000000
50874  -25.440  0.449  60.176 0.6250000000
107346  -24.693  0.504  59.915 0.7500000000
50887  -24.056  -0.239  59.654 0.7500000000
47165  -13.914  -3.346  60.608 0.8750000000
50888  -25.046  -0.406  59.623 0.8750000000
47169  -14.950  -3.145  59.299 0.7500000000
48923  -25.058  -1.280  59.173 0.8750000000
53753  -32.207  3.896  56.577 0.3750000000
47174  -15.284  -3.271  58.547 0.7500000000
48932  -25.883  -1.432  58.741 0.8750000000
47175  -15.893  -2.844  58.219 0.7500000000
48057  -16.516  -2.593  57.857 0.7500000000
48933  -26.661  -1.508  58.091 1.0000000000
53756  -30.532  3.494  55.381 0.3750000000
53757  -31.595  3.579  55.730 0.3750000000
53752  -31.456  3.414  56.541 0.3750000000
109991  -16.102  -3.107  57.601 0.7500000000
48945  -27.257  -1.439  57.489 1.0000000000
49897  -27.851  -1.133  57.232 1.0000000000
48058  -17.175  -2.163  57.433 0.6250000000
48956  -27.268  -1.327  56.792 1.0000000000
48065  -18.180  -2.154  56.164 0.6250000000
48955  -26.402  -1.423  56.350 1.0000000000
48959  -18.586  -1.274  55.701 0.6250000000
48966  -26.956  -0.898  56.042 1.0000000000
52876  -29.572  2.793  51.511 1.0000000000
52869  -29.839  2.386  52.846 1.0000000000
48976  -25.442  -0.995  55.098 1.0000000000
51946  -28.979  2.053  51.281 1.0000000000
48960  -19.175  -1.378  55.342 0.5000000000
48971  -19.969  -1.858  55.134 0.3750000000
107784  -28.709  1.414  50.770 1.0000000000
48992  -25.793  -0.617  53.580 0.8750000000
51952  -28.658  1.338  50.090 0.8750000000
48989  -22.978  -1.567  53.762 0.6250000000
48990  -24.418  -0.833  53.440 0.7500000000
48991  -24.977  -0.706  53.074 0.7500000000
50989  -26.688  0.142  46.980 0.7500000000
46298  -12.958  -4.035  63.280 0.6250000000
46303  -13.011  -4.074  62.391 0.6250000000
50869  -19.616  0.643  60.165 0.8750000000
47164  -13.460  -3.572  61.184 0.8750000000
50882  -19.865  0.373  59.639 1.0000000000
50883  -20.667  0.577  59.338 1.0000000000
51902  -22.103  0.981  59.894 0.8750000000
51896  -22.773  0.791  59.991 0.8750000000
50886  -23.233  0.083  59.677 0.7500000000
49869  -18.373  -0.056  59.438 1.0000000000
50884  -21.746  0.704  59.247 0.8750000000
50885  -22.452  0.201  59.464 0.7500000000
49871  -22.846  -0.400  59.227 0.8750000000
48048  -15.708  -2.531  59.116 1.0000000000
49882  -18.595  -0.273  58.556 1.0000000000
49870  -19.265  0.121  59.227 1.0000000000
50896  -20.492  0.404  58.629 1.0000000000
50897  -21.338  0.701  58.780 0.8750000000
49885  -23.036  -0.580  58.594 0.8750000000
49873  -24.214  -1.129  59.328 0.8750000000
111193  -33.032  4.437  57.988 0.2500000000
49883  -19.621  -0.014  58.331 1.0000000000
48049  -16.374  -2.303  58.567 0.8750000000
50898  -22.218  0.110  58.793 0.8750000000
49886  -23.783  -1.213  58.862 0.8750000000
49887  -24.440  -1.372  58.928 0.8750000000
48931  -25.070  -1.427  58.386 0.8750000000
48050  -16.865  -2.021  58.242 0.8750000000
48930  -24.323  -1.240  58.092 0.8750000000
54676  -31.162  3.820  54.806 0.3750000000
48939  -17.730  -1.354  57.191 0.7500000000
48942  -24.923  -1.430  57.393 1.0000000000
48944  -26.542  -1.552  57.192 1.0000000000
99122  -30.428  3.229  53.779 0.5000000000
54675  -31.000  3.847  53.863 0.3750000000
48950  -17.668  -1.873  56.772 0.6250000000
48940  -18.158  -0.871  56.800 0.7500000000
48943  -25.788  -1.530  57.756 1.0000000000
48954  -25.609  -1.571  56.659 1.0000000000
52870  -30.469  2.680  52.630 1.0000000000
49914  -19.042  -0.704  55.565 0.7500000000
97343  -25.143  -1.362  55.804 1.0000000000
52877  -30.389  2.949  51.889 1.0000000000
49915  -19.855  -0.798  55.434 0.6250000000
105753  -24.611  -0.855  55.059 1.0000000000
48964  -25.771  -1.519  55.851 1.0000000000
48961  -20.726  -1.609  55.261 0.7500000000
51966  -29.426  1.541  49.795 1.0000000000
51953  -29.228  1.840  50.480 1.0000000000
48973  -21.522  -1.826  54.510 0.5000000000
111415  -24.628  -0.730  54.317 0.7500000000
97095  -25.264  -0.725  54.026 0.8750000000
51978  -28.392  1.252  48.343 0.8750000000
48975  -23.363  -1.043  54.475 0.7500000000
108230  -24.064  -0.716  54.526 0.7500000000
95034  -23.782  -1.048  53.772 0.6250000000
47155  -13.324  -3.386  62.773 0.6250000000
47160  -13.320  -3.438  61.902 0.7500000000
47161  -13.966  -2.914  61.450 0.8750000000
49863  -19.104  0.236  59.895 1.0000000000
48037  -14.553  -2.601  60.681 0.8750000000
48041  -15.136  -2.585  59.944 1.0000000000
48916  -15.808  -1.842  60.047 1.0000000000
49868  -17.571  -0.435  59.810 1.0000000000
47168  -14.438  -3.140  59.946 0.8750000000
48922  -17.002  -1.096  59.493 1.0000000000
48042  -16.458  -1.794  59.250 1.0000000000
49881  -17.676  -0.744  58.847 1.0000000000
112637  -16.685  -1.931  58.703 1.0000000000
48929  -17.026  -1.516  58.795 1.0000000000
97810  -21.022  0.809  57.924 1.0000000000
99710  -17.433  -1.481  58.079 0.8750000000
49892  -18.085  -0.742  57.693 1.0000000000
49884  -20.392  0.380  57.638 1.0000000000
50906  -21.698  0.893  57.620 1.0000000000
49895  -22.912  -0.165  57.309 1.0000000000
99741  -18.868  -0.353  57.705 1.0000000000
49894  -19.568  -0.091  57.043 1.0000000000
50917  -22.263  0.618  56.814 1.0000000000
49896  -23.613  -0.837  57.799 1.0000000000
54696  -31.748  4.286  52.623 0.5000000000
49893  -18.666  -0.522  56.846 1.0000000000
50915  -20.784  0.487  56.248 1.0000000000
50916  -21.538  0.737  56.536 1.0000000000
49907  -23.503  -0.427  56.616 1.0000000000
48941  -24.165  -1.094  57.066 1.0000000000
53794  -31.401  3.318  52.217 0.6250000000
53779  -30.872  3.051  52.964 0.7500000000
49905  -19.177  -0.361  56.107 1.0000000000
50926  -22.160  0.372  56.065 1.0000000000
49906  -22.837  0.132  56.254 1.0000000000
53793  -31.091  3.021  52.109 0.8750000000
50914  -19.984  0.051  56.150 1.0000000000
50924  -20.376  0.028  55.638 1.0000000000
50925  -21.266  0.309  55.785 1.0000000000
49919  -23.442  -0.225  55.850 1.0000000000
48953  -24.717  -1.345  56.440 1.0000000000
53813  -30.689  3.258  50.517 1.0000000000
53805  -31.117  3.152  51.369 1.0000000000
109207  -19.651  -0.332  55.701 0.8750000000
49917  -21.928  -0.699  55.647 1.0000000000
49918  -22.907  -0.281  55.648 1.0000000000
104296  -24.509  -0.997  55.717 1.0000000000
111371  -30.672  2.733  49.808 1.0000000000
53804  -30.048  3.185  50.989 1.0000000000
49916  -20.847  -0.504  55.532 0.8750000000
48963  -23.783  -0.634  55.215 1.0000000000
51979  -30.259  1.572  48.442 1.0000000000
52892  -29.961  2.086  50.161 1.0000000000
48962  -21.499  -1.406  55.447 0.7500000000
102465  -22.235  -1.294  55.334 0.7500000000
52903  -30.274  1.725  49.428 1.0000000000
109852  -23.004  -0.944  55.065 0.7500000000
51989  -29.332  1.259  47.916 1.0000000000
95145  -29.419  1.290  48.916 1.0000000000
48974  -22.527  -1.512  54.538 0.5000000000
48035  -14.901  -2.050  61.046 1.0000000000
48038  -15.194  -2.121  60.555 1.0000000000
53814  -31.942  3.008  50.849 0.6250000000
54708  -31.904  3.979  51.766 0.6250000000
103093  -31.269  3.464  49.947 1.0000000000
53806  -31.772  3.038  51.432 0.7500000000
52893  -31.576  2.925  49.124 1.0000000000
52915  -30.996  2.104  47.895 1.0000000000
52904  -31.086  2.192  48.842 1.0000000000
51990  -30.185  1.569  47.447 1.0000000000
53826  -32.217  3.585  50.140 0.6250000000
52905  -31.963  2.608  48.264 1.0000000000
53825  -31.642  3.659  49.413 0.7500000000
53835  -31.837  3.594  48.719 1.0000000000
103221  -30.920  2.004  46.994 1.0000000000
52916  -31.668  2.595  47.482 1.0000000000
54723  -32.829  4.146  50.399 0.6250000000
54740  -31.887  4.193  49.113 0.6250000000
53841  -32.147  3.128  47.858 1.0000000000
53844  -31.595  3.262  47.027 1.0000000000
54741  -32.773  4.340  49.547 0.6250000000
54724  -33.203  4.728  49.721 0.3750000000
54749  -31.955  4.213  48.204 0.8750000000
54757  -31.762  4.147  47.319 1.0000000000
113972  -31.354  3.209  46.276 1.0000000000
53848  -31.375  3.432  45.565 1.0000000000
54750  -32.473  4.637  48.584 0.6250000000
55665  -33.416  4.933  48.954 0.5000000000
54758  -32.237  4.886  47.715 0.7500000000
55664  -32.951  5.258  48.082 0.6250000000
54763  -31.626  4.025  46.278 1.0000000000
54764  -32.085  4.892  46.755 0.7500000000
54766  -31.763  4.119  45.245 1.0000000000
53853  -31.409  3.555  44.743 1.0000000000
55679  -32.664  5.536  47.224 0.6250000000
55688  -32.531  5.597  46.259 0.6250000000
54771  -31.819  4.123  44.398 0.8750000000
54772  -32.178  4.764  44.793 0.8750000000
112908  -31.791  4.096  43.849 0.8750000000
55680  -33.277  6.028  46.724 0.6250000000
55699  -32.567  5.483  45.265 0.7500000000
55689  -33.089  6.142  45.755 0.7500000000
56595  -33.868  6.534  46.244 0.3750000000
55700  -33.105  6.002  44.793 0.8750000000
55711  -32.670  5.328  44.328 0.8750000000
55712  -33.226  5.782  43.919 0.8750000000
56602  -33.647  6.667  45.245 0.6250000000
56603  -34.444  7.016  45.754 0.6250000000
59271  -37.876  9.845  46.366 0.1250000000
56609  -33.624  6.534  44.262 0.6250000000
56610  -34.248  7.169  44.712 0.6250000000
57482  -35.000  7.382  44.247 0.7500000000
57483  -35.799  7.413  44.745 0.3750000000
97655  -36.577  7.344  44.929 0.2500000000
57475  -37.244  7.178  44.980 0.2500000000
58402  -37.167  8.291  45.102 0.2500000000
56623  -34.315  7.003  43.692 1.0000000000
109170  -35.685  7.347  43.950 0.7500000000
57495  -36.620  7.097  44.318 0.3750000000
57484  -37.520  6.898  44.789 0.2500000000
55713  -33.817  6.088  43.321 0.8750000000
56639  -34.628  6.560  42.774 0.8750000000
56624  -36.035  7.094  43.316 0.8750000000
56611  -37.447  6.688  44.352 0.6250000000
56640  -35.558  6.672  42.484 0.8750000000
97738  -36.388  6.716  42.754 0.8750000000
113906  -35.540  6.158  41.796 0.8750000000
55755  -35.104  4.832  40.046 0.8750000000
60112  -38.304  10.053  47.333 0.1250000000
60104  -38.804  10.608  48.142 0.1250000000
58403  -38.040  8.590  44.932 0.2500000000
59284  -38.442  9.351  45.578 0.1250000000
58414  -37.772  7.522  44.912 0.2500000000
56612  -38.270  6.517  44.560 0.5000000000
56641  -37.121  6.543  42.665 0.8750000000
56626  -37.796  6.446  43.760 0.6250000000
55729  -36.227  6.408  42.049 0.8750000000
56657  -36.941  6.409  41.620 0.8750000000
55741  -35.166  5.745  41.346 1.0000000000
55742  -35.944  6.131  41.186 0.8750000000
55749  -35.495  5.459  40.669 0.8750000000
60902  -38.542  11.702  48.687 0.1250000000
59272  -38.836  9.663  46.532 0.1250000000
57485  -38.157  6.664  44.798 0.2500000000
58415  -38.483  7.484  44.764 0.2500000000
56613  -39.000  6.214  44.536 0.5000000000
56627  -38.934  5.916  43.983 0.5000000000
56642  -38.086  6.385  42.912 0.6250000000
111903  -37.534  6.476  42.223 0.8750000000
56658  -38.036  6.457  41.877 0.8750000000
56643  -39.015  6.154  42.856 0.8750000000
102914  -37.457  6.387  40.886 1.0000000000
55750  -36.238  5.734  40.436 0.8750000000
55743  -36.683  6.153  40.828 0.8750000000
55758  -37.013  6.132  40.080 0.8750000000
56667  -37.901  6.504  40.146 1.0000000000
111125  -35.844  5.197  40.076 0.8750000000
59258  -39.184  9.947  47.397 0.1250000000
59285  -39.397  9.247  45.736 0.1250000000
58404  -38.947  8.577  44.958 0.2500000000
56680  -37.499  6.514  39.498 1.0000000000
57486  -38.834  6.475  44.632 0.2500000000
58416  -39.312  7.454  44.508 0.2500000000
57487  -39.605  6.125  44.378 0.2500000000
56644  -39.966  5.578  43.443 0.5000000000
56628  -39.855  5.730  44.088 0.5000000000
56659  -39.088  6.550  41.915 0.8750000000
95651  -38.309  6.766  41.024 0.8750000000
56681  -38.106  6.917  39.523 1.0000000000
56691  -37.535  6.898  38.716 0.8750000000
57549  -38.188  7.768  38.984 1.0000000000
58405  -39.873  8.608  45.021 0.1250000000
100504  -40.362  5.791  43.902 0.3750000000
56614  -40.307  6.591  43.956 0.3750000000
58417  -40.090  8.013  44.119 0.2500000000
99982  -40.647  5.658  43.434 0.5000000000
56629  -41.067  6.032  43.311 0.3750000000
95397  -39.855  6.015  42.634 0.6250000000
56645  -40.754  5.658  42.844 0.3750000000
112608  -41.233  5.729  42.927 0.5000000000
56660  -40.265  6.518  41.916 0.6250000000
56661  -41.253  6.340  42.399 0.3750000000
56669  -39.213  7.010  41.145 0.7500000000
57519  -41.175  6.979  41.429 0.6250000000
56668  -38.518  6.992  40.328 0.8750000000
57533  -39.134  7.694  40.573 0.8750000000
107652  -40.100  7.296  41.016 0.7500000000
57534  -40.855  7.654  40.837 0.7500000000
58453  -40.798  8.350  40.501 0.7500000000
57542  -38.545  7.539  39.858 0.8750000000
58452  -39.902  8.129  40.470 0.7500000000
58459  -39.028  8.427  39.791 0.8750000000
58460  -40.039  8.798  39.912 0.7500000000
58461  -40.753  9.022  40.106 0.7500000000
114052  -37.998  8.215  38.311 1.0000000000
58467  -38.526  8.830  38.571 1.0000000000
58468  -39.436  9.242  39.161 0.8750000000
56646  -41.353  6.386  42.479 0.3750000000
57497  -41.347  7.194  42.740 0.3750000000
57520  -41.674  6.955  41.868 0.6250000000
57535  -41.404  7.767  41.080 0.7500000000
101130  -41.483  8.456  40.959 0.5000000000
58462  -40.922  9.237  40.197 0.6250000000
58454  -41.132  8.672  40.597 0.6250000000
59332  -40.340  9.371  39.478 0.7500000000
59341  -40.052  9.799  38.783 0.7500000000
59349  -38.357  9.443  37.826 0.8750000000
59340  -38.994  9.970  38.375 1.0000000000
59342  -40.770  9.750  39.171 0.6250000000
59333  -40.725  9.468  39.802 0.6250000000
59334  -40.853  9.709  39.751 0.5000000000
108118  -38.618  10.066  37.575 0.8750000000
60170  -39.780  10.307  38.177 0.8750000000
60169  -39.249  10.433  37.620 0.7500000000
60963  -41.591  10.763  39.155 0.3750000000
60171  -40.807  10.261  38.388 0.7500000000
60172  -41.229  10.081  38.978 0.6250000000
60177  -40.211  10.506  37.571 0.7500000000
59356  -38.859  10.222  36.705 0.8750000000
60186  -39.761  10.541  36.765 0.8750000000
60187  -40.589  10.536  36.913 0.6250000000
110396  -40.536  10.293  36.072 0.7500000000
59365  -41.149  9.705  35.396 0.8750000000
59377  -44.560  9.212  34.650 0.8750000000
59370  -45.279  9.265  35.022 0.7500000000
60203  -46.065  9.517  34.866 0.6250000000
59379  -46.626  10.134  34.599 0.6250000000
95977  -41.713  10.561  38.290 0.5000000000
60964  -42.154  11.355  38.663 0.5000000000
60178  -41.327  10.510  37.495 0.5000000000
60179  -42.236  10.583  37.421 0.5000000000
60188  -41.218  10.413  36.677 0.7500000000
97137  -42.052  10.355  36.820 0.7500000000
60198  -41.609  10.131  36.090 0.7500000000
59358  -42.548  9.921  36.251 0.7500000000
59366  -42.100  9.681  35.474 0.7500000000
59367  -42.983  9.579  35.626 0.7500000000
59368  -43.899  9.480  35.715 0.7500000000
59360  -43.975  9.745  36.251 0.7500000000
59376  -42.633  9.308  34.902 0.8750000000
59369  -44.709  9.539  35.894 0.7500000000
60199  -45.547  9.805  35.570 0.6250000000
108745  -43.339  9.386  35.012 0.8750000000
110088  -44.553  9.347  35.306 0.7500000000
60970  -42.386  10.971  37.817 0.3750000000
61904  -42.739  11.907  38.179 0.2500000000
60180  -42.912  10.528  37.104 0.3750000000
61913  -43.580  12.230  37.906 0.1250000000
60189  -42.865  10.194  36.809 0.7500000000
60971  -43.120  11.356  37.395 0.2500000000
60190  -43.495  10.095  36.603 0.3750000000
60979  -43.661  10.759  36.805 0.3750000000
59359  -43.365  9.801  36.309 0.7500000000
60191  -44.220  10.077  36.423 0.6250000000
60192  -45.030  10.265  36.212 0.5000000000
60990  -45.787  10.832  35.862 0.2500000000
60200  -46.271  10.354  35.245 0.6250000000
60992  -47.542  11.533  35.658 0.2500000000
60972  -43.970  11.754  37.067 0.1250000000
60973  -44.928  11.932  36.980 0.1250000000
101261  -45.508  12.479  37.637 0.1250000000
60980  -44.499  11.015  36.605 0.2500000000
60981  -45.351  11.321  36.453 0.2500000000
99442  -46.393  12.418  37.535 0.1250000000
61908  -46.832  13.010  37.943 0.1250000000
61915  -45.868  11.984  36.976 0.2500000000
61924  -46.776  11.905  37.024 0.1250000000
60982  -46.193  11.572  36.340 0.2500000000
60983  -47.105  11.662  36.442 0.2500000000
61917  -47.913  12.426  37.104 0.1250000000
63540  -48.897  13.803  37.807 0.1250000000
60991  -46.604  11.220  35.691 0.2500000000
62786  -49.422  13.583  37.220 0.1250000000
92572  -50.223  15.040  37.610 0.1250000000
63545  -50.079  14.066  37.094 0.1250000000
93975  -6.976  -10.243  65.506 0.6250000000
39707  -7.996  -10.783  64.555 0.3750000000
93596  -7.500  -9.277  64.372 0.5000000000
94259  -7.944  -9.510  63.566 0.6250000000
40775  -8.602  -10.087  62.542 0.3750000000
95696  -8.122  -10.145  63.113 0.6250000000
43652  -7.841  -7.687  64.894 0.5000000000
42779  -8.444  -8.856  63.438 0.5000000000
43657  -10.405  -7.369  63.367 0.6250000000
44542  -11.144  -6.367  63.474 0.6250000000
46293  -11.828  -5.260  64.970 0.1250000000
52806  -28.611  2.089  63.101 0.3750000000
53697  -30.965  3.227  62.733 0.3750000000
51887  -30.013  1.882  61.118 0.6250000000
52819  -31.093  3.019  61.344 0.6250000000
53709  -31.655  3.842  61.906 0.3750000000
51899  -30.211  1.801  60.196 0.7500000000
52830  -30.788  2.272  59.874 0.6250000000
50891  -29.269  0.825  59.001 0.8750000000
52847  -29.271  2.687  54.765 0.8750000000
114142  -28.221  1.811  55.061 1.0000000000
51931  -27.910  1.750  52.952 1.0000000000
110198  -27.021  0.582  53.209 1.0000000000
113988  -28.004  0.711  51.155 1.0000000000
113788  -26.808  -0.154  51.135 1.0000000000
50966  -27.385  0.466  50.036 1.0000000000
49994  -26.599  0.053  48.581 0.8750000000
48091  -23.628  -1.938  52.253 0.5000000000
46294  -12.494  -4.643  64.601 0.2500000000
49875  -26.623  -0.493  59.470 0.8750000000
112316  -14.364  -3.573  59.404 0.7500000000
46321  -14.887  -3.923  58.031 0.6250000000
53767  -30.365  3.546  54.513 0.6250000000
50981  -26.920  0.910  48.226 0.7500000000
49000  -24.748  -0.968  52.170 0.7500000000
50005  -26.308  -0.529  47.395 0.7500000000
107332  -23.977  0.704  61.205 0.6250000000
49872  -23.453  -0.842  59.321 0.8750000000
48951  -18.120  -1.309  56.426 0.7500000000
103083  -29.910  2.626  52.231 1.0000000000
51965  -28.477  1.319  49.266 0.8750000000
51977  -27.439  1.242  47.825 0.8750000000
50013  -26.572  -0.588  46.862 0.7500000000
50895  -19.988  0.307  59.156 1.0000000000
50907  -22.384  0.350  57.760 1.0000000000
49904  -18.544  -0.761  56.114 0.7500000000
52882  -29.517  2.706  50.757 1.0000000000
50905  -20.354  0.401  56.793 1.0000000000
99856  -20.993  0.891  57.100 1.0000000000
53780  -31.258  3.829  53.029 0.5000000000
48952  -24.033  -0.713  56.079 1.0000000000
53812  -30.013  3.044  50.400 1.0000000000
53815  -32.371  3.275  50.910 0.6250000000
52925  -31.226  2.616  46.637 1.0000000000
54767  -32.082  4.844  45.748 0.8750000000
54778  -32.197  4.580  43.822 0.8750000000
57473  -35.075  7.368  45.276 0.6250000000
100390  -35.163  7.272  43.289 0.8750000000
56625  -36.894  6.740  43.548 0.7500000000
55728  -34.891  6.144  41.993 0.8750000000
55727  -34.100  6.010  42.354 1.0000000000
55769  -34.908  4.855  39.039 0.8750000000
60103  -37.935  10.907  47.998 0.1250000000
60163  -41.121  10.191  39.771 0.3750000000
95543  -43.950  9.303  34.805 0.8750000000
110045  -46.352  9.618  34.269 0.7500000000
61914  -44.537  12.434  37.757 0.1250000000
61916  -47.191  12.376  37.389 0.1250000000
94969  -47.423  11.925  36.988 0.2500000000
62785  -48.584  13.197  37.293 0.1250000000
61918  -48.632  12.584  36.568 0.2500000000
45461  -12.769  -5.823  60.797 0.6250000000
44550  -12.849  -5.897  59.894 0.6250000000
45465  -13.073  -5.105  60.298 0.6250000000
97577  -13.160  -5.262  59.553 0.5000000000
46316  -13.555  -4.991  58.847 0.5000000000
46320  -14.238  -4.407  58.374 0.2500000000
46325  -15.307  -4.223  57.318 0.3750000000
54576  -33.550  5.498  63.035 0.2500000000
45462  -12.995  -4.983  61.158 0.7500000000
98192  -13.416  -4.529  59.692 0.6250000000
109032  -14.010  -4.159  59.160 0.6250000000
46326  -15.986  -3.697  57.131 0.3750000000
47188  -17.275  -3.481  56.369 0.3750000000
48068  -17.857  -3.022  56.155 0.3750000000
48999  -24.009  -1.507  51.800 0.5000000000
49047  -25.839  -1.266  47.582 0.7500000000
49993  -25.923  -0.523  48.025 0.6250000000
49059  -26.730  -1.217  46.603 0.1250000000
49069  -27.278  -1.344  45.997 0.1250000000
53748  -32.293  4.006  57.602 0.2500000000
54648  -32.803  4.611  57.119 0.2500000000
49007  -24.201  -1.180  50.970 0.5000000000
112228  -24.787  -1.192  50.385 0.7500000000
49015  -25.323  -0.853  50.119 0.7500000000
49024  -25.434  -1.038  49.297 0.7500000000
49036  -25.553  -1.290  48.374 0.7500000000
49982  -25.953  -0.537  48.890 0.7500000000
50014  -27.000  -0.353  46.253 0.2500000000
50020  -27.514  -0.685  45.633 0.2500000000
49826  -15.494  -0.272  64.595 0.3750000000
49836  -14.923  -0.714  64.042 0.3750000000
49837  -15.559  -0.402  63.623 0.3750000000
48034  -14.474  -2.274  61.367 0.7500000000
48910  -14.856  -1.771  61.634 0.7500000000
48911  -15.504  -1.583  61.036 0.8750000000
107757  -32.024  3.903  55.067 0.2500000000
51988  -28.261  1.345  47.379 0.8750000000
49008  -25.409  -0.855  50.988 0.7500000000
49966  -26.168  -0.588  50.722 0.7500000000
50990  -26.902  0.935  47.338 0.7500000000
50996  -27.241  0.728  46.412 0.6250000000
51003  -27.580  0.107  45.640 0.3750000000
50021  -27.989  -0.516  45.072 0.2500000000
49079  -28.543  -1.135  44.689 0.2500000000
48903  -15.080  -1.090  63.061 0.5000000000
96039  -14.462  -1.808  63.012 0.5000000000
48906  -14.802  -1.580  62.355 0.5000000000
49847  -15.793  -0.628  62.744 0.5000000000
48032  -14.264  -2.222  62.149 0.5000000000
100475  -15.479  -1.218  62.046 0.6250000000
47156  -13.694  -2.885  62.262 0.6250000000
48907  -16.097  -0.749  62.088 0.7500000000
48912  -16.172  -1.066  61.450 0.7500000000
95168  -16.296  -1.255  60.630 0.8750000000
99949  -16.479  -1.347  59.927 0.8750000000
99652  -31.823  4.179  54.342 0.2500000000
50997  -28.229  1.240  46.381 0.7500000000
51997  -29.242  1.455  46.946 0.8750000000
51987  -27.459  1.246  47.024 0.7500000000
95915  -27.933  0.679  45.763 0.5000000000
51004  -28.294  0.306  44.986 0.3750000000
49860  -16.780  -0.679  61.016 0.7500000000
48917  -16.887  -0.811  60.238 0.8750000000
51998  -30.145  1.650  46.538 0.8750000000
51005  -28.687  1.013  45.502 0.5000000000
51012  -29.043  0.874  44.767 0.5000000000
49853  -16.601  -0.463  61.739 0.7500000000
54685  -32.607  4.520  53.974 0.2500000000
54686  -33.271  4.968  53.597 0.2500000000
54697  -32.520  4.692  53.109 0.2500000000
102161  -30.713  2.097  46.183 0.7500000000
52932  -29.801  2.045  44.953 0.6250000000
109203  -30.008  1.803  45.725 0.6250000000
99319  -29.428  1.479  44.537 0.6250000000
51880  -22.537  0.967  60.904 0.5000000000
49861  -17.481  -0.288  60.628 0.7500000000
50857  -23.384  0.847  61.744 0.5000000000
103313  -32.293  4.780  52.196 0.3750000000
53859  -30.908  3.141  44.243 0.7500000000
52933  -30.470  2.377  45.406 0.6250000000
53847  -31.035  2.742  45.852 0.8750000000
52943  -30.225  2.760  43.713 0.6250000000
52937  -30.307  2.617  44.590 0.6250000000
52951  -30.322  2.789  42.688 0.5000000000
102104  -30.112  2.459  41.899 0.5000000000
52957  -30.190  2.369  41.073 0.2500000000
49862  -18.231  0.131  60.197 0.8750000000
53852  -30.884  3.011  45.076 0.8750000000
53866  -30.922  3.351  43.386 0.6250000000
53867  -30.978  3.619  42.450 0.6250000000
53871  -30.523  3.085  41.727 0.6250000000
50868  -18.821  0.548  60.518 0.8750000000
51895  -21.639  1.142  60.630 0.6250000000
50870  -20.354  0.798  59.872 0.7500000000
50871  -21.191  1.064  59.714 0.7500000000
54784  -31.571  4.324  42.171 0.6250000000
53879  -30.660  3.248  40.741 0.3750000000
53872  -31.064  3.837  41.466 0.3750000000
53880  -31.311  3.927  40.495 0.3750000000
52977  -31.105  3.276  39.861 0.3750000000
53899  -31.789  3.242  39.059 0.5000000000
53900  -32.599  3.414  38.681 0.5000000000
53901  -33.271  3.371  38.384 0.5000000000
54777  -31.594  4.050  43.210 0.6250000000
54790  -31.741  4.450  41.198 0.5000000000
53881  -32.187  4.516  40.204 0.5000000000
53889  -31.678  3.855  39.700 0.5000000000
53890  -32.453  4.032  39.251 0.5000000000
54821  -33.856  3.755  38.236 0.5000000000
54832  -34.419  4.353  37.668 0.3750000000
102447  -33.657  5.516  48.349 0.3750000000
55671  -33.551  5.733  47.629 0.2500000000
55725  -32.872  5.221  43.370 0.7500000000
54785  -32.266  4.651  42.812 0.7500000000
54791  -32.294  4.826  41.842 0.6250000000
100962  -32.457  4.851  41.012 0.6250000000
54820  -33.199  3.794  38.760 0.6250000000
104578  -33.866  4.084  38.924 0.5000000000
57548  -37.665  7.665  38.109 0.8750000000
97638  -34.790  5.005  38.038 0.5000000000
56706  -37.117  7.130  37.814 0.6250000000
58477  -37.751  8.597  37.542 0.8750000000
54822  -34.341  4.351  38.646 0.5000000000
55787  -35.371  5.571  37.457 0.5000000000
56704  -35.657  6.376  37.018 0.5000000000
56705  -36.336  6.788  37.430 0.6250000000
57564  -37.010  8.189  36.695 0.6250000000
59348  -38.130  9.489  36.846 0.7500000000
55786  -34.894  5.049  36.927 0.2500000000
55805  -35.228  5.891  36.606 0.3750000000
56714  -35.453  6.591  36.273 0.5000000000
57562  -35.774  7.179  35.943 0.3750000000
58481  -36.801  8.375  35.703 0.6250000000
112822  -37.827  9.325  36.066 0.6250000000
106184  -33.362  5.617  43.385 0.7500000000
55738  -32.921  5.197  42.379 0.6250000000
55747  -33.007  5.282  41.402 0.6250000000
54799  -33.142  5.023  40.467 0.6250000000
96041  -32.943  4.589  39.771 0.6250000000
54807  -33.397  4.278  39.309 0.6250000000
55788  -36.084  5.947  37.870 0.5000000000
104225  -38.424  9.751  35.702 0.7500000000
58486  -37.181  8.401  34.766 0.5000000000
58484  -37.582  9.090  35.378 0.6250000000
57571  -37.738  7.995  33.980 0.3750000000
56735  -38.419  6.809  33.273 0.2500000000
56736  -38.977  6.407  33.014 0.1250000000
55739  -33.603  5.595  41.912 0.7500000000
55748  -33.869  5.225  41.114 0.7500000000
55740  -34.433  5.621  41.586 0.8750000000
99331  -41.517  9.438  41.106 0.2500000000
100698  -34.770  5.142  40.904 0.7500000000
59327  -41.136  9.315  40.410 0.2500000000
54808  -34.263  4.473  39.501 0.7500000000
112227  -33.645  4.589  39.893 0.6250000000
55756  -35.682  5.218  39.375 0.7500000000
56679  -36.913  6.235  39.174 0.7500000000
55771  -36.274  5.739  38.794 0.7500000000
56690  -36.780  6.412  38.273 0.7500000000
55770  -35.525  5.361  38.421 0.7500000000
58487  -37.972  8.759  34.435 0.5000000000
110964  -38.360  9.383  34.846 0.6250000000
59363  -39.166  9.872  34.772 0.6250000000
57572  -38.613  8.229  33.782 0.3750000000
58488  -39.684  8.353  33.701 0.5000000000
112421  -38.282  7.555  33.519 0.3750000000
57576  -39.115  7.376  33.278 0.2500000000
56737  -39.654  6.555  32.733 0.2500000000
57505  -41.798  7.066  42.068 0.3750000000
100091  -41.665  8.730  41.481 0.2500000000
60149  -41.858  10.504  41.468 0.2500000000
60160  -41.429  10.274  40.583 0.2500000000
59364  -40.141  10.041  34.954 0.7500000000
59372  -38.946  8.990  34.279 0.5000000000
57577  -40.079  7.510  33.095 0.5000000000
55860  -43.364  5.581  30.178 0.2500000000
55869  -43.835  5.965  29.620 0.1250000000
56786  -45.142  6.458  29.019 0.1250000000
57616  -44.706  7.163  28.938 0.1250000000
57624  -45.353  7.450  28.455 0.2500000000
57633  -45.615  7.887  27.748 0.1250000000
59374  -40.839  9.118  34.722 0.7500000000
58489  -40.618  8.548  34.070 0.5000000000
57578  -40.940  7.599  33.050 0.5000000000
57579  -41.752  7.763  33.127 0.5000000000
57586  -41.406  7.104  32.475 0.3750000000
56756  -42.261  6.077  31.260 0.3750000000
55859  -42.779  6.034  30.624 0.2500000000
56767  -43.811  6.743  29.671 0.1250000000
56779  -44.385  6.497  29.336 0.2500000000
99394  -44.794  7.828  28.626 0.1250000000
58534  -45.134  8.278  28.107 0.3750000000
58545  -45.669  8.466  27.434 0.2500000000
59375  -41.776  9.230  34.853 0.7500000000
58490  -41.491  8.543  34.329 0.6250000000
58496  -41.253  8.096  33.673 0.5000000000
57587  -42.226  7.481  32.424 0.3750000000
56748  -41.851  6.642  31.861 0.3750000000
57594  -42.366  6.958  31.706 0.3750000000
56757  -42.630  6.900  30.953 0.3750000000
57604  -43.021  7.526  30.716 0.3750000000
57605  -43.558  7.512  30.127 0.3750000000
57615  -44.157  7.330  29.539 0.3750000000
58525  -44.434  7.971  29.300 0.3750000000
59412  -45.098  9.285  28.618 0.3750000000
59413  -45.527  9.896  28.212 0.3750000000
60260  -46.034  10.403  27.750 0.5000000000
59438  -46.261  9.968  26.883 0.3750000000
59426  -45.304  8.980  27.802 0.3750000000
60271  -47.147  10.589  25.717 0.3750000000
59439  -46.648  9.647  26.035 0.2500000000
59451  -47.261  9.497  25.246 0.2500000000
59452  -47.985  9.522  24.592 0.2500000000
59458  -48.616  9.679  24.006 0.1250000000
58497  -42.070  8.134  33.839 0.6250000000
58491  -42.371  8.630  34.397 0.7500000000
107958  -42.504  8.019  33.250 0.6250000000
57595  -42.740  7.783  31.592 0.3750000000
62864  -50.727  13.392  29.764 0.5000000000
62865  -51.291  13.843  29.495 0.1250000000
63629  -51.660  14.420  29.107 0.1250000000
105588  -52.156  14.890  29.548 0.1250000000
62876  -49.703  13.140  28.294 0.6250000000
62877  -50.294  13.434  28.295 0.2500000000
104093  -50.779  13.576  28.946 0.2500000000
112982  -51.240  14.003  28.790 0.1250000000
63630  -52.116  14.943  28.643 0.1250000000
58510  -44.018  8.205  30.090 0.3750000000
58511  -44.420  8.884  29.847 0.3750000000
62030  -48.739  12.308  27.226 0.7500000000
62018  -49.234  12.826  27.795 0.7500000000
62887  -49.798  13.283  27.633 0.5000000000
62878  -50.916  13.834  28.206 0.2500000000
63642  -51.530  14.411  28.163 0.3750000000
58526  -44.699  8.618  28.929 0.3750000000
60261  -46.635  10.930  27.358 0.5000000000
101860  -48.118  11.758  26.607 0.6250000000
61104  -48.883  12.108  26.413 0.7500000000
62031  -49.356  12.815  26.885 0.7500000000
62888  -50.440  13.672  27.583 0.3750000000
96798  -50.547  13.886  26.942 0.3750000000
62889  -51.031  14.084  27.457 0.3750000000
60267  -46.772  10.709  26.480 0.3750000000
100423  -47.933  11.376  25.709 0.5000000000
61112  -48.775  11.901  25.543 0.6250000000
62047  -49.365  12.519  25.958 0.7500000000
62897  -49.976  13.488  26.900 0.5000000000
60272  -47.789  10.494  25.079 0.2500000000
60275  -48.288  10.504  24.384 0.3750000000
61111  -48.350  11.304  24.911 0.6250000000
60995  -47.698  11.243  34.797 0.3750000000
60996  -48.260  11.750  34.483 0.3750000000
60204  -47.251  10.623  34.341 0.3750000000
60999  -47.801  11.187  33.971 0.5000000000
61000  -48.290  11.819  33.575 0.3750000000
61953  -49.531  12.726  33.453 0.2500000000
96905  -42.800  8.149  33.973 0.6250000000
58492  -43.265  8.796  34.378 0.7500000000
60207  -46.792  10.080  33.903 0.6250000000
61011  -47.712  11.359  33.064 0.3750000000
61952  -48.794  12.336  33.103 0.2500000000
61972  -50.063  12.994  32.810 0.2500000000
59384  -46.263  9.669  33.605 0.7500000000
60211  -46.629  10.344  33.065 0.7500000000
60208  -47.248  10.728  33.475 0.5000000000
61012  -48.236  11.824  32.649 0.3750000000
61971  -49.376  12.579  32.539 0.2500000000
110898  -49.217  12.478  31.848 0.3750000000
100644  -49.883  12.829  31.847 0.2500000000
62840  -51.231  13.874  32.505 0.1250000000
104808  -55.566  19.062  31.023 0.1250000000
58498  -43.402  8.347  33.379 0.7500000000
59383  -45.475  9.553  33.261 0.7500000000
60212  -47.130  10.935  32.455 0.7500000000
61026  -48.124  11.805  31.718 0.7500000000
61980  -49.287  12.645  31.213 0.6250000000
61981  -49.900  13.016  30.936 0.2500000000
108653  -50.418  13.266  31.406 0.1250000000
62851  -51.107  13.737  31.411 0.1250000000
63613  -52.337  14.917  31.407 0.1250000000
65705  -54.724  17.910  31.032 0.1250000000
66491  -55.440  18.385  31.460 0.1250000000
66498  -55.080  18.506  30.593 0.1250000000
57580  -42.804  8.043  32.533 0.6250000000
58501  -43.309  8.428  32.106 0.5000000000
59388  -46.030  9.966  32.717 0.7500000000
60217  -46.424  10.478  32.174 0.7500000000
61025  -47.427  11.280  31.520 0.7500000000
113088  -47.810  11.646  31.158 0.7500000000
61987  -48.786  12.432  30.781 0.6250000000
62857  -51.268  13.755  30.357 0.1250000000
63620  -51.730  14.312  30.907 0.1250000000
63621  -52.206  14.842  30.436 0.1250000000
65001  -52.870  16.058  30.720 0.1250000000
65002  -53.380  16.874  30.671 0.1250000000
65704  -53.908  17.581  30.478 0.1250000000
65713  -54.437  18.101  30.264 0.1250000000
60218  -46.833  10.771  31.629 0.7500000000
61040  -47.518  11.451  30.588 0.7500000000
61041  -48.189  12.010  30.827 0.7500000000
61988  -49.310  12.718  30.423 0.6250000000
61989  -49.980  13.086  30.067 0.5000000000
101911  -51.786  14.267  29.970 0.1250000000
64340  -52.547  15.463  30.041 0.1250000000
101805  -52.532  15.519  29.121 0.1250000000
99726  -53.410  17.146  29.922 0.1250000000
65010  -53.312  16.970  29.126 0.1250000000
65712  -53.866  17.804  29.571 0.1250000000
66507  -54.685  18.551  29.642 0.1250000000
58504  -43.399  8.360  30.964 0.3750000000
59393  -44.203  8.972  30.815 0.5000000000
60229  -46.897  10.858  30.856 0.7500000000
61060  -47.395  11.543  29.683 0.7500000000
61061  -47.993  11.937  29.355 0.7500000000
62010  -48.558  12.502  29.016 0.6250000000
61999  -50.049  13.130  29.080 0.3750000000
65019  -52.933  16.154  28.669 0.1250000000
59405  -44.944  9.545  29.605 0.5000000000
59395  -45.491  10.129  30.380 0.5000000000
60243  -46.795  11.151  30.009 0.7500000000
102800  -47.320  11.622  28.828 0.7500000000
61078  -47.870  12.179  28.460 0.7500000000
62017  -48.555  12.550  28.114 0.6250000000
63652  -51.585  14.578  27.183 0.3750000000
63643  -52.110  15.018  27.728 0.3750000000
59406  -45.536  10.286  29.317 0.5000000000
104250  -46.682  11.266  29.170 0.6250000000
61077  -47.253  11.607  27.917 0.7500000000
61092  -47.918  12.079  27.554 0.6250000000
62910  -51.165  14.094  25.775 0.5000000000
62899  -51.076  14.156  26.627 0.3750000000
101486  -49.452  11.935  23.895 0.6250000000
62059  -49.452  12.322  25.038 0.7500000000
62048  -49.925  13.021  25.501 0.6250000000
62898  -50.420  13.650  26.135 0.5000000000
61114  -48.667  11.315  24.112 0.5000000000
60278  -49.286  10.460  23.247 0.3750000000
58588  -49.885  9.114  22.535 0.2500000000
59378  -45.842  9.281  34.240 0.6250000000
58493  -44.036  8.936  34.084 0.7500000000
59382  -44.859  9.176  33.943 0.7500000000
99150  -44.154  8.893  33.397 0.7500000000
58502  -43.939  8.719  32.715 0.7500000000
59386  -44.598  9.335  32.728 0.7500000000
59387  -45.271  9.872  32.261 0.7500000000
58505  -44.043  8.892  31.830 0.7500000000
59390  -44.688  9.534  31.600 0.7500000000
114187  -45.831  10.216  31.940 0.7500000000
66499  -55.367  19.101  30.187 0.1250000000
59391  -45.359  10.027  31.334 0.7500000000
60228  -46.196  10.408  31.206 0.7500000000
65722  -53.752  17.579  28.676 0.1250000000
66506  -54.167  18.250  28.954 0.1250000000
66518  -54.799  18.634  28.762 0.1250000000
66508  -55.395  19.084  29.372 0.1250000000
59394  -44.815  9.592  30.595 0.5000000000
60242  -46.193  10.625  30.226 0.7500000000
64349  -52.590  15.489  28.197 0.1250000000
64361  -53.088  16.047  27.765 0.1250000000
65020  -53.426  16.755  28.240 0.1250000000
65738  -53.931  17.323  27.962 0.1250000000
65723  -54.332  18.021  28.261 0.1250000000
63660  -51.692  14.541  26.312 0.3750000000
63653  -52.163  15.042  26.819 0.3750000000
61118  -49.482  11.214  23.018 0.5000000000
62068  -50.323  12.498  23.630 0.5000000000
60282  -50.396  10.597  22.301 0.2500000000
61121  -50.046  11.096  22.650 0.5000000000
61119  -49.992  11.841  22.968 0.6250000000
104913  -50.744  10.125  21.908 0.2500000000
62075  -50.616  12.319  22.793 0.5000000000
49974  -25.978  -0.506  49.779 0.7500000000
54660  -32.505  4.052  55.611 0.2500000000
106124  -31.751  4.315  53.493 0.2500000000
53860  -31.452  3.686  43.970 0.6250000000
55726  -33.491  5.553  42.830 0.7500000000
55757  -36.358  5.620  39.683 0.7500000000
59357  -39.439  10.247  35.736 0.6250000000
49058  -26.255  -1.080  47.072 0.6250000000
54709  -32.514  4.300  51.218 0.5000000000
54800  -34.189  4.795  40.350 0.7500000000
46334  -16.574  -3.953  56.498 0.3750000000
48097  -24.195  -2.711  50.588 0.3750000000
97215  -14.506  -1.333  63.748 0.5000000000
51011  -28.727  0.301  44.147 0.3750000000
52936  -29.660  2.191  44.142 0.6250000000
52942  -29.651  2.149  43.221 0.5000000000
52967  -30.682  2.494  40.205 0.2500000000
57559  -37.226  7.840  37.430 0.6250000000
57558  -36.611  7.533  37.008 0.6250000000
56715  -35.943  7.113  36.584 0.5000000000
57563  -36.325  7.728  36.194 0.6250000000
58482  -37.460  8.869  36.378 0.6250000000
56713  -35.167  6.084  36.091 0.3750000000
57566  -36.345  7.633  35.572 0.5000000000
57570  -37.107  7.478  34.346 0.3750000000
57575  -37.747  7.175  33.601 0.2500000000
59373  -39.868  9.278  34.338 0.6250000000
58495  -40.522  8.059  33.492 0.5000000000
56738  -40.524  6.800  32.519 0.3750000000
56755  -41.617  5.834  31.554 0.3750000000
56766  -43.204  6.597  30.162 0.3750000000
59427  -45.764  9.342  27.373 0.2500000000
60253  -45.960  10.808  28.681 0.5000000000
111235  -47.349  11.268  26.248 0.6250000000
110443  -49.220  9.078  23.640 0.1250000000
60277  -48.755  10.562  23.767 0.2500000000
106114  -49.226  12.861  28.644 0.6250000000
60254  -46.589  11.186  28.275 0.5000000000
61091  -47.276  11.468  27.000 0.6250000000
112478  -48.459  11.788  26.082 0.7500000000
62032  -49.736  13.158  26.261 0.6250000000
95001  -48.862  11.833  24.651 0.6250000000
61939  -48.949  12.378  34.192 0.2500000000
101449  -47.710  11.459  32.277 0.6250000000
61970  -48.730  12.226  32.211 0.5000000000
62850  -50.578  13.356  32.183 0.1250000000
61979  -48.697  12.298  31.431 0.6250000000
65694  -54.170  17.283  31.376 0.1250000000
61998  -48.614  12.272  29.998 0.7500000000
62856  -50.583  13.375  30.658 0.2500000000
65009  -52.967  16.280  29.732 0.1250000000
99082  -47.976  11.798  30.082 0.7500000000
62011  -49.297  12.773  29.541 0.6250000000
110862  -46.196  10.896  29.489 0.5000000000
61117  -49.005  11.161  23.508 0.5000000000
62060  -50.137  12.708  24.579 0.6250000000
60281  -49.780  10.422  22.667 0.2500000000
67266  -55.718  19.761  29.882 0.1250000000
111420  -56.069  20.194  29.360 0.1250000000
35040  -2.829  -16.819  70.556 0.1250000000
35047  -3.881  -15.725  71.066 0.2500000000
35046  -3.075  -15.858  70.833 0.2500000000
35949  -4.268  -14.666  70.332 0.2500000000
105254  -2.501  -16.017  70.501 0.2500000000
109255  -4.186  -16.740  71.123 0.1250000000
35048  -4.655  -16.415  70.771 0.2500000000
35943  -4.465  -15.454  70.550 0.2500000000
34144  -2.703  -17.852  70.313 0.1250000000
35958  -6.104  -15.413  68.218 0.2500000000
34156  -1.726  -17.458  69.070 0.1250000000
36875  -3.714  -13.844  70.395 0.2500000000
36867  -2.814  -14.545  70.510 0.3750000000
36869  -3.204  -14.057  70.681 0.2500000000
36876  -4.531  -14.436  69.832 0.2500000000
35950  -5.042  -15.278  69.884 0.2500000000
35044  -2.111  -16.247  70.088 0.3750000000
35957  -5.358  -15.041  69.038 0.2500000000
36884  -5.524  -14.732  68.292 0.2500000000
35056  -1.625  -16.704  68.689 0.3750000000
36892  -6.131  -14.698  67.587 0.2500000000
37783  -3.451  -13.592  70.630 0.3750000000
35948  -2.270  -14.911  70.143 0.3750000000
36874  -2.660  -14.301  70.182 0.3750000000
36882  -4.108  -13.654  69.954 0.3750000000
36881  -2.593  -14.107  68.927 0.3750000000
36883  -4.810  -14.246  68.956 0.2500000000
37791  -4.430  -13.411  68.942 0.3750000000
35955  -1.900  -15.048  69.313 0.3750000000
36891  -5.232  -14.087  68.029 0.2500000000
35969  -1.963  -15.905  67.462 0.3750000000
102753  -5.925  -13.872  67.510 0.2500000000
37808  -6.792  -13.223  66.645 0.2500000000
102395  -7.161  -13.884  66.426 0.2500000000
37809  -7.386  -13.283  66.075 0.2500000000
38764  -8.389  -12.548  65.153 0.2500000000
102309  -7.895  -11.860  65.427 0.2500000000
38769  -8.812  -12.120  64.328 0.2500000000
39708  -8.462  -11.326  64.270 0.2500000000
39728  -8.721  -10.812  62.815 0.2500000000
39729  -9.607  -11.172  62.339 0.1250000000
41829  -12.642  -9.072  60.021 0.1250000000
36868  -3.046  -13.997  70.667 0.3750000000
37784  -3.372  -13.643  70.418 0.3750000000
37785  -3.701  -13.318  70.326 0.3750000000
37790  -3.989  -12.834  70.137 0.3750000000
37788  -3.300  -13.353  69.180 0.3750000000
92038  -4.134  -12.696  69.947 0.3750000000
92047  -4.585  -12.672  68.693 0.3750000000
37798  -2.813  -13.521  67.911 0.3750000000
37799  -5.281  -13.302  67.882 0.2500000000
38756  -7.022  -12.489  66.284 0.3750000000
113524  -9.763  -9.870  61.955 0.2500000000
41817  -11.601  -9.143  61.298 0.1250000000
41822  -12.084  -9.146  60.591 0.1250000000
37789  -3.905  -12.844  70.212 0.2500000000
93120  -4.207  -12.311  70.730 0.3750000000
93800  -3.398  -12.821  68.422 0.2500000000
92975  -4.200  -12.127  70.615 0.2500000000
92049  -4.258  -12.222  70.571 0.3750000000
38748  -3.332  -12.321  67.462 0.2500000000
94038  -4.812  -11.883  68.539 0.5000000000
38755  -6.349  -12.452  66.936 0.3750000000
92058  -6.588  -11.695  66.517 0.3750000000
39700  -7.590  -11.041  65.347 0.5000000000
41815  -10.552  -9.840  61.816 0.2500000000
100787  -11.065  -9.029  61.978 0.2500000000
42792  -12.011  -8.258  61.155 0.2500000000
42798  -12.382  -8.389  60.359 0.1250000000
42805  -12.766  -8.286  59.703 0.1250000000
43679  -12.638  -7.477  59.848 0.1250000000
43680  -13.140  -7.712  59.219 0.1250000000
43681  -13.880  -8.105  58.819 0.1250000000
43689  -14.172  -7.697  58.259 0.1250000000
43698  -14.552  -7.266  57.591 0.1250000000
43688  -13.433  -7.288  58.672 0.1250000000
44557  -13.701  -6.736  57.934 0.1250000000
44562  -14.374  -6.378  57.389 0.1250000000
45478  -14.427  -5.539  57.383 0.1250000000
106476  -3.827  -11.840  71.062 0.1250000000
92053  -4.058  -10.767  70.767 0.1250000000
92052  -4.129  -11.658  71.047 0.1250000000
93620  -4.750  -10.666  70.209 0.2500000000
92937  -3.612  -11.475  70.670 0.1250000000
108873  -3.760  -11.953  71.168 0.2500000000
95399  -5.694  -9.882  69.538 0.3750000000
53662  -21.776  3.496  65.295 0.1250000000
53647  -22.150  3.846  65.611 0.1250000000
53663  -22.625  3.327  65.171 0.1250000000
106692  -3.993  -12.070  71.196 0.1250000000
94377  -5.448  -10.551  69.178 0.2500000000
94717  -5.535  -10.625  67.708 0.5000000000
92033  -3.601  -11.170  68.933 0.2500000000
92035  -3.753  -12.001  69.117 0.2500000000
39690  -5.694  -11.600  67.383 0.5000000000
94607  -6.102  -10.849  66.709 0.5000000000
39694  -7.279  -11.765  65.874 0.3750000000
41807  -9.210  -9.499  62.410 0.3750000000
41808  -10.147  -9.214  62.217 0.5000000000
102908  -12.500  -7.942  60.102 0.1250000000
44554  -12.855  -6.751  59.335 0.1250000000
45472  -13.401  -5.817  58.263 0.1250000000
44561  -13.885  -5.906  57.691 0.1250000000
94108  -4.727  -9.795  70.239 0.1250000000
52774  -23.941  2.944  64.866 0.2500000000
52775  -24.584  2.923  64.609 0.2500000000
92066  -5.890  -9.866  68.277 0.2500000000
53661  -20.841  3.619  65.490 0.1250000000
53648  -22.898  3.827  65.429 0.1250000000
53664  -23.425  3.349  65.165 0.1250000000
98797  -19.243  3.136  64.693 0.1250000000
52770  -20.201  3.282  64.441 0.1250000000
52771  -21.204  3.240  64.426 0.1250000000
52773  -23.188  2.938  64.619 0.1250000000
52789  -23.978  2.675  64.143 0.2500000000
113095  -24.772  2.625  64.116 0.2500000000
111248  -25.183  2.317  63.452 0.2500000000
51862  -25.667  1.755  62.986 0.2500000000
93297  -5.885  -9.963  66.978 0.3750000000
52786  -20.659  2.665  63.649 0.1250000000
52772  -22.185  3.168  64.562 0.1250000000
103154  -22.397  2.885  63.703 0.1250000000
52788  -22.994  2.610  63.375 0.2500000000
52804  -24.354  2.328  63.091 0.2500000000
51844  -26.403  1.844  63.232 0.2500000000
52785  -19.731  2.576  63.780 0.1250000000
52787  -21.581  2.801  63.598 0.1250000000
51843  -22.039  2.152  62.982 0.1250000000
52803  -23.495  2.150  62.852 0.2500000000
96793  -24.785  1.637  62.581 0.2500000000
102960  -26.170  1.434  62.348 0.2500000000
51842  -21.086  1.964  63.117 0.2500000000
52802  -22.710  1.827  62.724 0.2500000000
51861  -23.881  1.321  62.423 0.2500000000
51841  -20.210  1.949  63.170 0.2500000000
51857  -20.613  1.548  62.384 0.3750000000
51858  -21.471  1.594  62.593 0.2500000000
51859  -22.170  1.330  62.362 0.2500000000
51860  -23.025  1.296  62.323 0.2500000000
51881  -24.316  0.867  61.928 0.3750000000
42782  -8.972  -8.937  62.919 0.5000000000
42783  -9.683  -8.694  62.701 0.5000000000
42784  -10.540  -8.452  62.499 0.5000000000
42785  -11.248  -8.142  62.270 0.5000000000
43666  -11.776  -7.760  61.877 0.5000000000
42791  -11.561  -8.467  61.740 0.3750000000
43671  -12.425  -7.553  60.694 0.2500000000
45479  -14.609  -4.706  57.616 0.1250000000
49023  -25.034  -1.617  49.719 0.5000000000
113722  -25.240  -2.448  49.322 0.2500000000
92061  -3.989  -7.953  70.804 0.1250000000
92062  -4.414  -8.650  70.209 0.1250000000
94423  -3.601  -9.662  70.172 0.1250000000
94444  -4.045  -9.497  70.470 0.1250000000
92063  -5.561  -9.018  69.577 0.1250000000
92041  -3.238  -10.003  69.891 0.1250000000
94386  -6.390  -9.015  68.642 0.1250000000
52769  -18.468  2.887  65.212 0.1250000000
52763  -18.069  3.419  66.615 0.1250000000
53659  -18.839  3.529  65.935 0.1250000000
53660  -19.767  3.666  65.583 0.1250000000
53665  -24.227  3.583  64.936 0.2500000000
96476  -25.424  2.818  64.230 0.2500000000
53646  -21.242  3.896  65.988 0.1250000000
52790  -25.974  2.384  63.674 0.2500000000
94032  -6.295  -9.203  67.360 0.3750000000
51831  -18.139  2.124  64.608 0.1250000000
52784  -18.865  2.428  64.111 0.1250000000
106576  -6.276  -9.334  66.316 0.3750000000
51838  -17.757  1.483  64.051 0.2500000000
51854  -17.974  1.327  63.073 0.3750000000
51839  -18.472  1.827  63.618 0.2500000000
51840  -19.275  2.138  63.209 0.1250000000
50840  -17.526  0.704  62.579 0.3750000000
50841  -18.291  1.122  62.160 0.3750000000
51855  -18.773  1.679  62.666 0.3750000000
113109  -9.797  -7.621  63.551 0.5000000000
51856  -19.655  1.716  62.481 0.3750000000
110537  -21.368  1.263  62.004 0.2500000000
104047  -22.609  0.977  61.884 0.3750000000
112098  -10.089  -8.008  63.044 0.5000000000
43661  -10.817  -7.729  62.802 0.5000000000
50853  -17.745  0.491  61.742 0.3750000000
50854  -18.560  0.854  61.305 0.5000000000
50855  -19.322  1.155  60.925 0.3750000000
51878  -20.663  1.336  61.415 0.5000000000
113832  -21.274  1.222  61.248 0.3750000000
51879  -21.947  1.080  61.593 0.3750000000
43662  -11.426  -7.372  62.505 0.5000000000
50856  -20.123  1.228  60.695 0.6250000000
51894  -20.877  1.216  60.559 0.3750000000
43667  -12.186  -7.414  61.449 0.2500000000
44549  -12.620  -6.680  60.328 0.3750000000
45468  -13.076  -5.843  59.050 0.2500000000
48129  -25.419  -2.041  48.935 0.3750000000
106207  -25.854  -2.552  47.887 0.1250000000
92043  -3.942  -8.841  70.263 0.1250000000
92067  -6.828  -8.445  67.616 0.1250000000
52762  -17.709  2.680  65.804 0.1250000000
92069  -6.521  -8.560  66.433 0.2500000000
93681  -6.743  -7.957  65.688 0.3750000000
51829  -16.887  1.414  65.558 0.1250000000
51830  -17.514  1.749  65.152 0.1250000000
50823  -17.133  1.085  64.488 0.2500000000
50830  -17.319  0.856  63.499 0.2500000000
50839  -16.824  0.310  62.949 0.2500000000
43658  -11.039  -7.070  63.156 0.5000000000
49849  -17.010  0.132  62.115 0.3750000000
49854  -17.279  -0.139  61.376 0.5000000000
44544  -11.512  -6.605  62.817 0.5000000000
112915  -12.406  -6.138  61.995 0.5000000000
42766  -6.876  -8.137  68.250 0.1250000000
53643  -18.498  3.880  67.114 0.1250000000
94274  -7.025  -7.910  66.743 0.1250000000
97015  -7.372  -7.580  65.434 0.3750000000
51821  -17.082  2.311  66.261 0.1250000000
50822  -16.582  0.672  64.884 0.2500000000
49827  -16.081  0.121  64.225 0.2500000000
49838  -16.231  -0.099  63.302 0.1250000000
49848  -16.420  -0.273  62.476 0.5000000000
96776  -7.181  -7.884  67.554 0.1250000000
43650  -7.520  -7.466  67.095 0.1250000000
111550  -7.984  -7.048  66.157 0.1250000000
94246  -7.360  -7.378  66.090 0.1250000000
43651  -8.043  -7.132  65.529 0.1250000000
50813  -15.921  0.551  66.335 0.1250000000
51820  -16.506  1.915  66.561 0.1250000000
52754  -17.263  3.345  67.066 0.1250000000
52755  -17.926  3.952  67.365 0.1250000000
49825  -14.907  -0.686  64.980 0.1250000000
50821  -16.041  0.265  65.258 0.2500000000
50814  -16.411  0.982  65.935 0.1250000000
53634  -18.560  4.394  67.223 0.1250000000
97832  -12.680  -5.659  61.620 0.6250000000
49048  -26.392  -1.861  47.094 0.2500000000
49071  -28.817  -2.048  45.096 0.1250000000
50028  -28.474  -0.321  44.397 0.1250000000
49080  -29.325  -1.624  44.416 0.1250000000
44530  -7.974  -7.002  66.714 0.1250000000
44534  -8.862  -6.643  65.401 0.1250000000
49817  -14.978  -0.779  66.050 0.1250000000
48896  -14.118  -1.658  64.381 0.3750000000
47152  -13.470  -3.417  63.755 0.3750000000
48026  -13.920  -2.650  63.145 0.3750000000
50029  -28.951  -0.799  44.015 0.1250000000
49086  -29.584  -1.354  43.650 0.1250000000
50035  -28.837  -0.155  43.808 0.2500000000
50036  -29.284  -0.511  43.363 0.1250000000
49093  -29.732  -1.200  42.849 0.1250000000
50044  -29.582  -0.234  42.706 0.1250000000
108475  -29.874  -1.033  42.146 0.1250000000
51026  -29.469  0.643  42.462 0.1250000000
50053  -30.324  -1.115  41.459 0.1250000000
95835  -29.271  1.497  46.043 0.7500000000
111648  -29.161  0.894  44.111 0.3750000000
52016  -29.338  1.426  43.717 0.2500000000
51018  -29.156  0.463  43.347 0.2500000000
52025  -29.338  1.375  42.797 0.2500000000
105766  -33.003  2.920  38.342 0.2500000000
53913  -33.644  3.074  37.773 0.2500000000
56587  -34.140  6.256  47.190 0.3750000000
59476  -53.888  9.168  21.011 0.1250000000
58610  -54.384  8.598  21.565 0.1250000000
58628  -54.685  8.888  20.828 0.1250000000
58629  -55.444  8.710  20.592 0.1250000000
59488  -53.601  9.991  20.536 0.2500000000
61122  -50.530  11.464  22.431 0.3750000000
61123  -51.072  11.921  22.140 0.3750000000
60283  -50.970  10.941  21.766 0.3750000000
61125  -51.954  11.679  21.172 0.3750000000
61126  -52.514  11.879  20.733 0.3750000000
59474  -52.212  10.303  21.134 0.1250000000
60297  -52.880  11.321  20.277 0.2500000000
60299  -54.078  10.254  19.926 0.2500000000
62061  -50.749  13.196  24.134 0.5000000000
97122  -51.283  13.491  23.766 0.5000000000
62076  -51.239  12.792  22.542 0.3750000000
62079  -51.660  12.422  21.715 0.3750000000
62080  -52.248  12.339  21.171 0.3750000000
62085  -54.090  12.368  20.231 0.2500000000
60308  -54.013  11.006  19.479 0.2500000000
62096  -54.424  11.747  19.603 0.2500000000
61140  -54.673  11.138  19.061 0.2500000000
60309  -54.550  10.382  19.338 0.2500000000
61150  -55.741  11.238  18.239 0.2500000000
60326  -56.353  10.083  17.574 0.2500000000
62909  -50.689  13.538  25.079 0.5000000000
62925  -51.904  14.036  23.816 0.5000000000
62924  -51.556  13.451  23.094 0.5000000000
62077  -51.846  13.367  22.199 0.5000000000
62933  -52.643  13.828  21.992 0.5000000000
62943  -53.184  13.443  21.325 0.5000000000
62081  -52.863  12.640  20.957 0.5000000000
62083  -54.747  13.120  20.841 0.3750000000
62086  -55.010  12.552  19.998 0.3750000000
62087  -55.808  12.788  19.642 0.3750000000
61141  -55.286  11.252  18.677 0.3750000000
61151  -56.032  11.969  18.301 0.3750000000
60320  -55.839  10.354  17.998 0.2500000000
99964  -56.246  11.119  17.595 0.3750000000
110760  -56.850  10.412  17.062 0.2500000000
63717  -56.335  14.148  21.467 0.2500000000
62948  -55.610  13.258  20.446 0.3750000000
62103  -56.069  12.651  19.083 0.3750000000
62088  -56.288  13.374  19.738 0.3750000000
103602  -34.957  7.209  46.051 0.3750000000
39701  -8.271  -11.574  64.919 0.2500000000
41806  -8.482  -9.512  62.933 0.5000000000
42780  -9.251  -8.250  63.410 0.3750000000
44546  -12.492  -6.610  61.320 0.5000000000
45473  -13.981  -5.189  57.986 0.1250000000
108794  -14.507  -1.071  64.470 0.2500000000
48027  -14.180  -2.005  63.688 0.3750000000
52008  -29.400  1.453  45.270 0.5000000000
49855  -18.053  0.273  60.950 0.5000000000
112979  -32.362  2.896  38.632 0.2500000000
53914  -34.165  3.675  37.343 0.2500000000
62069  -50.914  13.007  23.315 0.5000000000
52950  -29.672  2.047  42.351 0.3750000000
106143  -2.297  -17.715  69.939 0.1250000000
35051  -1.801  -16.542  69.426 0.2500000000
35968  -1.696  -15.906  68.423 0.3750000000
36890  -2.554  -14.408  67.453 0.3750000000
37800  -6.145  -13.221  67.252 0.3750000000
37816  -7.999  -13.355  65.569 0.2500000000
38763  -7.672  -12.543  65.725 0.2500000000
39717  -8.804  -11.454  63.646 0.2500000000
39718  -9.375  -11.674  63.088 0.2500000000
37807  -2.674  -13.772  66.770 0.3750000000
93331  -5.530  -12.515  67.679 0.3750000000
40776  -9.181  -10.350  62.115 0.1250000000
41816  -11.253  -9.890  61.521 0.1250000000
92059  -4.718  -11.342  69.744 0.3750000000
94735  -3.699  -11.680  67.678 0.1250000000
92060  -5.147  -11.156  68.424 0.5000000000
100147  -13.181  -6.487  58.608 0.1250000000
113078  -3.861  -10.227  70.548 0.1250000000
106425  -3.619  -10.767  70.473 0.1250000000
53644  -19.180  3.972  66.697 0.1250000000
53645  -20.076  4.150  66.230 0.1250000000
54555  -21.626  4.560  65.902 0.1250000000
103713  -23.481  4.320  65.240 0.2500000000
50842  -19.059  1.439  61.798 0.3750000000
51877  -19.902  1.453  61.600 0.3750000000
43663  -12.007  -6.853  62.076 0.6250000000
50829  -16.658  0.503  63.859 0.2500000000
54547  -19.015  4.910  67.185 0.1250000000
50806  -15.563  1.269  67.535 0.1250000000
50807  -16.065  1.536  66.920 0.1250000000
51813  -16.595  2.769  66.902 0.1250000000
49818  -15.524  -0.235  65.639 0.1250000000
48885  -14.310  -1.299  65.302 0.2500000000
48020  -13.751  -2.550  64.203 0.3750000000
50045  -30.023  -0.022  42.035 0.1250000000
59489  -54.264  9.478  20.351 0.1250000000
60298  -53.418  10.810  20.000 0.2500000000
60288  -52.844  10.545  20.586 0.1250000000
109328  -51.426  11.560  21.559 0.3750000000
60287  -52.212  11.094  20.677 0.3750000000
60286  -51.632  10.927  21.207 0.2500000000
62942  -52.307  13.118  21.435 0.3750000000
61131  -53.625  11.551  19.939 0.2500000000
59500  -54.569  9.735  19.788 0.2500000000
62917  -51.307  13.773  24.434 0.5000000000
62084  -53.234  12.115  20.453 0.3750000000
59501  -55.123  9.575  19.301 0.2500000000
60310  -55.032  10.459  18.789 0.2500000000
62097  -55.236  11.914  19.283 0.3750000000
61142  -55.800  11.963  18.890 0.3750000000
60319  -55.442  10.631  18.387 0.2500000000
97291  -52.282  13.931  22.897 0.5000000000
62082  -53.755  12.837  20.915 0.5000000000
62945  -55.543  13.669  21.158 0.3750000000
62104  -56.114  12.621  18.446 0.3750000000
108263  -56.190  13.706  20.830 0.2500000000
62949  -56.290  13.526  20.268 0.3750000000
109322  -56.196  13.290  19.248 0.2500000000
48104  -24.578  -2.093  50.159 0.2500000000
48105  -25.119  -2.839  49.673 0.1250000000
56503  -33.521  6.473  57.594 0.1250000000
56492  -33.226  6.684  58.432 0.1250000000
55576  -33.307  5.870  58.136 0.1250000000
55586  -33.627  5.783  56.835 0.1250000000
104218  -33.647  6.411  56.208 0.1250000000
55564  -33.080  5.433  59.000 0.1250000000
109352  -33.219  5.028  58.277 0.1250000000
54649  -33.311  5.198  56.773 0.1250000000
55592  -33.335  5.566  55.956 0.1250000000
97589  -32.878  4.655  56.253 0.1250000000
55605  -33.484  5.458  54.923 0.1250000000
55555  -34.427  6.811  60.379 0.1250000000
55554  -33.306  5.791  59.935 0.1250000000
54661  -33.117  4.696  55.319 0.1250000000
54677  -32.639  4.297  54.803 0.1250000000
54678  -33.257  4.787  54.437 0.1250000000
57372  -31.442  7.850  58.805 0.1250000000
57353  -33.501  8.295  60.772 0.1250000000
57354  -34.301  8.000  60.288 0.1250000000
57340  -33.738  8.014  61.898 0.1250000000
56471  -34.959  7.547  60.611 0.1250000000
57339  -32.307  7.992  62.144 0.1250000000
56456  -33.903  6.943  62.270 0.1250000000
54562  -31.255  3.942  65.521 0.1250000000
54565  -31.821  4.650  64.420 0.1250000000
54566  -32.783  5.423  63.676 0.1250000000
52795  -29.894  3.083  63.763 0.1250000000
57352  -32.090  7.489  60.402 0.1250000000
57363  -31.022  7.486  59.505 0.1250000000
57362  -30.144  7.403  59.410 0.1250000000
104020  -31.264  7.244  62.798 0.1250000000
55518  -30.338  5.117  65.320 0.1250000000
55531  -30.410  6.618  63.387 0.1250000000
55552  -29.355  6.384  60.487 0.1250000000
55629  -32.815  5.383  51.793 0.2500000000
113699  -34.631  1.387  36.495 0.1250000000
55657  -33.524  5.575  49.569 0.2500000000
52084  -33.026  1.365  37.975 0.1250000000
51103  -33.716  0.759  37.424 0.1250000000
52989  -33.369  2.273  37.963 0.1250000000
52100  -33.586  1.637  37.524 0.1250000000
53011  -35.036  2.523  35.746 0.1250000000
96437  -33.786  5.674  48.681 0.2500000000
53009  -34.124  3.022  36.940 0.1250000000
53934  -34.633  4.054  36.009 0.1250000000
53010  -34.464  2.214  36.509 0.1250000000
53023  -34.955  3.317  35.651 0.1250000000
53923  -34.369  3.646  36.638 0.1250000000
54863  -35.040  4.782  35.607 0.1250000000
54862  -34.744  4.938  36.158 0.2500000000
57569  -36.564  7.388  34.969 0.3750000000
55835  -40.280  5.652  32.317 0.1250000000
55843  -41.169  5.202  31.780 0.1250000000
56747  -41.007  6.201  31.869 0.2500000000
64360  -52.664  15.498  27.309 0.1250000000
64371  -53.285  15.938  26.912 0.1250000000
65033  -53.784  16.647  27.348 0.1250000000
63661  -52.311  14.891  25.966 0.2500000000
64370  -52.767  15.429  26.435 0.2500000000
64381  -53.407  15.821  26.038 0.2500000000
96716  -51.329  14.092  25.079 0.3750000000
63671  -51.801  14.454  25.493 0.2500000000
63672  -52.399  14.774  25.127 0.2500000000
64389  -53.027  15.149  24.680 0.2500000000
63680  -51.862  14.309  24.707 0.3750000000
63681  -52.496  14.606  24.301 0.3750000000
63691  -52.690  14.503  23.461 0.3750000000
62934  -53.540  14.134  21.829 0.3750000000
62944  -54.116  13.618  21.317 0.3750000000
63682  -53.073  14.970  23.929 0.3750000000
63692  -53.427  14.998  23.171 0.3750000000
63703  -53.053  14.415  22.593 0.3750000000
63704  -53.887  14.808  22.298 0.3750000000
62935  -54.452  14.242  21.788 0.3750000000
98759  -54.882  13.730  21.414 0.3750000000
61152  -56.404  12.080  17.661 0.2500000000
111982  -29.729  8.107  58.005 0.1250000000
102185  -30.625  3.130  63.766 0.2500000000
54575  -32.396  4.708  63.517 0.1250000000
53698  -31.266  3.405  64.294 0.2500000000
54604  -33.710  5.804  60.868 0.1250000000
48096  -23.695  -2.153  51.327 0.2500000000
54590  -33.893  5.654  61.979 0.1250000000
55532  -34.204  6.331  62.242 0.1250000000
54845  -34.506  4.297  36.754 0.2500000000
55804  -35.025  5.542  36.241 0.2500000000
56721  -35.446  6.467  35.812 0.2500000000
57567  -36.719  7.953  35.082 0.3750000000
56722  -36.052  6.822  35.328 0.2500000000
57373  -32.709  7.523  58.523 0.1250000000
55565  -33.426  6.511  59.401 0.1250000000
111826  -33.618  5.905  57.351 0.1250000000
54641  -33.378  5.251  57.511 0.1250000000
104018  -34.356  7.390  60.174 0.1250000000
56480  -33.335  7.173  59.461 0.1250000000
96709  -32.239  7.379  59.309 0.1250000000
57344  -32.417  8.208  61.478 0.1250000000
57364  -33.389  7.848  60.080 0.1250000000
57346  -34.362  8.255  60.988 0.1250000000
56455  -32.941  7.174  62.760 0.1250000000
56462  -34.623  7.331  61.446 0.1250000000
56470  -31.672  7.628  61.349 0.1250000000
56454  -31.704  7.150  63.263 0.1250000000
56449  -33.405  6.121  63.221 0.1250000000
53681  -30.819  3.283  64.987 0.1250000000
53650  -30.536  3.882  65.864 0.1250000000
55519  -31.229  5.390  64.708 0.1250000000
56448  -32.448  6.545  63.594 0.1250000000
53666  -30.673  4.041  65.679 0.1250000000
57371  -30.470  8.019  58.781 0.1250000000
56453  -30.590  6.682  63.987 0.1250000000
56460  -31.058  7.113  62.582 0.1250000000
56447  -31.467  6.453  64.224 0.1250000000
56441  -30.578  6.024  64.675 0.1250000000
55517  -29.835  4.884  65.526 0.1250000000
111220  -29.861  6.092  64.378 0.1250000000
55530  -30.237  5.714  62.247 0.1250000000
56479  -29.722  6.925  59.941 0.1250000000
55563  -28.957  6.604  59.674 0.1250000000
55539  -30.050  5.785  61.302 0.1250000000
52114  -35.134  1.651  36.002 0.1250000000
53000  -33.860  2.292  37.292 0.1250000000
52101  -34.052  1.471  36.930 0.1250000000
97645  -34.542  3.147  36.228 0.1250000000
55814  -35.131  5.658  35.793 0.2500000000
65047  -53.940  16.334  26.497 0.1250000000
64380  -52.895  15.290  25.567 0.2500000000
54587  -29.511  5.238  61.882 0.1250000000
40777  -10.054  -10.543  61.870 0.1250000000
40783  -10.864  -10.607  61.648 0.1250000000
40784  -11.503  -10.681  61.276 0.1250000000
100779  -16.451  -4.743  55.874 0.1250000000
46333  -15.826  -4.520  56.562 0.1250000000
46335  -17.155  -4.228  55.884 0.1250000000
56580  -34.122  5.848  47.991 0.2500000000
56596  -34.619  6.829  46.655 0.2500000000
60201  -47.068  10.781  35.072 0.3750000000
45484  -15.842  -5.555  55.950 0.1250000000
52793  -28.191  2.546  63.401 0.2500000000
53677  -27.019  3.127  63.589 0.1250000000
53678  -27.808  2.973  63.584 0.1250000000
53675  -25.027  3.718  64.363 0.1250000000
53676  -26.275  3.058  63.844 0.1250000000
52791  -26.675  2.473  63.555 0.1250000000
52792  -27.429  2.416  63.401 0.1250000000
51845  -26.977  1.943  63.240 0.1250000000
51864  -27.512  1.754  62.906 0.1250000000
51863  -26.879  1.583  62.603 0.1250000000
53679  -28.683  3.013  63.577 0.2500000000
96652  -25.729  3.743  63.716 0.1250000000
113768  -24.618  4.212  64.527 0.1250000000
55523  -24.837  4.933  63.913 0.1250000000
55516  -23.457  5.473  64.701 0.1250000000
52794  -29.001  2.672  63.459 0.2500000000
95137  -25.423  4.543  63.518 0.1250000000
52807  -29.326  2.350  63.005 0.2500000000
55522  -24.093  5.629  63.875 0.1250000000
56446  -23.442  6.462  63.885 0.1250000000
54698  -33.128  5.211  52.748 0.1250000000
55630  -33.724  5.857  52.428 0.1250000000
55631  -34.398  6.413  52.145 0.1250000000
55641  -33.382  5.997  51.386 0.1250000000
55640  -32.809  5.179  51.040 0.1250000000
56556  -35.002  6.813  51.801 0.1250000000
57427  -35.147  7.254  51.997 0.1250000000
57435  -35.215  7.575  51.258 0.1250000000
56555  -34.238  6.591  51.474 0.1250000000
55650  -33.190  5.280  50.363 0.1250000000
56564  -34.374  7.045  50.912 0.1250000000
58351  -35.245  8.148  51.485 0.1250000000
56563  -33.575  6.299  50.608 0.1250000000
99862  -33.660  6.603  50.030 0.1250000000
56571  -33.813  6.372  49.222 0.1250000000
57436  -35.658  8.300  51.022 0.1250000000
57443  -35.572  8.028  50.717 0.1250000000
57442  -34.905  7.746  50.531 0.1250000000
56572  -34.055  7.208  49.921 0.1250000000
58361  -36.004  8.381  50.546 0.1250000000
58371  -35.627  8.214  50.106 0.1250000000
113753  -34.065  7.020  49.072 0.1250000000
57450  -34.447  7.849  49.592 0.1250000000
56581  -34.125  6.336  48.447 0.1250000000
113927  -36.212  8.483  50.084 0.1250000000
58387  -34.674  8.359  48.074 0.1250000000
58370  -34.887  8.396  49.120 0.1250000000
57455  -34.340  7.377  48.452 0.1250000000
56588  -34.370  6.522  47.758 0.1250000000
103694  -36.049  8.540  49.545 0.1250000000
58379  -35.562  8.824  48.652 0.1250000000
57460  -34.646  7.252  47.400 0.1250000000
105487  -34.887  7.640  46.578 0.1250000000
58380  -36.403  9.225  49.293 0.1250000000
59246  -36.116  9.428  48.291 0.1250000000
58388  -35.185  8.989  47.611 0.1250000000
58394  -34.749  8.345  47.210 0.1250000000
58395  -35.132  8.841  46.555 0.1250000000
102498  -35.503  5.337  35.179 0.1250000000
54877  -35.506  4.575  35.051 0.1250000000
59255  -35.796  9.628  47.265 0.1250000000
57467  -35.273  7.813  45.881 0.1250000000
59301  -43.808  9.736  44.508 0.1250000000
55815  -36.080  5.882  34.811 0.1250000000
59269  -35.949  9.524  46.343 0.1250000000
59256  -36.549  10.139  47.175 0.1250000000
58400  -35.689  8.628  45.739 0.1250000000
92496  -43.944  10.153  43.816 0.1250000000
93830  -43.791  10.710  42.941 0.1250000000
60133  -43.283  9.926  43.014 0.1250000000
107633  -43.412  11.020  42.132 0.1250000000
94497  -41.826  9.707  41.968 0.1250000000
107404  -42.661  10.437  42.278 0.1250000000
95595  -42.634  11.229  41.572 0.1250000000
60953  -41.557  10.863  39.999 0.1250000000
59270  -36.863  9.801  46.317 0.1250000000
59282  -36.461  9.103  45.586 0.1250000000
57474  -35.769  7.666  45.340 0.1250000000
58401  -36.408  7.935  45.298 0.1250000000
59300  -43.089  9.348  43.645 0.1250000000
59299  -41.977  8.975  43.100 0.1250000000
59308  -42.359  9.621  42.730 0.1250000000
58442  -41.745  7.813  41.597 0.1250000000
60954  -42.039  11.157  40.740 0.1250000000
60958  -42.933  12.340  39.869 0.1250000000
61900  -42.740  12.196  39.081 0.1250000000
58434  -41.710  8.067  42.483 0.1250000000
92494  -41.816  8.836  42.186 0.1250000000
60955  -42.954  11.918  40.766 0.1250000000
58427  -42.408  8.874  44.010 0.1250000000
58426  -41.503  8.359  43.528 0.1250000000
105759  -43.290  12.465  38.645 0.1250000000
57496  -40.814  7.554  43.583 0.1250000000
59490  -54.891  9.107  20.058 0.1250000000
58644  -56.396  8.542  19.497 0.1250000000
63693  -54.356  15.296  22.933 0.2500000000
63694  -55.466  15.129  22.894 0.2500000000
63706  -55.922  14.585  22.265 0.2500000000
63705  -54.896  14.709  22.324 0.2500000000
59513  -55.531  9.826  18.545 0.1250000000
58655  -56.621  8.649  18.654 0.1250000000
64400  -54.957  15.720  23.507 0.2500000000
98052  -56.024  15.582  23.466 0.2500000000
63707  -56.969  14.609  22.032 0.2500000000
62936  -55.361  14.141  21.777 0.2500000000
63708  -58.002  14.491  21.691 0.1250000000
59521  -56.219  9.357  18.110 0.1250000000
58668  -56.851  8.833  17.987 0.1250000000
102760  -58.672  8.345  17.868 0.1250000000
62950  -56.762  13.869  20.231 0.1250000000
59522  -56.903  9.377  17.373 0.1250000000
58687  -58.623  8.630  17.054 0.1250000000
62957  -56.679  13.908  19.899 0.1250000000
59530  -57.700  9.025  16.854 0.1250000000
60336  -57.325  9.772  16.687 0.1250000000
59531  -58.528  9.176  16.341 0.1250000000
60957  -42.265  11.531  39.740 0.1250000000
57634  -46.195  7.903  27.169 0.1250000000
58556  -46.297  8.768  26.681 0.2500000000
63718  -57.305  14.315  21.361 0.1250000000
54559  -24.195  4.702  64.638 0.1250000000
62946  -56.937  14.094  20.784 0.1250000000
64399  -53.863  15.586  23.998 0.2500000000
109710  -35.559  6.092  35.392 0.1250000000
113515  -34.495  6.646  47.237 0.1250000000
59502  -55.842  9.004  18.925 0.1250000000
58631  -57.011  8.373  20.195 0.1250000000
58643  -55.608  8.828  19.761 0.1250000000
64391  -55.575  16.066  24.070 0.2500000000
63695  -56.530  15.051  22.819 0.2500000000
58656  -57.424  8.504  18.366 0.1250000000
63719  -57.986  14.295  21.063 0.1250000000
58669  -57.322  8.777  17.614 0.1250000000
58670  -57.966  8.528  17.682 0.1250000000
63726  -57.426  14.349  20.587 0.1250000000
110092  -2.655  -14.534  66.557 0.2500000000
36920  -2.817  -14.801  65.367 0.1250000000
37831  -3.028  -14.431  64.418 0.1250000000
37814  -2.805  -14.125  65.901 0.1250000000
37823  -3.088  -14.286  65.184 0.1250000000
37824  -3.257  -13.773  64.812 0.1250000000
36939  -2.938  -14.618  63.615 0.1250000000
37833  -3.672  -13.427  63.381 0.1250000000
38753  -2.825  -13.202  66.249 0.1250000000
37815  -3.079  -13.519  65.581 0.1250000000
109879  -3.025  -12.614  66.605 0.1250000000
38761  -3.146  -12.632  65.968 0.1250000000
38754  -3.360  -12.098  66.694 0.1250000000
46295  -13.047  -4.097  64.211 0.2500000000
52034  -29.560  1.275  41.961 0.1250000000
109195  -31.013  1.760  39.924 0.1250000000
52051  -30.484  1.566  40.470 0.1250000000
52083  -32.403  1.393  38.534 0.1250000000
52978  -31.399  2.363  39.539 0.1250000000
112370  -31.701  1.858  39.289 0.1250000000
52082  -31.821  1.299  38.955 0.1250000000
52987  -32.005  2.214  38.892 0.1250000000
52956  -29.826  1.943  41.676 0.1250000000
35980  -2.434  -15.780  66.577 0.2500000000
38747  -2.795  -12.910  67.126 0.1250000000
36906  -2.643  -14.984  66.109 0.1250000000
36932  -2.922  -14.775  64.775 0.1250000000
37832  -3.185  -13.928  63.897 0.1250000000
52064  -31.461  1.480  39.539 0.1250000000
35981  -7.799  -15.213  66.140 0.1250000000
35970  -6.735  -15.632  67.393 0.1250000000
35080  -8.003  -16.203  66.426 0.1250000000
36893  -6.864  -14.917  67.071 0.1250000000
36908  -7.243  -14.667  66.508 0.1250000000
36921  -7.688  -14.193  65.905 0.1250000000
37825  -9.037  -13.077  64.628 0.1250000000
36907  -6.643  -14.061  67.002 0.1250000000
38770  -9.467  -12.778  63.965 0.1250000000
113052  -9.245  -12.088  63.674 0.1250000000
38778  -9.877  -12.413  63.380 0.1250000000
39719  -10.163  -11.984  62.692 0.1250000000
47216  -23.516  -3.132  51.961 0.1250000000
112934  -23.444  -2.553  52.619 0.1250000000
48884  -13.805  -1.763  65.771 0.1250000000
48012  -13.212  -2.266  65.737 0.1250000000
47144  -12.890  -3.046  65.262 0.1250000000
47143  -12.241  -3.497  65.660 0.1250000000
48895  -13.665  -1.936  65.022 0.1250000000
47148  -12.798  -3.952  64.923 0.1250000000
47149  -13.296  -3.346  64.547 0.1250000000
55849  -42.822  5.199  30.987 0.1250000000
61925  -47.842  11.945  36.533 0.1250000000
61932  -48.315  12.052  35.848 0.1250000000
60993  -48.138  11.701  35.200 0.1250000000
62792  -49.299  13.112  36.819 0.1250000000
108397  -49.015  12.489  35.865 0.1250000000
61933  -48.691  12.170  35.142 0.1250000000
112583  -49.446  12.790  35.875 0.1250000000
61934  -49.434  12.721  35.239 0.1250000000
62815  -50.210  13.238  35.207 0.1250000000
61940  -49.787  12.940  34.388 0.1250000000
58579  -48.711  8.640  24.395 0.1250000000
59468  -50.943  9.389  22.011 0.1250000000
110776  -49.126  9.856  23.569 0.1250000000
59473  -51.479  10.071  21.611 0.1250000000
64382  -54.131  16.205  25.670 0.1250000000
65057  -54.890  16.563  25.400 0.1250000000
99739  -53.595  15.684  25.126 0.1250000000
100799  -54.738  16.036  24.172 0.1250000000
65058  -55.777  16.728  25.318 0.1250000000
65069  -56.170  16.400  24.699 0.1250000000
64392  -56.594  16.034  24.068 0.1250000000
64401  -57.098  15.569  23.407 0.1250000000
65080  -57.626  16.069  24.070 0.1250000000
64410  -57.764  14.966  22.636 0.1250000000
64402  -58.125  15.640  23.361 0.1250000000
99299  -58.603  15.347  22.682 0.1250000000
110154  -59.273  15.546  22.224 0.1250000000
65081  -58.535  16.328  23.899 0.1250000000
65774  -57.725  17.038  25.204 0.1250000000
64411  -58.672  14.904  21.973 0.1250000000
63709  -58.597  14.569  21.327 0.1250000000
58557  -46.962  8.420  25.697 0.1250000000
58569  -47.750  8.521  24.958 0.1250000000
111352  -52.227  9.584  21.568 0.1250000000
105802  -29.519  3.201  63.732 0.1250000000
64390  -54.368  16.115  24.805 0.1250000000
35971  -7.301  -15.624  66.671 0.1250000000
110142  -13.350  -2.630  64.919 0.1250000000
55848  -42.011  5.179  31.447 0.1250000000
54914  -42.471  4.422  31.551 0.1250000000
65762  -55.423  17.053  25.949 0.1250000000
65068  -55.202  16.368  24.699 0.1250000000
65059  -56.761  16.883  25.266 0.1250000000
34149  -1.991  -17.169  69.719 0.1250000000
34150  -2.068  -18.117  69.550 0.1250000000
35041  -3.482  -16.912  71.068 0.1250000000
35045  -2.382  -16.898  70.160 0.1250000000
35065  -1.690  -16.726  67.860 0.3750000000
35940  -2.373  -15.390  70.342 0.3750000000
35941  -3.261  -14.761  70.735 0.2500000000
35942  -3.794  -14.623  70.679 0.2500000000
35947  -1.926  -15.641  69.823 0.3750000000
35956  -2.147  -15.133  68.038 0.3750000000
53649  -30.108  4.261  65.933 0.1250000000
53667  -30.918  3.672  65.598 0.1250000000
53682  -31.344  3.505  65.104 0.1250000000
54561  -30.213  4.331  65.829 0.1250000000
54574  -31.723  3.842  64.297 0.1250000000
55525  -29.830  5.841  64.938 0.1250000000
55526  -32.345  5.828  64.082 0.1250000000
55541  -34.706  6.632  61.253 0.1250000000
57345  -33.276  8.332  61.368 0.1250000000
57370  -29.798  7.689  58.625 0.1250000000
59467  -50.169  9.691  22.274 0.2500000000
92051  -4.192  -8.183  70.368 0.1250000000
103489  -2.490  -15.221  67.007 0.2500000000
105785  -2.777  -15.277  70.605 0.3750000000
108274  -3.948  -8.162  70.383 0.1250000000
110147  -1.687  -15.944  69.144 0.3750000000
111820  -3.033  -14.208  70.594 0.2500000000
112209  -39.819  6.994  44.239 0.2500000000
113606  -29.701  0.656  42.005 0.1250000000
113661  -30.772  7.000  63.237 0.1250000000
