#!ascii label  , from subject sub-v1s9x0051352_ses-1 vox2ras=TkReg
949
38700  -23.574  -13.690  -17.019 0.5555555820
38708  -23.756  -13.619  -17.932 0.6666666865
38730  -23.486  -13.095  -18.928 0.7777777910
38731  -24.376  -13.080  -19.209 0.7777777910
39672  -24.177  -12.151  -19.941 0.8888888955
39684  -27.646  -12.077  -21.125 0.8888888955
91898  -22.332  -13.340  -15.831 0.5555555820
38707  -22.978  -13.404  -17.793 0.5555555820
38718  -22.530  -12.973  -18.244 0.6666666865
39653  -22.824  -12.876  -18.710 0.8888888955
38732  -25.160  -13.201  -19.747 0.8888888955
39673  -24.982  -12.206  -20.635 0.8888888955
40738  -26.115  -11.637  -21.811 1.0000000000
40739  -28.004  -11.660  -21.802 0.8888888955
40751  -28.024  -10.879  -22.936 1.0000000000
39644  -21.933  -12.161  -17.816 0.7777777910
40717  -22.452  -11.444  -19.275 1.0000000000
41752  -22.493  -10.655  -19.782 1.0000000000
109769  -23.517  -11.068  -20.604 1.0000000000
41763  -24.177  -10.452  -21.716 1.0000000000
41753  -23.057  -10.591  -20.484 1.0000000000
40742  -25.810  -10.432  -22.901 1.0000000000
42737  -23.639  -9.780  -21.650 1.0000000000
42738  -24.335  -9.857  -22.242 1.0000000000
40748  -25.875  -10.155  -23.587 1.0000000000
41781  -27.909  -9.775  -23.853 1.0000000000
41772  -25.642  -9.603  -23.155 1.0000000000
41779  -26.368  -10.048  -24.194 1.0000000000
43632  -29.075  -8.853  -24.174 1.0000000000
43630  -27.240  -8.189  -24.802 1.0000000000
44504  -28.884  -8.138  -24.221 0.7777777910
42726  -21.751  -9.033  -19.752 0.8888888955
42744  -24.958  -9.357  -22.797 1.0000000000
42736  -23.002  -9.193  -21.022 1.0000000000
42743  -24.183  -9.152  -22.387 1.0000000000
42756  -25.794  -8.795  -24.048 1.0000000000
42765  -26.282  -8.927  -25.122 1.0000000000
44511  -26.501  -7.905  -24.865 1.0000000000
44503  -27.856  -7.815  -24.378 1.0000000000
44494  -28.408  -7.415  -23.903 0.8888888955
45404  -27.239  -7.084  -23.770 1.0000000000
45405  -28.177  -6.599  -23.546 0.7777777910
45406  -28.925  -6.246  -22.988 0.7777777910
43594  -21.004  -8.437  -20.293 0.5555555820
44485  -21.759  -7.138  -22.299 0.7777777910
44478  -22.074  -7.786  -21.864 0.8888888955
43620  -24.388  -7.953  -22.986 1.0000000000
43614  -24.797  -8.701  -22.972 1.0000000000
44486  -22.565  -7.460  -22.624 0.8888888955
44493  -23.826  -7.285  -23.393 1.0000000000
43638  -25.746  -7.801  -23.769 1.0000000000
45420  -26.049  -6.966  -23.849 1.0000000000
45413  -26.380  -6.961  -23.759 0.8888888955
45412  -25.967  -6.095  -23.937 1.0000000000
46246  -27.298  -6.125  -23.657 0.8888888955
47098  -28.772  -4.516  -23.122 0.7777777910
47917  -30.236  -3.681  -21.624 0.6666666865
47916  -29.648  -3.521  -22.279 0.6666666865
45362  -20.059  -6.508  -20.603 0.4444444478
45386  -21.084  -6.700  -21.859 0.7777777910
45393  -20.762  -6.012  -22.305 0.6666666865
45401  -21.957  -5.961  -23.494 0.7777777910
45402  -22.764  -6.457  -23.767 0.8888888955
44508  -23.833  -6.912  -24.811 0.8888888955
44509  -25.712  -7.196  -23.924 1.0000000000
45418  -23.982  -6.761  -24.954 1.0000000000
46261  -25.302  -5.722  -24.782 1.0000000000
47105  -26.212  -5.169  -24.506 0.8888888955
47097  -28.027  -4.533  -23.745 0.7777777910
47949  -28.437  -3.688  -23.243 0.7777777910
47935  -30.136  -2.976  -21.805 0.5555555820
47950  -29.040  -3.086  -22.858 0.7777777910
48804  -29.672  -2.508  -22.332 0.6666666865
47085  -20.757  -4.928  -23.158 0.6666666865
46220  -20.176  -5.556  -21.942 0.6666666865
111647  -22.035  -5.436  -23.967 0.7777777910
46244  -21.526  -5.256  -23.697 0.7777777910
46252  -23.038  -5.642  -24.694 0.8888888955
46260  -23.980  -5.675  -24.843 0.8888888955
46259  -23.439  -5.392  -25.129 1.0000000000
102136  -24.385  -5.252  -25.992 1.0000000000
47111  -25.379  -5.204  -25.570 1.0000000000
46262  -25.654  -5.491  -24.706 0.8888888955
47962  -27.242  -3.709  -24.639 0.8888888955
47948  -27.812  -3.546  -24.053 0.8888888955
47970  -26.925  -3.222  -25.278 0.8888888955
96245  -27.412  -3.058  -24.583 0.7777777910
96742  -28.331  -2.777  -23.445 0.7777777910
48820  -28.956  -2.205  -23.000 0.7777777910
101584  -29.906  -1.742  -22.069 0.6666666865
47934  -20.258  -4.047  -22.622 0.6666666865
47067  -20.073  -4.899  -22.371 0.5555555820
47096  -21.373  -4.470  -23.905 0.7777777910
46266  -23.106  -4.905  -25.824 0.8888888955
47115  -23.319  -4.518  -26.356 1.0000000000
47116  -24.060  -4.569  -26.586 1.0000000000
47969  -25.986  -3.677  -25.611 1.0000000000
47961  -26.586  -4.212  -24.944 0.8888888955
48832  -27.805  -2.525  -24.216 0.7777777910
49733  -28.378  -1.727  -23.818 0.7777777910
49718  -29.697  -0.970  -22.390 0.6666666865
50682  -30.241  -0.097  -21.814 0.5555555820
48806  -30.448  -1.182  -21.792 0.5555555820
99250  -20.846  -3.977  -23.336 0.7777777910
47947  -20.205  -3.191  -23.256 0.6666666865
47103  -21.643  -4.271  -24.750 0.8888888955
47974  -22.809  -3.723  -26.375 1.0000000000
47976  -24.081  -3.725  -27.134 1.0000000000
48851  -25.770  -2.746  -26.028 0.8888888955
112743  -26.300  -2.950  -25.585 0.8888888955
49746  -26.870  -1.530  -25.108 0.8888888955
48831  -27.162  -2.350  -24.836 0.8888888955
50710  -27.895  -0.907  -24.400 0.7777777910
50697  -28.629  -0.574  -23.720 0.7777777910
50681  -29.590  0.100  -22.473 0.5555555820
50709  -27.522  -0.424  -25.129 0.7777777910
51692  -29.121  0.180  -23.268 0.5555555820
51676  -30.281  0.817  -22.195 0.5555555820
51691  -28.737  0.359  -24.028 0.6666666865
48797  -17.850  -1.956  -22.428 0.4444444478
48798  -19.079  -2.487  -23.463 0.5555555820
48841  -21.620  -2.462  -25.326 0.7777777910
47966  -22.030  -3.167  -26.021 1.0000000000
47960  -21.625  -3.548  -25.238 0.8888888955
48848  -23.555  -2.449  -27.121 1.0000000000
48850  -25.007  -2.500  -26.956 0.8888888955
49769  -25.714  -1.871  -26.330 0.8888888955
49760  -26.614  -1.363  -26.074 0.8888888955
98415  -27.215  -1.049  -24.864 0.8888888955
51700  -28.219  -0.105  -24.608 0.6666666865
51675  -29.607  0.858  -22.956 0.5555555820
50720  -21.347  -0.792  -25.355 0.6666666865
49755  -21.467  -1.530  -25.341 0.6666666865
50721  -23.127  -1.192  -25.877 0.7777777910
49768  -23.713  -1.718  -27.163 0.8888888955
49757  -23.662  -1.117  -26.755 0.7777777910
49758  -24.712  -0.722  -27.053 0.7777777910
97650  -24.796  -1.535  -26.998 0.8888888955
50723  -25.318  -0.248  -26.804 0.7777777910
49759  -25.527  -0.995  -26.434 0.8888888955
51712  -27.005  -0.045  -25.931 0.7777777910
50724  -26.443  -0.599  -26.329 0.7777777910
95996  -26.634  0.907  -26.013 0.6666666865
51699  -27.622  0.363  -25.309 0.6666666865
52671  -28.283  1.709  -25.682 0.6666666865
52655  -27.723  1.137  -25.440 0.5555555820
53535  -29.335  1.756  -24.520 0.5555555820
52641  -29.569  1.605  -23.608 0.4444444478
52656  -28.644  1.350  -24.974 0.5555555820
52665  -22.471  1.375  -25.142 0.3333333433
52664  -21.519  0.706  -24.607 0.3333333433
51722  -23.278  0.425  -25.542 0.5555555820
50733  -22.773  -0.027  -25.117 0.6666666865
52681  -23.730  0.937  -25.822 0.5555555820
50734  -23.592  -0.499  -25.760 0.7777777910
50722  -24.352  -0.048  -27.169 0.7777777910
111468  -25.220  0.964  -27.315 0.6666666865
51710  -25.083  0.483  -27.223 0.6666666865
51711  -26.067  0.225  -26.647 0.6666666865
52670  -27.165  1.634  -26.295 0.6666666865
53559  -28.932  2.250  -25.850 0.5555555820
52654  -21.020  2.069  -24.298 0.4444444478
52680  -22.886  1.112  -25.493 0.4444444478
53554  -23.741  2.346  -25.623 0.5555555820
52667  -24.232  1.466  -25.946 0.5555555820
52668  -24.677  1.103  -27.075 0.6666666865
52682  -24.282  0.693  -26.652 0.6666666865
52669  -25.841  0.807  -27.188 0.6666666865
99473  -26.384  1.220  -27.130 0.6666666865
53558  -28.022  2.269  -26.373 0.6666666865
54464  -28.733  2.886  -26.483 0.5555555820
105572  -24.314  2.904  -25.894 0.4444444478
53555  -24.597  2.029  -26.334 0.6666666865
100015  -25.409  1.554  -27.337 0.6666666865
53569  -27.286  2.255  -27.103 0.6666666865
99555  -24.010  -12.665  -19.383 0.8888888955
40727  -23.131  -11.261  -19.928 1.0000000000
40736  -24.029  -11.192  -21.112 1.0000000000
40744  -26.696  -11.401  -22.669 1.0000000000
45385  -20.485  -6.250  -21.468 0.5555555820
47112  -25.851  -4.780  -25.277 0.8888888955
47933  -18.956  -3.590  -22.587 0.5555555820
49716  -19.107  -1.413  -23.981 0.5555555820
112128  -21.081  -3.468  -24.140 0.7777777910
103781  -23.924  -3.123  -27.403 1.0000000000
49747  -27.544  -1.677  -24.507 0.8888888955
94893  -17.940  -1.208  -22.182 0.2222222239
52640  -28.947  1.163  -24.221 0.4444444478
54463  -24.649  2.703  -26.874 0.6666666865
46199  -20.120  -5.628  -20.926 0.4444444478
47912  -19.464  -4.345  -22.196 0.4444444478
53560  -29.770  2.211  -25.421 0.5555555820
53545  -21.767  2.524  -24.235 0.2222222239
53553  -23.056  2.202  -25.294 0.3333333433
54465  -29.577  2.975  -25.970 0.5555555820
106705  -23.415  -14.492  -15.657 0.5555555820
102033  -23.941  -14.265  -16.340 0.5555555820
38709  -24.813  -13.644  -17.939 0.5555555820
39664  -26.652  -12.895  -20.135 0.7777777910
39675  -27.380  -12.493  -20.320 0.8888888955
92996  -22.571  -14.005  -15.335 0.5555555820
38721  -25.187  -13.281  -18.800 0.6666666865
38737  -25.873  -13.205  -19.997 0.8888888955
105564  -28.202  -11.803  -21.233 0.7777777910
40740  -28.627  -11.421  -21.635 0.7777777910
41770  -28.885  -10.631  -22.672 0.8888888955
94534  -21.799  -13.410  -15.008 0.4444444478
39636  -21.631  -11.992  -16.563 0.5555555820
41775  -28.463  -10.257  -23.355 1.0000000000
40694  -21.500  -11.409  -17.198 0.2222222239
39652  -21.848  -11.859  -18.282 0.6666666865
43622  -29.521  -8.513  -23.721 0.8888888955
43615  -29.683  -7.927  -22.937 0.6666666865
46239  -29.667  -5.914  -22.347 0.6666666865
41738  -21.227  -10.670  -18.540 0.5555555820
46222  -29.847  -4.972  -22.159 0.6666666865
43578  -20.902  -8.612  -19.666 0.4444444478
47068  -29.934  -4.218  -22.029 0.5555555820
48785  -31.045  -2.223  -20.897 0.5555555820
44464  -19.716  -7.450  -20.209 0.2222222239
108535  -31.554  -0.729  -21.172 0.5555555820
92177  -18.822  -4.643  -20.396 0.3333333433
50666  -31.777  -0.079  -21.318 0.5555555820
48774  -18.267  -2.775  -22.688 0.4444444478
51661  -31.783  1.041  -21.607 0.4444444478
92191  -17.472  -2.212  -21.954 0.3333333433
109105  -30.830  1.405  -22.543 0.5555555820
52642  -30.339  1.778  -23.426 0.4444444478
93294  -20.545  0.537  -24.326 0.3333333433
92199  -20.840  0.350  -24.453 0.3333333433
94559  -20.045  0.333  -24.382 0.4444444478
53547  -29.966  1.706  -25.032 0.4444444478
54466  -30.516  2.794  -25.721 0.2222222239
53556  -25.555  2.473  -27.468 0.6666666865
53557  -26.446  1.858  -27.365 0.6666666865
53568  -26.563  2.680  -27.534 0.6666666865
53575  -27.305  2.892  -27.439 0.6666666865
54474  -27.980  2.765  -27.135 0.6666666865
110424  -22.814  -13.202  -16.742 0.5555555820
106504  -23.079  -13.873  -16.197 0.5555555820
38719  -23.148  -13.389  -18.530 0.6666666865
38720  -23.954  -13.427  -18.648 0.7777777910
40729  -24.265  -11.737  -20.695 1.0000000000
40728  -23.744  -11.594  -20.253 1.0000000000
39662  -24.668  -12.871  -19.927 0.8888888955
39661  -23.289  -12.175  -19.294 1.0000000000
109818  -27.190  -11.786  -21.828 1.0000000000
39682  -25.789  -12.147  -21.098 0.8888888955
39674  -25.900  -12.614  -20.487 0.8888888955
91901  -22.094  -12.651  -16.254 0.5555555820
39645  -22.432  -12.650  -17.300 0.6666666865
107326  -22.343  -12.450  -18.381 0.8888888955
39681  -25.312  -11.703  -21.413 1.0000000000
40745  -27.613  -11.391  -22.506 1.0000000000
40737  -24.684  -11.489  -21.298 1.0000000000
40743  -25.948  -11.215  -22.743 1.0000000000
40746  -28.433  -11.214  -22.293 1.0000000000
98577  -27.528  -10.477  -23.538 1.0000000000
102460  -21.462  -11.542  -17.880 0.6666666865
40716  -21.746  -11.429  -18.690 0.8888888955
96760  -22.440  -12.100  -18.694 1.0000000000
41739  -21.768  -10.807  -19.203 0.8888888955
42715  -21.866  -10.013  -19.552 1.0000000000
41762  -23.563  -10.563  -21.130 1.0000000000
101375  -24.603  -10.936  -21.740 1.0000000000
40749  -26.237  -10.941  -23.415 1.0000000000
42728  -23.100  -10.044  -21.000 1.0000000000
41774  -26.696  -10.617  -23.755 1.0000000000
42751  -29.626  -9.201  -23.506 0.8888888955
42759  -27.343  -9.334  -24.423 1.0000000000
42757  -25.973  -9.369  -24.487 1.0000000000
42749  -25.336  -8.945  -23.499 1.0000000000
109705  -26.889  -9.110  -25.028 1.0000000000
43631  -28.177  -8.463  -24.469 1.0000000000
102279  -28.953  -7.150  -23.268 0.7777777910
43595  -22.195  -8.690  -20.492 1.0000000000
42727  -22.510  -9.766  -20.309 1.0000000000
42714  -21.303  -9.452  -19.213 0.5555555820
43606  -23.420  -8.824  -21.807 1.0000000000
43613  -23.982  -8.350  -22.458 1.0000000000
43629  -25.194  -8.376  -23.495 1.0000000000
42763  -25.404  -8.069  -23.600 1.0000000000
44510  -26.214  -7.479  -23.863 1.0000000000
44502  -26.842  -7.695  -24.415 1.0000000000
46248  -29.230  -5.232  -22.844 0.7777777910
43593  -20.190  -8.052  -20.064 0.5555555820
44465  -20.612  -7.813  -20.664 0.6666666865
43604  -21.569  -8.096  -21.040 0.7777777910
44477  -21.233  -7.485  -21.491 0.7777777910
45394  -21.493  -6.375  -22.671 0.6666666865
45395  -22.257  -6.770  -23.047 0.8888888955
43605  -22.592  -8.363  -21.345 0.8888888955
43612  -23.070  -8.021  -22.093 1.0000000000
97888  -23.402  -6.707  -23.835 0.8888888955
43628  -24.495  -7.157  -23.950 1.0000000000
102618  -25.585  -6.095  -24.230 1.0000000000
46253  -26.659  -5.635  -23.928 0.8888888955
46247  -28.319  -5.519  -23.498 0.7777777910
47087  -29.390  -4.368  -22.492 0.7777777910
47086  -29.027  -3.826  -22.749 0.6666666865
48784  -30.684  -3.002  -21.138 0.5555555820
44476  -20.513  -7.084  -21.044 0.4444444478
46238  -21.124  -5.688  -23.027 0.6666666865
45411  -23.733  -6.059  -24.524 0.8888888955
109937  -25.014  -6.701  -24.584 1.0000000000
46269  -24.918  -5.488  -25.472 1.0000000000
47106  -27.181  -4.614  -24.310 0.7777777910
48805  -30.386  -2.149  -21.535 0.5555555820
46251  -21.880  -5.079  -24.661 0.8888888955
47117  -24.812  -4.933  -26.196 1.0000000000
49734  -29.111  -1.332  -23.146 0.7777777910
98979  -29.462  -1.781  -22.595 0.6666666865
105278  -19.557  -4.779  -21.545 0.4444444478
47104  -21.948  -4.489  -25.443 0.8888888955
47977  -24.595  -4.028  -26.646 1.0000000000
47978  -25.200  -3.425  -26.483 0.8888888955
110077  -29.269  -0.548  -23.030 0.6666666865
50665  -30.952  0.653  -21.561 0.5555555820
48830  -21.226  -2.650  -24.610 0.6666666865
47967  -22.019  -3.981  -25.959 0.8888888955
102166  -24.375  -3.175  -27.249 1.0000000000
50708  -27.133  -0.913  -25.851 0.8888888955
48819  -20.143  -2.255  -24.160 0.5555555820
48847  -22.829  -2.735  -26.489 1.0000000000
48842  -22.266  -2.239  -25.802 0.7777777910
49745  -20.880  -1.750  -24.816 0.7777777910
48849  -24.168  -2.226  -27.401 0.8888888955
52625  -30.074  1.308  -22.911 0.5555555820
50707  -20.706  -0.210  -24.657 0.5555555820
49744  -20.585  -0.887  -25.022 0.5555555820
51708  -21.698  0.004  -24.845 0.4444444478
101121  -22.320  -1.448  -25.633 0.6666666865
98819  -22.423  -0.670  -25.450 0.6666666865
49732  -19.895  -1.091  -24.474 0.6666666865
50735  -23.880  -0.293  -27.051 0.7777777910
49756  -23.081  -1.878  -26.512 0.7777777910
104054  -28.394  0.683  -24.798 0.5555555820
53536  -29.975  2.186  -24.183 0.4444444478
53546  -29.199  1.730  -25.302 0.5555555820
52679  -22.339  0.730  -25.150 0.5555555820
51723  -23.954  0.222  -26.359 0.6666666865
51724  -24.121  0.250  -27.102 0.7777777910
52666  -23.241  1.655  -25.488 0.5555555820
47911  -18.569  -3.987  -21.859 0.4444444478
49715  -18.969  -0.590  -23.079 0.3333333433
47048  -19.387  -5.154  -20.443 0.4444444478
47066  -19.079  -4.187  -21.220 0.4444444478
53561  -30.583  1.935  -25.198 0.3333333433
54476  -30.338  3.503  -26.384 0.3333333433
103315  -27.766  -12.510  -19.841 0.6666666865
93134  -22.977  -14.709  -14.884 0.5555555820
41776  -29.304  -9.949  -23.076 0.7777777910
45396  -29.495  -6.934  -22.501 0.6666666865
44441  -19.689  -7.551  -19.836 0.1111111119
45361  -19.438  -6.756  -20.013 0.1111111119
47910  -17.800  -3.639  -21.961 0.3333333433
112593  -17.597  -3.694  -21.959 0.3333333433
50706  -19.883  -0.237  -24.480 0.3333333433
54486  -28.617  3.313  -27.304 0.6666666865
54475  -29.450  3.392  -26.893 0.4444444478
91909  -27.530  -14.149  -16.579 0.4444444478
97576  -28.366  -13.017  -15.716 0.2222222239
91894  -25.166  -15.191  -15.784 0.4444444478
91895  -25.927  -15.018  -16.129 0.4444444478
37761  -24.559  -13.997  -17.016 0.4444444478
37762  -25.577  -14.010  -17.161 0.4444444478
94204  -26.918  -14.422  -16.901 0.4444444478
93129  -27.651  -13.404  -17.683 0.4444444478
93831  -28.706  -12.520  -17.295 0.2222222239
38710  -26.026  -13.595  -17.922 0.4444444478
113983  -26.785  -13.540  -18.248 0.4444444478
94029  -27.170  -13.563  -18.025 0.4444444478
91921  -29.702  -11.334  -17.151 0.1111111119
93843  -30.390  -10.658  -16.939 0.1111111119
38723  -26.946  -13.174  -18.723 0.4444444478
40695  -28.498  -12.246  -18.055 0.3333333433
38722  -26.294  -13.263  -18.751 0.4444444478
39654  -27.906  -12.641  -18.508 0.3333333433
40707  -28.363  -12.129  -18.887 0.3333333433
41718  -29.684  -10.648  -17.752 0.2222222239
114072  -27.123  -12.893  -18.855 0.4444444478
39666  -27.629  -12.631  -19.101 0.3333333433
113270  -25.782  -13.212  -19.480 0.5555555820
38733  -26.503  -13.094  -19.400 0.4444444478
41740  -29.443  -10.516  -19.816 0.2222222239
42716  -29.847  -9.773  -19.190 0.1111111119
42718  -31.021  -8.844  -19.239 0.1111111119
40731  -28.994  -11.208  -20.392 0.3333333433
40741  -29.218  -11.100  -21.319 0.4444444478
41764  -29.980  -10.585  -21.731 0.5555555820
41765  -30.611  -10.094  -22.066 0.6666666865
96962  -30.862  -8.982  -21.222 0.4444444478
41771  -29.748  -10.359  -22.367 0.6666666865
107875  -31.706  -6.868  -20.327 0.3333333433
108517  -30.654  -9.421  -22.286 0.6666666865
95805  -30.721  -8.206  -21.829 0.5555555820
43623  -30.258  -8.892  -22.904 0.6666666865
44488  -30.206  -7.571  -22.159 0.5555555820
44479  -30.625  -7.254  -21.491 0.5555555820
45387  -31.164  -6.857  -20.884 0.4444444478
112001  -31.123  -6.150  -20.931 0.3333333433
47070  -31.066  -4.358  -20.683 0.4444444478
47069  -30.396  -4.579  -21.430 0.5555555820
46224  -30.945  -5.428  -20.949 0.4444444478
98011  -30.701  -3.813  -21.086 0.4444444478
54484  -26.856  3.419  -27.908 0.5555555820
54485  -27.725  3.434  -27.636 0.5555555820
113267  -26.453  -14.694  -16.310 0.4444444478
94109  -28.021  -13.412  -16.411 0.2222222239
40708  -29.083  -11.484  -18.268 0.2222222239
41730  -29.441  -10.548  -18.727 0.2222222239
42695  -29.814  -9.684  -18.140 0.1111111119
41741  -30.154  -9.949  -20.382 0.4444444478
42717  -30.463  -9.260  -19.827 0.3333333433
41754  -29.793  -10.629  -20.913 0.4444444478
43607  -30.866  -8.722  -21.562 0.4444444478
47918  -31.193  -3.468  -20.612 0.4444444478
114352  -26.247  3.981  -27.873 0.5555555820
95770  -31.397  -7.971  -20.022 0.2222222239
36818  -25.274  -15.903  -15.165 0.4444444478
112392  -26.501  -15.458  -15.282 0.4444444478
36830  -27.005  -15.032  -15.437 0.4444444478
108985  -28.481  -13.602  -15.337 0.2222222239
91915  -29.157  -13.172  -15.150 0.1111111119
106784  -23.701  -15.117  -15.293 0.4444444478
93644  -29.227  -11.909  -16.620 0.1111111119
91920  -29.775  -11.083  -16.273 0.1111111119
111931  -29.495  -12.579  -15.129 0.1111111119
41719  -30.353  -9.962  -17.462 0.1111111119
42709  -31.213  -8.512  -17.734 0.1111111119
43569  -31.420  -8.250  -18.601 0.1111111119
43582  -31.321  -8.345  -19.485 0.1111111119
45348  -32.011  -7.301  -19.758 0.2222222239
46206  -31.554  -6.058  -20.440 0.1111111119
47055  -31.656  -5.006  -20.279 0.2222222239
47056  -31.902  -3.936  -20.164 0.3333333433
107604  -31.319  -2.710  -20.630 0.4444444478
112034  -31.958  -1.859  -20.394 0.3333333433
49685  -32.850  -0.821  -20.246 0.3333333433
49700  -31.211  -1.371  -21.166 0.4444444478
49701  -32.023  -0.682  -20.600 0.3333333433
49731  -19.249  -0.389  -24.165 0.4444444478
51659  -31.032  1.317  -21.763 0.4444444478
54472  -24.869  3.293  -27.320 0.5555555820
54483  -25.416  4.029  -27.693 0.5555555820
55461  -27.209  3.796  -28.815 0.5555555820
91896  -24.234  -14.909  -15.795 0.4444444478
91900  -24.691  -14.595  -16.259 0.4444444478
39665  -27.134  -12.817  -19.436 0.5555555820
40730  -28.571  -11.653  -20.883 0.6666666865
40747  -29.176  -10.906  -22.013 0.6666666865
45397  -30.140  -6.588  -21.880 0.5555555820
46223  -30.294  -5.613  -21.688 0.4444444478
110085  -30.579  1.748  -24.872 0.3333333433
40718  -28.337  -12.043  -19.881 0.3333333433
91916  -27.882  -13.700  -15.728 0.3333333433
91910  -27.407  -13.977  -17.353 0.4444444478
91905  -26.904  -14.572  -16.101 0.4444444478
106611  -29.006  -12.281  -15.617 0.1111111119
91906  -25.381  -14.592  -16.478 0.4444444478
91899  -25.907  -15.514  -15.541 0.4444444478
94058  -26.149  -14.480  -16.662 0.4444444478
108404  -26.377  -14.090  -17.211 0.4444444478
96859  -26.843  -13.878  -17.597 0.4444444478
112761  -27.954  -13.850  -17.132 0.4444444478
110277  -28.253  -13.229  -17.182 0.4444444478
93286  -27.408  -13.081  -18.438 0.4444444478
91917  -28.511  -12.659  -16.384 0.2222222239
106550  -27.992  -12.815  -17.859 0.4444444478
40696  -29.123  -11.821  -17.498 0.2222222239
94681  -30.375  -10.501  -15.964 0.1111111119
40719  -28.939  -11.362  -19.348 0.3333333433
42707  -30.509  -9.267  -18.765 0.1111111119
42708  -30.899  -8.770  -18.382 0.1111111119
41755  -30.567  -10.125  -21.454 0.4444444478
42739  -30.872  -9.490  -21.762 0.4444444478
43597  -30.995  -8.283  -20.834 0.3333333433
42729  -30.722  -9.454  -20.959 0.4444444478
43596  -30.871  -8.666  -20.268 0.3333333433
45370  -32.134  -6.484  -19.876 0.1111111119
44480  -30.927  -7.850  -21.156 0.4444444478
104425  -30.410  -8.377  -22.409 0.5555555820
43616  -30.800  -8.934  -22.159 0.5555555820
100067  -30.737  -6.301  -21.326 0.5555555820
47900  -31.982  -3.021  -20.390 0.4444444478
54473  -25.885  3.294  -27.595 0.5555555820
91902  -26.427  -15.067  -15.805 0.4444444478
42696  -30.598  -9.226  -17.799 0.1111111119
55460  -25.988  4.520  -28.127 0.5555555820
36819  -26.074  -15.899  -14.828 0.4444444478
37739  -27.605  -14.769  -14.942 0.4444444478
37748  -28.162  -14.199  -15.093 0.2222222239
91908  -27.446  -14.383  -15.618 0.4444444478
91893  -24.430  -15.553  -15.266 0.4444444478
94017  -29.457  -11.552  -15.765 0.1111111119
91923  -30.959  -9.998  -16.863 0.1111111119
34026  -27.622  -18.347  -9.339 0.1111111119
34059  -24.353  -18.323  -11.258 0.3333333433
100487  -26.745  -17.721  -10.674 0.2222222239
34046  -27.054  -18.147  -9.990 0.2222222239
34927  -27.965  -17.745  -9.693 0.1111111119
34977  -23.002  -17.183  -12.146 0.3333333433
34958  -23.293  -17.784  -11.735 0.3333333433
111967  -23.659  -18.205  -11.347 0.3333333433
34980  -25.185  -17.491  -12.258 0.3333333433
34960  -26.099  -17.249  -11.979 0.3333333433
35856  -26.878  -16.792  -11.902 0.2222222239
34944  -27.567  -17.320  -10.530 0.2222222239
34961  -26.858  -17.260  -11.285 0.2222222239
36793  -22.532  -15.598  -12.712 0.2222222239
35870  -22.848  -16.416  -12.556 0.2222222239
34978  -23.686  -17.513  -12.323 0.3333333433
34979  -24.408  -17.620  -12.362 0.3333333433
35857  -27.624  -16.617  -11.408 0.1111111119
36804  -22.668  -15.388  -13.296 0.2222222239
35882  -22.897  -15.944  -13.116 0.3333333433
36805  -23.192  -15.784  -13.711 0.3333333433
35883  -23.498  -16.580  -13.288 0.3333333433
36806  -23.926  -16.369  -14.055 0.3333333433
35871  -24.046  -17.315  -13.060 0.3333333433
35884  -24.648  -16.611  -14.058 0.3333333433
35886  -26.113  -16.337  -13.397 0.3333333433
35885  -25.335  -16.552  -13.740 0.3333333433
36807  -26.556  -15.863  -13.965 0.3333333433
35887  -26.971  -16.107  -13.158 0.3333333433
35876  -28.095  -16.000  -12.045 0.1111111119
36794  -27.767  -15.808  -12.845 0.2222222239
37728  -22.635  -14.900  -13.932 0.2222222239
36816  -23.596  -15.578  -14.589 0.3333333433
36817  -24.552  -16.140  -14.656 0.3333333433
35896  -25.288  -16.260  -14.483 0.3333333433
35897  -25.829  -16.092  -14.060 0.3333333433
36808  -27.426  -15.551  -13.673 0.3333333433
36809  -28.281  -15.271  -13.274 0.1111111119
37727  -22.089  -13.988  -13.709 0.3333333433
106505  -22.153  -14.058  -14.471 0.3333333433
36820  -27.050  -15.449  -14.669 0.3333333433
108991  -32.492  -3.263  -20.058 0.2222222239
110296  -33.004  -1.840  -20.193 0.2222222239
48763  -32.732  -2.597  -20.179 0.2222222239
50667  -32.780  0.084  -20.887 0.2222222239
34044  -25.288  -18.251  -11.049 0.3333333433
34943  -26.111  -17.742  -11.180 0.3333333433
35837  -28.232  -16.742  -10.746 0.1111111119
113766  -24.755  -17.344  -12.846 0.3333333433
35873  -25.522  -16.938  -12.895 0.3333333433
35875  -27.317  -16.324  -12.325 0.3333333433
34025  -26.897  -18.837  -9.291 0.1111111119
34004  -27.761  -18.787  -8.729 0.1111111119
34942  -23.030  -18.177  -11.123 0.3333333433
34042  -23.723  -18.661  -10.727 0.3333333433
34043  -24.629  -18.669  -10.682 0.3333333433
34045  -26.153  -18.232  -10.488 0.3333333433
101393  -28.693  -18.624  -8.491 0.1111111119
34928  -28.813  -17.609  -9.460 0.1111111119
34945  -28.478  -17.149  -10.113 0.1111111119
35869  -22.310  -16.009  -12.083 0.2222222239
35838  -28.959  -16.548  -10.552 0.1111111119
36795  -28.442  -15.552  -12.560 0.1111111119
114305  -28.073  -14.534  -14.650 0.1111111119
37738  -21.636  -13.329  -14.283 0.1111111119
106074  -33.753  -1.301  -20.114 0.2222222239
51662  -32.703  0.888  -21.640 0.2222222239
91897  -21.695  -12.865  -15.481 0.2222222239
40706  -21.252  -11.153  -18.134 0.5555555820
50654  -33.865  -0.251  -20.607 0.2222222239
34027  -28.342  -18.183  -9.066 0.1111111119
34959  -24.800  -17.921  -11.746 0.3333333433
34058  -24.032  -17.918  -11.806 0.3333333433
108545  -23.407  -17.024  -12.689 0.3333333433
35855  -22.508  -16.725  -11.936 0.2222222239
34957  -22.588  -17.414  -11.460 0.2222222239
99864  -25.492  -17.716  -11.628 0.3333333433
35858  -28.549  -16.219  -11.287 0.1111111119
36803  -22.393  -14.766  -13.036 0.2222222239
102178  -24.136  -16.908  -13.668 0.3333333433
35872  -24.697  -17.019  -13.435 0.3333333433
35874  -26.496  -16.626  -12.610 0.3333333433
37729  -27.942  -14.874  -14.144 0.1111111119
114136  -27.069  -19.219  -8.732 0.1111111119
111428  -26.294  -18.643  -9.871 0.2222222239
34041  -22.835  -18.605  -10.387 0.2222222239
34023  -24.393  -19.088  -10.096 0.3333333433
34024  -25.402  -18.797  -10.164 0.3333333433
34956  -22.160  -17.160  -10.844 0.2222222239
48764  -33.595  -2.177  -19.746 0.1111111119
48765  -36.243  -1.507  -20.384 0.1111111119
49686  -34.425  -1.707  -19.697 0.1111111119
50657  -35.894  -0.468  -21.123 0.1111111119
50669  -36.225  -0.699  -21.566 0.1111111119
50685  -36.165  -0.795  -22.300 0.1111111119
51664  -34.871  0.329  -21.763 0.1111111119
50668  -35.675  -0.152  -21.851 0.1111111119
52643  -31.336  1.523  -23.376 0.2222222239
51663  -33.832  0.385  -21.426 0.1111111119
52658  -31.813  1.945  -24.062 0.1111111119
52657  -30.846  1.901  -24.125 0.2222222239
53548  -31.358  1.828  -24.949 0.1111111119
52672  -32.181  2.022  -24.718 0.1111111119
54471  -24.259  4.004  -27.500 0.4444444478
103550  -31.273  2.481  -25.428 0.1111111119
110082  -26.872  3.787  -29.027 0.4444444478
107768  -29.236  3.792  -27.429 0.3333333433
112388  -31.154  2.957  -25.814 0.1111111119
54467  -31.694  3.078  -25.886 0.1111111119
55470  -26.467  4.432  -29.034 0.4444444478
56406  -26.758  4.972  -29.241 0.4444444478
56396  -27.051  4.176  -29.273 0.4444444478
56397  -27.712  4.533  -28.872 0.4444444478
56398  -28.841  5.070  -28.000 0.4444444478
55462  -29.541  4.358  -27.787 0.2222222239
55452  -30.183  4.004  -27.108 0.2222222239
55463  -30.615  4.396  -27.715 0.2222222239
55453  -31.004  4.074  -26.717 0.2222222239
57315  -30.874  6.765  -29.206 0.1111111119
56411  -31.576  5.431  -28.673 0.1111111119
55465  -31.902  3.935  -27.797 0.1111111119
55468  -24.271  4.809  -28.845 0.4444444478
56404  -24.310  5.242  -29.041 0.4444444478
55469  -25.125  4.773  -28.831 0.4444444478
56405  -25.427  5.282  -28.828 0.3333333433
56407  -27.576  5.199  -29.247 0.4444444478
58236  -28.875  7.449  -29.153 0.3333333433
56409  -29.627  5.629  -28.449 0.3333333433
56399  -30.112  4.833  -28.240 0.1111111119
56400  -31.144  4.811  -28.213 0.1111111119
103953  -23.485  5.957  -29.018 0.2222222239
57308  -27.313  6.185  -29.210 0.3333333433
57309  -28.356  6.356  -29.210 0.3333333433
56408  -28.454  5.535  -28.886 0.4444444478
58237  -29.176  6.862  -29.144 0.2222222239
57310  -29.286  6.293  -28.847 0.2222222239
57311  -30.368  6.268  -28.668 0.1111111119
58240  -29.583  7.399  -29.334 0.1111111119
57314  -29.898  6.809  -29.142 0.1111111119
56410  -30.792  5.534  -28.411 0.1111111119
57307  -26.212  6.205  -28.676 0.3333333433
58234  -26.739  7.594  -28.365 0.3333333433
58235  -27.938  7.334  -29.021 0.3333333433
58239  -29.300  8.110  -29.363 0.1111111119
100715  -30.002  7.969  -29.548 0.1111111119
58241  -31.268  7.387  -29.853 0.1111111119
60724  -26.876  10.108  -28.970 0.1111111119
61590  -25.937  10.680  -30.522 0.1111111119
59965  -27.617  9.355  -29.810 0.2222222239
60751  -26.460  10.402  -30.765 0.2222222239
59114  -28.358  8.480  -28.848 0.3333333433
60752  -27.412  10.234  -31.130 0.2222222239
59966  -28.604  9.101  -30.332 0.1111111119
61608  -27.806  10.872  -31.511 0.1111111119
105377  -28.400  10.370  -31.259 0.1111111119
60734  -29.012  9.726  -31.028 0.1111111119
105039  -30.169  9.009  -29.828 0.1111111119
104712  -30.345  7.339  -29.492 0.1111111119
57316  -31.842  6.626  -29.527 0.1111111119
56416  -32.078  6.037  -29.255 0.1111111119
93868  -23.516  10.487  -31.642 0.1111111119
61606  -25.662  11.132  -31.058 0.1111111119
94296  -23.250  9.921  -32.097 0.1111111119
61628  -22.918  10.073  -32.512 0.1111111119
61629  -23.930  11.161  -32.372 0.1111111119
61620  -26.130  11.253  -31.321 0.2222222239
101984  -24.433  12.125  -32.847 0.1111111119
62487  -25.247  12.726  -33.029 0.1111111119
98754  -26.868  12.235  -31.636 0.1111111119
62488  -26.199  13.070  -32.735 0.1111111119
61609  -28.583  11.125  -31.309 0.1111111119
92514  -21.956  8.973  -31.550 0.1111111119
61617  -21.188  10.233  -31.225 0.1111111119
61626  -21.685  10.229  -32.422 0.1111111119
61627  -22.117  9.740  -32.575 0.1111111119
61636  -21.856  11.258  -33.160 0.1111111119
61637  -22.594  11.127  -33.095 0.1111111119
62493  -22.502  12.396  -33.717 0.1111111119
62495  -24.353  12.681  -33.533 0.1111111119
63316  -21.511  12.726  -32.402 0.1111111119
64081  -21.508  13.901  -32.864 0.1111111119
63321  -21.739  13.087  -33.695 0.1111111119
49672  -35.360  -1.622  -19.930 0.1111111119
50655  -34.702  -0.970  -20.228 0.1111111119
49687  -35.682  -0.876  -20.508 0.1111111119
49702  -36.751  -1.308  -21.777 0.1111111119
51677  -33.536  1.011  -22.238 0.1111111119
51678  -34.435  0.808  -22.258 0.1111111119
52612  -32.772  1.097  -22.351 0.1111111119
55459  -24.765  4.460  -28.280 0.4444444478
101194  -28.344  4.170  -27.782 0.4444444478
55471  -31.785  4.593  -28.465 0.1111111119
57312  -31.392  6.139  -28.759 0.1111111119
61607  -26.068  10.618  -31.069 0.2222222239
62494  -23.462  12.592  -33.767 0.1111111119
63333  -21.812  13.547  -34.376 0.1111111119
64096  -21.322  14.225  -34.019 0.1111111119
47936  -36.766  -2.988  -22.619 0.1111111119
48786  -37.228  -2.021  -21.512 0.1111111119
52611  -32.113  1.544  -21.960 0.2222222239
53562  -32.124  2.386  -25.363 0.1111111119
93282  -22.550  9.402  -31.594 0.1111111119
61604  -21.342  10.248  -30.865 0.1111111119
63322  -22.100  12.726  -34.012 0.1111111119
100637  -37.373  -2.733  -21.820 0.1111111119
47901  -33.180  -3.035  -19.748 0.1111111119
112266  -34.168  -2.169  -19.450 0.1111111119
48766  -36.849  -2.175  -20.637 0.1111111119
47099  -36.800  -4.208  -23.863 0.1111111119
47088  -36.924  -3.964  -22.941 0.1111111119
48822  -36.226  -2.682  -23.357 0.1111111119
49719  -35.844  -1.100  -23.219 0.1111111119
50684  -35.698  -0.205  -22.794 0.1111111119
51693  -33.994  1.192  -23.034 0.1111111119
100114  -34.807  0.889  -22.923 0.1111111119
51679  -35.228  0.432  -22.461 0.1111111119
52646  -33.895  1.554  -23.760 0.1111111119
52660  -33.420  1.866  -24.304 0.1111111119
52673  -32.743  1.969  -24.962 0.1111111119
54477  -31.396  3.519  -26.504 0.1111111119
54468  -32.310  2.913  -25.835 0.1111111119
55458  -23.516  4.575  -28.048 0.4444444478
54488  -31.960  3.131  -27.631 0.1111111119
57305  -23.387  7.097  -29.264 0.2222222239
104868  -24.212  6.304  -29.135 0.3333333433
57306  -25.132  6.546  -28.654 0.2222222239
102461  -25.760  7.405  -28.329 0.2222222239
100230  -26.588  8.842  -27.533 0.1111111119
102690  -27.439  8.411  -28.285 0.2222222239
107937  -25.631  11.088  -29.455 0.1111111119
62467  -24.672  11.641  -31.218 0.1111111119
62478  -23.012  10.527  -30.992 0.1111111119
110928  -21.951  10.494  -30.577 0.1111111119
62463  -20.599  12.417  -30.753 0.1111111119
63309  -26.748  13.098  -31.863 0.1111111119
62470  -28.535  12.238  -30.916 0.1111111119
59968  -30.308  9.560  -29.880 0.1111111119
99585  -30.857  9.032  -29.951 0.1111111119
63308  -20.767  12.491  -31.355 0.1111111119
105399  -21.135  13.535  -31.546 0.1111111119
63334  -22.226  13.339  -34.517 0.1111111119
64110  -23.891  14.292  -34.542 0.1111111119
64107  -21.446  14.478  -34.256 0.1111111119
52626  -31.748  1.232  -22.763 0.1111111119
97075  -30.846  3.360  -26.069 0.1111111119
50656  -34.961  -0.227  -21.038 0.1111111119
48807  -36.610  -2.185  -22.829 0.1111111119
52644  -32.345  1.415  -23.362 0.1111111119
52659  -32.714  2.126  -24.067 0.1111111119
54478  -31.937  3.211  -26.301 0.1111111119
55464  -31.395  4.234  -27.429 0.2222222239
109951  -31.288  3.966  -26.823 0.1111111119
107466  -32.176  3.348  -28.200 0.1111111119
54487  -31.629  3.622  -26.999 0.1111111119
59118  -29.047  8.701  -29.554 0.2222222239
59119  -29.775  8.602  -29.669 0.1111111119
59120  -30.441  8.478  -29.772 0.1111111119
111965  -30.633  7.893  -29.733 0.1111111119
59951  -27.115  9.541  -28.418 0.1111111119
59113  -27.245  9.232  -27.860 0.1111111119
60732  -26.244  10.552  -29.522 0.1111111119
60733  -27.063  9.916  -30.271 0.1111111119
59952  -28.155  9.117  -28.933 0.3333333433
62480  -26.143  12.277  -31.832 0.1111111119
108220  -27.199  11.448  -31.546 0.1111111119
59967  -29.507  9.281  -30.113 0.1111111119
60753  -29.124  10.449  -31.047 0.1111111119
61605  -25.055  11.644  -31.472 0.1111111119
60771  -22.393  9.061  -32.109 0.1111111119
61618  -24.433  11.225  -31.879 0.1111111119
62486  -23.537  11.745  -33.044 0.1111111119
61619  -25.412  11.712  -31.707 0.1111111119
62479  -25.670  12.348  -32.394 0.1111111119
63325  -24.955  13.417  -33.730 0.1111111119
61621  -28.023  11.600  -31.483 0.1111111119
62469  -27.738  12.370  -31.418 0.1111111119
93710  -21.950  9.527  -30.958 0.1111111119
62485  -21.405  11.550  -31.812 0.1111111119
62492  -21.708  11.726  -33.164 0.1111111119
63323  -23.002  13.022  -34.248 0.1111111119
63324  -23.990  13.354  -34.242 0.1111111119
48743  -35.972  -2.469  -19.923 0.1111111119
48808  -37.186  -1.989  -22.275 0.1111111119
52628  -33.030  1.035  -22.938 0.1111111119
63317  -25.632  13.468  -33.277 0.1111111119
47952  -36.433  -3.487  -23.534 0.1111111119
61603  -20.737  11.292  -30.856 0.1111111119
52645  -33.303  1.652  -23.588 0.1111111119
105577  -32.337  3.985  -28.622 0.1111111119
55474  -32.332  4.739  -29.305 0.1111111119
58227  -24.726  9.061  -27.217 0.1111111119
56412  -32.005  5.344  -29.127 0.1111111119
61589  -25.663  11.445  -30.045 0.1111111119
63310  -27.327  13.202  -31.281 0.1111111119
60735  -29.618  9.986  -30.357 0.1111111119
63335  -22.947  13.596  -34.563 0.1111111119
64109  -23.181  14.416  -34.621 0.1111111119
64097  -24.712  14.217  -34.219 0.1111111119
42704  -20.957  -9.823  -18.507 0.2222222239
42713  -20.968  -8.890  -18.844 0.2222222239
55449  -24.025  3.704  -26.749 0.3333333433
54462  -24.069  3.537  -25.892 0.2222222239
55450  -22.477  4.726  -27.459 0.1111111119
56403  -22.877  6.568  -28.968 0.1111111119
108464  -23.609  5.162  -28.797 0.2222222239
50696  -19.430  0.397  -24.202 0.2222222239
49743  -18.888  0.009  -23.498 0.1111111119
92195  -19.138  0.123  -23.768 0.1111111119
92204  -20.659  2.462  -23.814 0.1111111119
53530  -21.403  2.788  -23.343 0.1111111119
55440  -23.380  4.090  -25.607 0.1111111119
56389  -22.480  4.908  -26.279 0.1111111119
56394  -22.558  6.799  -28.516 0.1111111119
57304  -22.744  7.440  -28.713 0.1111111119
54460  -22.628  2.813  -24.666 0.1111111119
41717  -21.036  -10.913  -17.524 0.2222222239
46198  -19.874  -5.952  -20.153 0.2222222239
54461  -23.552  3.140  -25.522 0.1111111119
55451  -22.985  4.064  -27.037 0.3333333433
41729  -20.676  -10.241  -17.695 0.2222222239
54435  -22.047  2.940  -22.556 0.1111111119
54450  -23.037  3.374  -24.728 0.1111111119
55448  -23.298  4.324  -25.885 0.1111111119
54449  -22.064  2.628  -24.038 0.1111111119
44447  -31.834  -7.821  -19.221 0.1111111119
33174  -24.160  -19.589  -9.437 0.1111111119
33175  -25.076  -19.474  -9.558 0.1111111119
33148  -22.673  -19.375  -8.843 0.1111111119
34021  -22.603  -18.981  -9.519 0.1111111119
34941  -22.417  -17.881  -10.685 0.1111111119
91907  -20.834  -12.013  -15.087 0.1111111119
43563  -20.726  -8.293  -18.486 0.1111111119
42703  -20.530  -9.309  -17.881 0.1111111119
47909  -18.489  -2.842  -21.193 0.2222222239
47932  -17.248  -3.089  -21.842 0.2222222239
94357  -18.156  -2.578  -21.373 0.2222222239
96121  -18.442  -1.695  -21.209 0.2222222239
43577  -20.544  -8.081  -19.453 0.1111111119
33173  -23.317  -19.513  -9.152 0.1111111119
33150  -24.831  -20.105  -9.031 0.1111111119
33176  -25.963  -19.201  -9.477 0.1111111119
34003  -22.201  -19.020  -8.857 0.1111111119
34040  -22.134  -18.217  -9.923 0.1111111119
34940  -21.905  -17.371  -10.177 0.1111111119
35836  -21.858  -16.541  -10.489 0.1111111119
35854  -22.143  -16.485  -11.346 0.1111111119
36792  -22.339  -15.201  -12.257 0.1111111119
92988  -21.100  -12.074  -14.607 0.1111111119
94395  -21.051  -11.858  -15.549 0.1111111119
107641  -17.174  -2.802  -19.388 0.2222222239
94737  -18.732  -1.440  -21.162 0.2222222239
92189  -18.959  -0.724  -21.849 0.1111111119
33149  -23.975  -20.029  -8.777 0.1111111119
92190  -17.845  -1.033  -22.291 0.2222222239
47888  -18.216  -3.663  -20.242 0.2222222239
91904  -21.328  -12.293  -15.600 0.1111111119
110056  -22.369  -14.486  -12.402 0.1111111119
93443  -21.383  -12.637  -15.155 0.1111111119
34022  -23.452  -19.168  -9.951 0.1111111119
111368  -21.052  -11.861  -15.634 0.1111111119
41716  -20.277  -10.185  -17.142 0.1111111119
34020  -21.943  -18.465  -9.129 0.1111111119
93714  -17.627  -1.904  -19.625 0.1111111119
94334  -21.151  -11.440  -16.287 0.1111111119
94984  -19.890  -0.833  -21.448 0.1111111119
94051  -18.738  -0.592  -23.035 0.1111111119
94136  -19.808  0.500  -24.309 0.1111111119
47047  -18.579  -4.142  -20.207 0.1111111119
107245  -19.200  0.379  -23.967 0.1111111119
92202  -20.473  1.372  -23.786 0.1111111119
98674  -20.448  1.876  -24.146 0.1111111119
39663  -25.299  -12.941  -20.176 0.8888888955
39676  -28.032  -12.153  -20.553 0.6666666865
39683  -26.721  -12.268  -20.961 0.8888888955
40750  -27.119  -11.096  -23.246 1.0000000000
41769  -24.907  -10.321  -22.466 1.0000000000
41773  -26.170  -10.456  -23.838 1.0000000000
41777  -25.765  -9.399  -23.887 1.0000000000
41778  -25.847  -10.017  -24.126 1.0000000000
41780  -27.069  -9.991  -24.076 1.0000000000
42745  -30.063  -9.640  -22.680 0.7777777910
42750  -28.896  -9.547  -23.824 0.8888888955
42758  -26.667  -9.476  -24.587 1.0000000000
42760  -28.222  -9.130  -24.262 1.0000000000
42764  -25.962  -8.602  -24.619 1.0000000000
43621  -24.924  -8.447  -23.306 1.0000000000
43637  -25.072  -7.505  -23.817 1.0000000000
43639  -26.012  -8.105  -25.053 1.0000000000
43640  -26.701  -8.571  -25.113 1.0000000000
43643  -24.931  -7.177  -24.421 1.0000000000
44466  -31.381  -7.528  -20.494 0.3333333433
44487  -23.564  -7.673  -22.764 1.0000000000
44492  -22.974  -7.156  -23.378 0.8888888955
44495  -29.219  -7.844  -23.832 0.7777777910
44500  -23.977  -6.749  -23.885 0.8888888955
44501  -24.554  -7.617  -23.460 1.0000000000
44516  -24.069  -7.169  -24.963 1.0000000000
45403  -23.339  -6.297  -24.258 0.8888888955
45419  -25.487  -6.511  -24.257 1.0000000000
45424  -24.204  -6.777  -24.998 1.0000000000
46221  -20.535  -5.455  -22.609 0.6666666865
46245  -22.522  -5.716  -24.228 0.8888888955
46258  -22.489  -5.096  -25.348 1.0000000000
46267  -23.811  -5.192  -25.918 1.0000000000
46268  -24.371  -5.711  -24.929 0.8888888955
47110  -22.520  -4.507  -25.969 0.8888888955
47889  -18.926  -3.434  -20.992 0.2222222239
47931  -17.414  -2.765  -21.771 0.2222222239
47968  -25.339  -4.413  -26.021 1.0000000000
47975  -23.682  -3.826  -26.841 1.0000000000
48735  -16.931  -2.426  -19.036 0.1111111119
48742  -34.850  -2.381  -19.446 0.1111111119
48843  -26.472  -2.268  -25.571 0.8888888955
49688  -36.382  -0.941  -20.976 0.1111111119
49720  -36.506  -1.528  -22.621 0.1111111119
50683  -31.064  -0.520  -21.523 0.5555555820
51660  -31.401  1.472  -21.885 0.4444444478
51695  -35.246  0.415  -23.277 0.1111111119
51709  -24.455  0.518  -27.141 0.7777777910
52627  -32.403  1.094  -22.788 0.1111111119
55421  -22.038  3.106  -22.467 0.1111111119
56395  -22.617  5.610  -28.387 0.1111111119
59112  -25.756  8.577  -27.499 0.1111111119
59981  -28.024  9.707  -30.789 0.2222222239
60750  -21.704  9.418  -31.334 0.1111111119
60762  -26.793  10.675  -31.348 0.2222222239
60770  -22.269  9.453  -31.548 0.1111111119
61630  -24.947  11.874  -32.364 0.1111111119
62477  -20.546  11.832  -30.892 0.1111111119
62499  -22.317  13.053  -34.442 0.1111111119
92188  -17.655  -1.635  -22.013 0.3333333433
95481  -25.265  -11.161  -22.130 1.0000000000
95583  -18.381  -0.779  -22.482 0.1111111119
96217  -24.108  -1.055  -27.233 0.7777777910
98129  -24.875  -6.077  -24.754 1.0000000000
103278  -21.376  -10.201  -19.031 0.5555555820
103470  -19.343  -1.250  -21.051 0.2222222239
103999  -27.425  -8.797  -24.739 1.0000000000
105085  -29.178  0.837  -23.611 0.4444444478
106378  -19.030  -0.191  -23.626 0.1111111119
107668  -17.537  -2.337  -21.861 0.3333333433
108673  -26.577  -6.430  -23.726 0.8888888955
110297  -24.929  -7.709  -23.606 1.0000000000
111246  -18.620  -1.805  -23.200 0.5555555820
111435  -27.428  -5.318  -23.820 0.8888888955
112062  -36.744  -1.546  -21.004 0.1111111119
112295  -22.420  -5.343  -24.787 0.8888888955
112321  -30.708  -10.294  -16.588 0.1111111119
112584  -29.421  -11.363  -17.646 0.2222222239
112794  -17.681  -3.232  -21.776 0.2222222239
113223  -23.404  -3.147  -26.866 1.0000000000
113556  -17.445  -1.895  -18.873 0.1111111119
114340  -23.044  12.033  -33.417 0.1111111119
