#!ascii label  , from subject sub-v1s9x0051352_ses-1 vox2ras=TkReg
588
12120  -37.527  -47.106  4.499 0.6999999881
13381  -38.470  -45.671  4.594 0.6000000238
13382  -39.421  -45.801  4.402 0.6000000238
13394  -41.546  -45.399  3.050 0.4000000060
10930  -39.469  -49.431  -3.620 0.6999999881
11556  -38.842  -48.422  -3.804 0.6999999881
10926  -39.688  -49.182  -3.344 0.6999999881
113659  -39.105  -48.254  -3.571 0.6000000238
11543  -38.983  -48.436  -2.505 0.6999999881
12183  -38.883  -47.484  -2.688 0.6000000238
10921  -37.998  -48.709  -1.261 0.6000000238
102689  -38.210  -47.920  -1.738 0.6000000238
11531  -37.323  -48.855  -0.149 0.6000000238
12173  -37.486  -47.869  -0.602 0.6000000238
98947  -37.360  -46.806  -0.318 0.5000000000
12165  -36.640  -47.614  1.007 0.5000000000
12166  -36.751  -46.890  0.605 0.5000000000
95703  -36.508  -45.828  3.511 0.6000000238
12762  -36.693  -46.580  3.981 0.6000000238
97436  -36.807  -44.943  4.345 0.6000000238
107611  -38.021  -44.282  4.946 0.6000000238
13987  -38.160  -44.837  4.803 0.6000000238
11555  -38.035  -48.448  -4.052 0.6000000238
11561  -38.159  -47.786  -4.030 0.6000000238
11562  -38.700  -47.754  -3.716 0.6000000238
113682  -38.899  -47.062  -3.040 0.6000000238
12818  -38.290  -46.005  -1.782 0.6000000238
12182  -38.115  -46.981  -1.504 0.6000000238
12811  -37.467  -45.989  -0.441 0.6000000238
13425  -36.711  -45.445  0.649 0.6000000238
109387  -36.471  -46.359  1.815 0.6000000238
13413  -36.445  -45.538  1.677 0.6999999881
13404  -36.335  -45.087  2.751 0.6000000238
13392  -36.467  -44.872  3.819 0.6000000238
13988  -39.489  -44.419  4.905 0.5000000000
13989  -41.152  -44.184  4.108 0.5000000000
10928  -37.513  -49.118  -3.670 0.6000000238
11560  -37.251  -47.779  -4.113 0.6000000238
12203  -37.469  -47.133  -4.314 0.6000000238
12851  -38.207  -46.525  -4.006 0.6000000238
12836  -38.745  -46.714  -3.192 0.6000000238
13462  -38.111  -45.387  -3.425 0.6000000238
13440  -38.142  -45.290  -1.973 0.6000000238
13433  -37.749  -45.424  -1.106 0.6000000238
108907  -37.795  -46.238  -1.007 0.6000000238
13426  -37.257  -45.351  -0.204 0.6000000238
97794  -36.534  -44.731  1.037 0.6999999881
14579  -37.993  -43.781  4.980 0.6000000238
14572  -38.754  -43.224  5.255 0.6000000238
14002  -41.746  -44.427  3.387 0.4000000060
11548  -35.324  -48.389  -2.128 0.6000000238
11553  -35.645  -48.040  -3.044 0.6000000238
12197  -36.523  -47.199  -4.142 0.6000000238
13473  -37.910  -45.886  -4.129 0.6000000238
108628  -37.641  -44.734  -3.353 0.5000000000
13450  -37.976  -44.790  -2.619 0.6000000238
14041  -37.316  -44.665  -0.744 0.6999999881
104813  -36.574  -43.667  2.755 0.6000000238
14022  -36.372  -44.729  1.846 0.6000000238
107329  -36.429  -44.354  3.112 0.6000000238
14589  -36.724  -43.892  3.653 0.6000000238
104652  -38.000  -42.938  4.825 0.6000000238
14573  -39.538  -43.025  5.330 0.6000000238
13980  -39.488  -43.712  5.172 0.6000000238
107271  -41.480  -43.379  4.083 0.4000000060
14581  -40.860  -43.398  4.651 0.5000000000
108279  -35.115  -48.520  -1.369 0.5000000000
12189  -34.693  -47.252  -2.058 0.6000000238
12190  -35.098  -47.324  -2.765 0.6000000238
12835  -35.223  -46.658  -3.153 0.6000000238
12849  -36.821  -46.465  -4.391 0.5000000000
12848  -36.268  -45.740  -4.130 0.5000000000
13472  -37.110  -45.759  -4.383 0.5000000000
14644  -37.329  -44.071  -2.199 0.6000000238
14643  -36.802  -43.448  -1.836 0.6000000238
14636  -37.094  -44.059  -1.284 0.6999999881
14612  -36.607  -43.265  0.967 0.6999999881
102719  -36.667  -43.953  0.509 0.6999999881
15887  -36.584  -41.848  2.235 0.6000000238
104318  -36.457  -44.037  1.410 0.6999999881
15216  -36.680  -42.852  2.442 0.6000000238
15204  -36.947  -42.401  3.272 0.6000000238
14590  -37.155  -43.160  3.690 0.6000000238
15196  -37.469  -42.640  4.141 0.6000000238
15188  -38.654  -42.365  5.087 0.6000000238
105042  -40.669  -42.728  5.018 0.5000000000
15205  -41.845  -42.641  3.865 0.4000000060
111837  -34.498  -47.801  -1.070 0.6000000238
101554  -34.474  -47.223  -1.287 0.6000000238
104619  -34.793  -46.759  -2.516 0.5000000000
12834  -34.856  -46.018  -2.717 0.6000000238
13460  -35.799  -44.975  -3.841 0.5000000000
13461  -36.539  -45.053  -4.111 0.6000000238
14056  -35.479  -44.237  -3.486 0.5000000000
14058  -36.887  -44.521  -3.681 0.6000000238
14661  -36.457  -43.869  -3.449 0.5000000000
14652  -36.785  -43.530  -2.797 0.5000000000
102606  -36.226  -41.846  -0.613 0.5000000000
14635  -36.775  -43.349  -0.887 0.6000000238
104492  -36.165  -41.255  -0.309 0.5000000000
98997  -36.294  -41.884  0.154 0.5000000000
15240  -36.527  -42.565  0.548 0.6000000238
15913  -36.307  -41.157  0.585 0.4000000060
15225  -36.564  -42.614  1.520 0.6999999881
96855  -36.510  -40.221  1.902 0.4000000060
16595  -36.953  -40.453  3.203 0.5000000000
15874  -36.901  -41.341  3.194 0.6000000238
101741  -37.423  -40.007  3.701 0.5000000000
16596  -37.352  -40.812  3.845 0.6000000238
16583  -37.922  -40.310  4.239 0.5000000000
15866  -38.788  -41.395  4.933 0.6000000238
15868  -41.520  -41.765  4.274 0.5000000000
16584  -38.459  -40.662  4.560 0.6000000238
16573  -39.593  -40.944  4.951 0.6000000238
15198  -40.884  -42.025  5.019 0.6000000238
104751  -34.411  -46.956  -0.669 0.5000000000
12826  -34.522  -46.421  -1.916 0.5000000000
109837  -34.532  -45.292  -2.209 0.5000000000
13459  -35.134  -45.061  -3.110 0.4000000060
15274  -36.025  -43.178  -3.241 0.4000000060
15267  -36.335  -42.868  -2.505 0.5000000000
15258  -36.496  -42.742  -1.464 0.5000000000
15257  -35.993  -42.190  -2.051 0.5000000000
17314  -35.970  -39.018  1.045 0.4000000060
17323  -35.806  -39.680  0.407 0.4000000060
17315  -36.282  -39.584  1.411 0.4000000060
17300  -36.672  -39.363  2.387 0.5000000000
108538  -36.741  -40.103  2.641 0.5000000000
17301  -37.160  -38.935  3.091 0.5000000000
99155  -36.999  -39.683  3.156 0.5000000000
17288  -37.995  -39.560  3.959 0.5000000000
110700  -41.432  -40.434  3.652 0.5000000000
16598  -41.838  -41.040  3.652 0.5000000000
97304  -38.999  -40.573  4.785 0.6000000238
15857  -40.270  -41.475  5.077 0.5000000000
15266  -35.578  -42.325  -3.055 0.4000000060
16644  -35.413  -40.734  -2.243 0.5000000000
104842  -35.664  -40.584  -1.305 0.5000000000
100255  -35.413  -39.272  -0.607 0.5000000000
95073  -36.369  -38.775  1.745 0.4000000060
17917  -38.052  -38.782  3.411 0.5000000000
17292  -41.207  -39.835  3.347 0.5000000000
16609  -41.942  -40.385  3.049 0.3000000119
17929  -37.414  -38.311  2.932 0.5000000000
17289  -38.658  -39.322  3.830 0.5000000000
17277  -40.155  -39.986  4.184 0.5000000000
17337  -35.293  -39.861  -1.668 0.4000000060
17962  -35.188  -38.376  -0.694 0.4000000060
19369  -35.762  -36.689  1.382 0.4000000060
102870  -35.619  -37.883  0.842 0.4000000060
18640  -36.494  -37.558  2.116 0.4000000060
104748  -36.247  -37.006  1.793 0.4000000060
18641  -37.233  -37.570  2.569 0.5000000000
17303  -41.424  -39.670  2.534 0.4000000060
109913  -38.738  -38.361  2.979 0.5000000000
17302  -40.820  -39.130  3.012 0.5000000000
17930  -38.062  -37.981  2.863 0.5000000000
17931  -39.550  -38.377  2.804 0.5000000000
17919  -40.071  -38.868  3.315 0.5000000000
20086  -35.795  -35.837  1.319 0.4000000060
19371  -37.277  -36.312  1.787 0.4000000060
17933  -40.982  -38.976  2.094 0.4000000060
17932  -40.341  -38.559  2.552 0.5000000000
18642  -38.182  -37.230  2.399 0.5000000000
18643  -38.987  -37.789  2.430 0.5000000000
20087  -36.822  -35.572  1.442 0.4000000060
17946  -40.530  -38.336  1.678 0.4000000060
17955  -41.100  -38.632  0.252 0.3000000119
19372  -38.249  -36.443  1.838 0.5000000000
18652  -39.018  -36.955  1.993 0.5000000000
18644  -39.865  -38.019  2.105 0.5000000000
20826  -36.900  -34.801  1.158 0.4000000060
17954  -40.642  -38.116  0.798 0.3000000119
17963  -40.645  -37.997  -0.097 0.3000000119
20088  -37.834  -35.711  1.502 0.4000000060
106055  -39.551  -37.481  1.817 0.5000000000
104167  -38.612  -35.844  1.252 0.4000000060
19373  -39.025  -36.402  1.456 0.5000000000
18662  -39.643  -36.915  1.209 0.5000000000
20838  -37.436  -34.262  0.948 0.4000000060
18670  -40.801  -37.815  -0.933 0.3000000119
20827  -37.597  -34.962  1.239 0.4000000060
19382  -39.952  -36.667  0.213 0.4000000060
20828  -38.240  -35.228  1.181 0.4000000060
19381  -39.343  -36.056  0.735 0.4000000060
21594  -37.100  -33.815  0.287 0.5000000000
101974  -40.353  -37.256  -0.424 0.3000000119
18678  -41.028  -37.625  -1.761 0.4000000060
18683  -41.403  -37.399  -2.619 0.4000000060
20839  -38.263  -34.470  0.899 0.4000000060
19386  -39.775  -36.014  -0.015 0.5000000000
19387  -40.179  -36.379  -0.710 0.4000000060
20840  -38.984  -34.695  0.447 0.5000000000
20097  -39.475  -35.322  0.194 0.5000000000
112348  -39.752  -35.062  -0.235 0.5000000000
20105  -40.295  -35.559  -1.177 0.4000000060
19392  -40.490  -36.303  -1.639 0.4000000060
19398  -41.216  -36.684  -2.623 0.4000000060
18689  -41.756  -37.468  -3.457 0.3000000119
21595  -37.952  -33.659  0.579 0.5000000000
21596  -38.771  -33.927  0.223 0.5000000000
20867  -41.340  -34.668  -3.029 0.4000000060
20131  -41.585  -35.545  -4.178 0.3000000119
22335  -37.986  -32.209  -1.242 0.5000000000
20866  -40.917  -34.711  -2.253 0.4000000060
20113  -40.655  -35.518  -1.943 0.4000000060
20118  -41.180  -35.429  -2.602 0.4000000060
104404  -41.585  -36.165  -3.749 0.4000000060
103434  -41.686  -37.039  -4.190 0.3000000119
22323  -38.095  -32.619  -0.513 0.5000000000
104261  -39.504  -33.955  -0.451 0.5000000000
20859  -40.450  -34.750  -1.528 0.5000000000
22324  -38.860  -32.819  -0.583 0.5000000000
20873  -41.518  -34.704  -4.065 0.4000000060
23037  -37.917  -31.755  -1.926 0.5000000000
103203  -41.571  -36.202  -4.676 0.3000000119
22336  -38.631  -32.408  -1.050 0.5000000000
22337  -39.335  -32.571  -1.290 0.5000000000
21620  -40.149  -33.058  -1.684 0.5000000000
94577  -40.592  -33.948  -1.926 0.5000000000
21619  -39.552  -33.228  -0.863 0.5000000000
20879  -41.462  -34.417  -4.982 0.4000000060
23036  -37.228  -31.803  -2.207 0.5000000000
23053  -40.012  -31.939  -2.923 0.5000000000
20135  -41.533  -35.316  -5.135 0.3000000119
23051  -38.477  -31.429  -2.494 0.5000000000
23052  -39.283  -31.562  -2.523 0.5000000000
22346  -39.722  -32.215  -2.059 0.5000000000
12763  -37.139  -46.428  4.331 0.6000000238
13383  -40.251  -45.848  4.065 0.5000000000
107985  -36.955  -47.492  0.235 0.6000000238
14046  -37.682  -44.675  -1.640 0.6999999881
14040  -36.882  -43.987  -0.398 0.6999999881
15855  -39.255  -42.051  5.275 0.6000000238
16608  -36.675  -40.833  2.453 0.5000000000
15875  -37.384  -41.723  3.941 0.6000000238
15931  -36.256  -42.139  -1.168 0.5000000000
104932  -36.008  -40.570  0.081 0.5000000000
15900  -36.440  -41.849  1.093 0.4000000060
17275  -38.698  -39.965  4.369 0.5000000000
16585  -40.352  -40.685  4.564 0.5000000000
18651  -35.954  -37.517  1.483 0.4000000060
17928  -36.727  -38.344  2.486 0.5000000000
17953  -35.569  -38.623  0.367 0.4000000060
18663  -40.229  -37.432  0.499 0.4000000060
19393  -40.785  -36.902  -2.090 0.4000000060
19406  -41.525  -36.801  -3.245 0.3000000119
23038  -38.796  -31.936  -1.723 0.5000000000
22347  -40.398  -32.674  -2.578 0.5000000000
7935  -35.093  -53.572  3.331 0.5000000000
8457  -35.219  -53.216  4.976 0.5000000000
8465  -34.780  -53.328  3.886 0.5000000000
8970  -38.615  -51.990  7.501 0.5000000000
104592  -37.308  -52.586  7.054 0.5000000000
109833  -36.274  -52.608  6.478 0.4000000060
8475  -36.076  -53.505  2.824 0.5000000000
8997  -35.676  -52.587  5.276 0.6000000238
97148  -35.690  -52.582  3.912 0.6000000238
8969  -37.645  -51.877  7.351 0.5000000000
8984  -36.003  -52.368  6.174 0.5000000000
9605  -40.921  -51.125  7.605 0.4000000060
7954  -39.427  -53.938  1.653 0.6999999881
7946  -39.045  -53.637  2.352 0.6999999881
8467  -37.858  -52.850  3.100 0.6999999881
9017  -36.172  -52.178  4.575 0.5000000000
9035  -36.344  -52.309  3.831 0.6999999881
9602  -38.367  -51.257  7.431 0.5000000000
9601  -37.668  -51.269  7.198 0.5000000000
8998  -36.269  -51.789  5.648 0.5000000000
10794  -41.520  -49.312  7.109 0.5000000000
10198  -40.043  -50.567  7.679 0.5000000000
7475  -40.813  -55.109  -2.450 0.5000000000
7468  -40.369  -54.776  -1.167 0.6999999881
8496  -40.410  -53.399  -0.061 0.6999999881
7963  -40.262  -53.996  0.138 0.6999999881
8495  -40.330  -53.235  0.989 0.6999999881
8477  -38.520  -53.278  2.799 0.6000000238
9663  -37.348  -51.758  3.943 0.6999999881
9036  -38.203  -52.254  3.338 0.6000000238
10791  -38.969  -50.090  7.139 0.5000000000
10216  -37.677  -50.871  6.829 0.6000000238
104003  -37.958  -51.019  5.348 0.6000000238
10792  -39.649  -49.849  7.454 0.5000000000
11443  -42.030  -48.712  6.445 0.5000000000
8510  -41.328  -53.770  -2.571 0.5000000000
8504  -40.757  -53.630  -1.288 0.6999999881
7947  -40.056  -53.233  2.268 0.6999999881
9060  -40.211  -52.659  1.997 0.6999999881
9075  -40.328  -52.833  0.907 0.6999999881
8468  -38.950  -52.649  2.980 0.8000000119
9677  -38.994  -51.905  2.833 0.6999999881
101893  -38.405  -50.549  5.045 0.6000000238
9650  -38.189  -51.176  4.467 0.6999999881
10809  -39.059  -49.849  6.498 0.6999999881
10234  -38.605  -50.136  5.897 0.6000000238
11442  -41.048  -48.770  6.550 0.6000000238
11441  -40.179  -49.009  6.607 0.6000000238
11467  -41.819  -48.082  4.938 0.6000000238
7993  -40.180  -54.490  -3.402 0.5000000000
8524  -41.200  -53.492  -3.433 0.6000000238
7988  -41.424  -54.221  -3.203 0.5000000000
9097  -41.425  -52.831  -3.005 0.6000000238
9090  -40.813  -53.059  -2.050 0.6000000238
9082  -40.491  -53.066  -0.657 0.6999999881
9706  -38.831  -51.953  0.400 0.6999999881
110111  -39.346  -52.077  -0.592 0.6000000238
9051  -39.837  -52.228  2.400 0.6999999881
9691  -39.001  -51.848  1.581 0.6999999881
9664  -38.298  -51.621  3.346 0.6999999881
10825  -39.607  -49.313  6.124 0.6999999881
11451  -40.578  -48.620  5.824 0.6999999881
113024  -39.967  -48.880  5.808 0.6999999881
8523  -40.546  -53.562  -3.560 0.5000000000
9727  -41.089  -52.062  -3.211 0.6000000238
9720  -40.970  -52.167  -2.704 0.6000000238
95689  -39.881  -52.086  -1.330 0.6000000238
9676  -38.282  -51.327  2.526 0.8000000119
10270  -37.478  -50.656  2.023 0.5000000000
9705  -37.943  -51.100  -0.035 0.6000000238
10248  -38.457  -50.840  4.105 0.6999999881
10849  -37.515  -49.628  3.584 0.6999999881
105255  -39.291  -48.147  4.708 0.6999999881
11464  -38.080  -48.756  4.691 0.6999999881
12124  -41.148  -47.926  4.103 0.5000000000
11466  -40.833  -48.313  4.880 0.6999999881
102009  -41.154  -47.094  3.249 0.5000000000
8516  -38.756  -53.291  -2.982 0.5000000000
9096  -39.255  -52.204  -3.396 0.5000000000
9730  -39.788  -51.365  -3.606 0.6000000238
9103  -40.779  -52.586  -3.551 0.6000000238
10315  -40.610  -51.415  -3.260 0.6000000238
10307  -40.230  -50.787  -2.757 0.6000000238
10313  -40.053  -50.006  -3.141 0.6000000238
9718  -39.591  -51.342  -1.680 0.6000000238
113885  -39.646  -49.666  -2.712 0.6000000238
10865  -36.706  -49.480  2.722 0.6000000238
10885  -37.153  -49.831  1.353 0.5000000000
10301  -38.228  -50.379  -0.910 0.5000000000
11463  -37.277  -48.271  4.349 0.6000000238
107770  -36.646  -48.990  3.324 0.6000000238
12121  -38.350  -47.420  4.637 0.6000000238
100476  -37.661  -47.880  4.575 0.6000000238
12778  -40.630  -46.700  3.567 0.5000000000
9095  -38.185  -52.381  -2.721 0.5000000000
9725  -38.770  -51.482  -3.364 0.6000000238
10927  -39.776  -49.980  -3.436 0.6000000238
10899  -37.352  -49.685  0.357 0.5000000000
11483  -36.636  -48.233  3.519 0.4000000060
11501  -36.497  -48.542  2.542 0.5000000000
11513  -36.605  -48.398  1.425 0.5000000000
12765  -38.900  -46.552  4.437 0.6000000238
9094  -37.212  -52.550  -2.121 0.5000000000
9724  -37.662  -51.564  -2.599 0.6000000238
105420  -38.423  -50.858  -3.435 0.6000000238
9729  -39.354  -50.644  -3.687 0.6000000238
12777  -36.575  -46.742  3.244 0.5000000000
12161  -36.506  -47.677  1.940 0.4000000060
9088  -36.376  -52.703  -1.605 0.5000000000
104208  -36.857  -51.958  -1.817 0.5000000000
10312  -37.559  -50.537  -3.104 0.6000000238
10929  -38.891  -49.248  -3.866 0.6000000238
9087  -35.588  -52.739  -1.093 0.5000000000
9716  -36.274  -51.886  -1.203 0.5000000000
9717  -36.777  -51.113  -1.855 0.6000000238
10925  -37.923  -49.799  -3.735 0.6000000238
9080  -34.825  -52.792  -0.406 0.5000000000
9081  -35.646  -51.965  -0.488 0.5000000000
9711  -36.201  -51.008  -0.708 0.5000000000
10920  -36.367  -49.659  -2.039 0.6000000238
10924  -36.986  -49.768  -3.048 0.6000000238
9074  -35.129  -52.020  0.159 0.5000000000
10298  -35.847  -50.419  -0.109 0.5000000000
9073  -34.337  -52.369  0.372 0.5000000000
10923  -36.292  -48.920  -2.772 0.5000000000
10293  -35.228  -50.580  0.558 0.5000000000
102451  -35.929  -49.744  -0.436 0.5000000000
98378  -32.750  -52.211  0.852 0.5000000000
10292  -34.217  -50.787  1.107 0.5000000000
10897  -35.484  -49.697  0.121 0.5000000000
10919  -35.767  -49.032  -1.658 0.4000000060
9689  -33.130  -51.340  1.321 0.5000000000
10896  -34.817  -49.734  0.853 0.5000000000
102016  -34.689  -48.899  0.712 0.4000000060
10909  -35.535  -49.038  -0.683 0.4000000060
110249  -34.208  -50.004  1.558 0.4000000060
10883  -34.431  -49.238  1.431 0.4000000060
11512  -34.469  -48.378  0.986 0.4000000060
12119  -37.010  -47.408  4.274 0.6000000238
12766  -39.834  -46.625  4.122 0.5000000000
12779  -41.407  -46.419  2.999 0.4000000060
10300  -37.635  -50.324  -0.118 0.6000000238
11519  -34.575  -48.297  0.134 0.4000000060
104316  -34.450  -47.032  -0.025 0.4000000060
8478  -39.666  -52.952  2.813 0.6999999881
10272  -38.303  -51.329  3.250 0.6999999881
10824  -39.009  -49.435  5.386 0.6999999881
111749  -38.515  -50.305  4.581 0.6999999881
10294  -37.581  -50.648  0.871 0.6000000238
9712  -38.665  -51.281  -0.875 0.6000000238
11465  -40.021  -48.570  4.986 0.6999999881
10866  -37.386  -50.214  2.797 0.6999999881
10837  -37.755  -49.097  4.374 0.6999999881
105036  -39.450  -47.353  4.325 0.6000000238
12123  -40.777  -47.456  3.668 0.6000000238
7488  -41.259  -54.540  -3.252 0.5000000000
7934  -34.507  -53.941  3.854 0.5000000000
7945  -37.837  -54.064  2.426 0.6000000238
7953  -38.230  -54.374  1.677 0.6999999881
7955  -40.114  -53.503  1.378 0.6999999881
7962  -39.467  -54.356  0.626 0.6999999881
7964  -40.603  -54.023  -0.769 0.6999999881
7972  -40.839  -54.303  -1.839 0.5000000000
7980  -41.355  -54.612  -2.782 0.5000000000
7989  -41.377  -53.649  -3.291 0.6000000238
7994  -41.042  -54.232  -3.444 0.5000000000
7995  -41.340  -54.033  -3.312 0.5000000000
8423  -38.075  -52.704  7.276 0.5000000000
8435  -35.854  -53.090  6.255 0.4000000060
8448  -35.513  -53.145  5.657 0.5000000000
8456  -34.742  -53.527  4.418 0.5000000000
8466  -35.896  -52.783  3.320 0.6000000238
8469  -39.657  -52.466  2.813 0.6999999881
8476  -37.321  -53.541  2.775 0.6999999881
8485  -40.306  -52.924  1.850 0.6999999881
8517  -41.469  -53.484  -3.199 0.6000000238
8522  -39.660  -53.769  -3.383 0.5000000000
8985  -36.782  -52.091  6.818 0.5000000000
9016  -35.267  -52.890  4.376 0.6000000238
9034  -35.258  -53.006  3.727 0.6000000238
9037  -38.908  -52.231  2.975 0.6999999881
9089  -40.381  -52.504  -1.607 0.6000000238
9098  -41.256  -52.869  -3.295 0.6000000238
9102  -40.118  -52.065  -3.616 0.5000000000
9603  -39.284  -51.290  7.568 0.5000000000
9619  -36.552  -51.689  6.327 0.5000000000
9620  -37.124  -51.331  6.733 0.5000000000
9631  -36.976  -51.091  6.037 0.5000000000
9632  -37.833  -50.672  6.166 0.6000000238
9649  -37.215  -51.467  5.047 0.6000000238
9690  -38.129  -51.321  1.697 0.6999999881
9702  -33.767  -51.826  0.829 0.5000000000
9703  -34.777  -51.495  0.597 0.5000000000
9704  -35.563  -51.270  0.092 0.5000000000
9707  -39.910  -52.371  1.482 0.6999999881
9713  -40.058  -52.632  -0.391 0.6000000238
9719  -40.297  -51.677  -2.269 0.6000000238
9726  -40.767  -51.342  -3.078 0.6000000238
9731  -40.448  -51.669  -3.473 0.6000000238
9732  -40.906  -52.080  -3.340 0.6000000238
10196  -38.289  -50.718  7.212 0.5000000000
10197  -39.078  -50.579  7.450 0.5000000000
10199  -40.878  -50.418  7.604 0.4000000060
10200  -41.577  -50.761  7.460 0.4000000060
10217  -38.360  -50.412  6.717 0.6000000238
10258  -38.145  -50.557  3.536 0.6999999881
10269  -33.514  -50.501  1.865 0.5000000000
10271  -37.951  -50.829  2.842 0.6999999881
10299  -36.239  -50.185  -0.660 0.5000000000
10305  -36.458  -50.300  -1.365 0.6000000238
10306  -39.332  -50.362  -2.041 0.6000000238
10311  -36.768  -50.315  -2.289 0.6000000238
10314  -40.312  -50.675  -3.308 0.6000000238
10316  -38.749  -50.120  -3.805 0.6000000238
10317  -39.470  -49.943  -3.690 0.6000000238
10318  -40.033  -50.743  -3.485 0.6000000238
10793  -40.549  -49.723  7.493 0.5000000000
10810  -39.533  -49.452  6.988 0.6999999881
10811  -40.042  -49.334  7.215 0.6000000238
10836  -37.020  -48.703  3.956 0.6000000238
10838  -38.619  -49.772  4.952 0.6999999881
10850  -38.461  -50.077  4.205 0.6999999881
10884  -36.623  -49.233  1.824 0.5000000000
10898  -36.869  -49.047  0.855 0.5000000000
10908  -35.007  -48.937  0.098 0.4000000060
10910  -36.164  -49.590  -1.065 0.5000000000
10911  -37.769  -49.600  -0.669 0.5000000000
10912  -38.786  -49.452  -1.916 0.6000000238
11428  -40.628  -49.157  7.053 0.6000000238
11452  -41.480  -48.424  5.791 0.6000000238
11453  -42.479  -48.340  5.736 0.5000000000
11462  -36.832  -48.016  4.080 0.6000000238
11520  -36.892  -48.224  0.453 0.6000000238
11530  -34.697  -48.326  -0.761 0.5000000000
11542  -34.719  -47.922  -1.580 0.5000000000
11549  -39.281  -48.276  -3.411 0.6000000238
11554  -36.816  -48.361  -3.644 0.6000000238
12122  -40.242  -47.906  4.301 0.6000000238
12137  -36.675  -47.449  3.788 0.4000000060
12138  -41.485  -47.515  3.494 0.5000000000
12150  -36.544  -47.593  2.925 0.5000000000
12164  -34.416  -47.642  0.414 0.4000000060
12172  -34.459  -47.628  -0.503 0.6000000238
12191  -38.936  -47.534  -3.384 0.6000000238
12196  -35.656  -47.314  -3.532 0.6000000238
12204  -38.165  -47.114  -4.028 0.6000000238
12764  -37.897  -46.434  4.567 0.6999999881
12788  -36.465  -46.085  2.577 0.6000000238
12801  -36.566  -46.238  1.059 0.5000000000
12810  -36.988  -46.130  0.241 0.6000000238
12827  -38.644  -46.643  -2.533 0.6000000238
12841  -35.466  -45.832  -3.511 0.5000000000
12842  -35.914  -46.557  -3.916 0.6000000238
12843  -38.554  -47.005  -3.633 0.6000000238
12850  -37.649  -46.459  -4.318 0.6000000238
13379  -36.726  -45.644  4.128 0.6000000238
13380  -37.436  -45.468  4.533 0.6000000238
13393  -40.919  -45.742  3.527 0.4000000060
13451  -38.530  -45.802  -2.730 0.6000000238
13463  -38.452  -46.210  -3.575 0.6000000238
13979  -38.662  -44.169  5.110 0.6000000238
13985  -36.856  -44.381  4.243 0.6000000238
13986  -37.434  -44.454  4.672 0.6000000238
14000  -40.628  -44.986  4.115 0.5000000000
14001  -41.197  -44.946  3.636 0.4000000060
14012  -36.383  -44.221  2.310 0.6000000238
14034  -36.926  -44.650  0.143 0.6999999881
14057  -36.087  -44.351  -3.835 0.6000000238
14059  -37.344  -44.113  -3.077 0.6000000238
14578  -37.340  -43.612  4.393 0.6000000238
14580  -40.163  -43.238  5.144 0.6000000238
14628  -36.713  -43.254  0.029 0.6000000238
14660  -35.738  -43.680  -3.464 0.4000000060
15189  -39.250  -42.603  5.321 0.6000000238
15190  -40.014  -42.334  5.347 0.6000000238
15197  -38.024  -42.029  4.570 0.6000000238
15199  -41.267  -42.647  4.554 0.5000000000
15246  -36.484  -42.549  -0.461 0.6000000238
15856  -39.591  -41.607  5.233 0.6000000238
15865  -37.942  -41.139  4.397 0.6000000238
15867  -40.875  -41.358  4.673 0.5000000000
15921  -35.917  -41.385  -1.382 0.5000000000
16586  -41.155  -40.892  4.149 0.5000000000
16597  -40.815  -40.197  3.948 0.5000000000
16623  -36.209  -40.394  0.996 0.4000000060
16637  -35.936  -40.779  -0.701 0.5000000000
17276  -39.547  -40.229  4.541 0.6000000238
17290  -39.539  -39.505  3.925 0.5000000000
17291  -40.475  -39.544  3.648 0.5000000000
17330  -35.669  -40.132  -0.604 0.5000000000
17918  -39.115  -38.826  3.408 0.5000000000
17944  -35.961  -38.309  1.250 0.4000000060
17945  -36.277  -38.070  1.890 0.4000000060
17947  -41.193  -38.722  1.174 0.3000000119
18653  -40.094  -37.706  1.350 0.5000000000
18677  -40.527  -37.071  -1.306 0.3000000119
19360  -36.800  -36.940  2.094 0.4000000060
19361  -37.527  -36.873  2.208 0.5000000000
19370  -36.391  -36.386  1.675 0.4000000060
19397  -40.906  -36.175  -2.302 0.4000000060
20089  -38.831  -35.272  0.790 0.4000000060
20104  -39.942  -35.535  -0.433 0.5000000000
20125  -41.473  -35.423  -3.398 0.3000000119
20850  -40.019  -34.763  -0.676 0.5000000000
20858  -40.130  -33.921  -1.148 0.5000000000
21606  -37.598  -33.163  -0.110 0.5000000000
21607  -38.373  -33.168  -0.008 0.5000000000
21608  -39.016  -33.358  -0.281 0.5000000000
21629  -40.629  -33.361  -2.376 0.5000000000
95850  -39.311  -48.846  -3.620 0.6999999881
97308  -39.889  -45.036  4.508 0.6000000238
97421  -38.922  -51.747  2.323 0.8000000119
97612  -36.501  -46.907  2.328 0.4000000060
98487  -37.097  -52.425  3.427 0.6999999881
98715  -39.033  -44.994  4.755 0.6000000238
99878  -40.128  -52.713  2.464 0.6999999881
100942  -38.524  -48.449  4.809 0.6999999881
103275  -40.274  -44.150  4.717 0.5000000000
103588  -41.378  -36.102  -2.943 0.4000000060
103782  -37.390  -45.181  -3.941 0.5000000000
104194  -41.373  -50.042  7.458 0.5000000000
104417  -38.137  -51.438  0.856 0.6000000238
104622  -36.534  -46.960  1.446 0.6000000238
105246  -35.033  -47.787  -2.303 0.6000000238
105481  -39.893  -52.868  -3.557 0.5000000000
105653  -36.853  -43.194  3.135 0.6000000238
105673  -36.751  -52.962  3.022 0.6999999881
107388  -36.519  -43.420  1.889 0.6999999881
107463  -36.989  -49.878  2.146 0.6000000238
107467  -39.447  -34.613  -0.063 0.5000000000
108554  -36.472  -41.051  1.530 0.4000000060
108565  -40.198  -47.251  3.944 0.6000000238
109269  -39.387  -48.910  5.251 0.6999999881
112679  -36.309  -47.769  -3.740 0.6000000238
112972  -37.327  -50.974  6.487 0.6000000238
113113  -37.288  -51.627  7.096 0.5000000000
113323  -41.614  -43.872  3.765 0.4000000060
113536  -37.519  -39.370  3.499 0.5000000000
113681  -39.810  -52.492  0.507 0.6999999881
