#!ascii label  , from subject sub-v1s9x0051352_ses-1 vox2ras=TkReg
446
10710  -55.001  -49.148  14.493 0.0000000000
8924  -44.887  -52.689  11.039 0.0000000000
12635  -50.000  -45.986  16.367 0.0000000000
8913  -50.344  -52.016  11.885 0.0000000000
12018  -44.322  -46.889  14.911 0.0000000000
14410  -57.324  -43.347  19.176 0.0000000000
14421  -49.161  -42.284  17.992 0.0000000000
15649  -44.489  -41.657  19.443 0.0000000000
13860  -46.894  -43.863  17.104 0.0000000000
12001  -47.875  -47.147  15.248 0.0000000000
14457  -45.421  -43.842  16.521 0.0000000000
14424  -51.922  -43.433  18.536 0.0000000000
14384  -50.505  -43.924  20.010 0.0000000000
18456  -44.517  -37.931  19.117 0.0000000000
94950  -44.318  -38.712  17.951 0.0000000000
8378  -52.020  -54.163  13.343 0.0000000000
8927  -47.032  -52.738  11.778 0.0000000000
6893  -48.912  -56.658  11.180 0.0000000000
113780  -46.184  -56.283  11.056 0.0000000000
12005  -53.174  -47.579  15.728 0.0000000000
10132  -52.891  -50.593  12.085 0.0000000000
10721  -48.102  -49.158  13.013 0.0000000000
103522  -44.942  -49.618  12.569 0.0000000000
13232  -53.533  -44.895  17.324 0.0000000000
105578  -50.440  -43.334  17.630 0.0000000000
15064  -47.307  -42.325  17.518 0.0000000000
111254  -47.006  -43.913  21.162 0.0000000000
15033  -45.953  -42.310  18.663 0.0000000000
16411  -46.265  -40.801  17.188 0.0000000000
17769  -48.127  -38.861  15.664 0.0000000000
7365  -51.699  -55.899  11.137 0.0000000000
12721  -44.119  -47.095  9.334 0.0000000000
10187  -44.847  -50.980  8.405 0.0000000000
7910  -46.824  -54.123  6.800 0.0000000000
15062  -46.567  -42.237  16.756 0.0000000000
102227  -46.107  -44.118  16.742 0.0000000000
9523  -54.052  -51.151  12.559 0.0000000000
8395  -46.257  -53.217  11.625 0.0000000000
109663  -46.784  -54.150  11.443 0.0000000000
107740  -45.314  -54.800  11.192 0.0000000000
101563  -45.160  -55.836  9.808 0.0000000000
7883  -44.671  -54.555  10.458 0.0000000000
11982  -52.280  -47.110  16.033 0.0000000000
12003  -50.586  -47.468  15.487 0.0000000000
11999  -46.127  -47.130  15.106 0.0000000000
11359  -47.998  -48.187  14.121 0.0000000000
11357  -46.215  -48.195  14.072 0.0000000000
10719  -46.213  -49.364  13.120 0.0000000000
12043  -45.335  -47.958  13.836 0.0000000000
13234  -56.110  -45.100  16.535 0.0000000000
14444  -56.435  -42.999  17.830 0.0000000000
14423  -51.048  -42.953  18.183 0.0000000000
14440  -51.486  -43.285  18.117 0.0000000000
14438  -49.943  -42.505  17.777 0.0000000000
100722  -49.215  -42.709  17.578 0.0000000000
15674  -47.683  -42.265  17.795 0.0000000000
15017  -44.920  -42.566  19.778 0.0000000000
14401  -46.919  -43.315  19.796 0.0000000000
15650  -45.180  -42.081  18.951 0.0000000000
17756  -44.535  -37.913  16.855 0.0000000000
16410  -45.256  -40.341  17.457 0.0000000000
17757  -45.212  -38.332  16.415 0.0000000000
17125  -46.695  -39.866  16.471 0.0000000000
8914  -51.517  -51.954  11.637 0.0000000000
8401  -52.549  -53.163  11.028 0.0000000000
8399  -51.062  -53.673  11.277 0.0000000000
6035  -49.754  -58.732  10.544 0.0000000000
13360  -44.329  -45.772  8.347 0.0000000000
11411  -44.633  -48.756  9.032 0.0000000000
9608  -47.058  -51.778  7.078 0.0000000000
13256  -48.709  -45.370  16.866 0.0000000000
103296  -48.811  -46.425  15.931 0.0000000000
13254  -47.089  -45.473  16.578 0.0000000000
13253  -45.788  -45.417  16.407 0.0000000000
13279  -44.424  -45.723  15.859 0.0000000000
14425  -54.597  -43.323  18.659 0.0000000000
103100  -51.193  -43.621  19.542 0.0000000000
14403  -48.959  -43.021  18.885 0.0000000000
95585  -44.453  -39.320  19.360 0.0000000000
16401  -44.630  -40.429  18.603 0.0000000000
98292  -44.247  -37.840  18.332 0.0000000000
19189  -43.720  -36.282  17.546 0.0000000000
19199  -44.273  -35.903  15.697 0.0000000000
8911  -48.309  -52.053  11.936 0.0000000000
8398  -49.726  -53.731  11.521 0.0000000000
101540  -47.772  -54.288  11.564 0.0000000000
6892  -47.619  -56.548  11.347 0.0000000000
6033  -46.544  -57.979  10.968 0.0000000000
6475  -45.586  -58.201  10.076 0.0000000000
6486  -45.337  -57.396  8.982 0.0000000000
6499  -45.949  -57.007  7.554 0.0000000000
12025  -54.556  -48.046  14.645 0.0000000000
10744  -54.099  -50.101  11.904 0.0000000000
10723  -52.130  -50.115  13.313 0.0000000000
10130  -50.395  -50.169  13.034 0.0000000000
12023  -49.289  -47.708  14.789 0.0000000000
108940  -49.180  -48.729  13.794 0.0000000000
10145  -49.076  -50.570  12.565 0.0000000000
102543  -47.296  -50.572  12.306 0.0000000000
10143  -46.373  -50.671  12.250 0.0000000000
9556  -45.469  -51.578  11.591 0.0000000000
12639  -55.407  -46.889  15.497 0.0000000000
12638  -53.546  -46.461  16.513 0.0000000000
106162  -52.009  -45.678  16.873 0.0000000000
14442  -53.792  -43.598  18.197 0.0000000000
13231  -52.490  -44.889  17.406 0.0000000000
13258  -50.525  -45.294  16.998 0.0000000000
13862  -48.736  -43.651  17.449 0.0000000000
14436  -47.572  -43.159  17.336 0.0000000000
15063  -47.016  -42.139  16.830 0.0000000000
14382  -48.199  -43.858  20.684 0.0000000000
14402  -47.965  -43.399  19.561 0.0000000000
15021  -48.277  -42.598  18.435 0.0000000000
16402  -44.929  -40.878  18.009 0.0000000000
15662  -46.393  -41.969  18.161 0.0000000000
15663  -46.901  -42.031  18.150 0.0000000000
16412  -46.815  -41.154  16.998 0.0000000000
16422  -47.205  -40.696  16.246 0.0000000000
8915  -53.095  -52.389  11.784 0.0000000000
7869  -52.166  -54.530  11.301 0.0000000000
7377  -50.326  -55.634  10.951 0.0000000000
6448  -50.833  -58.249  10.933 0.0000000000
11391  -44.031  -48.338  13.083 0.0000000000
96862  -44.403  -49.380  12.028 0.0000000000
10168  -43.994  -50.790  10.841 0.0000000000
10180  -43.958  -50.695  9.814 0.0000000000
8951  -44.386  -52.355  9.662 0.0000000000
8417  -44.882  -53.447  8.768 0.0000000000
7396  -45.914  -55.257  7.896 0.0000000000
15688  -46.839  -41.438  16.600 0.0000000000
104973  -53.985  -50.937  13.702 0.0000000000
9524  -54.314  -50.428  12.758 0.0000000000
8925  -45.504  -52.470  11.402 0.0000000000
105165  -45.721  -54.111  11.377 0.0000000000
8394  -45.330  -53.356  11.278 0.0000000000
7873  -44.875  -54.214  11.127 0.0000000000
8393  -44.878  -53.394  10.929 0.0000000000
12636  -51.495  -46.474  16.390 0.0000000000
99200  -51.354  -47.291  15.781 0.0000000000
12659  -50.486  -46.748  15.979 0.0000000000
11998  -45.222  -47.069  15.055 0.0000000000
12020  -46.621  -47.707  14.639 0.0000000000
12019  -45.731  -47.604  14.521 0.0000000000
103047  -44.836  -47.410  14.306 0.0000000000
13839  -58.329  -43.868  19.079 0.0000000000
13850  -58.014  -43.468  18.247 0.0000000000
13870  -57.534  -43.349  17.653 0.0000000000
14427  -56.949  -42.525  18.260 0.0000000000
14422  -50.327  -42.514  17.972 0.0000000000
111313  -49.744  -42.352  17.877 0.0000000000
15037  -49.126  -42.366  17.815 0.0000000000
15036  -48.427  -42.310  17.876 0.0000000000
16390  -44.069  -41.084  20.204 0.0000000000
15643  -44.106  -42.033  20.073 0.0000000000
14379  -45.044  -43.229  20.700 0.0000000000
18468  -44.661  -37.591  16.197 0.0000000000
17767  -45.730  -37.922  15.693 0.0000000000
18480  -45.650  -37.294  14.917 0.0000000000
9539  -50.665  -51.340  12.204 0.0000000000
8930  -51.188  -52.745  11.481 0.0000000000
8929  -50.047  -52.845  11.698 0.0000000000
10782  -45.813  -48.954  8.144 0.0000000000
10202  -46.627  -50.324  7.576 0.0000000000
13888  -48.255  -44.643  17.182 0.0000000000
13255  -47.884  -45.420  16.755 0.0000000000
13887  -47.383  -44.704  16.979 0.0000000000
13886  -46.458  -44.852  16.717 0.0000000000
13885  -45.593  -44.660  16.524 0.0000000000
13252  -45.008  -45.191  16.219 0.0000000000
13884  -44.804  -44.397  16.298 0.0000000000
14404  -50.624  -43.039  18.773 0.0000000000
14383  -49.656  -43.449  19.573 0.0000000000
109750  -44.437  -39.322  19.966 0.0000000000
17744  -44.511  -38.697  19.555 0.0000000000
17747  -44.379  -38.649  18.769 0.0000000000
19193  -43.897  -36.090  16.669 0.0000000000
7334  -51.725  -55.495  13.864 0.0000000000
98609  -47.903  -52.809  11.716 0.0000000000
8397  -48.481  -53.761  11.637 0.0000000000
8396  -47.357  -53.489  11.627 0.0000000000
7874  -46.296  -54.873  11.174 0.0000000000
7374  -46.787  -55.792  11.286 0.0000000000
6891  -46.761  -56.586  11.259 0.0000000000
6443  -46.291  -57.003  10.972 0.0000000000
6053  -45.999  -58.251  10.556 0.0000000000
6914  -45.372  -56.598  9.403 0.0000000000
6924  -45.593  -56.586  8.461 0.0000000000
114319  -45.553  -57.413  8.231 0.0000000000
108807  -45.656  -55.772  8.330 0.0000000000
12006  -54.085  -47.696  15.179 0.0000000000
11365  -54.424  -48.623  14.134 0.0000000000
10722  -50.998  -49.959  13.476 0.0000000000
10708  -50.047  -49.324  13.757 0.0000000000
12657  -48.142  -46.542  15.790 0.0000000000
12002  -48.842  -47.017  15.350 0.0000000000
11380  -48.455  -48.657  13.594 0.0000000000
97055  -48.961  -49.223  13.279 0.0000000000
10742  -49.486  -49.913  12.986 0.0000000000
10741  -48.588  -49.816  12.757 0.0000000000
10144  -48.188  -50.524  12.393 0.0000000000
10718  -45.343  -49.216  12.994 0.0000000000
10739  -46.757  -49.947  12.634 0.0000000000
10142  -45.662  -50.043  12.626 0.0000000000
10158  -45.490  -50.818  12.032 0.0000000000
13233  -54.699  -45.008  17.209 0.0000000000
105915  -54.972  -45.709  16.619 0.0000000000
13261  -54.012  -45.743  16.878 0.0000000000
13260  -52.975  -45.655  16.860 0.0000000000
14406  -53.273  -43.470  18.887 0.0000000000
14441  -52.570  -43.670  18.311 0.0000000000
13864  -51.194  -43.566  17.759 0.0000000000
13865  -52.053  -44.025  17.903 0.0000000000
13230  -51.448  -44.852  17.419 0.0000000000
110027  -50.734  -44.317  17.483 0.0000000000
13228  -49.122  -44.560  17.311 0.0000000000
13863  -49.603  -43.459  17.528 0.0000000000
14437  -48.408  -42.760  17.531 0.0000000000
15048  -47.894  -42.765  17.378 0.0000000000
15689  -46.768  -41.492  16.809 0.0000000000
14374  -47.631  -44.077  21.365 0.0000000000
15019  -46.414  -42.796  19.188 0.0000000000
15020  -47.343  -42.803  18.921 0.0000000000
17110  -44.459  -39.539  18.467 0.0000000000
113649  -44.631  -40.190  17.971 0.0000000000
17113  -45.238  -39.605  17.118 0.0000000000
15671  -45.624  -41.062  17.662 0.0000000000
15672  -46.440  -41.551  17.596 0.0000000000
15673  -46.969  -41.935  17.432 0.0000000000
17758  -46.905  -39.211  16.078 0.0000000000
16421  -46.825  -40.494  16.599 0.0000000000
17126  -47.740  -39.923  16.221 0.0000000000
10743  -53.893  -50.183  11.780 0.0000000000
9542  -54.039  -50.790  11.657 0.0000000000
9541  -53.285  -51.484  11.477 0.0000000000
8400  -52.265  -53.840  10.907 0.0000000000
7379  -51.886  -55.186  10.957 0.0000000000
6885  -51.877  -56.267  12.370 0.0000000000
6884  -51.547  -56.920  11.674 0.0000000000
7376  -49.151  -55.708  11.278 0.0000000000
105738  -50.475  -55.100  11.023 0.0000000000
6894  -50.123  -56.479  10.824 0.0000000000
111907  -50.142  -59.194  10.318 0.0000000000
6447  -50.288  -58.058  10.659 0.0000000000
12017  -43.051  -47.228  14.229 0.0000000000
12040  -42.481  -47.286  13.774 0.0000000000
10754  -43.744  -49.008  11.435 0.0000000000
10755  -44.173  -49.929  11.235 0.0000000000
10763  -43.601  -49.270  10.570 0.0000000000
10181  -44.538  -50.259  8.850 0.0000000000
10773  -44.144  -49.614  9.410 0.0000000000
10186  -44.305  -51.055  9.124 0.0000000000
9590  -44.486  -51.729  8.943 0.0000000000
8413  -44.634  -53.177  9.560 0.0000000000
8961  -44.713  -52.550  8.824 0.0000000000
8976  -46.470  -52.879  7.222 0.0000000000
8975  -45.985  -53.232  7.711 0.0000000000
7895  -46.335  -54.554  7.370 0.0000000000
15047  -46.950  -42.920  17.192 0.0000000000
14458  -46.144  -43.230  16.780 0.0000000000
105930  -45.325  -43.090  16.456 0.0000000000
18461  -44.399  -36.980  18.785 0.0000000000
19185  -44.438  -36.034  18.838 0.0000000000
8906  -53.146  -52.467  12.956 0.0000000000
7373  -45.679  -55.592  10.965 0.0000000000
6890  -45.733  -56.422  10.646 0.0000000000
7372  -44.857  -55.093  10.907 0.0000000000
7386  -44.801  -55.204  10.242 0.0000000000
7387  -44.887  -55.052  9.394 0.0000000000
12004  -52.215  -47.841  15.535 0.0000000000
11344  -51.200  -48.029  15.180 0.0000000000
12024  -50.184  -47.921  14.973 0.0000000000
12000  -47.001  -47.167  15.173 0.0000000000
12021  -47.510  -47.689  14.663 0.0000000000
11358  -47.114  -48.266  14.151 0.0000000000
11379  -47.612  -48.688  13.526 0.0000000000
10720  -47.201  -49.257  13.021 0.0000000000
11378  -46.690  -48.761  13.584 0.0000000000
11377  -45.769  -48.702  13.529 0.0000000000
11376  -44.886  -48.537  13.347 0.0000000000
13868  -55.558  -44.053  17.437 0.0000000000
13867  -54.237  -44.078  17.703 0.0000000000
14439  -50.737  -42.805  17.905 0.0000000000
15049  -48.200  -42.402  17.757 0.0000000000
101214  -45.908  -43.489  20.861 0.0000000000
14380  -46.588  -43.556  20.663 0.0000000000
15005  -45.899  -43.141  20.008 0.0000000000
15018  -45.646  -42.617  19.294 0.0000000000
17749  -44.290  -37.846  17.540 0.0000000000
16409  -44.636  -39.543  17.671 0.0000000000
17750  -44.740  -38.749  17.154 0.0000000000
17124  -45.764  -39.251  16.526 0.0000000000
17114  -46.024  -40.093  16.872 0.0000000000
108882  -46.106  -38.620  16.054 0.0000000000
17768  -46.893  -38.476  15.574 0.0000000000
10148  -51.897  -51.239  11.921 0.0000000000
9540  -52.590  -51.843  11.389 0.0000000000
8931  -52.220  -52.619  11.258 0.0000000000
111252  -52.007  -53.358  11.001 0.0000000000
7877  -51.846  -54.492  10.897 0.0000000000
6446  -49.295  -57.655  10.892 0.0000000000
12734  -45.328  -46.901  8.375 0.0000000000
12083  -44.822  -47.448  8.788 0.0000000000
105223  -44.337  -48.046  9.203 0.0000000000
11417  -45.378  -48.535  8.570 0.0000000000
10774  -44.972  -49.312  8.629 0.0000000000
9591  -45.106  -51.841  8.254 0.0000000000
104153  -46.489  -52.141  7.382 0.0000000000
8988  -46.857  -52.464  6.892 0.0000000000
12658  -49.519  -46.554  15.859 0.0000000000
12634  -49.163  -45.966  16.372 0.0000000000
12633  -48.377  -45.997  16.355 0.0000000000
12632  -47.602  -46.058  16.253 0.0000000000
114132  -46.434  -45.598  16.441 0.0000000000
12631  -46.832  -46.092  16.157 0.0000000000
12655  -46.509  -46.594  15.627 0.0000000000
12654  -45.660  -46.520  15.568 0.0000000000
12653  -44.768  -46.417  15.516 0.0000000000
14426  -55.829  -42.822  18.493 0.0000000000
103099  -52.309  -43.502  19.130 0.0000000000
14385  -51.997  -43.887  19.779 0.0000000000
14405  -51.503  -43.288  18.882 0.0000000000
101478  -49.830  -42.563  18.284 0.0000000000
94951  -44.315  -40.070  20.008 0.0000000000
16397  -44.444  -40.714  19.383 0.0000000000
106076  -44.498  -39.979  19.207 0.0000000000
18462  -43.846  -36.985  17.949 0.0000000000
18467  -43.962  -37.092  16.946 0.0000000000
18473  -44.289  -36.778  15.982 0.0000000000
8912  -49.284  -52.039  11.929 0.0000000000
8928  -48.923  -52.857  11.705 0.0000000000
113762  -48.465  -54.435  11.572 0.0000000000
109990  -48.323  -54.977  11.507 0.0000000000
7375  -47.985  -55.764  11.427 0.0000000000
96116  -47.523  -58.364  11.130 0.0000000000
6904  -45.417  -56.564  10.146 0.0000000000
95680  -45.315  -58.222  9.378 0.0000000000
98453  -45.359  -58.150  8.505 0.0000000000
96947  -45.620  -57.959  7.660 0.0000000000
11366  -55.008  -48.756  14.228 0.0000000000
103481  -54.658  -49.309  13.630 0.0000000000
11381  -54.379  -49.272  13.392 0.0000000000
10725  -53.769  -49.334  13.280 0.0000000000
10724  -53.328  -49.882  12.660 0.0000000000
10709  -52.741  -49.495  13.805 0.0000000000
10131  -51.461  -50.586  12.795 0.0000000000
10147  -50.824  -50.833  12.587 0.0000000000
10146  -49.976  -50.637  12.595 0.0000000000
98517  -49.812  -47.239  15.402 0.0000000000
12022  -48.401  -47.643  14.698 0.0000000000
11360  -48.836  -48.200  14.190 0.0000000000
9538  -49.634  -51.290  12.236 0.0000000000
9537  -48.692  -51.295  12.221 0.0000000000
9536  -47.794  -51.291  12.120 0.0000000000
9558  -47.383  -52.050  11.911 0.0000000000
9557  -46.908  -51.313  12.003 0.0000000000
8926  -46.395  -52.078  11.706 0.0000000000
9555  -44.760  -51.898  11.242 0.0000000000
12026  -55.144  -48.189  14.630 0.0000000000
12007  -55.146  -47.557  15.006 0.0000000000
11984  -54.136  -47.138  15.861 0.0000000000
13262  -55.733  -46.142  15.981 0.0000000000
98403  -54.592  -46.388  16.278 0.0000000000
11983  -53.145  -47.032  16.236 0.0000000000
12637  -52.553  -46.429  16.507 0.0000000000
103230  -50.732  -46.101  16.553 0.0000000000
14443  -55.087  -43.421  18.109 0.0000000000
13866  -53.101  -44.098  17.812 0.0000000000
13259  -51.228  -45.715  16.841 0.0000000000
13257  -49.576  -45.319  16.907 0.0000000000
13861  -47.859  -43.807  17.295 0.0000000000
14381  -47.388  -43.709  20.578 0.0000000000
94898  -48.752  -43.621  19.875 0.0000000000
15660  -44.834  -41.245  18.744 0.0000000000
15661  -45.596  -41.596  18.234 0.0000000000
15034  -46.800  -42.387  18.474 0.0000000000
15035  -47.657  -42.308  18.150 0.0000000000
16423  -48.315  -40.287  15.854 0.0000000000
8916  -53.573  -51.636  12.144 0.0000000000
8379  -52.581  -53.310  12.558 0.0000000000
8932  -52.798  -52.431  11.278 0.0000000000
8387  -52.463  -53.633  11.402 0.0000000000
7855  -52.267  -54.133  12.233 0.0000000000
7352  -52.097  -55.776  12.962 0.0000000000
7876  -50.673  -54.539  11.149 0.0000000000
6895  -51.065  -56.261  10.766 0.0000000000
102812  -49.996  -57.239  10.716 0.0000000000
100112  -50.821  -57.282  10.737 0.0000000000
15699  -45.767  -41.160  15.554 0.0000000000
13883  -44.095  -44.216  16.057 0.0000000000
13278  -43.598  -45.460  15.630 0.0000000000
12652  -43.845  -46.272  15.413 0.0000000000
12670  -43.423  -46.760  14.776 0.0000000000
99516  -43.927  -47.287  14.204 0.0000000000
12042  -44.387  -47.835  13.695 0.0000000000
10738  -44.592  -48.959  12.719 0.0000000000
11390  -43.271  -48.161  12.752 0.0000000000
10737  -43.881  -48.674  12.293 0.0000000000
10141  -44.851  -50.181  12.087 0.0000000000
10157  -44.644  -50.984  11.506 0.0000000000
105587  -44.261  -51.476  11.062 0.0000000000
11410  -43.873  -48.758  9.533 0.0000000000
10772  -43.681  -49.271  9.874 0.0000000000
10764  -43.815  -49.962  10.243 0.0000000000
108902  -43.996  -51.369  10.509 0.0000000000
100572  -44.285  -52.092  10.674 0.0000000000
7887  -44.710  -54.140  9.573 0.0000000000
7890  -45.020  -54.335  8.692 0.0000000000
8418  -45.465  -53.690  8.186 0.0000000000
7391  -45.342  -55.125  8.534 0.0000000000
6933  -46.022  -56.083  7.779 0.0000000000
7366  -51.932  -55.439  11.879 0.0000000000
7378  -51.339  -55.364  10.881 0.0000000000
7383  -45.246  -55.750  10.444 0.0000000000
7854  -52.095  -54.968  12.736 0.0000000000
7894  -45.659  -54.477  8.053 0.0000000000
8407  -44.697  -53.724  10.408 0.0000000000
8428  -45.946  -53.920  7.667 0.0000000000
8429  -46.418  -53.669  7.162 0.0000000000
8942  -44.633  -52.904  10.404 0.0000000000
9543  -54.187  -50.260  11.924 0.0000000000
9581  -44.101  -51.580  9.777 0.0000000000
10120  -54.571  -49.826  13.748 0.0000000000
10149  -53.758  -50.697  11.546 0.0000000000
10726  -54.317  -49.801  12.682 0.0000000000
11375  -42.576  -47.753  13.112 0.0000000000
12041  -43.297  -47.790  13.617 0.0000000000
12071  -44.992  -48.146  8.812 0.0000000000
12630  -46.056  -46.062  16.132 0.0000000000
12656  -47.329  -46.616  15.713 0.0000000000
12742  -44.985  -46.168  8.043 0.0000000000
13229  -49.998  -44.438  17.384 0.0000000000
13280  -45.265  -45.918  16.025 0.0000000000
13901  -44.207  -44.945  16.030 0.0000000000
15061  -45.721  -42.378  16.407 0.0000000000
97161  -46.534  -51.357  7.483 0.0000000000
98700  -45.405  -57.409  9.794 0.0000000000
102025  -49.416  -54.734  11.393 0.0000000000
102809  -53.030  -51.210  11.496 0.0000000000
104827  -52.737  -52.980  11.433 0.0000000000
108602  -54.067  -48.900  13.675 0.0000000000
110602  -54.061  -49.765  12.428 0.0000000000
110803  -54.073  -50.351  11.606 0.0000000000
112536  -44.688  -54.764  9.935 0.0000000000
112847  -46.136  -51.278  11.874 0.0000000000
112932  -51.972  -53.879  10.864 0.0000000000
113120  -47.001  -58.625  11.079 0.0000000000
