#!ascii label  , from subject sub-v1s9x0051352_ses-1 vox2ras=TkReg
1754
100049  28.414  -11.390  55.797 0.5555559993
41622  26.507  -11.896  54.788 0.4444440007
41618  27.155  -11.674  55.380 0.4444440007
40599  27.847  -11.754  55.918 0.5555559993
108684  27.369  -11.774  55.565 0.4444440007
97646  27.481  -11.134  55.429 0.5555559993
40615  25.883  -12.211  54.416 0.4444440007
40600  26.773  -12.326  55.680 0.4444440007
42707  28.681  -10.887  55.678 0.4444440007
41609  28.856  -11.535  56.157 0.4444440007
41621  26.588  -11.290  54.871 0.5555559993
41610  29.197  -11.478  55.851 0.5555559993
40589  25.991  -12.874  56.242 0.4444440007
40588  26.892  -12.360  56.461 0.4444440007
39651  25.378  -13.437  56.027 0.2222220004
42700  28.941  -10.677  55.915 0.3333329856
42699  28.771  -11.154  56.883 0.4444440007
42708  27.190  -10.665  55.463 0.4444440007
109079  26.629  -11.004  53.901 0.4444440007
42711  26.623  -10.775  54.580 0.4444440007
98703  26.269  -11.479  54.147 0.4444440007
40587  27.961  -11.877  56.583 0.5555559993
42725  26.436  -10.220  52.326 0.4444440007
42720  26.522  -10.393  53.336 0.4444440007
43626  27.997  -10.523  55.819 0.3333329856
41631  26.234  -10.891  53.115 0.4444440007
43630  26.530  -10.245  53.819 0.4444440007
42712  26.231  -10.284  54.699 0.3333329856
43627  26.567  -10.106  55.550 0.3333329856
41632  25.529  -11.508  53.606 0.2222220004
40576  26.862  -12.359  57.425 0.5555559993
39637  25.406  -13.481  56.922 0.1111110002
98485  26.836  -9.707  51.690 0.4444440007
43640  27.276  -9.155  51.683 0.5555559993
42724  26.621  -9.692  52.445 0.4444440007
42729  26.370  -10.239  51.413 0.3333329856
43636  26.526  -9.746  53.158 0.5555559993
41635  25.847  -10.667  51.979 0.3333329856
41636  25.335  -11.224  52.595 0.2222220004
44571  25.802  -9.494  54.612 0.3333329856
108614  27.317  -9.426  51.244 0.4444440007
42728  26.935  -9.892  50.967 0.3333329856
44579  26.826  -9.093  52.455 0.5555559993
42735  26.483  -10.487  50.585 0.2222220004
41645  25.965  -11.072  50.157 0.1111110002
43644  27.853  -9.103  51.035 0.4444440007
43649  27.495  -9.510  50.602 0.3333329856
44584  27.403  -8.506  51.758 0.5555559993
43655  28.485  -9.462  49.580 0.3333329856
42733  27.705  -9.722  49.810 0.3333329856
42734  27.135  -10.179  50.220 0.2222220004
93539  26.786  -8.396  52.489 0.3333329856
42739  27.353  -10.477  49.426 0.1111110002
42740  26.671  -10.793  49.791 0.1111110002
41646  25.348  -11.444  50.592 0.1111110002
41653  24.825  -11.941  50.190 0.1111110002
43643  27.855  -8.775  51.194 0.5555559993
43648  28.128  -9.143  50.278 0.4444440007
44588  28.111  -8.256  50.961 0.6666669846
43654  29.257  -9.238  49.354 0.4444440007
43659  29.670  -9.486  48.518 0.3333329856
42737  28.853  -9.849  48.833 0.3333329856
42738  28.059  -10.130  49.103 0.2222220004
41650  26.893  -11.098  48.996 0.1111110002
41651  26.142  -11.343  49.325 0.1111110002
41652  25.386  -11.674  49.687 0.1111110002
44591  29.096  -8.472  50.129 0.6666669846
44592  28.389  -8.691  50.567 0.6666669846
43647  28.877  -8.930  49.984 0.5555559993
43653  29.791  -8.843  49.008 0.3333329856
44587  28.717  -8.241  50.478 0.6666669846
44597  29.504  -8.663  49.611 0.5555559993
45565  29.223  -7.932  50.198 0.6666669846
101558  30.337  -9.445  48.147 0.3333329856
44596  30.395  -8.482  49.180 0.4444440007
43661  31.128  -9.211  48.395 0.4444440007
43658  30.397  -9.008  48.694 0.4444440007
44590  29.716  -8.186  49.721 0.6666669846
44602  31.190  -8.978  49.046 0.4444440007
44605  31.902  -9.185  48.331 0.5555559993
45568  29.735  -7.633  49.774 0.7777780294
44595  31.356  -8.613  49.147 0.6666669846
45567  30.530  -8.012  49.446 0.6666669846
44601  31.886  -9.159  49.031 0.5555559993
44600  32.563  -8.954  48.661 0.5555559993
45575  31.342  -8.006  49.283 0.6666669846
45574  32.157  -8.684  49.094 0.6666669846
46514  31.056  -7.171  48.729 0.5555559993
45585  33.116  -8.382  48.285 0.5555559993
46513  32.155  -7.757  48.897 0.7777780294
45573  32.789  -8.417  48.762 0.6666669846
46512  32.874  -7.620  48.800 0.6666669846
45571  34.318  -7.389  48.261 0.6666669846
45572  33.359  -7.641  48.549 0.5555559993
46525  32.144  -6.683  48.094 0.6666669846
46500  35.513  -5.835  50.112 0.7777780294
46511  33.332  -6.980  49.101 0.7777780294
94545  35.127  -6.647  49.315 0.7777780294
46510  34.161  -7.049  49.162 0.6666669846
47472  32.787  -6.536  48.437 0.6666669846
47471  33.164  -5.993  49.255 0.8888890147
46502  33.704  -6.504  49.630 0.8888890147
46493  36.002  -6.553  51.315 0.7777780294
96044  36.287  -6.083  50.382 0.7777780294
46501  34.519  -6.217  49.902 0.7777780294
46499  36.087  -6.158  49.416 0.6666669846
48434  33.572  -4.939  49.166 0.7777780294
48435  32.993  -5.211  47.980 0.6666669846
47456  34.236  -5.262  50.407 0.8888890147
47466  33.874  -5.661  49.862 0.8888890147
92305  35.765  -7.837  52.722 0.7777780294
90519  35.180  -6.490  51.935 0.7777780294
46494  35.109  -5.780  50.755 0.8888890147
47455  34.592  -5.575  51.236 0.8888890147
47465  34.509  -5.615  50.279 0.8888890147
46484  36.870  -7.458  52.011 0.7777780294
46492  36.887  -6.669  51.034 0.6666669846
102167  36.956  -6.027  50.121 0.6666669846
48431  34.118  -4.778  49.924 0.8888890147
90513  35.456  -8.166  53.471 0.8888890147
90520  34.769  -7.072  53.273 0.8888890147
92699  34.850  -6.283  52.489 0.8888890147
92842  34.286  -4.678  50.937 0.8888890147
90539  34.354  -3.968  50.139 0.8888890147
100266  36.410  -8.126  53.410 0.8888890147
90528  34.652  -4.406  51.751 0.8888890147
90497  34.513  -3.539  50.957 0.8888890147
107383  36.878  -7.459  52.234 0.7777780294
49300  34.337  -3.821  49.125 0.6666669846
90495  36.998  -5.286  52.292 0.8888890147
90514  35.187  -6.893  53.548 0.8888890147
90496  35.608  -5.118  52.536 0.8888890147
92296  34.877  -5.696  52.629 0.8888890147
92097  34.951  -2.705  50.780 0.8888890147
91762  34.597  -2.876  49.919 0.6666669846
47444  36.823  -7.290  52.712 0.8888890147
92422  35.081  -4.242  52.139 0.8888890147
110255  37.699  -5.547  51.956 0.8888890147
46483  37.497  -7.017  51.578 0.7777780294
90529  37.244  -4.243  52.418 0.8888890147
91675  35.954  -3.776  52.143 0.8888890147
105960  35.637  -3.355  51.853 0.8888890147
105802  34.978  -2.251  50.021 0.7777780294
103922  38.529  -5.018  54.385 0.8888890147
90499  38.217  -5.255  53.014 0.8888890147
45556  37.664  -6.058  52.198 0.7777780294
47449  38.144  -6.623  51.239 0.7777780294
94682  36.630  -4.336  52.183 0.7777780294
105005  36.691  -3.180  52.688 0.8888890147
51149  36.240  -1.714  49.138 0.5555559993
50235  35.416  -1.682  48.592 0.4444440007
105337  37.402  -3.547  54.143 0.8888890147
105605  37.025  -3.642  53.461 0.7777780294
105604  36.479  -2.805  52.063 0.8888890147
105191  35.861  -2.646  51.394 0.8888890147
92113  35.440  -1.884  49.580 0.7777780294
94170  37.448  -4.311  53.996 0.8888890147
105020  35.666  -2.178  50.495 0.7777780294
99546  35.284  -1.886  47.719 0.2222220004
93009  39.219  -5.314  54.684 0.8888890147
48408  38.457  -4.373  51.896 0.6666669846
108147  38.451  -4.491  51.385 0.6666669846
46478  40.040  -6.409  53.913 0.7777780294
91792  36.906  -2.680  53.602 0.8888890147
105453  36.458  -1.852  53.072 0.7777780294
108243  35.861  -1.613  47.842 0.2222220004
90504  38.786  -2.439  54.521 0.8888890147
91415  36.526  -1.956  51.240 0.6666669846
105801  36.151  -1.854  49.920 0.7777780294
90500  38.142  -4.269  54.633 0.8888890147
90503  40.397  -4.581  54.407 0.8888890147
47440  41.405  -5.613  52.444 0.7777780294
92744  39.565  -4.317  50.538 0.6666669846
90542  41.166  -4.666  51.187 0.7777780294
94278  40.415  -5.439  49.090 0.6666669846
93203  39.971  -3.634  49.985 0.6666669846
92265  40.527  -4.689  48.627 0.5555559993
91767  36.371  -1.514  48.261 0.2222220004
92250  38.156  -0.208  55.163 0.8888890147
105603  37.439  -1.206  53.556 0.7777780294
105019  36.993  -0.824  52.954 0.7777780294
93270  37.212  -1.570  50.820 0.7777780294
90550  36.614  -1.739  47.502 0.1111110002
92897  40.831  -3.155  57.748 0.8888890147
92033  39.067  1.249  54.993 0.8888890147
90530  38.002  0.200  53.999 0.8888890147
91690  36.961  -0.948  51.924 0.7777780294
90511  42.670  -3.210  56.251 0.8888890147
90507  42.308  -4.431  53.142 0.7777780294
90543  42.066  -4.302  50.628 0.7777780294
90554  40.265  -4.093  49.543 0.5555559993
90558  40.376  -5.244  48.771 0.4444440007
92520  40.655  -3.471  48.772 0.6666669846
90556  40.187  -4.272  47.239 0.2222220004
105282  40.172  -4.173  46.244 0.2222220004
90555  40.628  -3.957  47.455 0.3333329856
91450  40.682  -3.520  45.790 0.2222220004
105506  40.519  -3.958  44.278 0.2222220004
105026  40.825  -3.265  44.788 0.2222220004
90581  40.902  -3.368  43.941 0.2222220004
91743  41.554  -3.632  42.655 0.2222220004
91997  37.182  -1.673  48.813 0.3333329856
50251  36.743  -2.301  46.713 0.2222220004
91734  37.588  -2.012  47.056 0.2222220004
92169  38.026  -1.322  50.219 0.6666669846
90518  44.506  -1.577  55.468 0.8888890147
90515  39.992  0.325  56.807 0.8888890147
91688  38.935  -0.245  51.826 0.7777780294
90551  37.822  -0.647  51.306 0.7777780294
97311  43.951  -2.885  53.724 0.8888890147
90517  42.932  -4.663  51.400 0.7777780294
90536  42.145  -3.683  49.988 0.7777780294
90552  40.893  -2.854  48.145 0.6666669846
105962  41.000  -3.083  47.549 0.5555559993
96274  40.770  -3.832  47.957 0.5555559993
105073  40.629  -3.709  46.703 0.3333329856
110403  41.235  -3.044  45.518 0.3333329856
105961  41.853  -2.886  44.998 0.3333329856
105366  41.524  -2.982  44.142 0.3333329856
105348  41.534  -3.273  43.382 0.2222220004
90541  38.067  -1.635  47.684 0.4444440007
103699  37.277  -1.524  47.937 0.3333329856
105818  37.939  -1.700  49.361 0.5555559993
92188  42.965  -0.005  52.304 0.8888890147
91568  41.486  1.299  52.470 0.7777780294
91429  40.248  0.111  51.389 0.7777780294
105469  38.914  -0.393  50.593 0.6666669846
90527  42.158  -0.940  50.679 0.8888890147
105559  43.693  -1.409  53.137 0.8888890147
92151  42.541  -3.137  52.158 0.8888890147
90525  42.097  -1.992  50.052 0.8888890147
90537  42.319  -3.151  49.835 0.7777780294
91816  42.507  -1.583  49.081 0.8888890147
90526  42.207  -2.241  49.467 0.8888890147
94990  40.974  -2.722  48.745 0.7777780294
105027  41.019  -3.361  47.090 0.4444440007
91420  41.137  -3.147  46.233 0.3333329856
90533  38.218  -1.665  48.499 0.4444440007
105767  42.651  1.401  52.721 0.7777780294
110045  41.542  0.677  51.434 0.7777780294
90521  38.985  -1.237  49.422 0.6666669846
105678  38.829  -1.528  47.811 0.4444440007
105038  41.244  -0.055  50.245 0.8888890147
92545  42.484  -1.243  49.105 0.8888890147
90546  42.550  -1.332  48.498 0.8888890147
92123  41.517  -1.983  48.164 0.8888890147
92613  41.232  -2.425  47.484 0.6666669846
105267  41.479  -2.347  46.679 0.6666669846
107444  42.235  -2.164  45.349 0.5555559993
105008  42.542  -1.510  44.782 0.5555559993
105009  41.260  -2.842  47.050 0.6666669846
105365  41.365  -2.725  46.445 0.5555559993
105025  42.324  -2.383  44.970 0.4444440007
105763  40.223  -0.646  48.791 0.7777780294
106550  41.162  -0.124  48.894 0.8888890147
105370  40.112  -0.169  49.761 0.6666669846
102581  39.255  -1.509  48.551 0.5555559993
92276  42.312  -0.631  48.458 0.8888890147
105832  41.796  -0.682  49.733 0.8888890147
90532  41.489  -1.734  47.535 0.7777780294
92882  41.815  -1.848  46.011 0.7777780294
91550  42.270  -1.618  45.123 0.7777780294
110312  41.377  -2.035  47.607 0.7777780294
91409  41.825  -2.203  45.919 0.5555559993
92437  43.503  -0.699  45.050 0.6666669846
107785  43.258  -0.234  44.745 0.5555559993
105058  44.299  -0.283  44.709 0.4444440007
91694  39.947  -1.510  47.925 0.5555559993
91887  39.166  -1.472  47.161 0.5555559993
110144  41.728  -0.270  48.799 0.8888890147
92027  41.015  -0.505  48.379 0.7777780294
105762  41.908  -0.271  48.250 0.8888890147
90547  42.064  -1.124  47.851 0.8888890147
90553  41.483  -2.031  46.975 0.7777780294
91859  43.220  -0.248  45.015 0.6666669846
105216  43.863  0.015  44.923 0.5555559993
105651  44.647  -0.616  46.649 0.6666669846
105251  41.076  -1.513  47.972 0.8888890147
90538  41.647  -1.784  46.273 0.7777780294
90601  42.303  -0.860  44.567 0.7777780294
105002  43.489  -0.043  45.600 0.6666669846
91520  44.226  -0.401  46.526 0.7777780294
105217  45.136  -0.347  47.157 0.8888890147
105059  45.967  -1.058  46.737 0.7777780294
105205  41.220  -1.746  47.063 0.8888890147
92804  41.457  -1.881  46.788 0.8888890147
90559  41.471  -1.600  45.924 0.8888890147
110050  43.540  -0.548  45.481 0.8888890147
91893  43.764  -0.086  46.060 0.7777780294
106521  40.913  -1.525  46.070 0.6666669846
105021  41.506  -1.272  45.162 0.7777780294
105207  41.929  -0.968  44.683 0.6666669846
42686  29.936  -9.446  58.472 0.4444440007
41598  28.625  -11.387  57.007 0.4444440007
40575  27.646  -11.847  57.803 0.5555559993
43617  28.038  -10.085  56.785 0.2222220004
41597  28.944  -11.103  56.674 0.4444440007
39652  24.718  -13.782  55.757 0.1111110002
42688  28.596  -10.258  57.444 0.3333329856
42687  28.994  -10.597  58.174 0.4444440007
43637  26.220  -9.645  53.807 0.3333329856
43618  26.883  -9.770  56.237 0.2222220004
95282  34.909  -7.459  52.988 0.8888890147
109984  34.631  -5.309  51.852 0.8888890147
46491  37.645  -6.685  50.986 0.6666669846
47463  37.996  -6.109  49.846 0.6666669846
90498  37.663  -4.825  52.032 0.8888890147
90540  34.976  -3.398  51.543 0.8888890147
47429  39.264  -6.238  53.810 0.8888890147
47443  38.199  -4.781  52.575 0.7777780294
48409  37.954  -4.799  51.746 0.7777780294
46498  38.603  -6.174  50.422 0.6666669846
91571  36.616  -1.752  52.190 0.8888890147
109262  40.012  -4.455  54.328 0.8888890147
90502  40.133  -5.898  54.327 0.8888890147
47428  40.528  -6.009  53.414 0.7777780294
47441  40.708  -5.933  53.106 0.7777780294
48419  38.823  -4.160  51.145 0.6666669846
91825  37.760  -2.062  53.958 0.8888890147
93022  39.512  -2.437  56.910 0.8888890147
105570  36.548  -1.893  50.474 0.6666669846
90505  42.456  -4.414  54.712 0.7777780294
48407  39.771  -4.730  51.823 0.7777780294
90522  43.099  -5.333  51.698 0.7777780294
111611  40.465  -3.828  50.310 0.7777780294
92396  40.929  -3.546  49.776 0.6666669846
90523  39.469  -1.149  57.249 0.8888890147
90534  37.077  -1.782  49.801 0.4444440007
97478  42.179  -1.221  57.923 0.8888890147
105039  39.570  0.966  53.303 0.7777780294
92708  38.021  -0.408  52.583 0.7777780294
92705  43.593  -3.721  54.291 0.8888890147
92187  42.619  -4.452  52.606 0.7777780294
90524  42.573  -4.069  50.668 0.7777780294
104053  40.510  -4.563  48.072 0.3333329856
48456  40.026  -4.949  45.723 0.2222220004
48446  39.637  -4.885  46.780 0.2222220004
92010  40.353  -4.071  45.249 0.2222220004
105531  41.455  -3.742  41.985 0.2222220004
93230  42.779  0.636  56.150 0.8888890147
91610  43.984  0.894  53.965 0.8888890147
105013  41.478  2.029  54.473 0.7777780294
92948  42.362  -3.264  50.604 0.8888890147
90545  41.617  -3.039  49.419 0.7777780294
105183  42.090  0.518  51.433 0.8888890147
107403  42.263  -1.998  51.485 0.8888890147
90544  42.155  -2.270  49.002 0.8888890147
104917  41.682  -2.597  45.639 0.4444440007
90780  43.013  -0.547  44.387 0.4444440007
91440  45.048  -0.949  45.833 0.6666669846
105748  43.999  -0.159  46.860 0.8888890147
90548  43.431  -0.137  45.997 0.8888890147
42677  29.689  -10.198  58.478 0.4444440007
41589  29.138  -10.624  57.681 0.4444440007
40571  26.778  -12.324  58.448 0.4444440007
41525  9.225  -10.907  68.684 0.1111110002
41535  9.160  -11.744  67.031 0.1111110002
40514  9.984  -12.463  66.614 0.1111110002
97442  9.796  -11.091  67.754 0.1111110002
41521  8.776  -10.830  69.646 0.1111110002
40528  10.566  -13.191  64.930 0.1111110002
45562  28.612  -7.715  50.488 0.5555559993
39526  13.199  -13.369  70.754 0.1111110002
108732  10.508  -12.880  66.261 0.1111110002
41534  10.324  -11.636  67.110 0.1111110002
39560  11.491  -13.191  65.048 0.1111110002
40523  10.919  -13.060  65.762 0.1111110002
41528  10.762  -10.848  67.740 0.1111110002
39559  12.352  -13.490  64.627 0.1111110002
100352  10.188  -13.202  65.757 0.1111110002
39558  13.076  -13.884  64.172 0.1111110002
99405  11.765  -13.273  64.080 0.1111110002
38616  13.597  -14.419  63.667 0.1111110002
39569  12.370  -13.599  63.695 0.1111110002
94917  14.598  -11.966  69.762 0.2222220004
112643  13.569  -12.073  70.878 0.1111110002
104805  13.151  -14.273  69.510 0.1111110002
40513  11.153  -12.760  66.242 0.1111110002
39531  15.906  -12.644  68.386 0.3333329856
94436  12.202  -13.575  65.632 0.1111110002
43556  12.069  -9.669  67.926 0.1111110002
42591  11.200  -9.994  68.427 0.1111110002
38614  13.666  -14.443  64.652 0.1111110002
97250  27.930  -7.555  50.763 0.4444440007
45557  27.567  -7.877  51.429 0.3333329856
111835  27.169  -7.974  52.039 0.2222220004
45563  26.861  -7.414  51.573 0.2222220004
39535  15.070  -13.173  67.669 0.2222220004
39529  13.177  -13.496  70.044 0.1111110002
38604  13.068  -14.936  68.844 0.1111110002
39543  12.414  -13.691  66.524 0.1111110002
40512  11.924  -13.033  66.320 0.1111110002
41533  11.284  -11.386  66.983 0.1111110002
42596  11.585  -10.491  67.548 0.1111110002
110899  12.210  -13.632  66.193 0.1111110002
42595  12.283  -10.070  67.132 0.1111110002
39541  15.391  -13.106  66.948 0.3333329856
39534  16.182  -13.221  67.617 0.3333329856
38610  12.613  -14.334  66.950 0.1111110002
38612  12.588  -14.087  66.164 0.1111110002
40509  15.877  -12.689  66.425 0.3333329856
37708  12.802  -14.781  66.562 0.1111110002
96895  12.638  -15.009  67.240 0.1111110002
37710  13.669  -15.631  65.685 0.1111110002
37711  13.299  -14.792  65.707 0.1111110002
99931  14.089  -15.185  65.011 0.1111110002
37714  14.186  -14.988  64.094 0.1111110002
37713  14.472  -15.767  64.432 0.1111110002
106955  23.527  -8.839  60.840 0.2222220004
110803  27.697  -7.103  50.529 0.2222220004
42665  23.549  -9.143  60.364 0.2222220004
46485  27.133  -7.195  50.767 0.2222220004
45558  26.584  -7.658  52.389 0.1111110002
97015  12.735  -13.388  66.645 0.1111110002
41532  12.517  -12.357  66.311 0.1111110002
40510  14.717  -12.758  66.345 0.3333329856
39537  12.711  -13.983  67.307 0.1111110002
96869  11.515  -12.177  66.404 0.1111110002
103695  12.076  -11.433  66.439 0.1111110002
42601  11.928  -10.812  66.884 0.1111110002
43576  22.750  -8.792  61.386 0.2222220004
43582  21.932  -8.625  61.493 0.2222220004
93670  29.119  -7.304  50.103 0.6666669846
42651  22.711  -8.754  60.863 0.2222220004
42664  24.363  -9.232  59.796 0.2222220004
101838  24.171  -10.211  59.094 0.1111110002
46479  26.123  -6.753  51.965 0.1111110002
39532  14.545  -13.098  68.470 0.2222220004
40511  13.577  -12.731  66.331 0.2222220004
41544  13.056  -11.230  65.985 0.1111110002
39536  13.620  -13.698  67.968 0.1111110002
39542  13.935  -13.336  67.031 0.1111110002
40520  16.679  -12.267  65.841 0.3333329856
41540  16.688  -11.473  65.225 0.3333329856
42618  16.720  -10.303  63.867 0.1111110002
93376  17.242  -10.163  63.265 0.1111110002
46495  28.319  -6.966  50.304 0.4444440007
94322  17.895  -10.054  62.442 0.1111110002
42642  18.460  -10.130  61.452 0.1111110002
46503  30.311  -7.335  49.396 0.6666669846
42653  20.172  -9.544  61.123 0.1111110002
42666  22.552  -9.628  60.041 0.2222220004
97981  23.304  -10.083  59.343 0.2222220004
45559  25.855  -7.382  52.897 0.1111110002
42690  24.428  -10.236  58.355 0.1111110002
46480  25.256  -6.462  52.719 0.1111110002
46469  25.258  -7.164  53.590 0.1111110002
46457  24.542  -7.316  54.142 0.1111110002
43610  24.798  -10.183  57.505 0.1111110002
46470  24.680  -6.518  53.504 0.1111110002
40522  14.303  -12.132  65.867 0.2222220004
111507  13.463  -11.985  66.008 0.1111110002
41543  13.983  -11.374  65.618 0.1111110002
41542  14.889  -11.482  65.449 0.2222220004
42604  15.382  -10.860  65.009 0.1111110002
41550  16.167  -10.956  64.865 0.1111110002
42608  16.273  -10.552  64.343 0.1111110002
46486  26.455  -6.814  50.989 0.1111110002
102963  19.359  -9.720  61.589 0.1111110002
93887  20.938  -9.520  60.329 0.1111110002
45546  25.086  -7.867  54.045 0.1111110002
45540  24.790  -8.126  54.664 0.1111110002
42652  21.816  -9.128  60.709 0.1111110002
42667  21.611  -9.690  59.685 0.1111110002
44568  24.585  -8.696  55.243 0.1111110002
45541  24.175  -7.735  54.913 0.1111110002
44560  24.514  -8.993  56.013 0.1111110002
43620  24.102  -9.806  56.445 0.1111110002
42609  15.663  -10.432  64.428 0.1111110002
42605  14.601  -10.717  65.247 0.1111110002
42629  16.260  -10.230  62.852 0.1111110002
46504  29.564  -7.083  49.713 0.4444440007
103854  23.598  -10.249  58.415 0.1111110002
43619  25.214  -9.900  56.682 0.1111110002
109729  17.594  -10.021  62.914 0.1111110002
46527  30.538  -6.298  47.862 0.4444440007
94537  30.194  -6.646  48.715 0.3333329856
46505  28.887  -6.617  49.685 0.4444440007
108541  27.475  -6.602  50.312 0.2222220004
46496  26.653  -6.387  50.505 0.1111110002
47457  28.042  -6.060  49.727 0.2222220004
42680  22.179  -9.952  58.983 0.1111110002
47458  27.171  -5.727  50.161 0.1111110002
47459  26.307  -5.676  50.381 0.1111110002
95674  28.226  -5.243  49.198 0.1111110002
103917  27.725  -5.299  49.754 0.1111110002
48432  28.359  -4.408  48.944 0.1111110002
48427  27.980  -4.519  49.756 0.1111110002
42619  15.771  -10.126  63.601 0.1111110002
42654  19.228  -9.934  60.527 0.1111110002
93859  20.033  -9.829  59.701 0.1111110002
96101  20.852  -9.740  59.366 0.1111110002
42681  21.305  -9.880  58.747 0.1111110002
46526  31.436  -6.587  47.871 0.4444440007
46515  29.523  -6.558  49.154 0.4444440007
47483  30.900  -5.711  47.131 0.3333329856
47450  25.897  -6.020  50.873 0.1111110002
42691  22.661  -10.237  58.041 0.1111110002
47473  29.525  -5.825  48.336 0.4444440007
47467  28.800  -5.871  49.063 0.3333329856
43611  23.600  -10.194  57.385 0.1111110002
47474  28.719  -5.116  48.546 0.1111110002
49295  28.227  -3.703  49.483 0.1111110002
47493  31.958  -5.243  46.752 0.2222220004
47494  31.319  -5.113  46.579 0.1111110002
48448  31.868  -4.451  46.403 0.2222220004
98252  25.349  -5.969  51.747 0.1111110002
48437  28.588  -4.440  48.210 0.1111110002
102924  28.478  -3.663  48.389 0.1111110002
43612  22.596  -9.920  57.076 0.1111110002
44561  23.526  -8.961  55.871 0.1111110002
49307  33.157  -3.871  47.266 0.3333329856
48436  29.093  -4.883  47.798 0.1111110002
49314  32.521  -3.561  46.575 0.3333329856
47484  29.930  -5.369  47.377 0.1111110002
49306  33.780  -3.160  47.452 0.2222220004
49313  33.275  -2.649  46.701 0.2222220004
50244  34.087  -2.445  47.170 0.1111110002
50253  34.507  -2.225  46.681 0.1111110002
50252  35.327  -2.225  46.812 0.1111110002
108432  34.988  -2.278  46.184 0.1111110002
50264  35.706  -2.459  45.954 0.1111110002
50254  33.747  -2.068  46.430 0.1111110002
49324  36.035  -2.868  45.168 0.1111110002
50274  35.103  -2.565  45.381 0.1111110002
50263  36.625  -2.607  45.822 0.1111110002
49323  36.876  -3.039  44.997 0.1111110002
111411  37.387  -2.788  45.466 0.1111110002
90565  38.160  -2.677  45.558 0.2222220004
90549  39.139  -2.232  45.603 0.3333329856
105208  40.915  -1.350  45.312 0.5555559993
105923  40.439  -1.471  45.359 0.5555559993
92158  39.782  -1.512  45.930 0.4444440007
105171  39.132  -1.603  46.511 0.4444440007
49334  35.507  -3.199  44.570 0.1111110002
105921  39.933  -1.749  45.269 0.4444440007
91515  41.440  -1.043  44.713 0.5555559993
90602  43.006  -0.343  45.020 0.6666669846
90646  47.608  -1.037  46.801 0.6666669846
107630  37.708  -3.001  44.847 0.1111110002
105088  38.602  -2.724  44.741 0.3333329856
49333  36.329  -3.430  44.448 0.1111110002
104960  40.969  -1.191  44.769 0.5555559993
90625  49.351  5.098  45.570 0.6666669846
90638  49.920  4.398  47.119 0.6666669846
90637  49.766  2.847  47.496 0.6666669846
90636  49.407  1.364  48.095 0.5555559993
90579  48.959  -0.926  47.358 0.5555559993
90647  48.371  -1.324  46.296 0.5555559993
92827  49.253  4.530  44.449 0.6666669846
90627  49.268  3.684  43.253 0.5555559993
90645  48.327  2.598  42.124 0.3333329856
56206  51.544  4.400  41.060 0.4444440007
92224  51.078  3.053  40.977 0.5555559993
93019  50.609  2.736  41.279 0.3333329856
90610  49.897  2.936  41.672 0.6666669846
90665  49.285  2.964  42.353 0.3333329856
90595  49.653  2.556  41.700 0.5555559993
93117  48.556  2.575  41.229 0.3333329856
93709  47.688  2.308  41.395 0.3333329856
91369  43.758  0.065  46.198 0.7777780294
105100  48.213  4.243  45.339 0.6666669846
90623  48.563  3.762  47.358 0.6666669846
91514  48.077  0.997  48.292 0.6666669846
95515  49.210  0.095  47.845 0.5555559993
90589  46.632  -0.102  47.482 0.7777780294
92445  48.064  -0.184  47.925 0.6666669846
105223  48.290  3.639  43.967 0.5555559993
90644  48.387  2.990  43.017 0.3333329856
56207  51.115  3.410  40.342 0.3333329856
55394  50.852  2.732  40.639 0.2222220004
90643  47.017  1.641  41.497 0.2222220004
101513  52.475  7.257  40.685 0.3333329856
109868  50.898  3.994  39.659 0.2222220004
92728  49.503  3.005  40.654 0.4444440007
90662  47.987  2.356  40.734 0.3333329856
92723  46.791  1.137  40.845 0.1111110002
90618  45.501  0.472  40.343 0.1111110002
90661  47.863  2.012  39.936 0.1111110002
90642  47.143  1.312  40.049 0.1111110002
90660  47.310  1.576  39.261 0.1111110002
49332  37.149  -3.369  44.264 0.1111110002
105022  42.054  -0.807  44.359 0.5555559993
91812  47.812  3.914  46.567 0.6666669846
102438  47.452  3.279  47.361 0.7777780294
92360  48.012  2.339  47.760 0.7777780294
91573  47.344  3.542  45.656 0.5555559993
90571  46.448  2.553  47.901 0.7777780294
90608  46.809  0.854  48.294 0.7777780294
91523  47.429  3.322  44.496 0.4444440007
105485  47.680  2.975  43.563 0.3333329856
105272  47.536  2.591  42.877 0.3333329856
105395  46.723  2.321  42.789 0.3333329856
57185  51.842  5.446  40.575 0.3333329856
57186  51.266  4.576  40.078 0.2222220004
90573  46.351  0.868  41.702 0.1111110002
90591  45.659  0.274  41.276 0.1111110002
58217  52.153  6.344  39.971 0.3333329856
57199  51.572  5.361  39.567 0.3333329856
56208  50.259  3.567  39.910 0.4444440007
92529  49.477  3.376  39.732 0.2222220004
90568  48.543  2.717  40.387 0.2222220004
92850  46.212  0.625  40.880 0.1111110002
105776  44.531  -0.367  40.361 0.1111110002
93207  48.961  3.182  39.972 0.1111110002
90700  48.491  2.675  39.522 0.1111110002
59947  53.325  8.256  40.702 0.3333329856
90713  49.346  3.751  38.566 0.1111110002
90714  49.030  3.326  39.145 0.1111110002
92467  45.980  2.401  46.416 0.7777780294
90578  45.063  0.673  47.262 0.7777780294
105224  46.535  2.834  45.077 0.7777780294
90609  46.102  2.152  48.303 0.7777780294
92940  45.885  0.630  47.843 0.7777780294
90622  46.226  2.250  48.264 0.7777780294
90577  46.567  1.921  48.249 0.7777780294
92298  45.852  1.515  48.273 0.7777780294
91554  46.812  2.651  43.671 0.3333329856
91644  45.953  2.044  43.318 0.3333329856
91714  43.766  -0.994  41.720 0.2222220004
105108  46.545  1.714  42.341 0.2222220004
90572  45.988  1.018  42.750 0.1111110002
93607  45.636  0.342  42.202 0.1111110002
90603  44.358  -0.448  42.059 0.2222220004
90562  44.969  -0.073  41.665 0.1111110002
58216  52.555  7.369  39.759 0.3333329856
58231  51.790  5.959  38.953 0.2222220004
57200  51.127  4.568  39.225 0.3333329856
56222  50.391  4.204  39.113 0.3333329856
90699  49.656  3.844  39.143 0.2222220004
59083  53.054  8.110  39.834 0.3333329856
56236  49.849  4.245  38.354 0.2222220004
104953  39.675  -2.351  44.576 0.4444440007
49331  37.990  -3.155  44.041 0.1111110002
105292  43.841  0.513  46.417 0.7777780294
90624  45.368  2.275  44.938 0.7777780294
105597  45.102  1.646  46.054 0.7777780294
91955  45.559  1.801  47.641 0.7777780294
91784  44.691  1.126  46.675 0.7777780294
106413  45.758  2.487  44.125 0.4444440007
92771  45.055  2.143  44.105 0.4444440007
90580  45.403  0.447  43.092 0.2222220004
90590  45.016  -0.063  42.542 0.2222220004
58230  52.528  6.687  38.833 0.3333329856
102241  51.423  5.052  38.867 0.3333329856
57211  50.810  4.556  38.419 0.3333329856
111958  50.280  4.522  37.804 0.1111110002
59082  53.838  8.163  39.881 0.3333329856
59098  55.317  7.521  39.397 0.3333329856
58227  55.789  6.888  38.623 0.3333329856
90740  49.782  4.205  37.574 0.1111110002
59099  54.403  7.901  39.154 0.3333329856
57197  56.369  6.218  39.222 0.3333329856
56253  50.337  4.555  37.249 0.1111110002
57220  55.678  6.303  37.516 0.3333329856
106759  43.825  0.663  45.648 0.7777780294
105268  43.773  0.321  45.878 0.7777780294
105252  44.421  1.877  44.868 0.7777780294
91551  43.936  1.283  45.796 0.7777780294
92970  44.524  -0.342  42.873 0.4444440007
90560  44.081  -0.518  43.137 0.4444440007
90612  45.353  1.303  43.602 0.4444440007
92854  43.778  -0.693  42.524 0.4444440007
58242  52.079  5.778  38.193 0.3333329856
57210  51.564  5.037  38.288 0.3333329856
59101  52.976  7.591  39.181 0.3333329856
58241  52.794  6.412  37.896 0.3333329856
57223  50.872  4.782  37.656 0.2222220004
59100  53.581  7.865  39.102 0.3333329856
57222  51.665  5.089  37.549 0.2222220004
58228  54.898  7.474  38.561 0.3333329856
57237  51.782  5.124  36.773 0.2222220004
57238  50.926  4.969  36.937 0.1111110002
104925  40.480  -1.644  44.749 0.4444440007
105253  43.883  0.084  45.128 0.7777780294
91542  44.186  1.034  44.918 0.7777780294
91606  44.274  0.234  44.327 0.6666669846
92567  43.905  0.037  43.818 0.5555559993
105702  42.991  -0.813  43.076 0.4444440007
105206  42.170  -0.841  43.739 0.5555559993
91570  44.617  -0.023  43.543 0.6666669846
105232  44.712  1.548  44.353 0.6666669846
105274  44.827  0.574  43.880 0.6666669846
93382  43.213  -1.383  42.314 0.4444440007
105254  44.955  0.057  43.224 0.3333329856
58229  53.282  7.190  38.470 0.3333329856
58239  54.794  7.025  37.613 0.3333329856
105942  41.008  -1.384  44.233 0.5555559993
106134  42.829  -0.774  43.946 0.5555559993
110323  43.584  0.742  44.664 0.5555559993
57221  52.342  5.625  37.339 0.3333329856
57281  55.354  4.605  31.893 0.2222220004
91418  41.484  -0.976  44.203 0.5555559993
57282  54.623  4.818  32.311 0.2222220004
57294  55.616  4.631  30.701 0.3333329856
40502  13.742  -12.814  69.713 0.1111110002
40521  15.364  -12.140  65.887 0.3333329856
99402  12.482  -15.002  67.995 0.1111110002
37704  12.848  -15.664  67.667 0.1111110002
41541  15.874  -11.498  65.403 0.3333329856
38606  12.698  -14.409  68.005 0.1111110002
41549  17.012  -10.940  64.618 0.1111110002
58248  54.942  6.264  36.707 0.3333329856
95542  54.967  5.893  35.953 0.3333329856
57236  52.609  5.391  36.547 0.1111110002
57250  52.003  4.932  35.984 0.2222220004
59112  54.099  7.564  38.319 0.3333329856
58249  54.037  6.422  36.832 0.3333329856
58240  53.711  6.829  37.662 0.3333329856
41524  10.211  -10.536  68.571 0.1111110002
38601  13.560  -13.463  69.229 0.1111110002
39544  11.705  -13.279  66.086 0.1111110002
101424  10.787  -12.210  66.560 0.1111110002
39550  12.923  -13.969  65.171 0.1111110002
39528  14.683  -12.481  69.145 0.1111110002
40498  14.373  -11.713  70.597 0.2222220004
40501  15.740  -11.816  69.308 0.2222220004
38603  13.117  -14.109  68.702 0.1111110002
112708  12.759  -14.679  68.379 0.1111110002
38607  12.569  -14.569  67.506 0.1111110002
39540  16.398  -13.201  66.886 0.3333329856
92756  48.942  4.654  46.464 0.6666669846
90635  50.097  0.665  47.433 0.5555559993
91927  50.395  4.604  43.665 0.5555559993
112063  50.280  3.379  42.457 0.5555559993
90611  50.366  2.721  41.578 0.4444440007
92478  47.213  2.303  42.107 0.3333329856
92263  47.451  1.729  40.716 0.1111110002
112756  52.266  6.583  39.348 0.3333329856
90631  46.350  0.868  40.184 0.1111110002
90680  47.900  2.169  38.985 0.1111110002
105329  46.900  3.190  46.627 0.7777780294
90617  44.904  0.026  40.807 0.1111110002
92544  44.337  -0.582  41.094 0.2222220004
57233  55.734  5.748  36.456 0.3333329856
58226  56.299  5.925  38.406 0.2222220004
58250  53.070  6.233  36.986 0.3333329856
57235  53.453  5.713  36.283 0.1111110002
42745  27.598  -10.768  48.636 0.1111110002
42744  28.382  -10.514  48.339 0.2222220004
42750  27.827  -11.073  47.823 0.1111110002
43663  29.938  -10.012  47.735 0.2222220004
42743  29.193  -10.277  48.048 0.2222220004
42748  29.485  -10.692  47.251 0.2222220004
42749  28.657  -10.873  47.535 0.1111110002
42747  30.257  -10.424  46.946 0.2222220004
42754  28.836  -11.099  46.700 0.1111110002
43662  30.624  -9.706  47.537 0.3333329856
43667  30.949  -10.032  46.645 0.2222220004
44611  31.731  -8.988  47.094 0.3333329856
43666  31.267  -9.416  47.425 0.3333329856
103136  31.470  -9.524  46.520 0.2222220004
43674  31.870  -9.138  46.051 0.2222220004
112406  32.266  -8.942  47.731 0.4444440007
102827  32.216  -8.593  46.658 0.2222220004
44610  32.779  -8.589  47.624 0.4444440007
45598  33.264  -7.947  47.094 0.4444440007
99111  35.750  -6.732  48.617 0.6666669846
45611  32.647  -7.985  46.237 0.3333329856
45583  35.640  -7.010  47.829 0.4444440007
45610  33.316  -7.586  45.821 0.2222220004
44622  32.307  -8.442  45.626 0.2222220004
107003  35.472  -7.202  47.060 0.3333329856
45584  33.791  -7.739  47.786 0.4444440007
45570  34.969  -7.035  48.523 0.5555559993
100475  34.998  -7.204  47.760 0.5555559993
101973  34.607  -7.343  47.111 0.4444440007
90557  40.082  -5.490  49.675 0.5555559993
102120  34.607  -2.692  48.905 0.5555559993
50226  34.813  -2.068  49.258 0.4444440007
92115  38.521  -1.590  47.093 0.3333329856
93193  38.363  -2.215  46.348 0.2222220004
107241  40.494  -1.553  47.049 0.5555559993
92367  39.738  -1.482  46.748 0.3333329856
90531  40.325  -1.437  46.042 0.3333329856
92242  44.061  -0.632  44.028 0.4444440007
112017  41.320  -1.220  43.924 0.4444440007
105024  42.403  -1.256  43.228 0.2222220004
91759  46.945  -1.736  46.068 0.4444440007
57249  52.880  5.100  35.795 0.1111110002
57260  52.978  5.057  34.871 0.1111110002
57259  53.783  5.269  34.598 0.1111110002
57270  53.873  5.099  33.710 0.1111110002
56277  53.146  4.898  34.044 0.1111110002
56284  53.995  5.002  32.839 0.1111110002
57295  55.042  4.803  31.388 0.1111110002
61640  61.058  10.856  24.809 0.1111110002
100802  60.350  10.290  24.633 0.1111110002
45620  32.721  -7.801  45.186 0.2222220004
45596  35.255  -7.465  46.404 0.3333329856
45597  33.903  -7.554  46.645 0.4444440007
41660  28.049  -11.402  46.979 0.1111110002
112186  33.952  -7.573  45.970 0.3333329856
50236  34.783  -2.083  48.363 0.1111110002
91740  46.041  -1.418  46.001 0.4444440007
40530  20.749  -11.768  63.522 0.2222220004
40539  19.671  -12.443  62.994 0.3333329856
40537  21.409  -11.985  63.163 0.2222220004
39576  19.165  -13.092  62.365 0.2222220004
39578  17.883  -13.777  63.126 0.2222220004
41563  22.015  -11.720  63.230 0.2222220004
40538  20.562  -12.238  62.953 0.2222220004
41562  22.783  -11.738  63.080 0.2222220004
40536  22.258  -12.143  62.679 0.1111110002
40547  20.043  -12.842  62.103 0.1111110002
40535  23.065  -12.304  62.636 0.2222220004
94020  21.239  -12.207  62.253 0.1111110002
40546  22.767  -12.458  61.878 0.2222220004
40553  21.833  -12.399  61.549 0.1111110002
107977  20.169  -12.052  63.547 0.3333329856
40540  18.965  -12.648  63.247 0.3333329856
41553  21.412  -11.401  63.507 0.3333329856
41561  23.517  -12.059  62.609 0.2222220004
40545  23.619  -12.469  62.099 0.2222220004
40544  24.326  -12.464  61.463 0.2222220004
40552  22.422  -12.756  60.912 0.2222220004
41554  20.071  -11.504  63.740 0.3333329856
40531  19.577  -12.078  63.815 0.3333329856
42614  20.682  -10.818  63.653 0.3333329856
42623  22.722  -10.324  62.794 0.1111110002
42622  23.382  -11.313  62.738 0.2222220004
41552  22.061  -11.004  63.392 0.2222220004
41560  24.090  -11.550  62.403 0.2222220004
41569  24.896  -11.847  61.853 0.1111110002
41570  24.165  -12.193  62.241 0.2222220004
40551  25.943  -12.328  61.004 0.2222220004
94175  24.807  -12.516  60.571 0.2222220004
42613  21.383  -10.647  63.478 0.3333329856
43570  22.171  -8.954  62.095 0.2222220004
42637  23.600  -10.348  62.305 0.1111110002
43575  23.586  -9.344  61.510 0.2222220004
42635  25.526  -10.948  61.492 0.1111110002
42636  24.490  -10.381  61.765 0.1111110002
41568  25.861  -12.003  61.394 0.1111110002
40564  25.603  -12.440  59.860 0.2222220004
96058  25.955  -12.729  58.773 0.2222220004
40614  26.548  -12.319  55.108 0.3333329856
104561  25.860  -12.834  54.831 0.3333329856
41555  19.193  -11.280  63.929 0.3333329856
42625  20.174  -9.714  63.213 0.2222220004
39567  18.450  -13.019  63.642 0.3333329856
43573  25.122  -9.787  61.198 0.1111110002
41567  26.478  -11.365  61.164 0.1111110002
42650  26.082  -10.002  61.039 0.3333329856
41577  26.542  -12.117  61.112 0.2222220004
40562  27.412  -11.782  60.090 0.2222220004
40563  26.660  -12.208  59.526 0.4444440007
111543  26.184  -12.777  57.981 0.4444440007
40601  25.999  -12.907  55.420 0.3333329856
42615  19.734  -10.503  63.540 0.2222220004
41576  27.128  -11.730  60.776 0.2222220004
43579  26.564  -9.067  60.370 0.3333329856
41575  27.903  -11.218  60.117 0.3333329856
40570  27.536  -11.806  59.013 0.3333329856
100198  34.595  -7.617  46.032 0.2222220004
42649  27.250  -10.442  60.624 0.3333329856
110193  28.231  -10.358  60.011 0.3333329856
43589  27.850  -9.258  59.798 0.3333329856
107693  26.393  -8.567  59.180 0.2222220004
41584  28.325  -11.294  59.396 0.4444440007
44542  27.193  -8.532  58.741 0.2222220004
41590  28.369  -11.177  58.307 0.3333329856
45608  35.520  -7.824  45.699 0.2222220004
99024  28.938  -9.862  59.439 0.3333329856
41583  29.235  -10.687  58.721 0.3333329856
42663  28.802  -10.736  59.394 0.3333329856
43590  26.933  -8.693  59.499 0.3333329856
44541  28.083  -8.555  58.869 0.3333329856
44580  26.377  -8.918  53.202 0.2222220004
97201  25.828  -8.989  53.819 0.2222220004
45595  36.115  -7.475  46.278 0.1111110002
43588  29.589  -9.463  58.835 0.3333329856
43597  29.618  -8.806  58.432 0.3333329856
44547  30.264  -8.828  58.199 0.3333329856
46524  36.387  -6.692  47.902 0.3333329856
45582  36.289  -7.053  47.122 0.2222220004
47482  31.670  -5.801  47.220 0.3333329856
48447  32.513  -4.800  46.876 0.2222220004
47464  36.993  -5.752  49.096 0.4444440007
46508  37.152  -6.109  48.043 0.3333329856
47481  32.320  -5.749  47.403 0.5555559993
46490  38.210  -6.478  51.213 0.6666669846
48440  33.703  -3.990  48.209 0.4444440007
49305  34.432  -2.953  48.059 0.2222220004
47454  39.776  -6.084  50.107 0.4444440007
54590  55.296  2.978  39.185 0.1111110002
54599  58.250  3.490  38.273 0.1111110002
93235  51.782  2.572  42.478 0.2222220004
95939  51.196  2.094  43.113 0.2222220004
90682  52.146  2.719  41.863 0.2222220004
90684  52.213  2.213  41.723 0.2222220004
55392  53.713  3.878  40.319 0.1111110002
110023  53.259  3.124  40.599 0.2222220004
54581  52.121  2.326  40.531 0.2222220004
55405  54.717  3.727  39.743 0.1111110002
54591  53.835  3.024  40.069 0.1111110002
55403  56.781  4.126  38.965 0.1111110002
101141  56.158  3.323  38.991 0.1111110002
97857  54.359  2.865  39.472 0.1111110002
54600  57.320  3.764  38.333 0.1111110002
97914  56.692  3.150  38.522 0.1111110002
55427  57.520  3.806  38.124 0.1111110002
50262  37.498  -2.511  46.168 0.1111110002
90648  51.046  2.758  47.204 0.4444440007
94560  50.326  1.730  47.501 0.4444440007
92258  51.061  1.570  46.892 0.4444440007
94667  52.438  4.123  46.168 0.4444440007
90666  51.784  2.942  46.551 0.4444440007
92309  52.632  4.173  44.996 0.4444440007
95455  51.934  3.163  45.596 0.4444440007
90686  51.027  1.255  45.916 0.4444440007
90576  50.402  0.352  46.311 0.4444440007
92321  49.224  -0.659  45.939 0.4444440007
92779  52.210  3.524  43.764 0.4444440007
90655  52.155  3.034  44.427 0.3333329856
92271  52.110  3.422  41.911 0.3333329856
90664  51.875  3.022  42.705 0.3333329856
90663  51.861  2.760  43.400 0.3333329856
93857  52.534  3.713  41.483 0.2222220004
102321  54.348  5.289  41.866 0.1111110002
56205  53.794  4.645  41.080 0.2222220004
56204  54.774  5.205  40.657 0.1111110002
55391  54.404  4.517  40.198 0.1111110002
57209  56.691  5.475  39.181 0.1111110002
56221  56.390  4.995  39.481 0.1111110002
55390  55.307  4.761  39.785 0.1111110002
110951  57.156  4.652  38.764 0.2222220004
56235  57.064  4.800  39.057 0.1111110002
90649  51.153  5.068  46.878 0.4444440007
93137  50.759  3.848  47.190 0.4444440007
90653  52.079  5.251  46.499 0.4444440007
94662  49.722  -0.310  47.201 0.4444440007
90650  52.069  4.430  43.984 0.4444440007
90588  47.818  -2.134  45.815 0.3333329856
90583  48.762  -1.227  44.818 0.3333329856
92434  48.350  -2.033  45.478 0.3333329856
90652  51.928  3.639  42.777 0.4444440007
92801  53.171  4.904  42.707 0.2222220004
90669  52.501  4.463  41.903 0.2222220004
56193  53.793  5.242  42.530 0.1111110002
90685  53.137  4.528  41.996 0.2222220004
57184  54.974  5.869  41.098 0.1111110002
57198  56.354  5.893  39.784 0.2222220004
93452  55.712  6.306  40.335 0.2222220004
105529  45.557  -1.072  45.091 0.3333329856
90768  45.136  -0.892  44.141 0.3333329856
56183  51.453  6.212  45.413 0.4444440007
92724  51.477  6.132  46.348 0.4444440007
105588  46.478  -1.719  45.486 0.3333329856
90654  52.069  5.886  45.898 0.4444440007
104534  52.125  5.361  45.057 0.4444440007
92790  52.049  4.129  42.264 0.4444440007
90670  52.576  4.899  42.383 0.3333329856
59050  53.326  7.886  41.791 0.3333329856
57156  53.392  5.028  42.750 0.3333329856
58173  53.861  6.986  41.803 0.2222220004
57167  54.275  5.833  42.070 0.1111110002
57166  54.623  6.486  41.451 0.2222220004
57148  50.959  6.237  45.401 0.4444440007
92577  50.490  5.777  45.060 0.4444440007
105768  51.487  5.480  44.184 0.4444440007
92159  51.737  3.549  41.973 0.4444440007
90626  50.977  3.009  41.662 0.4444440007
90667  52.099  4.558  41.691 0.4444440007
57168  53.510  5.898  42.532 0.3333329856
57361  64.000  5.959  26.040 0.1111110002
57378  63.332  5.539  25.450 0.1111110002
39577  18.499  -13.397  62.708 0.2222220004
40577  26.028  -12.824  57.168 0.3333329856
46509  36.436  -6.344  48.607 0.4444440007
42638  22.970  -9.375  62.038 0.2222220004
91967  50.263  5.666  46.343 0.4444440007
112724  20.644  -12.423  62.124 0.1111110002
93305  23.173  -12.609  61.173 0.2222220004
40543  25.241  -12.294  61.342 0.2222220004
40550  26.665  -12.169  60.651 0.2222220004
100779  20.920  -10.003  63.272 0.2222220004
42624  21.632  -9.757  62.914 0.2222220004
43574  24.359  -9.127  61.013 0.1111110002
54589  56.160  2.551  39.004 0.1111110002
54588  57.091  2.941  38.508 0.1111110002
90683  52.437  3.006  41.569 0.2222220004
93168  52.675  2.838  41.182 0.2222220004
55393  52.943  3.912  40.898 0.2222220004
54580  53.041  2.629  40.356 0.1111110002
95875  53.423  2.361  39.407 0.1111110002
55404  55.821  4.014  39.340 0.1111110002
53818  54.339  2.237  38.955 0.1111110002
55413  57.169  4.354  38.647 0.1111110002
92937  51.612  3.975  46.697 0.4444440007
96185  51.538  2.142  46.133 0.4444440007
90621  51.278  1.988  44.999 0.3333329856
92813  51.317  2.303  43.955 0.3333329856
56198  53.852  4.950  42.260 0.1111110002
56203  55.731  5.539  40.208 0.1111110002
56252  56.925  4.366  38.211 0.1111110002
93713  56.800  5.040  38.463 0.2222220004
90656  52.382  5.055  45.746 0.4444440007
90587  47.921  -2.624  45.116 0.3333329856
56194  53.395  5.040  42.723 0.1111110002
58192  55.110  6.623  40.864 0.2222220004
90639  51.380  4.148  42.927 0.4444440007
47470  37.873  -5.574  48.695 0.4444440007
47462  38.998  -5.861  49.473 0.3333329856
47469  38.571  -5.414  48.330 0.3333329856
106915  38.872  -6.306  50.626 0.3333329856
99126  39.413  -5.548  48.812 0.3333329856
100584  53.867  -5.551  42.306 0.1111110002
112761  54.270  -5.726  42.936 0.1111110002
46489  39.570  -6.043  50.233 0.3333329856
48502  52.628  -4.038  40.707 0.1111110002
48525  52.152  -3.928  39.577 0.1111110002
49400  51.304  -3.549  39.434 0.1111110002
48484  53.122  -3.496  41.973 0.1111110002
49363  52.997  -3.472  41.573 0.1111110002
48485  52.410  -3.717  41.592 0.1111110002
48503  51.554  -4.339  40.163 0.1111110002
96728  53.304  -4.238  42.531 0.1111110002
47528  53.508  -4.678  41.745 0.1111110002
49377  50.420  -3.705  40.089 0.1111110002
48426  38.785  -4.841  50.862 0.3333329856
47461  40.024  -5.585  49.570 0.3333329856
49401  50.502  -2.802  39.353 0.1111110002
50311  49.662  -2.764  39.948 0.1111110002
106001  39.782  -5.351  48.502 0.3333329856
50325  51.365  -2.790  38.880 0.1111110002
50326  49.772  -1.923  39.356 0.1111110002
51188  49.314  -1.121  39.812 0.1111110002
50312  49.102  -1.987  40.103 0.1111110002
51189  48.868  -1.543  40.520 0.1111110002
51184  48.453  -1.573  41.365 0.1111110002
97819  51.950  -3.405  39.049 0.1111110002
50347  51.579  -2.011  38.553 0.1111110002
50313  48.630  -2.182  40.902 0.1111110002
48501  53.348  -4.229  40.445 0.1111110002
51201  50.098  -0.987  38.908 0.1111110002
52125  49.743  -0.414  39.504 0.1111110002
52115  49.426  -0.353  40.258 0.1111110002
52105  49.708  0.063  42.703 0.1111110002
50348  50.641  -1.968  38.754 0.1111110002
108880  49.250  -0.537  41.968 0.1111110002
110055  49.196  -0.596  42.764 0.1111110002
52116  48.953  -0.972  40.676 0.1111110002
52111  48.755  -0.902  41.383 0.1111110002
52112  48.374  -1.105  42.275 0.1111110002
92450  50.118  0.408  44.046 0.1111110002
52979  50.146  0.140  39.990 0.1111110002
52967  50.005  0.216  41.041 0.1111110002
52110  49.760  -0.093  41.760 0.1111110002
104367  49.408  -0.234  43.479 0.2222220004
52124  50.389  -0.096  39.141 0.1111110002
51219  51.044  -1.219  38.535 0.1111110002
52978  51.017  0.425  39.814 0.1111110002
52106  48.741  -1.067  43.624 0.2222220004
52123  51.345  0.111  39.003 0.1111110002
51179  47.951  -1.818  43.255 0.1111110002
90606  50.217  -0.021  45.176 0.2222220004
103251  49.880  0.775  42.035 0.1111110002
93537  50.129  1.272  43.054 0.1111110002
53806  50.285  1.154  41.459 0.1111110002
53805  50.762  0.829  40.673 0.1111110002
100481  48.257  -2.255  44.520 0.1111110002
92292  50.719  2.002  41.378 0.1111110002
53804  51.306  1.830  40.688 0.1111110002
53821  51.639  0.789  39.639 0.1111110002
54593  51.731  1.656  39.988 0.1111110002
54592  52.413  2.130  39.685 0.1111110002
90607  50.869  0.658  45.076 0.2222220004
90634  50.947  1.285  44.070 0.1111110002
105032  47.408  -2.487  44.440 0.1111110002
111868  51.263  2.494  42.188 0.1111110002
92462  47.198  -2.386  45.248 0.2222220004
90600  46.183  -1.487  44.482 0.1111110002
105549  45.826  -1.398  43.675 0.1111110002
90599  46.713  -2.106  44.125 0.1111110002
91883  45.402  -1.840  43.248 0.1111110002
105315  44.774  -2.423  42.834 0.1111110002
93492  43.321  -2.884  41.761 0.1111110002
90619  42.931  -3.232  41.279 0.1111110002
105065  43.880  -2.527  42.178 0.1111110002
50314  43.786  -2.860  41.672 0.1111110002
104944  42.135  -2.636  43.487 0.2222220004
105364  42.521  -2.083  42.720 0.2222220004
91445  43.818  -2.188  42.991 0.1111110002
105276  42.945  -2.112  42.255 0.1111110002
90632  42.829  -3.074  41.927 0.1111110002
91620  42.356  -2.574  44.352 0.2222220004
108895  43.656  -1.611  43.586 0.1111110002
105283  44.816  -1.309  43.562 0.1111110002
91556  43.040  -1.876  43.045 0.1111110002
91588  44.483  -1.999  43.306 0.1111110002
90651  51.676  4.021  41.550 0.3333329856
102156  53.047  5.380  42.753 0.2222220004
105363  42.799  -1.914  44.306 0.1111110002
105346  42.804  -2.099  43.649 0.2222220004
90668  52.269  5.442  41.658 0.2222220004
107542  52.765  5.669  42.406 0.2222220004
58195  52.357  6.510  41.166 0.2222220004
57169  53.046  6.133  42.471 0.2222220004
58194  52.841  7.549  41.578 0.2222220004
58174  53.194  7.112  42.035 0.2222220004
59051  53.111  8.122  41.509 0.2222220004
59923  53.526  8.156  41.297 0.2222220004
59064  55.272  7.273  40.325 0.2222220004
56295  56.113  3.628  31.715 0.2222220004
57319  61.669  6.907  31.394 0.2222220004
58193  54.599  7.258  41.098 0.2222220004
59081  54.676  7.950  40.055 0.2222220004
56294  56.635  3.878  30.486 0.2222220004
56283  55.838  3.721  33.091 0.1111110002
56306  57.931  4.166  29.406 0.2222220004
108900  60.820  6.523  32.290 0.2222220004
94634  60.940  7.163  32.257 0.2222220004
101316  62.250  7.362  30.913 0.2222220004
59143  63.676  7.748  30.338 0.2222220004
59152  65.143  7.980  29.812 0.2222220004
60009  66.147  8.516  29.624 0.1111110002
60010  65.510  8.423  29.526 0.2222220004
59066  52.779  8.028  40.732 0.2222220004
58215  56.046  6.767  39.695 0.2222220004
55453  56.223  4.548  34.250 0.1111110002
56262  56.725  4.299  36.520 0.1111110002
56251  57.023  4.030  37.429 0.1111110002
57290  59.770  5.795  30.059 0.2222220004
56305  59.712  5.156  29.675 0.2222220004
57305  60.322  6.040  30.884 0.2222220004
58301  60.547  7.701  31.437 0.2222220004
58319  60.964  8.085  30.188 0.2222220004
58300  61.204  7.736  31.245 0.2222220004
58318  61.804  7.684  30.074 0.2222220004
58299  63.177  7.695  30.929 0.2222220004
58316  64.013  7.587  28.751 0.2222220004
58317  62.962  7.440  29.639 0.2222220004
60011  64.460  8.128  29.658 0.2222220004
59161  64.539  8.162  29.220 0.1111110002
57347  61.321  6.026  27.507 0.1111110002
60023  65.289  8.334  28.963 0.1111110002
57219  56.302  5.543  37.438 0.2222220004
94673  56.687  4.719  37.431 0.1111110002
57279  55.913  3.790  32.117 0.2222220004
56276  55.884  4.414  33.854 0.1111110002
110619  56.382  4.367  34.956 0.1111110002
57232  56.351  5.084  36.518 0.1111110002
56269  56.397  4.645  35.683 0.1111110002
57291  58.424  4.766  29.119 0.2222220004
57289  59.935  6.580  30.532 0.2222220004
57304  60.311  6.834  31.348 0.2222220004
58332  60.936  6.769  28.849 0.1111110002
57334  59.767  6.356  28.726 0.1111110002
58329  63.350  7.221  27.975 0.1111110002
58330  62.433  7.189  28.503 0.1111110002
57348  60.353  6.076  27.999 0.1111110002
58328  64.450  7.141  27.454 0.1111110002
58340  62.823  6.857  27.242 0.1111110002
57346  62.148  6.390  27.481 0.1111110002
99849  56.221  4.839  34.848 0.1111110002
96469  56.168  4.134  31.118 0.2222220004
57292  57.034  4.084  30.054 0.2222220004
58282  57.974  5.067  29.132 0.2222220004
58302  59.803  7.300  31.239 0.2222220004
58288  59.355  6.671  30.124 0.2222220004
57322  56.661  5.319  28.768 0.1111110002
58321  59.513  6.826  29.538 0.1111110002
57335  59.110  6.080  28.614 0.1111110002
57336  58.228  5.864  28.684 0.1111110002
97952  55.816  5.162  34.871 0.2222220004
57246  55.396  5.575  35.483 0.2222220004
96381  56.136  4.772  34.139 0.2222220004
57245  55.991  5.153  35.668 0.2222220004
57280  55.714  4.142  32.361 0.2222220004
57266  55.708  4.091  33.262 0.2222220004
58289  58.696  5.894  29.362 0.2222220004
97521  56.359  5.100  29.095 0.1111110002
56318  55.590  4.587  29.846 0.1111110002
58303  59.477  6.881  30.236 0.2222220004
58304  59.071  6.140  29.500 0.2222220004
57321  57.261  5.242  29.083 0.1111110002
58322  58.981  6.155  29.337 0.1111110002
58323  58.311  5.987  29.174 0.1111110002
57337  57.617  5.589  28.879 0.1111110002
57234  54.236  6.052  35.989 0.2222220004
99565  55.178  5.472  34.807 0.2222220004
57247  54.537  5.673  35.192 0.2222220004
57248  53.660  5.454  35.457 0.1111110002
57257  55.462  5.047  34.221 0.2222220004
57267  55.790  4.400  33.654 0.2222220004
57268  55.648  4.611  33.611 0.2222220004
57269  54.748  4.910  33.420 0.2222220004
98033  55.596  4.295  32.945 0.2222220004
96025  55.178  4.660  32.872 0.2222220004
57293  56.065  4.454  30.700 0.2222220004
58290  57.613  5.270  29.056 0.2222220004
57306  56.893  4.681  29.519 0.2222220004
57307  55.937  4.710  29.943 0.1111110002
58305  58.100  5.812  29.122 0.1111110002
94964  56.255  4.672  29.722 0.1111110002
57258  54.600  5.244  34.338 0.2222220004
59922  54.064  8.164  40.719 0.2222220004
48524  52.930  -3.976  39.737 0.1111110002
49421  52.306  -2.761  38.718 0.1111110002
52139  50.822  -0.535  38.712 0.1111110002
52968  49.238  -0.385  41.102 0.1111110002
52099  49.311  -0.316  44.477 0.2222220004
92266  50.314  1.845  42.197 0.1111110002
108170  51.290  1.032  40.181 0.1111110002
91874  46.222  -1.916  43.345 0.1111110002
105347  42.461  -2.694  42.193 0.2222220004
58175  52.738  6.503  42.016 0.2222220004
57320  60.509  6.830  32.017 0.2222220004
104137  61.258  5.437  26.380 0.1111110002
59168  65.219  7.969  27.985 0.1111110002
58287  59.731  7.164  30.832 0.2222220004
58281  59.368  5.894  29.495 0.2222220004
58320  60.146  7.296  29.836 0.1111110002
58331  61.621  7.112  28.781 0.1111110002
57323  55.901  4.930  29.194 0.1111110002
109680  56.890  4.932  29.318 0.1111110002
91959  13.064  -13.248  75.181 0.1111110002
102620  15.593  -14.012  70.685 0.2222220004
39521  15.412  -12.718  71.703 0.2222220004
40489  14.208  -12.172  74.353 0.1111110002
90332  13.617  -12.747  74.891 0.1111110002
90335  12.814  -13.390  74.494 0.1111110002
40491  14.599  -12.399  73.867 0.1111110002
92269  13.366  -16.801  70.943 0.1111110002
36831  13.267  -16.611  69.028 0.1111110002
36828  13.360  -16.828  69.968 0.1111110002
90343  14.822  -10.011  74.030 0.1111110002
92747  13.042  -10.631  73.994 0.1111110002
92764  12.588  -12.007  74.220 0.1111110002
40490  15.758  -11.577  73.053 0.1111110002
90336  13.136  -12.601  73.207 0.1111110002
90337  13.044  -14.109  72.990 0.1111110002
91720  13.068  -15.656  70.921 0.1111110002
105330  13.097  -14.743  71.292 0.1111110002
40492  15.690  -11.572  72.043 0.1111110002
41506  16.719  -10.126  72.633 0.1111110002
90344  13.649  -9.852  73.696 0.1111110002
39523  15.849  -12.828  70.777 0.2222220004
92105  12.318  -11.220  73.603 0.1111110002
41512  15.460  -10.929  71.577 0.1111110002
41515  14.563  -11.318  71.295 0.1111110002
40494  15.814  -11.755  70.912 0.1111110002
41511  16.020  -10.569  71.880 0.1111110002
42575  14.719  -9.484  72.802 0.1111110002
38605  16.535  -14.450  67.714 0.2222220004
110386  16.276  -12.846  70.118 0.2222220004
90339  13.181  -11.989  72.346 0.1111110002
40495  13.646  -11.667  71.591 0.1111110002
110651  16.343  -14.613  68.240 0.2222220004
41520  15.569  -11.654  69.980 0.1111110002
97010  16.267  -13.599  67.943 0.2222220004
40503  16.384  -12.346  69.210 0.2222220004
40500  16.191  -11.966  69.582 0.2222220004
38609  16.866  -14.590  66.902 0.2222220004
39527  16.535  -12.968  69.129 0.2222220004
100983  17.630  -13.495  65.525 0.2222220004
39533  16.662  -13.816  67.239 0.2222220004
39530  16.294  -12.823  68.634 0.2222220004
39539  17.055  -13.774  66.584 0.2222220004
39538  17.396  -13.921  66.005 0.2222220004
38608  17.110  -14.621  66.200 0.2222220004
38611  17.233  -14.470  65.430 0.2222220004
38613  17.603  -13.866  64.719 0.2222220004
39568  17.968  -13.399  64.104 0.2222220004
40508  16.744  -12.971  66.429 0.2222220004
39549  17.325  -13.175  66.075 0.2222220004
39557  18.091  -12.874  65.051 0.2222220004
39556  18.343  -12.659  64.393 0.2222220004
40527  17.553  -11.911  65.164 0.2222220004
41548  17.917  -11.266  64.480 0.2222220004
40519  17.578  -12.717  65.610 0.2222220004
41547  18.544  -11.524  64.281 0.2222220004
40526  18.297  -12.070  64.686 0.2222220004
40532  18.868  -12.177  64.189 0.2222220004
43580  25.287  -8.952  60.539 0.2222220004
43581  24.302  -8.807  60.376 0.1111110002
42639  21.275  -8.609  62.074 0.1111110002
41557  17.572  -10.438  63.983 0.2222220004
41556  18.362  -10.710  63.967 0.2222220004
94648  24.943  -8.691  59.906 0.1111110002
99816  20.703  -9.219  62.636 0.1111110002
42616  18.880  -10.232  63.479 0.2222220004
42626  19.320  -9.513  63.008 0.1111110002
43591  25.841  -8.638  59.670 0.1111110002
43600  26.121  -8.633  58.917 0.1111110002
41640  25.836  -10.806  51.008 0.1111110002
41641  25.273  -11.282  51.526 0.1111110002
44550  28.418  -8.428  58.098 0.2222220004
98050  26.831  -8.751  58.459 0.1111110002
41642  24.511  -11.646  52.159 0.1111110002
40602  25.270  -13.276  55.186 0.1111110002
39663  24.474  -13.438  54.918 0.1111110002
41647  24.672  -11.793  51.074 0.1111110002
40636  24.011  -12.246  51.519 0.1111110002
40616  25.095  -12.862  54.389 0.1111110002
44555  29.235  -8.596  58.047 0.2222220004
103841  23.951  -12.314  52.629 0.1111110002
39670  24.287  -13.312  54.023 0.1111110002
43607  29.690  -8.909  57.756 0.2222220004
43598  28.639  -8.904  57.683 0.2222220004
41637  24.556  -11.626  53.243 0.1111110002
40627  24.907  -11.951  53.891 0.1111110002
40628  24.364  -12.380  53.633 0.1111110002
39675  23.993  -13.272  53.130 0.1111110002
45581  37.110  -6.744  47.260 0.2222220004
46523  37.777  -6.433  47.407 0.1111110002
46533  37.958  -6.960  46.727 0.1111110002
46507  37.996  -5.700  47.816 0.2222220004
46522  38.448  -6.375  47.204 0.1111110002
46532  38.766  -6.732  46.575 0.1111110002
45593  38.464  -7.231  45.912 0.1111110002
107531  38.579  -5.619  47.603 0.1111110002
46531  39.011  -6.039  47.119 0.1111110002
109367  39.047  -6.869  46.047 0.1111110002
104792  39.232  -6.370  46.413 0.1111110002
46538  38.996  -6.931  45.322 0.1111110002
46545  39.389  -6.339  44.783 0.1111110002
46546  38.914  -6.928  44.434 0.1111110002
46521  38.965  -5.146  47.950 0.1111110002
47492  39.340  -5.774  46.777 0.1111110002
46537  39.391  -6.382  45.669 0.1111110002
46552  39.286  -6.357  43.905 0.1111110002
46553  38.782  -6.904  43.562 0.1111110002
101612  39.123  -6.371  43.191 0.1111110002
47480  39.243  -5.118  47.494 0.1111110002
47502  39.775  -5.660  45.202 0.1111110002
47509  39.763  -5.508  44.127 0.1111110002
46559  39.331  -6.064  42.562 0.1111110002
47524  39.852  -5.397  42.622 0.1111110002
47535  39.608  -5.676  41.770 0.1111110002
47523  40.083  -5.052  42.044 0.1111110002
90604  42.219  -3.238  41.459 0.1111110002
96892  41.290  -3.823  40.904 0.1111110002
47534  40.150  -5.103  41.285 0.1111110002
90561  39.874  -4.808  47.881 0.1111110002
100978  39.598  -5.745  46.112 0.1111110002
47515  39.573  -5.797  43.285 0.1111110002
48464  40.164  -5.157  43.276 0.1111110002
48477  40.656  -4.922  42.748 0.1111110002
91522  41.133  -4.335  42.460 0.1111110002
91609  42.077  -2.914  42.717 0.1111110002
48491  40.592  -4.579  41.786 0.1111110002
105553  41.938  -3.300  42.028 0.1111110002
105221  41.116  -4.027  41.506 0.1111110002
48460  40.181  -4.832  44.734 0.1111110002
90569  40.302  -4.653  43.764 0.1111110002
101873  41.072  -4.116  43.373 0.1111110002
90574  40.869  -4.825  43.108 0.1111110002
105964  41.677  -1.176  43.649 0.2222220004
40496  13.291  -12.561  71.238 0.1111110002
41513  14.016  -10.768  71.943 0.1111110002
40493  14.985  -12.532  72.707 0.1111110002
40488  15.198  -11.468  73.711 0.1111110002
43535  15.823  -9.567  73.272 0.1111110002
105450  12.653  -10.653  73.557 0.1111110002
93098  13.039  -14.145  71.735 0.1111110002
40497  16.300  -12.105  70.109 0.1111110002
43537  16.601  -9.584  72.018 0.1111110002
41509  13.432  -10.090  72.791 0.1111110002
109747  15.882  -11.757  70.655 0.1111110002
39524  16.427  -12.474  69.596 0.1111110002
102183  16.339  -13.772  68.507 0.2222220004
90592  41.579  -3.490  41.295 0.1111110002
48510  40.773  -4.462  40.892 0.1111110002
43599  27.568  -8.738  57.890 0.1111110002
44566  26.025  -9.519  55.490 0.1111110002
44581  25.722  -8.161  53.594 0.1111110002
111632  27.806  -9.437  57.416 0.1111110002
105799  39.790  -2.508  43.564 0.1111110002
105922  40.449  -2.052  44.019 0.1111110002
91376  40.427  -2.297  43.364 0.1111110002
91380  41.083  -1.838  43.494 0.1111110002
105944  41.885  -1.989  43.118 0.1111110002
105965  42.537  -1.947  42.627 0.1111110002
92426  42.726  -1.978  41.959 0.1111110002
39624  25.445  -13.371  57.923 0.2222220004
91456  38.883  -2.795  43.780 0.1111110002
56317  58.985  4.294  29.189 0.1111110002
56316  59.928  4.580  29.770 0.1111110002
56330  60.427  4.951  30.464 0.1111110002
55523  61.404  4.541  29.956 0.1111110002
95022  62.047  3.578  29.116 0.1111110002
55521  63.701  3.369  29.361 0.1111110002
54701  63.461  2.844  28.911 0.1111110002
109408  60.287  5.360  30.676 0.1111110002
56329  60.651  5.726  31.470 0.1111110002
55522  62.202  4.560  29.887 0.1111110002
55502  63.159  4.088  30.115 0.1111110002
103885  62.894  3.418  29.341 0.1111110002
52267  66.805  -1.648  24.106 0.1111110002
56315  60.585  6.000  31.496 0.1111110002
56328  61.380  5.977  31.625 0.1111110002
56327  62.572  5.619  30.755 0.1111110002
56325  64.563  4.709  30.588 0.1111110002
56344  65.848  4.089  28.930 0.1111110002
56324  65.410  4.650  30.020 0.1111110002
55518  66.181  3.966  27.782 0.1111110002
55529  65.602  3.319  27.435 0.1111110002
54711  65.664  2.435  26.431 0.1111110002
53925  65.720  1.587  26.281 0.1111110002
53100  65.887  0.174  24.685 0.1111110002
52292  66.358  -0.725  23.245 0.1111110002
103678  66.230  -0.564  24.068 0.1111110002
52291  66.400  -1.126  23.032 0.1111110002
51398  66.443  -1.239  22.200 0.1111110002
57318  63.222  6.538  31.197 0.1111110002
57301  65.474  5.918  30.475 0.1111110002
57315  66.559  5.727  29.644 0.1111110002
57300  66.317  6.060  30.066 0.1111110002
56343  66.505  4.598  28.241 0.1111110002
56354  66.777  4.531  27.068 0.1111110002
55532  65.743  3.292  26.502 0.1111110002
55531  66.409  3.993  26.713 0.1111110002
53932  65.817  1.032  25.503 0.1111110002
53940  65.585  1.662  24.335 0.1111110002
53113  65.611  0.754  23.506 0.1111110002
52313  66.450  -0.846  22.343 0.1111110002
52329  66.505  -1.196  21.624 0.1111110002
52347  66.252  -0.801  20.203 0.1111110002
53175  67.552  0.103  18.262 0.1111110002
101755  66.327  -0.507  19.299 0.1111110002
57303  63.867  6.871  31.007 0.1111110002
59141  65.603  7.461  30.391 0.1111110002
108443  66.451  7.147  30.560 0.1111110002
57288  66.040  6.335  30.219 0.1111110002
57299  66.961  6.287  30.153 0.1111110002
56342  66.832  5.409  27.408 0.1111110002
56360  66.881  4.571  26.075 0.1111110002
55546  66.023  4.292  25.208 0.1111110002
55534  66.488  3.911  25.991 0.1111110002
55547  65.628  3.352  24.762 0.1111110002
54713  65.649  2.321  25.275 0.1111110002
54725  65.554  2.681  24.323 0.1111110002
111382  65.329  1.808  23.617 0.1111110002
53946  64.871  1.983  23.160 0.1111110002
106065  65.165  1.298  22.362 0.1111110002
53124  65.651  0.200  22.061 0.1111110002
53138  65.464  0.988  21.598 0.1111110002
53154  65.911  0.092  20.220 0.1111110002
52365  66.710  -0.476  18.351 0.1111110002
53166  66.446  -0.088  19.366 0.1111110002
52364  67.373  -0.248  17.919 0.1111110002
52372  67.278  -0.184  16.953 0.1111110002
52382  66.806  -0.136  15.654 0.1111110002
53199  66.331  -0.076  15.325 0.1111110002
53191  64.854  0.670  16.304 0.1111110002
53992  63.341  1.404  17.131 0.1111110002
59142  64.573  7.601  30.264 0.1111110002
60000  65.919  8.342  30.271 0.1111110002
58297  67.209  6.919  29.570 0.1111110002
57345  66.987  6.259  26.794 0.1111110002
56359  66.852  5.156  25.773 0.1111110002
56364  66.648  4.837  25.335 0.1111110002
54733  65.344  2.526  23.665 0.1111110002
55562  65.357  3.364  23.902 0.1111110002
53947  64.310  2.342  22.358 0.1111110002
104288  65.748  1.947  21.245 0.1111110002
53955  64.661  2.320  21.322 0.1111110002
53964  66.236  0.967  19.760 0.1111110002
107783  65.848  1.452  20.554 0.1111110002
53984  67.582  0.846  18.179 0.1111110002
53182  67.638  0.157  17.552 0.1111110002
53190  67.501  0.335  16.475 0.1111110002
54007  65.589  0.884  14.670 0.1111110002
53993  62.789  1.418  17.974 0.1111110002
53987  61.096  1.399  18.793 0.1111110002
53197  67.353  0.491  15.400 0.1111110002
54008  64.667  1.182  15.173 0.1111110002
54000  62.957  1.836  16.298 0.1111110002
53994  62.027  1.929  17.412 0.1111110002
111232  66.211  1.990  20.236 0.1111110002
54758  66.210  2.657  20.908 0.1111110002
53976  66.620  1.857  19.531 0.1111110002
53975  67.212  1.851  18.828 0.1111110002
54782  67.372  2.525  16.886 0.1111110002
54775  60.518  2.347  18.283 0.1111110002
54768  59.392  2.055  19.351 0.1111110002
54777  58.678  2.796  18.927 0.1111110002
53998  67.518  1.238  15.962 0.1111110002
54006  67.036  0.840  14.520 0.1111110002
54009  63.725  1.723  14.654 0.1111110002
54001  62.324  2.219  16.547 0.1111110002
54783  61.546  2.649  16.960 0.1111110002
54776  59.568  2.745  18.492 0.1111110002
54790  67.277  2.479  15.498 0.1111110002
54013  66.893  1.782  13.948 0.1111110002
54015  65.532  1.349  13.524 0.1111110002
92561  64.055  1.957  13.529 0.1111110002
91017  63.302  2.099  14.762 0.1111110002
54798  66.010  2.582  12.760 0.1111110002
54021  65.793  1.895  12.576 0.1111110002
54022  65.138  1.750  11.398 0.1111110002
54767  66.783  2.979  19.420 0.1111110002
109648  67.367  3.216  17.933 0.1111110002
55620  67.607  4.206  17.408 0.1111110002
54784  60.783  2.843  17.534 0.1111110002
100255  67.384  3.500  16.205 0.1111110002
105458  63.627  2.297  14.354 0.1111110002
92343  63.008  2.657  15.332 0.1111110002
92016  61.527  3.263  16.564 0.1111110002
55649  66.758  3.660  13.836 0.1111110002
107378  64.965  1.688  11.824 0.1111110002
105544  64.128  2.283  13.521 0.1111110002
55653  65.944  3.336  13.073 0.1111110002
92196  65.434  2.861  12.867 0.1111110002
55609  67.277  4.664  19.784 0.1111110002
104071  67.632  5.178  17.559 0.1111110002
108619  67.532  5.293  18.595 0.1111110002
57482  66.521  5.392  18.610 0.1111110002
55640  67.075  3.793  15.031 0.1111110002
56523  67.412  5.149  16.415 0.1111110002
97759  66.881  5.640  16.507 0.1111110002
91832  62.270  2.740  16.197 0.1111110002
56550  66.863  4.689  14.142 0.1111110002
101406  66.492  4.343  13.560 0.1111110002
91027  63.051  3.467  15.550 0.1111110002
56485  65.060  4.765  17.661 0.1111110002
57518  66.761  5.575  14.479 0.1111110002
57511  66.154  6.097  15.943 0.1111110002
56561  66.323  4.960  13.569 0.1111110002
57543  66.123  5.741  13.653 0.1111110002
91028  63.705  4.079  14.931 0.1111110002
91022  64.875  6.132  14.450 0.1111110002
91029  64.026  5.398  15.147 0.1111110002
92560  64.099  6.231  15.126 0.1111110002
58419  63.638  6.693  15.840 0.1111110002
58426  65.973  6.801  14.016 0.1111110002
58418  64.566  6.751  15.156 0.1111110002
111095  63.651  7.035  16.405 0.1111110002
59260  63.299  7.076  16.358 0.1111110002
60021  67.022  8.162  28.450 0.1111110002
59151  66.874  7.541  29.896 0.1111110002
55491  58.935  3.663  29.427 0.1111110002
101518  60.665  4.599  30.202 0.1111110002
55520  64.871  4.253  29.326 0.1111110002
56326  63.519  5.023  30.648 0.1111110002
55501  64.062  4.215  29.681 0.1111110002
57302  64.054  5.899  31.487 0.1111110002
57317  64.135  5.472  31.381 0.1111110002
57316  65.766  5.345  29.987 0.1111110002
56323  66.170  4.871  29.310 0.1111110002
54706  65.556  2.460  27.458 0.1111110002
96643  66.774  -1.292  24.911 0.1111110002
103924  65.790  0.095  22.698 0.1111110002
58286  64.901  6.684  30.548 0.1111110002
57314  67.101  6.228  29.116 0.1111110002
55535  65.742  3.319  25.577 0.1111110002
52330  66.062  -0.361  21.557 0.1111110002
57332  67.160  6.309  27.834 0.1111110002
56353  66.887  5.298  26.424 0.1111110002
53155  65.804  0.497  20.992 0.1111110002
53165  67.195  0.639  18.941 0.1111110002
52378  66.597  -0.377  16.348 0.1111110002
52377  67.107  -0.016  15.942 0.1111110002
53206  66.460  0.664  14.483 0.1111110002
53200  65.476  0.399  15.541 0.1111110002
53183  65.732  -0.186  16.245 0.1111110002
53185  64.255  0.846  17.207 0.1111110002
53999  63.824  1.424  16.056 0.1111110002
59166  67.376  7.971  27.673 0.1111110002
57360  66.808  5.809  26.297 0.1111110002
56376  66.318  4.847  25.019 0.1111110002
103622  65.660  4.018  24.620 0.1111110002
53991  67.571  1.080  17.197 0.1111110002
54014  66.343  1.532  13.638 0.1111110002
54016  64.497  1.558  13.552 0.1111110002
95827  61.940  1.484  18.328 0.1111110002
53995  61.314  2.127  17.886 0.1111110002
53988  60.200  1.792  19.038 0.1111110002
54005  67.289  1.409  14.823 0.1111110002
93787  63.216  1.887  15.441 0.1111110002
97982  67.152  3.160  18.801 0.1111110002
54774  67.479  2.049  18.037 0.1111110002
55610  58.781  3.418  18.373 0.1111110002
54778  58.051  2.957  19.306 0.1111110002
54793  66.950  2.621  14.381 0.1111110002
93439  62.853  2.288  15.736 0.1111110002
91018  64.322  1.807  12.221 0.1111110002
54803  65.523  2.121  12.059 0.1111110002
100916  67.384  4.125  18.590 0.1111110002
55630  67.426  4.447  16.210 0.1111110002
91750  63.490  2.960  14.556 0.1111110002
105218  62.330  3.193  16.090 0.1111110002
94896  64.658  2.440  12.759 0.1111110002
91969  64.329  3.319  14.077 0.1111110002
56562  65.977  4.482  13.391 0.1111110002
91031  65.264  3.830  13.650 0.1111110002
56507  67.766  5.037  18.776 0.1111110002
57500  66.737  5.486  17.468 0.1111110002
56534  67.178  4.956  15.272 0.1111110002
57509  66.987  5.650  15.658 0.1111110002
57529  66.404  6.089  14.010 0.1111110002
57544  65.632  5.433  13.763 0.1111110002
57530  65.855  6.414  13.898 0.1111110002
92499  64.652  4.736  14.363 0.1111110002
58417  65.783  6.754  14.512 0.1111110002
107007  64.977  6.899  15.122 0.1111110002
59252  63.255  7.290  16.632 0.1111110002
39522  14.609  -13.724  72.495 0.1111110002
39519  14.257  -13.557  74.670 0.1111110002
38593  14.453  -14.770  76.446 0.1111110002
39525  16.182  -13.553  69.732 0.1111110002
38599  16.259  -13.856  69.089 0.1111110002
37706  16.685  -15.437  67.244 0.1111110002
37705  16.862  -15.455  66.489 0.1111110002
37715  17.175  -15.230  63.670 0.1111110002
37709  16.914  -15.409  65.797 0.1111110002
38615  17.491  -14.263  63.761 0.1111110002
100835  17.150  -14.792  64.521 0.1111110002
39618  24.996  -13.016  58.915 0.1111110002
38623  18.124  -14.200  62.259 0.1111110002
38624  17.550  -14.767  62.776 0.1111110002
102451  23.635  -12.776  60.673 0.1111110002
40565  24.628  -12.786  59.686 0.1111110002
39610  24.030  -13.336  59.141 0.1111110002
40566  24.031  -12.881  60.067 0.1111110002
39611  23.366  -13.222  59.772 0.1111110002
39597  22.906  -13.016  60.304 0.1111110002
112770  23.708  -12.576  61.369 0.1111110002
42752  30.361  -10.458  46.003 0.1111110002
44634  31.916  -9.271  45.043 0.1111110002
45594  37.024  -7.227  46.515 0.1111110002
45619  33.333  -7.631  44.811 0.1111110002
44621  34.909  -7.961  45.117 0.1111110002
45609  33.997  -7.536  45.275 0.1111110002
100646  31.140  -9.913  45.443 0.1111110002
111777  24.170  -12.652  60.678 0.1111110002
106694  14.908  -15.022  71.573 0.1111110002
40487  14.057  -13.592  75.515 0.1111110002
39520  14.355  -13.203  73.410 0.1111110002
37698  16.088  -14.877  68.779 0.1111110002
36838  16.641  -16.252  65.271 0.1111110002
108738  16.865  -15.323  65.121 0.1111110002
37702  16.360  -15.472  68.064 0.1111110002
38590  13.962  -14.563  76.701 0.1111110002
38591  13.891  -14.646  76.723 0.1111110002
38592  13.858  -14.603  76.756 0.1111110002
38594  13.953  -14.346  76.422 0.1111110002
39517  14.268  -14.168  75.741 0.1111110002
40499  13.505  -12.563  70.386 0.1111110002
40504  16.202  -12.074  68.995 0.1111110002
40505  15.661  -12.196  68.828 0.2222220004
41505  15.047  -10.724  73.910 0.1111110002
41507  16.086  -10.784  73.341 0.1111110002
41508  16.401  -10.689  72.544 0.1111110002
41510  16.833  -9.826  72.449 0.1111110002
41514  15.291  -11.470  70.791 0.1111110002
42573  15.823  -9.986  73.539 0.1111110002
42574  16.993  -9.708  72.324 0.1111110002
42576  16.842  -9.637  72.339 0.1111110002
42577  16.204  -9.888  71.865 0.1111110002
42578  14.957  -9.959  71.998 0.1111110002
42582  8.484  -10.660  70.412 0.1111110002
42662  29.618  -10.195  58.845 0.3333329856
42675  30.237  -8.993  58.315 0.3333329856
42676  29.956  -9.490  58.523 0.3333329856
43534  16.566  -9.759  72.685 0.1111110002
43536  15.849  -9.471  72.662 0.1111110002
43538  15.857  -9.596  72.079 0.1111110002
43596  30.213  -8.907  58.267 0.3333329856
43606  30.211  -8.868  58.205 0.3333329856
44540  28.905  -8.875  59.026 0.3333329856
44548  29.921  -8.777  58.134 0.3333329856
44549  29.079  -8.566  58.233 0.3333329856
45561  36.418  -8.113  52.961 0.8888890147
46456  39.910  -6.321  54.271 0.8888890147
46467  39.766  -6.418  54.331 0.8888890147
46468  36.663  -8.240  53.061 0.8888890147
47442  39.472  -5.691  53.060 0.7777780294
48420  38.497  -5.592  51.163 0.6666669846
49281  39.725  -4.155  50.680 0.7777780294
52348  66.432  -0.817  20.947 0.1111110002
52373  66.727  -0.519  17.457 0.1111110002
53176  67.100  -0.180  18.668 0.1111110002
53198  66.970  0.108  15.150 0.1111110002
54026  65.131  1.773  11.547 0.1111110002
54797  66.631  2.702  13.534 0.1111110002
55650  66.394  3.418  13.340 0.1111110002
56188  53.198  4.986  42.813 0.1111110002
56314  64.785  5.283  31.013 0.1111110002
56484  67.394  5.348  19.534 0.1111110002
56551  66.536  5.311  13.791 0.1111110002
57333  66.694  5.470  28.628 0.1111110002
57386  66.541  4.925  25.209 0.1111110002
57481  67.202  5.462  18.803 0.1111110002
57499  67.296  5.418  17.682 0.1111110002
57542  66.287  5.775  13.755 0.1111110002
58278  66.537  7.474  30.407 0.1111110002
58279  66.451  6.636  30.420 0.1111110002
58280  65.857  6.689  30.473 0.1111110002
58285  66.824  6.950  30.349 0.1111110002
58298  63.773  8.072  30.020 0.2222220004
58315  67.461  7.068  28.352 0.1111110002
58327  67.505  7.124  27.195 0.1111110002
58335  67.261  6.936  26.559 0.1111110002
58425  66.160  6.668  14.198 0.1111110002
58427  65.478  6.709  14.530 0.1111110002
58437  66.137  6.371  13.878 0.1111110002
59049  54.000  7.899  41.373 0.2222220004
59065  54.576  7.836  40.745 0.2222220004
59137  66.196  7.121  30.636 0.1111110002
59140  66.222  7.679  30.577 0.1111110002
59160  67.201  7.673  28.885 0.1111110002
59251  63.932  6.898  15.939 0.1111110002
59253  62.763  7.591  16.702 0.1111110002
59999  66.418  8.085  30.182 0.1111110002
60008  66.694  8.108  29.337 0.1111110002
60022  66.511  8.360  28.772 0.1111110002
90334  12.846  -12.003  74.335 0.1111110002
90342  13.936  -10.993  74.250 0.1111110002
90345  14.290  -9.953  74.032 0.1111110002
90501  39.752  -6.124  54.539 0.8888890147
90506  40.143  -4.101  56.317 0.8888890147
90508  36.065  -6.373  52.853 0.8888890147
90509  35.839  -7.754  52.701 0.8888890147
90510  39.079  -1.112  55.984 0.8888890147
90512  42.648  -4.033  52.699 0.7777780294
90516  43.084  -5.189  51.816 0.7777780294
90535  42.882  -5.380  51.555 0.7777780294
91021  64.488  1.708  12.277 0.1111110002
91023  65.446  2.149  12.006 0.1111110002
91619  40.600  -3.367  49.311 0.6666669846
92418  64.790  1.637  11.596 0.1111110002
92433  12.686  -13.203  74.988 0.1111110002
92454  14.934  -9.451  73.688 0.1111110002
92646  41.400  -4.393  56.078 0.8888890147
93048  42.591  -5.435  52.101 0.7777780294
93058  43.051  -4.953  51.221 0.7777780294
93153  15.081  -9.682  73.839 0.1111110002
93157  13.617  -14.925  76.719 0.1111110002
93206  39.229  -6.044  54.445 0.8888890147
93616  39.650  -3.663  54.650 0.8888890147
93717  62.606  1.744  17.027 0.1111110002
93750  41.961  -5.790  52.334 0.7777780294
93819  64.748  1.540  12.029 0.1111110002
93974  41.811  -5.316  53.138 0.7777780294
94901  41.001  -4.779  53.844 0.8888890147
98155  65.519  1.627  12.585 0.1111110002
99090  67.255  5.421  16.788 0.1111110002
101927  14.205  -13.235  74.984 0.1111110002
101977  64.582  6.003  31.128 0.1111110002
102673  66.514  2.095  13.265 0.1111110002
103515  15.236  -13.861  71.564 0.2222220004
105575  50.966  6.275  45.758 0.4444440007
105796  12.295  -11.133  73.976 0.1111110002
105797  12.799  -10.897  72.803 0.1111110002
106963  16.651  -9.545  72.368 0.1111110002
107601  65.986  8.550  28.931 0.1111110002
109892  39.879  -5.649  54.566 0.8888890147
109943  65.433  1.824  11.701 0.1111110002
111080  67.645  4.850  16.912 0.1111110002
111128  53.152  7.879  41.844 0.2222220004
111968  39.920  -1.475  58.085 0.8888890147
