#!ascii label  , from subject sub-v1s9x0051329_ses-1 vox2ras=TkReg
1719
65986  -48.083  -17.968  55.193 0.0000000000
78514  -59.103  -4.933  46.752 0.0000000000
71485  -55.666  -12.573  50.438 0.0000000000
46704  -21.201  -35.833  83.034 0.0000000000
65918  -44.032  -17.436  59.592 0.0000000000
131506  -36.798  -28.859  79.969 0.0000000000
128951  -44.206  -25.199  75.540 0.0000000000
61633  -47.522  -21.341  67.492 0.0000000000
65847  -49.923  -17.646  65.027 0.0000000000
52071  -29.184  -31.421  76.062 0.0000000000
55294  -32.363  -27.477  82.522 0.0000000000
54262  -31.021  -28.508  75.386 0.0000000000
56529  -39.951  -26.766  71.160 0.0000000000
58614  -43.925  -24.179  69.445 0.0000000000
70371  -49.345  -13.382  59.618 0.0000000000
71394  -53.671  -12.524  57.478 0.0000000000
75498  -57.519  -8.427  48.511 0.0000000000
67231  -52.607  -16.418  51.940 0.0000000000
79542  -56.406  -3.736  41.767 0.0000000000
42532  -17.836  -39.538  83.895 0.0000000000
70320  -47.111  -13.614  63.229 0.0000000000
68302  -45.437  -16.185  57.911 0.0000000000
52089  -36.281  -30.520  74.222 0.0000000000
54238  -41.258  -29.543  76.896 0.0000000000
69397  -59.762  -14.013  56.125 0.0000000000
84439  -63.522  1.158  37.751 0.0000000000
60612  -45.958  -22.753  65.958 0.0000000000
61675  -46.653  -21.323  64.716 0.0000000000
54246  -29.536  -28.411  75.562 0.0000000000
58641  -41.014  -24.650  67.608 0.0000000000
58644  -43.811  -24.444  66.893 0.0000000000
59603  -46.109  -23.402  68.716 0.0000000000
68306  -48.910  -15.827  57.744 0.0000000000
127464  -51.270  -13.171  58.178 0.0000000000
68329  -50.996  -15.328  56.136 0.0000000000
77411  -57.921  -6.707  47.301 0.0000000000
75475  -61.492  -8.630  50.287 0.0000000000
81344  -59.642  -2.680  45.882 0.0000000000
45702  -19.644  -37.230  79.523 0.0000000000
44641  -19.389  -37.604  83.560 0.0000000000
65892  -47.803  -17.201  61.925 0.0000000000
68225  -48.119  -15.842  63.902 0.0000000000
68241  -45.403  -15.798  61.408 0.0000000000
69329  -45.318  -14.089  60.329 0.0000000000
68263  -43.697  -15.686  59.279 0.0000000000
55312  -34.437  -28.314  81.460 0.0000000000
55266  -35.825  -27.745  85.073 0.0000000000
55269  -38.122  -28.270  83.940 0.0000000000
54159  -39.943  -28.995  82.512 0.0000000000
52128  -33.849  -30.937  71.359 0.0000000000
136928  -35.630  -30.350  69.839 0.0000000000
57571  -42.079  -25.973  72.866 0.0000000000
55389  -40.874  -28.273  74.144 0.0000000000
55365  -42.753  -27.791  76.375 0.0000000000
54208  -44.036  -29.020  79.543 0.0000000000
147002  -24.853  -33.057  79.524 0.0000000000
50856  -26.792  -31.768  84.237 0.0000000000
50823  -26.382  -31.515  87.316 0.0000000000
69458  -54.324  -14.595  50.906 0.0000000000
130605  -56.197  -14.670  54.547 0.0000000000
70449  -58.645  -13.654  53.278 0.0000000000
143931  -63.955  3.237  36.123 0.0000000000
47681  -20.051  -35.024  86.885 0.0000000000
143159  -50.333  -20.016  69.500 0.0000000000
64843  -51.416  -18.319  67.483 0.0000000000
63831  -48.663  -19.702  66.250 0.0000000000
63860  -47.721  -19.451  63.253 0.0000000000
50901  -29.775  -31.844  81.090 0.0000000000
131865  -30.877  -28.920  84.117 0.0000000000
54180  -30.654  -29.171  80.166 0.0000000000
145465  -31.705  -28.544  79.041 0.0000000000
53133  -34.302  -29.476  78.140 0.0000000000
54350  -38.056  -28.197  68.948 0.0000000000
57645  -38.881  -25.550  68.112 0.0000000000
57619  -41.010  -25.002  70.790 0.0000000000
126485  -43.696  -24.225  72.344 0.0000000000
59564  -46.009  -23.806  70.913 0.0000000000
60578  -48.222  -22.096  70.348 0.0000000000
49843  -27.279  -32.874  76.529 0.0000000000
72360  -49.356  -11.349  62.325 0.0000000000
74361  -51.978  -8.802  63.081 0.0000000000
73407  -51.701  -10.194  60.210 0.0000000000
73424  -54.485  -10.195  59.439 0.0000000000
73531  -56.580  -10.450  49.533 0.0000000000
72493  -59.205  -12.000  51.814 0.0000000000
73513  -60.337  -10.462  51.189 0.0000000000
37897  -14.249  -44.554  87.681 0.0000000000
67208  -50.772  -17.443  53.656 0.0000000000
68426  -50.390  -15.186  49.557 0.0000000000
73567  -52.290  -10.304  47.777 0.0000000000
75515  -53.677  -8.726  47.102 0.0000000000
77426  -54.538  -6.498  46.172 0.0000000000
133923  -55.983  -4.767  45.410 0.0000000000
80450  -56.670  -2.983  44.333 0.0000000000
79527  -55.146  -4.198  43.775 0.0000000000
44625  -18.448  -37.180  87.311 0.0000000000
42511  -16.251  -39.270  87.342 0.0000000000
40470  -14.344  -41.596  87.376 0.0000000000
71261  -51.135  -12.187  68.247 0.0000000000
67000  -51.120  -16.117  66.982 0.0000000000
69269  -48.951  -13.769  65.947 0.0000000000
72330  -48.412  -11.704  64.407 0.0000000000
71355  -47.989  -13.159  61.103 0.0000000000
69361  -47.046  -14.986  58.929 0.0000000000
67154  -47.386  -17.552  56.863 0.0000000000
56383  -33.748  -26.647  86.806 0.0000000000
52086  -33.423  -30.662  74.485 0.0000000000
53177  -36.270  -29.919  76.465 0.0000000000
54305  -38.506  -28.880  72.598 0.0000000000
53195  -38.755  -29.922  75.497 0.0000000000
54225  -38.779  -29.127  78.650 0.0000000000
136831  -42.497  -29.899  81.058 0.0000000000
46735  -21.374  -35.594  79.472 0.0000000000
48740  -22.990  -34.200  79.182 0.0000000000
47727  -22.682  -34.105  83.024 0.0000000000
69410  -53.711  -14.950  54.972 0.0000000000
70393  -56.925  -13.050  57.047 0.0000000000
71368  -60.346  -12.078  59.679 0.0000000000
71424  -62.031  -12.728  55.409 0.0000000000
81367  -56.926  -1.233  43.256 0.0000000000
83335  -59.188  -0.537  42.637 0.0000000000
84400  -61.868  0.542  42.255 0.0000000000
82323  -62.171  -1.360  39.345 0.0000000000
85468  -63.839  2.377  40.800 0.0000000000
130101  -44.646  -23.507  65.117 0.0000000000
59645  -44.978  -22.804  63.732 0.0000000000
59644  -44.342  -23.357  63.345 0.0000000000
58655  -42.729  -24.651  65.925 0.0000000000
143266  -43.635  -24.337  65.226 0.0000000000
59616  -44.828  -23.651  66.625 0.0000000000
67156  -48.999  -16.702  56.399 0.0000000000
68307  -50.043  -15.242  57.214 0.0000000000
68344  -49.799  -16.313  56.089 0.0000000000
78502  -58.987  -5.648  47.430 0.0000000000
77403  -59.605  -6.507  48.444 0.0000000000
78503  -59.842  -5.666  48.036 0.0000000000
79487  -60.278  -4.221  47.499 0.0000000000
80437  -59.307  -3.475  46.071 0.0000000000
45692  -20.540  -36.579  80.657 0.0000000000
44658  -19.520  -37.555  81.058 0.0000000000
136029  -20.245  -36.775  82.924 0.0000000000
65910  -45.561  -17.178  60.704 0.0000000000
67072  -45.892  -16.613  61.332 0.0000000000
67084  -44.787  -16.590  60.603 0.0000000000
68252  -44.424  -15.286  60.439 0.0000000000
68251  -43.932  -15.827  60.003 0.0000000000
51968  -29.100  -30.984  86.585 0.0000000000
142410  -36.083  -28.675  81.330 0.0000000000
55298  -36.721  -27.970  82.899 0.0000000000
143798  -37.495  -28.438  81.847 0.0000000000
54157  -38.966  -28.560  82.476 0.0000000000
128535  -38.822  -28.893  81.311 0.0000000000
57558  -43.047  -25.482  74.443 0.0000000000
56495  -42.107  -26.990  74.061 0.0000000000
56483  -43.358  -26.419  75.633 0.0000000000
56454  -44.269  -26.925  77.138 0.0000000000
147972  -28.351  -32.270  82.926 0.0000000000
50846  -28.231  -31.734  85.236 0.0000000000
51967  -28.192  -31.185  86.772 0.0000000000
73314  -51.745  -9.881  67.796 0.0000000000
70483  -55.383  -13.337  50.704 0.0000000000
70460  -56.372  -14.092  51.955 0.0000000000
70473  -57.506  -13.082  51.734 0.0000000000
62688  -49.293  -20.308  68.685 0.0000000000
63802  -49.750  -19.715  68.113 0.0000000000
62714  -48.111  -20.287  66.567 0.0000000000
62744  -47.163  -20.210  63.598 0.0000000000
62758  -46.546  -20.557  61.954 0.0000000000
63879  -46.863  -19.285  61.093 0.0000000000
50931  -29.714  -31.708  79.343 0.0000000000
53107  -30.368  -29.935  80.768 0.0000000000
128418  -30.018  -30.438  77.952 0.0000000000
55373  -29.953  -27.751  75.302 0.0000000000
55352  -30.633  -29.365  76.834 0.0000000000
54233  -31.233  -29.354  77.274 0.0000000000
54219  -32.335  -28.972  78.584 0.0000000000
54235  -32.631  -29.569  77.232 0.0000000000
56593  -38.539  -26.221  67.553 0.0000000000
58631  -42.413  -24.521  68.232 0.0000000000
58611  -41.239  -24.704  69.413 0.0000000000
58612  -42.115  -24.548  69.566 0.0000000000
126501  -42.773  -24.479  71.272 0.0000000000
127011  -43.742  -24.234  70.910 0.0000000000
58578  -45.132  -23.824  71.554 0.0000000000
58596  -45.177  -23.762  70.592 0.0000000000
60605  -46.841  -22.330  68.091 0.0000000000
60588  -47.119  -22.811  69.512 0.0000000000
61617  -47.962  -21.451  68.909 0.0000000000
62652  -49.389  -20.854  70.117 0.0000000000
134774  -28.603  -32.128  75.923 0.0000000000
72378  -49.181  -12.186  61.199 0.0000000000
73396  -50.605  -10.872  60.921 0.0000000000
72391  -50.213  -11.949  60.184 0.0000000000
71393  -52.809  -12.646  57.621 0.0000000000
72410  -52.818  -11.658  58.670 0.0000000000
71378  -54.113  -11.923  57.914 0.0000000000
72397  -55.875  -11.008  59.137 0.0000000000
71379  -55.022  -11.887  57.928 0.0000000000
74503  -57.659  -9.499  49.477 0.0000000000
129479  -58.809  -10.278  50.581 0.0000000000
74489  -58.954  -9.673  50.252 0.0000000000
75476  -63.447  -8.449  50.748 0.0000000000
74533  -53.413  -9.404  47.474 0.0000000000
75531  -52.293  -8.020  47.016 0.0000000000
77441  -53.391  -5.931  46.059 0.0000000000
78525  -53.852  -5.353  45.791 0.0000000000
77444  -55.692  -5.553  45.695 0.0000000000
78539  -54.375  -4.812  45.395 0.0000000000
79516  -55.333  -4.022  44.767 0.0000000000
43614  -18.173  -39.232  81.363 0.0000000000
41453  -17.370  -40.370  83.631 0.0000000000
47651  -18.861  -34.842  89.005 0.0000000000
46655  -19.379  -36.098  86.998 0.0000000000
46642  -17.874  -35.956  89.188 0.0000000000
44618  -15.835  -37.798  89.422 0.0000000000
43576  -14.529  -39.047  89.637 0.0000000000
41430  -15.156  -40.324  87.232 0.0000000000
41421  -14.159  -40.504  88.951 0.0000000000
39526  -14.582  -41.551  89.233 0.0000000000
64854  -50.562  -18.250  66.285 0.0000000000
65825  -51.682  -17.488  67.372 0.0000000000
65848  -50.438  -16.744  65.511 0.0000000000
69300  -47.330  -14.603  64.062 0.0000000000
68203  -48.656  -15.086  65.232 0.0000000000
69280  -47.933  -13.731  64.963 0.0000000000
71293  -48.311  -12.523  65.172 0.0000000000
71303  -47.719  -12.765  64.029 0.0000000000
72358  -48.000  -12.214  63.011 0.0000000000
71342  -47.268  -13.349  62.086 0.0000000000
144366  -45.265  -14.947  58.882 0.0000000000
69344  -46.422  -14.326  59.500 0.0000000000
68283  -46.720  -15.612  58.373 0.0000000000
68304  -47.272  -16.241  57.854 0.0000000000
67127  -46.000  -16.964  57.440 0.0000000000
132238  -31.539  -28.011  83.428 0.0000000000
55265  -31.571  -27.658  84.777 0.0000000000
56406  -32.604  -26.894  84.556 0.0000000000
127059  -34.515  -30.873  72.715 0.0000000000
133659  -33.478  -30.824  72.901 0.0000000000
52088  -35.398  -30.611  74.357 0.0000000000
53191  -34.841  -30.218  75.918 0.0000000000
53210  -35.884  -30.440  75.013 0.0000000000
129665  -38.489  -27.756  70.110 0.0000000000
54332  -37.766  -28.879  70.287 0.0000000000
54322  -38.944  -28.209  72.066 0.0000000000
54265  -41.065  -28.787  75.258 0.0000000000
53213  -39.973  -29.288  74.698 0.0000000000
54250  -39.908  -29.925  76.261 0.0000000000
125999  -39.045  -29.918  76.886 0.0000000000
53161  -40.518  -29.926  77.622 0.0000000000
54187  -40.424  -29.265  80.071 0.0000000000
53139  -41.823  -29.740  78.755 0.0000000000
59522  -47.945  -23.832  74.311 0.0000000000
48721  -23.818  -33.639  79.866 0.0000000000
48712  -23.683  -33.445  81.476 0.0000000000
47753  -22.627  -34.439  80.688 0.0000000000
51949  -25.863  -30.863  89.028 0.0000000000
66030  -51.634  -17.098  53.215 0.0000000000
67194  -52.085  -16.439  53.951 0.0000000000
68374  -53.575  -15.858  53.636 0.0000000000
69414  -57.972  -14.400  55.305 0.0000000000
69394  -56.762  -14.169  56.044 0.0000000000
70412  -58.415  -13.708  56.681 0.0000000000
71399  -58.352  -12.693  57.857 0.0000000000
70379  -60.315  -12.972  58.281 0.0000000000
71465  -61.577  -11.990  52.638 0.0000000000
71452  -61.281  -12.622  53.189 0.0000000000
72452  -63.142  -11.342  55.191 0.0000000000
80466  -56.273  -3.411  42.819 0.0000000000
81361  -56.694  -1.952  43.776 0.0000000000
141319  -56.318  -2.396  42.854 0.0000000000
82294  -58.779  -1.095  41.659 0.0000000000
82295  -59.666  -0.913  41.553 0.0000000000
151818  -60.874  -0.095  42.767 0.0000000000
83363  -60.612  -0.881  41.331 0.0000000000
82365  -63.409  -1.311  36.575 0.0000000000
141356  -62.849  -1.656  37.777 0.0000000000
83386  -63.280  -0.183  38.658 0.0000000000
84422  -63.024  0.598  40.258 0.0000000000
145627  -63.703  1.977  39.103 0.0000000000
86525  -64.032  2.273  39.061 0.0000000000
85503  -65.578  2.282  37.065 0.0000000000
61646  -46.991  -21.657  66.840 0.0000000000
137048  -47.154  -21.204  66.259 0.0000000000
60632  -46.315  -21.901  64.820 0.0000000000
61684  -46.181  -21.745  63.293 0.0000000000
53187  -29.009  -29.341  75.601 0.0000000000
145859  -41.228  -24.647  66.656 0.0000000000
58643  -42.550  -24.613  67.467 0.0000000000
145836  -43.741  -24.406  68.322 0.0000000000
58634  -44.974  -23.896  68.654 0.0000000000
59601  -44.770  -23.988  67.961 0.0000000000
59618  -46.030  -22.905  66.838 0.0000000000
69363  -49.497  -14.547  58.552 0.0000000000
70372  -50.172  -13.102  59.249 0.0000000000
69364  -50.196  -14.211  58.212 0.0000000000
69378  -51.312  -14.228  57.040 0.0000000000
70406  -52.701  -13.682  56.642 0.0000000000
76443  -57.831  -7.721  48.230 0.0000000000
138988  -59.274  -8.390  49.484 0.0000000000
76445  -59.300  -7.232  48.793 0.0000000000
75492  -61.649  -7.932  49.830 0.0000000000
129735  -60.056  -1.710  45.767 0.0000000000
44668  -18.977  -38.087  80.802 0.0000000000
43603  -18.791  -38.315  83.490 0.0000000000
65876  -48.671  -17.349  63.190 0.0000000000
67035  -49.504  -16.635  64.537 0.0000000000
67059  -47.497  -16.433  62.446 0.0000000000
68234  -47.018  -15.641  63.049 0.0000000000
69308  -46.184  -14.370  62.236 0.0000000000
69319  -46.055  -13.928  61.625 0.0000000000
69328  -44.980  -14.684  60.697 0.0000000000
69359  -44.646  -14.865  59.209 0.0000000000
147679  -44.057  -15.548  58.360 0.0000000000
55295  -33.098  -27.481  82.169 0.0000000000
55281  -33.997  -27.232  83.516 0.0000000000
55297  -35.111  -27.831  83.001 0.0000000000
55283  -36.678  -28.112  83.863 0.0000000000
128517  -39.863  -29.767  83.760 0.0000000000
52129  -35.206  -30.684  71.144 0.0000000000
52116  -36.196  -30.412  72.282 0.0000000000
56519  -41.057  -26.257  71.838 0.0000000000
143536  -40.256  -27.659  72.772 0.0000000000
144178  -41.035  -27.281  73.049 0.0000000000
152144  -41.871  -27.750  75.058 0.0000000000
54253  -42.413  -28.516  76.748 0.0000000000
53140  -43.002  -29.178  78.234 0.0000000000
54241  -43.434  -28.529  77.826 0.0000000000
135656  -26.580  -32.777  78.934 0.0000000000
140560  -26.075  -32.656  79.990 0.0000000000
50866  -25.236  -32.012  83.739 0.0000000000
50844  -25.484  -31.822  85.255 0.0000000000
145353  -26.765  -31.714  85.751 0.0000000000
68392  -53.328  -15.615  51.249 0.0000000000
68375  -54.302  -15.535  53.303 0.0000000000
69451  -55.773  -14.743  52.522 0.0000000000
69440  -57.492  -14.217  53.887 0.0000000000
69429  -59.363  -14.228  54.946 0.0000000000
80489  -55.913  -3.707  40.741 0.0000000000
80477  -57.181  -3.570  41.352 0.0000000000
80508  -57.168  -3.428  40.174 0.0000000000
83409  -64.140  -0.046  36.156 0.0000000000
85493  -63.683  2.144  37.373 0.0000000000
84464  -64.035  1.291  34.952 0.0000000000
85517  -63.944  2.522  34.525 0.0000000000
47714  -21.566  -34.783  84.485 0.0000000000
46679  -20.803  -35.828  84.555 0.0000000000
64826  -52.836  -18.638  69.596 0.0000000000
63788  -50.991  -19.577  69.129 0.0000000000
64853  -49.895  -18.913  66.688 0.0000000000
64870  -49.725  -18.353  65.283 0.0000000000
63843  -47.745  -19.980  65.101 0.0000000000
63854  -48.358  -19.260  64.603 0.0000000000
64895  -48.661  -18.243  63.391 0.0000000000
64901  -48.038  -18.177  62.049 0.0000000000
64911  -46.780  -18.329  60.973 0.0000000000
133154  -29.871  -31.561  82.970 0.0000000000
51993  -30.405  -30.367  84.041 0.0000000000
53082  -30.462  -30.180  83.154 0.0000000000
54155  -30.681  -29.230  82.017 0.0000000000
55308  -31.334  -28.565  81.060 0.0000000000
128338  -30.335  -29.670  77.397 0.0000000000
55328  -30.990  -28.715  79.529 0.0000000000
126932  -31.896  -27.975  80.887 0.0000000000
55323  -33.125  -28.112  80.557 0.0000000000
54202  -34.181  -28.936  79.482 0.0000000000
54222  -35.640  -29.239  78.852 0.0000000000
55467  -38.439  -27.447  68.609 0.0000000000
56563  -39.344  -26.231  69.639 0.0000000000
58628  -39.991  -24.802  67.973 0.0000000000
57633  -39.981  -25.120  69.354 0.0000000000
56546  -40.124  -26.032  70.713 0.0000000000
57600  -41.150  -25.390  71.417 0.0000000000
58559  -42.737  -24.755  73.149 0.0000000000
58544  -44.066  -24.470  73.896 0.0000000000
58530  -45.289  -24.593  74.913 0.0000000000
127012  -44.838  -24.212  73.311 0.0000000000
58563  -46.288  -23.990  72.674 0.0000000000
59553  -47.715  -23.752  72.494 0.0000000000
59578  -46.579  -23.597  70.378 0.0000000000
59566  -47.617  -23.304  70.997 0.0000000000
130922  -48.599  -22.781  72.196 0.0000000000
61580  -49.381  -21.384  71.340 0.0000000000
49815  -27.696  -32.665  78.150 0.0000000000
73358  -49.482  -10.605  64.389 0.0000000000
74373  -50.733  -9.835  63.129 0.0000000000
74382  -51.856  -9.501  61.306 0.0000000000
128623  -52.988  -8.861  60.740 0.0000000000
71366  -51.274  -12.114  59.213 0.0000000000
152012  -52.696  -10.584  59.487 0.0000000000
72531  -56.270  -11.135  49.872 0.0000000000
72507  -57.325  -12.096  50.897 0.0000000000
72519  -58.422  -11.286  50.941 0.0000000000
72511  -60.238  -11.105  51.571 0.0000000000
72496  -61.965  -11.411  52.332 0.0000000000
74491  -61.366  -9.433  50.691 0.0000000000
130043  -61.949  -10.474  51.578 0.0000000000
138748  -47.799  -18.495  53.517 0.0000000000
67191  -49.651  -17.270  54.761 0.0000000000
66044  -48.896  -18.125  52.506 0.0000000000
66045  -49.827  -17.881  52.414 0.0000000000
67230  -50.986  -16.824  51.277 0.0000000000
68390  -52.073  -15.925  50.894 0.0000000000
69473  -52.271  -14.841  49.875 0.0000000000
70502  -53.196  -13.231  49.570 0.0000000000
147798  -53.767  -12.659  49.472 0.0000000000
72528  -54.203  -11.294  48.770 0.0000000000
130015  -54.534  -10.530  48.485 0.0000000000
74515  -55.609  -9.687  48.362 0.0000000000
148971  -55.421  -8.783  47.361 0.0000000000
76468  -52.512  -7.248  46.726 0.0000000000
76470  -54.226  -7.276  46.543 0.0000000000
76453  -55.976  -7.823  46.789 0.0000000000
76473  -57.174  -7.015  46.777 0.0000000000
77429  -57.610  -6.312  46.516 0.0000000000
78527  -57.804  -5.071  45.505 0.0000000000
79504  -58.129  -4.134  45.491 0.0000000000
80442  -56.785  -3.667  44.851 0.0000000000
80456  -55.785  -3.863  44.137 0.0000000000
79533  -55.444  -4.260  42.614 0.0000000000
80475  -54.652  -4.006  41.300 0.0000000000
45651  -19.904  -36.782  84.634 0.0000000000
44635  -18.927  -37.866  84.905 0.0000000000
43593  -18.037  -38.851  85.227 0.0000000000
44620  -17.233  -37.304  88.573 0.0000000000
43586  -17.513  -38.385  87.050 0.0000000000
151943  -17.205  -39.870  85.165 0.0000000000
41442  -16.192  -40.664  85.795 0.0000000000
40480  -15.504  -41.879  85.578 0.0000000000
39561  -14.468  -43.036  86.271 0.0000000000
39552  -14.109  -43.084  87.497 0.0000000000
149331  -50.376  -10.910  66.809 0.0000000000
68176  -51.851  -15.269  68.522 0.0000000000
68204  -49.445  -15.513  65.526 0.0000000000
68192  -49.764  -15.149  66.223 0.0000000000
70277  -50.064  -13.025  66.908 0.0000000000
134756  -49.562  -11.859  66.327 0.0000000000
72315  -49.338  -11.006  65.666 0.0000000000
72344  -48.314  -11.776  63.558 0.0000000000
71344  -48.522  -12.648  61.559 0.0000000000
70356  -48.153  -13.383  60.538 0.0000000000
70355  -46.665  -13.657  60.753 0.0000000000
70368  -46.928  -13.890  60.089 0.0000000000
69346  -48.298  -14.321  59.344 0.0000000000
68285  -48.464  -15.467  58.337 0.0000000000
67129  -47.771  -16.818  57.365 0.0000000000
67173  -47.826  -17.916  56.113 0.0000000000
127818  -42.905  -16.827  58.974 0.0000000000
67106  -43.169  -16.184  58.831 0.0000000000
68300  -43.732  -15.828  57.921 0.0000000000
67125  -44.067  -16.358  57.391 0.0000000000
67151  -44.539  -17.214  56.860 0.0000000000
65966  -45.992  -18.268  56.314 0.0000000000
65984  -46.412  -18.773  55.576 0.0000000000
66008  -47.570  -18.481  54.477 0.0000000000
56395  -34.491  -26.910  85.719 0.0000000000
54287  -31.269  -28.611  73.710 0.0000000000
53224  -32.154  -29.988  73.666 0.0000000000
53189  -32.385  -29.871  75.500 0.0000000000
126694  -34.050  -30.164  76.325 0.0000000000
53157  -35.498  -29.735  77.502 0.0000000000
53136  -36.833  -29.525  77.988 0.0000000000
53269  -37.005  -29.607  69.302 0.0000000000
132456  -37.318  -29.803  71.619 0.0000000000
127343  -37.438  -30.000  73.174 0.0000000000
54306  -39.137  -28.500  72.738 0.0000000000
53227  -38.599  -29.733  74.033 0.0000000000
53211  -37.793  -30.011  74.545 0.0000000000
53178  -37.562  -29.857  76.513 0.0000000000
54236  -38.161  -29.310  78.211 0.0000000000
54206  -38.519  -28.920  79.480 0.0000000000
54186  -39.835  -29.063  80.861 0.0000000000
53100  -41.082  -29.738  81.696 0.0000000000
45715  -20.400  -36.272  78.555 0.0000000000
133607  -21.027  -35.957  81.037 0.0000000000
144386  -23.218  -34.177  77.790 0.0000000000
47776  -22.143  -34.820  78.075 0.0000000000
47760  -21.966  -35.061  79.653 0.0000000000
46714  -22.063  -34.923  81.261 0.0000000000
131124  -21.773  -35.297  82.267 0.0000000000
48688  -21.976  -34.049  84.547 0.0000000000
50832  -24.721  -31.810  86.833 0.0000000000
68358  -50.885  -16.297  54.943 0.0000000000
69409  -52.460  -14.779  55.663 0.0000000000
70407  -53.635  -13.645  56.337 0.0000000000
69424  -54.588  -14.990  54.687 0.0000000000
69392  -55.087  -14.148  55.752 0.0000000000
70391  -55.041  -12.982  56.920 0.0000000000
71381  -56.965  -11.935  58.397 0.0000000000
70463  -58.910  -13.083  52.611 0.0000000000
70451  -60.018  -13.600  53.731 0.0000000000
69398  -60.614  -13.902  55.990 0.0000000000
80444  -58.840  -2.853  45.506 0.0000000000
81354  -59.071  -1.997  45.284 0.0000000000
82269  -58.903  -0.929  43.805 0.0000000000
138517  -57.506  -2.000  41.886 0.0000000000
82278  -58.443  -0.542  42.577 0.0000000000
83328  -60.346  -0.119  44.113 0.0000000000
84382  -60.885  0.470  43.991 0.0000000000
85446  -62.296  1.510  43.459 0.0000000000
81412  -61.532  -2.092  39.468 0.0000000000
83365  -62.327  -0.087  40.780 0.0000000000
85467  -63.245  1.835  41.339 0.0000000000
86543  -64.227  2.657  37.357 0.0000000000
59634  -44.013  -23.981  64.758 0.0000000000
135864  -44.505  -23.427  64.253 0.0000000000
58671  -43.139  -24.596  65.335 0.0000000000
58672  -44.181  -24.046  65.562 0.0000000000
67174  -48.562  -17.369  55.826 0.0000000000
67175  -49.311  -16.921  55.547 0.0000000000
79486  -59.709  -4.944  47.384 0.0000000000
78504  -60.370  -4.844  47.922 0.0000000000
79494  -59.690  -4.141  46.771 0.0000000000
45683  -20.621  -36.466  81.609 0.0000000000
45670  -20.188  -36.896  82.189 0.0000000000
45671  -20.673  -36.386  82.519 0.0000000000
65909  -44.831  -17.318  60.140 0.0000000000
67071  -45.210  -16.426  61.065 0.0000000000
140928  -44.346  -16.049  60.482 0.0000000000
67083  -44.183  -16.621  60.123 0.0000000000
51969  -29.856  -30.660  86.345 0.0000000000
150152  -29.996  -30.780  85.660 0.0000000000
137862  -36.667  -28.808  80.700 0.0000000000
54170  -37.052  -28.705  81.286 0.0000000000
126140  -37.857  -28.747  81.227 0.0000000000
54185  -37.371  -28.823  80.524 0.0000000000
132494  -43.620  -25.301  74.983 0.0000000000
57544  -43.210  -26.005  75.058 0.0000000000
57545  -43.779  -25.830  75.604 0.0000000000
143139  -44.398  -25.700  76.151 0.0000000000
50836  -28.624  -31.446  85.966 0.0000000000
71484  -54.893  -12.892  50.157 0.0000000000
71476  -56.154  -13.048  50.929 0.0000000000
71477  -56.984  -12.866  51.254 0.0000000000
61618  -48.512  -20.763  68.407 0.0000000000
62703  -48.926  -20.071  67.876 0.0000000000
62702  -48.184  -20.649  67.470 0.0000000000
61698  -46.126  -21.294  61.814 0.0000000000
52041  -29.924  -31.066  78.685 0.0000000000
145591  -29.853  -30.800  77.284 0.0000000000
54261  -30.375  -27.897  75.392 0.0000000000
55374  -30.550  -28.429  75.825 0.0000000000
54248  -31.026  -29.082  76.220 0.0000000000
54249  -31.772  -29.470  76.822 0.0000000000
54263  -31.707  -29.287  75.882 0.0000000000
127652  -42.690  -24.484  68.861 0.0000000000
58613  -43.053  -24.395  69.673 0.0000000000
145729  -43.119  -24.370  70.477 0.0000000000
58594  -43.645  -24.206  70.130 0.0000000000
132693  -44.519  -23.924  70.974 0.0000000000
58595  -44.398  -23.930  70.168 0.0000000000
132747  -47.473  -21.764  68.154 0.0000000000
146383  -47.927  -21.188  68.092 0.0000000000
61619  -48.773  -20.892  69.379 0.0000000000
50952  -29.282  -32.049  77.623 0.0000000000
71363  -49.200  -12.886  60.164 0.0000000000
71357  -49.524  -12.355  60.528 0.0000000000
71364  -49.811  -12.652  59.885 0.0000000000
71377  -53.241  -12.062  58.046 0.0000000000
71395  -54.571  -12.463  57.437 0.0000000000
74517  -57.212  -9.115  48.839 0.0000000000
75488  -57.922  -8.807  49.128 0.0000000000
75466  -64.247  -8.726  51.271 0.0000000000
75513  -51.955  -8.901  47.268 0.0000000000
145722  -54.322  -5.141  45.739 0.0000000000
131596  -54.674  -4.344  44.746 0.0000000000
43608  -18.178  -39.133  82.208 0.0000000000
42537  -17.764  -39.859  82.813 0.0000000000
41458  -17.345  -40.742  82.789 0.0000000000
46643  -18.603  -35.646  88.671 0.0000000000
46639  -18.175  -35.180  89.526 0.0000000000
42504  -14.318  -39.816  89.271 0.0000000000
41401  -14.600  -40.080  90.346 0.0000000000
64871  -50.305  -17.925  65.595 0.0000000000
65835  -50.769  -17.372  66.027 0.0000000000
150617  -50.350  -17.311  65.383 0.0000000000
69288  -46.993  -14.005  63.698 0.0000000000
69289  -47.481  -13.842  64.366 0.0000000000
70311  -47.401  -13.372  63.933 0.0000000000
71313  -47.303  -13.222  62.896 0.0000000000
70326  -46.751  -13.770  62.331 0.0000000000
68282  -45.780  -15.555  58.379 0.0000000000
68303  -46.381  -16.280  57.881 0.0000000000
55279  -32.073  -27.508  83.261 0.0000000000
56416  -32.166  -27.216  84.112 0.0000000000
56417  -32.609  -27.039  83.774 0.0000000000
133838  -35.559  -30.693  72.935 0.0000000000
52100  -34.949  -30.768  73.632 0.0000000000
52101  -35.752  -30.637  73.677 0.0000000000
55445  -39.325  -27.105  70.753 0.0000000000
55432  -38.816  -27.659  70.699 0.0000000000
55433  -39.310  -27.584  71.429 0.0000000000
54251  -41.098  -29.232  75.983 0.0000000000
54264  -40.446  -29.373  75.441 0.0000000000
53180  -40.557  -29.822  76.659 0.0000000000
148655  -41.177  -29.829  78.599 0.0000000000
126682  -41.367  -29.746  77.906 0.0000000000
59538  -48.472  -23.435  73.729 0.0000000000
49733  -24.389  -32.202  84.036 0.0000000000
130139  -52.182  -16.739  52.440 0.0000000000
67209  -52.466  -16.523  53.211 0.0000000000
67210  -53.073  -16.134  53.194 0.0000000000
69396  -58.944  -14.061  56.157 0.0000000000
69395  -58.127  -14.137  56.024 0.0000000000
70413  -59.327  -13.707  56.774 0.0000000000
70395  -58.818  -13.187  57.316 0.0000000000
70396  -59.774  -13.367  57.499 0.0000000000
72485  -62.789  -11.644  53.283 0.0000000000
71453  -62.238  -12.198  53.269 0.0000000000
80458  -56.317  -2.485  43.414 0.0000000000
80467  -56.705  -3.114  42.118 0.0000000000
82311  -60.344  -1.636  40.809 0.0000000000
83408  -63.726  -0.048  37.152 0.0000000000
82348  -63.435  -1.178  37.338 0.0000000000
83395  -63.445  -0.151  37.991 0.0000000000
84432  -63.469  0.995  38.718 0.0000000000
85485  -63.668  2.010  38.285 0.0000000000
60613  -46.494  -22.303  66.399 0.0000000000
60622  -46.384  -22.155  65.596 0.0000000000
142569  -45.757  -22.225  64.128 0.0000000000
60643  -45.470  -22.292  63.123 0.0000000000
58669  -40.934  -24.773  65.738 0.0000000000
136932  -43.061  -24.640  66.716 0.0000000000
134727  -42.222  -24.686  66.647 0.0000000000
149154  -43.336  -24.554  67.378 0.0000000000
133863  -43.980  -24.398  67.770 0.0000000000
58645  -44.494  -24.029  67.161 0.0000000000
59617  -45.403  -23.271  66.345 0.0000000000
60604  -46.608  -22.371  67.268 0.0000000000
68286  -49.184  -15.218  58.203 0.0000000000
69376  -49.805  -14.865  57.874 0.0000000000
68328  -50.277  -15.643  56.506 0.0000000000
69388  -50.729  -14.931  56.783 0.0000000000
151147  -51.372  -14.759  56.447 0.0000000000
70405  -52.000  -13.758  56.929 0.0000000000
76456  -58.207  -7.072  47.931 0.0000000000
76444  -58.542  -7.458  48.528 0.0000000000
77402  -58.841  -6.780  48.260 0.0000000000
76436  -61.892  -7.209  49.511 0.0000000000
144950  -62.506  -7.573  49.920 0.0000000000
76437  -62.961  -6.937  49.750 0.0000000000
151315  -60.908  -2.434  46.830 0.0000000000
81346  -60.969  -1.755  46.660 0.0000000000
44647  -19.665  -37.434  81.968 0.0000000000
44657  -19.107  -37.940  81.771 0.0000000000
43609  -18.718  -38.470  82.477 0.0000000000
65893  -48.265  -17.405  62.445 0.0000000000
67060  -48.217  -16.761  62.780 0.0000000000
152159  -48.036  -16.925  62.321 0.0000000000
68242  -46.036  -16.083  61.863 0.0000000000
68233  -46.571  -15.871  62.345 0.0000000000
68232  -45.939  -15.226  61.967 0.0000000000
134943  -46.453  -15.010  62.708 0.0000000000
145459  -45.747  -14.478  61.672 0.0000000000
69318  -45.369  -14.929  61.331 0.0000000000
68264  -44.135  -15.124  59.633 0.0000000000
68281  -44.028  -15.226  58.918 0.0000000000
145501  -33.993  -27.921  81.991 0.0000000000
55296  -34.141  -27.615  82.758 0.0000000000
126064  -34.788  -28.038  82.195 0.0000000000
55284  -37.472  -28.057  83.435 0.0000000000
55268  -37.263  -28.282  84.294 0.0000000000
143328  -39.487  -28.805  82.507 0.0000000000
54158  -39.463  -28.723  82.980 0.0000000000
54148  -39.956  -29.252  83.155 0.0000000000
52140  -35.088  -30.690  70.282 0.0000000000
52130  -35.986  -30.290  71.429 0.0000000000
56506  -41.398  -26.505  72.579 0.0000000000
56507  -41.729  -26.766  73.340 0.0000000000
56482  -42.831  -26.754  75.250 0.0000000000
56481  -42.284  -27.165  74.817 0.0000000000
55364  -42.366  -27.571  75.607 0.0000000000
149623  -42.189  -28.212  76.129 0.0000000000
55354  -43.096  -28.138  77.086 0.0000000000
55344  -44.845  -27.693  78.743 0.0000000000
49795  -26.924  -32.645  79.534 0.0000000000
49794  -26.197  -32.762  79.338 0.0000000000
49779  -26.888  -32.506  80.530 0.0000000000
50868  -26.694  -31.916  83.322 0.0000000000
136369  -26.055  -31.867  83.742 0.0000000000
149975  -26.344  -31.745  85.125 0.0000000000
50845  -27.257  -31.751  85.141 0.0000000000
51961  -28.743  -30.686  87.388 0.0000000000
133159  -27.846  -30.802  87.604 0.0000000000
148073  -53.918  -15.232  51.235 0.0000000000
68393  -54.443  -15.158  51.656 0.0000000000
145786  -54.925  -14.716  51.457 0.0000000000
70461  -56.964  -13.907  52.377 0.0000000000
69452  -56.536  -14.407  52.831 0.0000000000
133661  -57.990  -13.928  53.330 0.0000000000
69428  -58.545  -14.288  54.715 0.0000000000
69441  -58.251  -14.053  53.982 0.0000000000
80490  -56.679  -3.742  40.727 0.0000000000
83422  -63.875  -1.078  35.900 0.0000000000
83423  -64.181  -0.374  35.284 0.0000000000
145642  -64.223  0.321  35.351 0.0000000000
83438  -64.227  0.218  34.645 0.0000000000
48680  -21.198  -34.166  85.989 0.0000000000
48642  -19.481  -33.376  89.919 0.0000000000
144698  -50.810  -19.929  69.844 0.0000000000
63773  -51.579  -19.660  69.918 0.0000000000
63818  -49.461  -19.560  67.317 0.0000000000
63819  -50.202  -19.160  67.549 0.0000000000
63832  -49.198  -19.427  66.651 0.0000000000
63845  -49.258  -18.981  65.913 0.0000000000
61662  -47.020  -21.155  65.730 0.0000000000
62725  -47.530  -20.624  65.912 0.0000000000
61676  -47.091  -20.814  65.074 0.0000000000
62753  -47.250  -19.810  62.820 0.0000000000
63853  -47.744  -19.706  64.131 0.0000000000
63861  -48.252  -18.995  63.748 0.0000000000
64894  -48.175  -18.691  62.895 0.0000000000
63870  -47.634  -19.149  62.401 0.0000000000
52005  -30.269  -30.860  82.462 0.0000000000
52015  -30.161  -30.981  81.335 0.0000000000
53120  -30.275  -29.946  79.885 0.0000000000
54167  -30.688  -29.241  81.132 0.0000000000
54168  -31.025  -28.793  81.560 0.0000000000
55307  -30.978  -28.854  80.633 0.0000000000
53174  -29.378  -29.667  76.304 0.0000000000
128166  -29.484  -28.955  75.832 0.0000000000
55341  -31.236  -28.772  78.796 0.0000000000
55340  -30.960  -28.847  78.867 0.0000000000
126019  -31.385  -28.435  79.484 0.0000000000
55329  -31.241  -28.512  79.857 0.0000000000
54200  -31.911  -28.188  79.651 0.0000000000
142457  -32.258  -27.986  80.344 0.0000000000
55330  -32.689  -28.311  79.836 0.0000000000
54220  -33.337  -29.258  78.377 0.0000000000
54201  -33.153  -28.950  79.258 0.0000000000
126037  -33.960  -29.171  78.825 0.0000000000
54203  -35.181  -28.924  79.703 0.0000000000
54221  -34.762  -29.271  78.883 0.0000000000
55481  -38.363  -27.230  67.757 0.0000000000
56578  -38.706  -26.523  68.354 0.0000000000
56562  -38.833  -26.797  69.168 0.0000000000
56579  -39.068  -25.880  68.873 0.0000000000
58654  -40.395  -24.659  67.160 0.0000000000
140330  -39.494  -24.852  67.089 0.0000000000
146288  -40.523  -24.846  69.258 0.0000000000
58610  -40.605  -25.013  70.023 0.0000000000
57617  -39.949  -25.626  70.052 0.0000000000
57618  -40.589  -25.516  70.701 0.0000000000
126094  -42.854  -24.494  72.281 0.0000000000
57602  -42.194  -24.762  71.875 0.0000000000
58560  -43.276  -24.401  72.910 0.0000000000
58543  -43.333  -24.581  73.569 0.0000000000
58561  -43.935  -24.270  73.087 0.0000000000
150963  -44.772  -24.446  74.177 0.0000000000
126793  -44.527  -24.031  72.413 0.0000000000
59551  -46.152  -23.868  71.813 0.0000000000
58562  -45.429  -23.966  72.487 0.0000000000
59552  -46.993  -23.869  72.125 0.0000000000
132431  -47.621  -23.584  71.715 0.0000000000
59602  -45.518  -23.619  68.273 0.0000000000
59588  -45.582  -23.724  69.180 0.0000000000
134398  -46.434  -23.407  69.521 0.0000000000
60589  -47.721  -22.138  69.611 0.0000000000
60577  -47.541  -22.817  70.286 0.0000000000
60564  -48.084  -22.694  70.886 0.0000000000
131303  -48.116  -23.074  71.527 0.0000000000
60565  -48.505  -22.456  71.351 0.0000000000
60566  -48.956  -21.967  71.791 0.0000000000
61591  -48.761  -21.824  70.936 0.0000000000
62672  -49.680  -20.402  69.448 0.0000000000
61593  -49.781  -20.862  70.839 0.0000000000
62653  -50.209  -20.359  70.189 0.0000000000
49830  -27.566  -32.746  77.307 0.0000000000
50916  -29.311  -32.259  80.587 0.0000000000
73374  -49.653  -10.762  62.993 0.0000000000
73375  -50.070  -10.251  63.661 0.0000000000
73383  -50.111  -10.725  62.292 0.0000000000
73406  -51.140  -10.676  60.465 0.0000000000
73385  -51.330  -9.854  61.822 0.0000000000
74394  -51.352  -10.120  60.910 0.0000000000
74383  -52.479  -8.976  61.373 0.0000000000
74395  -52.255  -9.488  60.586 0.0000000000
71374  -50.911  -12.809  58.888 0.0000000000
71375  -51.650  -12.525  58.553 0.0000000000
72394  -53.188  -11.028  59.099 0.0000000000
135980  -52.381  -11.202  59.229 0.0000000000
73423  -53.452  -10.188  59.509 0.0000000000
73409  -53.238  -9.401  59.923 0.0000000000
74404  -54.012  -9.443  59.854 0.0000000000
73410  -54.949  -9.594  59.952 0.0000000000
73426  -56.302  -10.593  59.836 0.0000000000
73521  -57.096  -10.900  50.035 0.0000000000
72518  -57.708  -11.301  50.609 0.0000000000
73524  -59.573  -10.194  50.762 0.0000000000
136876  -59.715  -10.780  51.243 0.0000000000
72495  -60.967  -11.461  52.050 0.0000000000
147383  -61.668  -11.035  51.870 0.0000000000
75490  -59.878  -8.674  49.824 0.0000000000
75474  -60.576  -9.048  50.311 0.0000000000
73515  -63.205  -10.136  51.752 0.0000000000
37907  -13.841  -44.642  86.870 0.0000000000
37914  -13.683  -45.492  86.716 0.0000000000
67229  -49.647  -17.505  51.442 0.0000000000
67219  -50.488  -17.419  51.816 0.0000000000
131091  -50.114  -16.972  51.022 0.0000000000
129724  -50.943  -15.815  49.907 0.0000000000
68409  -51.792  -15.547  50.209 0.0000000000
68410  -52.664  -15.392  50.606 0.0000000000
68427  -51.332  -14.925  49.596 0.0000000000
70501  -52.322  -13.416  49.394 0.0000000000
147707  -52.659  -12.844  49.131 0.0000000000
131070  -53.257  -11.599  48.639 0.0000000000
73550  -53.680  -10.721  48.297 0.0000000000
72554  -54.987  -10.977  49.072 0.0000000000
140887  -54.163  -9.260  47.383 0.0000000000
74534  -54.958  -9.342  47.745 0.0000000000
74535  -55.914  -9.091  47.921 0.0000000000
75516  -54.607  -8.680  47.036 0.0000000000
77425  -53.708  -6.485  46.383 0.0000000000
76471  -55.232  -7.425  46.375 0.0000000000
76454  -56.735  -7.678  47.123 0.0000000000
76472  -56.235  -7.183  46.454 0.0000000000
78511  -56.500  -5.489  45.630 0.0000000000
77428  -56.598  -6.303  46.087 0.0000000000
128918  -58.087  -5.669  46.216 0.0000000000
126292  -56.951  -5.003  45.289 0.0000000000
79503  -57.273  -4.254  45.172 0.0000000000
79502  -56.429  -4.189  45.088 0.0000000000
80465  -55.879  -3.937  43.284 0.0000000000
40500  -16.765  -41.943  83.174 0.0000000000
46657  -20.380  -35.347  86.143 0.0000000000
46678  -20.242  -36.221  85.003 0.0000000000
46665  -20.017  -35.986  85.801 0.0000000000
45637  -18.542  -36.725  87.678 0.0000000000
45644  -19.132  -37.075  86.078 0.0000000000
44629  -18.621  -37.474  86.660 0.0000000000
43594  -18.545  -38.319  85.247 0.0000000000
44628  -18.166  -38.118  86.450 0.0000000000
45630  -17.099  -36.256  89.728 0.0000000000
43584  -15.786  -38.916  88.139 0.0000000000
43581  -16.298  -38.268  88.498 0.0000000000
43585  -16.719  -38.634  87.632 0.0000000000
43589  -16.987  -38.994  86.815 0.0000000000
42515  -16.567  -39.627  86.642 0.0000000000
42520  -16.799  -39.954  85.860 0.0000000000
41439  -16.030  -40.200  86.495 0.0000000000
41429  -14.429  -40.873  87.753 0.0000000000
41437  -14.785  -40.997  86.997 0.0000000000
40471  -14.944  -41.595  86.445 0.0000000000
39554  -14.852  -42.316  86.100 0.0000000000
39553  -14.230  -42.427  86.930 0.0000000000
137285  -13.972  -43.270  86.957 0.0000000000
39544  -14.114  -42.227  87.781 0.0000000000
148385  -14.990  -41.617  89.656 0.0000000000
72273  -51.830  -11.416  68.678 0.0000000000
72290  -51.414  -10.489  67.955 0.0000000000
140839  -50.575  -11.779  67.575 0.0000000000
64832  -52.507  -18.452  68.734 0.0000000000
65816  -52.088  -18.016  68.017 0.0000000000
67001  -51.688  -16.633  67.463 0.0000000000
65826  -52.173  -17.146  68.040 0.0000000000
66992  -52.056  -16.223  68.242 0.0000000000
68184  -51.441  -15.694  67.758 0.0000000000
67034  -48.809  -16.264  64.204 0.0000000000
67023  -49.055  -15.937  64.926 0.0000000000
69281  -48.443  -14.152  65.393 0.0000000000
69282  -49.108  -14.660  65.810 0.0000000000
69270  -49.563  -14.273  66.380 0.0000000000
69271  -50.125  -14.788  66.874 0.0000000000
69258  -50.031  -13.877  66.928 0.0000000000
70278  -50.501  -13.417  67.467 0.0000000000
70291  -49.474  -13.418  66.439 0.0000000000
71287  -48.883  -12.350  65.803 0.0000000000
72314  -48.720  -11.785  65.230 0.0000000000
72301  -49.192  -11.549  65.881 0.0000000000
73357  -48.790  -11.101  64.037 0.0000000000
71343  -47.865  -13.009  61.848 0.0000000000
72368  -48.253  -12.426  62.305 0.0000000000
70340  -45.947  -13.764  60.882 0.0000000000
70354  -46.034  -13.913  60.160 0.0000000000
69345  -47.405  -14.366  59.464 0.0000000000
70369  -47.906  -13.784  59.978 0.0000000000
69362  -47.938  -14.907  58.837 0.0000000000
68284  -47.625  -15.601  58.387 0.0000000000
67128  -46.928  -17.030  57.468 0.0000000000
67155  -48.186  -17.113  56.625 0.0000000000
67105  -42.477  -16.607  58.324 0.0000000000
67124  -43.227  -16.166  57.460 0.0000000000
67150  -43.557  -16.840  56.850 0.0000000000
65964  -44.017  -17.719  56.240 0.0000000000
65965  -45.011  -18.019  56.269 0.0000000000
65982  -44.498  -18.417  55.542 0.0000000000
66007  -46.722  -18.795  54.662 0.0000000000
53072  -30.621  -29.609  84.525 0.0000000000
53063  -30.623  -29.567  85.421 0.0000000000
54139  -30.881  -28.825  84.860 0.0000000000
56381  -32.218  -26.896  86.051 0.0000000000
144520  -34.975  -27.193  84.722 0.0000000000
56407  -34.478  -26.986  84.853 0.0000000000
56396  -35.222  -27.239  85.320 0.0000000000
52085  -32.888  -30.557  73.581 0.0000000000
53209  -33.029  -30.384  75.192 0.0000000000
53190  -33.195  -30.146  75.939 0.0000000000
52072  -34.011  -30.458  75.367 0.0000000000
149226  -35.561  -30.021  76.231 0.0000000000
148782  -35.707  -29.864  76.870 0.0000000000
53135  -36.005  -29.529  78.103 0.0000000000
139933  -37.574  -28.975  69.338 0.0000000000
54320  -37.979  -28.758  71.088 0.0000000000
53253  -37.514  -29.433  70.901 0.0000000000
146795  -37.761  -29.274  71.560 0.0000000000
53239  -37.807  -29.518  72.348 0.0000000000
55404  -40.578  -27.980  73.528 0.0000000000
55419  -39.601  -28.000  72.460 0.0000000000
54289  -39.758  -28.443  73.255 0.0000000000
53212  -39.178  -29.749  74.732 0.0000000000
54276  -39.479  -29.202  73.982 0.0000000000
127450  -38.436  -29.946  74.867 0.0000000000
53226  -37.844  -29.920  73.794 0.0000000000
53194  -37.809  -29.940  75.533 0.0000000000
53179  -38.398  -29.890  76.306 0.0000000000
54237  -38.916  -29.660  77.842 0.0000000000
53159  -38.131  -29.751  77.295 0.0000000000
147463  -38.091  -28.997  78.884 0.0000000000
126981  -39.085  -28.903  80.199 0.0000000000
54207  -39.330  -29.007  79.287 0.0000000000
54188  -41.231  -29.585  80.198 0.0000000000
54173  -40.717  -29.430  80.912 0.0000000000
53108  -41.602  -29.757  80.977 0.0000000000
53141  -43.269  -29.406  79.063 0.0000000000
147284  -42.587  -29.559  78.668 0.0000000000
53124  -43.523  -29.486  80.155 0.0000000000
58531  -46.279  -24.330  74.453 0.0000000000
46724  -20.908  -35.995  80.091 0.0000000000
49812  -25.100  -33.136  78.691 0.0000000000
48742  -24.391  -33.590  78.167 0.0000000000
48731  -23.543  -33.846  79.364 0.0000000000
48741  -23.560  -33.924  78.514 0.0000000000
48753  -22.847  -34.406  78.335 0.0000000000
131314  -22.665  -34.480  77.471 0.0000000000
47768  -22.392  -34.731  78.975 0.0000000000
47745  -22.626  -34.323  81.554 0.0000000000
47752  -22.171  -34.893  80.381 0.0000000000
47736  -22.266  -34.690  82.074 0.0000000000
47726  -22.219  -34.656  82.922 0.0000000000
128649  -21.881  -34.718  83.807 0.0000000000
48695  -22.411  -34.126  83.672 0.0000000000
50833  -25.749  -31.758  86.703 0.0000000000
131461  -25.180  -31.803  86.025 0.0000000000
50822  -25.480  -31.624  87.548 0.0000000000
141625  -52.745  -7.955  64.775 0.0000000000
66011  -49.976  -17.659  53.962 0.0000000000
67192  -50.445  -16.989  54.459 0.0000000000
68360  -52.495  -15.841  54.537 0.0000000000
68347  -52.090  -15.416  55.217 0.0000000000
68348  -52.855  -15.176  55.027 0.0000000000
69390  -52.925  -14.176  55.995 0.0000000000
69391  -53.673  -14.333  55.685 0.0000000000
128400  -54.878  -15.144  53.867 0.0000000000
69425  -55.376  -14.877  54.539 0.0000000000
70410  -56.428  -13.653  56.494 0.0000000000
69393  -56.030  -14.177  55.907 0.0000000000
70409  -55.520  -13.577  56.408 0.0000000000
70408  -54.609  -13.519  56.355 0.0000000000
70392  -55.969  -13.003  56.976 0.0000000000
71397  -56.455  -12.457  57.603 0.0000000000
135863  -58.796  -12.468  58.552 0.0000000000
71382  -58.421  -12.200  59.014 0.0000000000
71367  -59.272  -12.243  59.385 0.0000000000
71479  -58.499  -12.243  51.650 0.0000000000
71462  -58.862  -12.515  52.124 0.0000000000
71463  -59.591  -12.484  52.397 0.0000000000
71439  -61.710  -13.129  54.739 0.0000000000
70452  -60.978  -13.333  53.967 0.0000000000
70436  -61.060  -13.672  54.796 0.0000000000
128523  -60.690  -13.929  55.271 0.0000000000
70423  -61.418  -13.461  55.576 0.0000000000
80443  -57.342  -3.383  45.039 0.0000000000
129707  -58.083  -3.097  45.246 0.0000000000
81362  -57.594  -1.706  44.094 0.0000000000
82260  -58.528  -1.506  44.406 0.0000000000
82261  -59.429  -1.224  44.811 0.0000000000
82268  -58.016  -1.167  43.457 0.0000000000
81380  -57.441  -2.909  41.647 0.0000000000
83342  -58.976  -0.421  42.140 0.0000000000
82285  -58.009  -0.558  42.127 0.0000000000
83327  -59.313  -0.646  43.287 0.0000000000
83336  -60.182  -0.417  43.313 0.0000000000
83343  -61.061  -0.189  42.271 0.0000000000
84390  -61.512  0.581  42.917 0.0000000000
85441  -62.861  2.433  43.975 0.0000000000
84391  -62.393  1.323  42.612 0.0000000000
82334  -62.580  -1.639  38.454 0.0000000000
81427  -62.011  -2.086  38.711 0.0000000000
82322  -61.891  -0.837  40.218 0.0000000000
83375  -62.576  -0.330  39.848 0.0000000000
84413  -63.386  1.602  40.496 0.0000000000
84412  -62.725  0.880  41.077 0.0000000000
85456  -63.781  2.476  41.721 0.0000000000
85502  -63.774  2.377  36.528 0.0000000000
86542  -63.923  2.758  36.952 0.0000000000
59626  -45.301  -23.097  65.521 0.0000000000
60621  -45.775  -22.464  65.126 0.0000000000
59635  -45.133  -22.895  64.656 0.0000000000
57678  -41.560  -25.166  64.975 0.0000000000
58670  -42.452  -24.921  65.053 0.0000000000
58656  -43.582  -24.440  65.996 0.0000000000
58657  -44.298  -24.096  66.360 0.0000000000
59625  -44.767  -23.604  65.925 0.0000000000
68326  -48.594  -16.456  57.196 0.0000000000
147362  -49.478  -15.439  57.617 0.0000000000
68327  -49.438  -15.953  56.969 0.0000000000
68345  -50.562  -15.968  55.733 0.0000000000
77412  -58.538  -6.392  47.684 0.0000000000
77413  -59.133  -6.199  47.972 0.0000000000
77404  -60.506  -6.182  48.615 0.0000000000
79478  -61.080  -4.654  48.180 0.0000000000
149920  -60.802  -4.232  47.905 0.0000000000
79479  -61.625  -3.977  48.197 0.0000000000
150043  -60.318  -3.646  47.127 0.0000000000
79495  -60.037  -3.291  46.503 0.0000000000
45691  -19.973  -37.205  80.363 0.0000000000
45682  -20.110  -37.061  81.297 0.0000000000
44642  -19.779  -37.241  82.835 0.0000000000
130931  -46.438  -17.395  61.082 0.0000000000
65891  -46.823  -16.714  61.709 0.0000000000
68240  -44.924  -15.303  61.009 0.0000000000
67070  -44.737  -15.906  60.931 0.0000000000
53046  -29.150  -30.027  88.025 0.0000000000
54183  -35.049  -28.668  80.789 0.0000000000
55313  -35.828  -28.143  82.336 0.0000000000
55314  -36.811  -28.265  82.041 0.0000000000
55299  -37.516  -28.085  82.496 0.0000000000
55285  -38.253  -28.102  82.955 0.0000000000
55300  -38.163  -28.399  82.077 0.0000000000
54171  -39.588  -28.927  81.929 0.0000000000
146593  -42.662  -25.616  73.955 0.0000000000
126861  -42.312  -26.152  73.667 0.0000000000
56496  -42.636  -26.285  74.467 0.0000000000
56466  -43.118  -27.069  75.964 0.0000000000
55366  -43.483  -27.346  76.717 0.0000000000
56467  -43.864  -26.476  76.298 0.0000000000
56455  -44.971  -26.569  77.605 0.0000000000
50869  -27.606  -31.957  83.557 0.0000000000
50857  -27.895  -31.869  84.408 0.0000000000
69459  -55.122  -14.109  51.045 0.0000000000
69460  -55.555  -14.454  51.703 0.0000000000
70471  -55.862  -13.751  51.271 0.0000000000
70472  -56.976  -13.459  51.843 0.0000000000
70462  -57.519  -13.505  52.264 0.0000000000
62689  -50.078  -19.866  68.879 0.0000000000
63817  -48.732  -19.922  67.037 0.0000000000
61685  -46.664  -21.010  63.432 0.0000000000
62737  -46.859  -20.855  64.238 0.0000000000
62752  -46.837  -20.417  62.753 0.0000000000
140366  -46.976  -19.717  62.030 0.0000000000
50917  -29.833  -31.643  80.240 0.0000000000
52025  -30.084  -30.773  80.436 0.0000000000
52032  -29.981  -30.863  79.588 0.0000000000
128808  -30.183  -30.101  78.911 0.0000000000
55372  -29.425  -27.926  75.143 0.0000000000
126188  -30.187  -28.678  76.004 0.0000000000
146649  -30.201  -28.374  75.848 0.0000000000
55363  -30.633  -29.152  76.516 0.0000000000
55342  -31.536  -29.020  78.294 0.0000000000
152002  -32.289  -28.512  79.274 0.0000000000
54234  -32.001  -29.282  77.730 0.0000000000
125940  -32.766  -29.309  77.901 0.0000000000
53155  -33.543  -29.625  77.567 0.0000000000
58630  -41.761  -24.571  67.976 0.0000000000
58629  -40.920  -24.710  68.550 0.0000000000
127700  -41.859  -24.559  68.766 0.0000000000
58592  -41.492  -24.753  70.250 0.0000000000
57601  -41.744  -24.807  71.182 0.0000000000
58593  -42.371  -24.529  70.411 0.0000000000
58576  -43.447  -24.284  71.693 0.0000000000
58577  -44.179  -24.069  71.649 0.0000000000
60596  -46.637  -22.867  68.779 0.0000000000
60597  -47.321  -22.246  68.834 0.0000000000
61604  -48.287  -21.575  69.688 0.0000000000
61605  -48.765  -21.401  70.191 0.0000000000
49831  -28.458  -32.468  77.460 0.0000000000
50941  -29.521  -31.866  78.496 0.0000000000
72370  -49.473  -11.674  61.585 0.0000000000
73395  -49.967  -11.081  61.557 0.0000000000
72371  -49.925  -11.600  60.876 0.0000000000
72379  -50.652  -11.237  60.356 0.0000000000
70378  -51.997  -12.847  57.844 0.0000000000
71376  -52.423  -12.273  58.270 0.0000000000
72411  -53.663  -11.476  58.509 0.0000000000
72395  -54.066  -10.825  58.955 0.0000000000
72396  -54.986  -10.780  58.900 0.0000000000
72412  -54.556  -11.349  58.401 0.0000000000
72413  -55.440  -11.377  58.472 0.0000000000
142706  -56.221  -11.510  58.676 0.0000000000
74502  -56.881  -9.756  49.217 0.0000000000
73532  -57.374  -10.206  49.750 0.0000000000
74488  -58.184  -10.009  50.113 0.0000000000
74492  -62.375  -8.981  50.704 0.0000000000
75465  -63.273  -9.252  51.219 0.0000000000
84367  -62.249  1.617  45.956 0.0000000000
145094  -51.247  -14.131  49.318 0.0000000000
74532  -52.542  -9.537  47.509 0.0000000000
73568  -53.142  -10.117  47.864 0.0000000000
75514  -52.827  -8.764  47.241 0.0000000000
75532  -53.134  -8.090  46.933 0.0000000000
77442  -54.011  -5.678  46.090 0.0000000000
77427  -55.503  -6.468  46.007 0.0000000000
77443  -54.789  -5.649  45.816 0.0000000000
78526  -54.989  -4.703  45.531 0.0000000000
127770  -55.544  -4.150  45.160 0.0000000000
79501  -54.939  -4.235  45.233 0.0000000000
41457  -17.010  -41.383  82.728 0.0000000000
41452  -16.951  -41.125  83.451 0.0000000000
47664  -19.840  -34.789  87.719 0.0000000000
47663  -19.251  -35.244  88.174 0.0000000000
46647  -18.931  -36.045  87.727 0.0000000000
45634  -18.273  -36.399  88.359 0.0000000000
138459  -15.867  -37.125  89.993 0.0000000000
43580  -15.300  -38.594  89.076 0.0000000000
42510  -15.377  -39.609  87.774 0.0000000000
42505  -14.873  -39.324  88.696 0.0000000000
42509  -14.477  -40.144  88.297 0.0000000000
139545  -14.199  -40.812  88.427 0.0000000000
40461  -14.145  -41.446  88.195 0.0000000000
41410  -14.299  -40.953  89.203 0.0000000000
40443  -14.664  -40.917  89.914 0.0000000000
65824  -51.175  -17.817  66.754 0.0000000000
65836  -51.347  -16.987  66.697 0.0000000000
67011  -50.783  -16.460  66.227 0.0000000000
68224  -47.468  -15.372  63.662 0.0000000000
68214  -48.358  -15.502  64.573 0.0000000000
69290  -47.908  -14.585  64.746 0.0000000000
143178  -48.971  -13.048  66.039 0.0000000000
70302  -48.395  -13.183  65.449 0.0000000000
70301  -47.836  -13.062  64.666 0.0000000000
71304  -48.097  -12.323  64.587 0.0000000000
150301  -47.950  -12.192  63.503 0.0000000000
72343  -47.738  -12.643  63.400 0.0000000000
71329  -47.740  -12.825  62.617 0.0000000000
71354  -47.303  -13.423  61.319 0.0000000000
69343  -45.400  -14.396  59.525 0.0000000000
69360  -46.078  -14.918  58.904 0.0000000000
67153  -46.490  -17.677  56.942 0.0000000000
54146  -31.066  -28.672  83.355 0.0000000000
55277  -31.261  -28.213  84.241 0.0000000000
55278  -31.759  -27.582  84.098 0.0000000000
56405  -32.013  -27.130  84.912 0.0000000000
133837  -32.616  -26.788  85.320 0.0000000000
55257  -36.314  -28.239  85.454 0.0000000000
55256  -35.759  -27.725  85.846 0.0000000000
127543  -34.511  -30.890  71.696 0.0000000000
52114  -33.738  -30.917  72.097 0.0000000000
52099  -33.948  -30.873  73.647 0.0000000000
52087  -34.465  -30.695  74.445 0.0000000000
52073  -35.015  -30.449  75.117 0.0000000000
143947  -35.503  -30.303  75.611 0.0000000000
53192  -36.175  -30.192  75.730 0.0000000000
54341  -38.078  -28.265  69.779 0.0000000000
54333  -38.260  -28.235  70.544 0.0000000000
54321  -38.594  -28.201  71.279 0.0000000000
54304  -38.220  -28.755  71.849 0.0000000000
54277  -40.669  -28.761  74.699 0.0000000000
135288  -40.229  -28.663  74.043 0.0000000000
53196  -39.600  -29.801  75.438 0.0000000000
126007  -39.133  -29.926  76.085 0.0000000000
53160  -39.754  -29.936  77.323 0.0000000000
53137  -39.658  -29.613  78.410 0.0000000000
141933  -40.063  -29.360  79.297 0.0000000000
53138  -40.575  -29.818  78.537 0.0000000000
53121  -40.965  -29.696  79.314 0.0000000000
53122  -41.754  -29.721  79.586 0.0000000000
131525  -25.159  -32.682  81.102 0.0000000000
48722  -24.376  -33.271  80.082 0.0000000000
147801  -23.765  -33.555  80.600 0.0000000000
48730  -23.161  -33.967  80.079 0.0000000000
47761  -22.585  -34.587  79.823 0.0000000000
48720  -23.123  -33.885  81.046 0.0000000000
48711  -23.104  -33.819  81.900 0.0000000000
48703  -23.067  -33.731  82.683 0.0000000000
48696  -22.918  -33.599  83.421 0.0000000000
51950  -26.682  -30.651  88.797 0.0000000000
51959  -26.116  -31.209  88.155 0.0000000000
67193  -51.281  -16.773  54.176 0.0000000000
68373  -52.844  -16.096  53.844 0.0000000000
68361  -53.305  -15.648  54.416 0.0000000000
135250  -57.341  -14.514  55.148 0.0000000000
69413  -56.633  -14.501  55.351 0.0000000000
141108  -57.360  -14.297  55.745 0.0000000000
70411  -57.410  -13.787  56.494 0.0000000000
70394  -57.889  -13.134  57.183 0.0000000000
71400  -59.271  -12.878  58.058 0.0000000000
71383  -59.807  -12.555  58.850 0.0000000000
71464  -60.571  -12.211  52.512 0.0000000000
135431  -61.998  -12.665  53.977 0.0000000000
71440  -62.427  -12.312  54.837 0.0000000000
81352  -57.380  -2.505  44.618 0.0000000000
81366  -56.334  -1.634  43.117 0.0000000000
127600  -60.176  -0.487  42.620 0.0000000000
83351  -60.170  -0.580  41.934 0.0000000000
144230  -61.028  -0.495  41.733 0.0000000000
84411  -61.860  0.122  41.621 0.0000000000
82364  -63.037  -1.393  36.223 0.0000000000
82347  -62.701  -1.628  37.105 0.0000000000
82335  -63.212  -1.082  38.208 0.0000000000
83385  -62.848  -0.753  38.985 0.0000000000
83376  -63.196  0.289  39.393 0.0000000000
84423  -63.458  1.353  39.646 0.0000000000
85478  -63.807  2.214  39.876 0.0000000000
87514  -64.504  3.384  36.132 0.0000000000
127248  -64.729  2.803  36.841 0.0000000000
86557  -65.332  3.028  36.239 0.0000000000
61647  -47.506  -20.903  66.781 0.0000000000
61661  -46.784  -21.680  66.026 0.0000000000
129675  -46.683  -21.504  65.333 0.0000000000
61674  -46.441  -21.548  64.092 0.0000000000
139413  -29.064  -30.314  75.862 0.0000000000
137762  -28.969  -28.087  74.778 0.0000000000
55388  -30.152  -27.548  74.913 0.0000000000
54274  -30.644  -27.853  74.776 0.0000000000
148809  -39.511  -24.828  66.350 0.0000000000
141437  -40.274  -24.675  66.444 0.0000000000
126825  -41.854  -24.761  65.819 0.0000000000
58642  -41.779  -24.658  67.268 0.0000000000
58632  -43.181  -24.497  68.115 0.0000000000
129146  -43.480  -24.384  68.830 0.0000000000
58615  -44.716  -23.926  69.302 0.0000000000
58633  -44.247  -24.213  68.602 0.0000000000
59610  -45.319  -23.495  67.293 0.0000000000
59611  -46.197  -23.062  67.872 0.0000000000
61632  -47.087  -21.891  67.569 0.0000000000
69347  -49.112  -14.177  59.218 0.0000000000
127110  -49.828  -13.840  58.913 0.0000000000
70377  -50.548  -13.501  58.537 0.0000000000
70388  -50.884  -13.829  57.792 0.0000000000
69377  -50.490  -14.547  57.481 0.0000000000
70389  -51.628  -13.492  57.485 0.0000000000
129760  -52.393  -13.251  57.258 0.0000000000
134470  -53.217  -13.106  57.032 0.0000000000
75499  -58.231  -8.141  48.803 0.0000000000
75489  -58.631  -8.568  49.346 0.0000000000
76433  -58.948  -7.913  49.076 0.0000000000
75491  -60.699  -8.278  49.834 0.0000000000
76446  -60.184  -6.987  48.969 0.0000000000
76435  -60.876  -7.490  49.436 0.0000000000
76419  -62.500  -8.187  50.285 0.0000000000
80431  -62.282  -2.861  48.270 0.0000000000
82253  -60.681  -0.954  46.163 0.0000000000
44669  -19.344  -37.557  80.169 0.0000000000
43621  -18.610  -38.685  80.179 0.0000000000
43615  -18.681  -38.628  81.588 0.0000000000
43602  -18.201  -38.992  83.123 0.0000000000
65877  -49.118  -17.719  63.895 0.0000000000
65862  -49.582  -17.307  64.439 0.0000000000
67049  -49.137  -16.944  63.884 0.0000000000
67048  -48.545  -16.510  63.460 0.0000000000
67047  -47.848  -16.088  63.191 0.0000000000
68223  -46.914  -14.788  63.390 0.0000000000
127872  -46.660  -14.203  62.940 0.0000000000
139201  -45.526  -14.252  61.074 0.0000000000
69342  -44.650  -14.533  59.931 0.0000000000
135600  -44.782  -15.443  58.507 0.0000000000
68301  -44.497  -15.959  57.903 0.0000000000
56418  -33.284  -27.029  83.593 0.0000000000
55280  -33.433  -27.265  82.996 0.0000000000
126158  -34.639  -27.509  83.468 0.0000000000
55282  -35.309  -27.600  83.865 0.0000000000
128031  -35.957  -27.926  83.390 0.0000000000
126659  -35.941  -27.856  84.339 0.0000000000
55267  -36.470  -28.183  84.705 0.0000000000
54147  -38.868  -28.380  83.385 0.0000000000
52139  -34.408  -30.872  70.831 0.0000000000
52115  -35.346  -30.710  72.028 0.0000000000
147817  -40.449  -26.685  71.696 0.0000000000
56518  -39.936  -27.314  72.009 0.0000000000
55420  -40.720  -26.986  72.296 0.0000000000
55390  -41.344  -27.572  73.913 0.0000000000
55375  -41.331  -28.154  74.731 0.0000000000
54266  -41.680  -28.370  75.576 0.0000000000
54252  -41.772  -28.837  76.392 0.0000000000
53162  -42.247  -29.502  77.999 0.0000000000
54240  -42.696  -28.882  77.480 0.0000000000
54226  -43.721  -28.844  78.628 0.0000000000
55355  -43.813  -27.701  77.506 0.0000000000
55343  -44.133  -28.090  78.286 0.0000000000
54227  -44.462  -28.457  79.073 0.0000000000
49813  -25.810  -33.048  77.965 0.0000000000
49793  -25.535  -32.873  79.433 0.0000000000
49778  -25.881  -32.549  80.821 0.0000000000
49777  -25.159  -32.834  80.279 0.0000000000
50854  -24.928  -31.946  84.611 0.0000000000
50855  -25.793  -31.832  84.451 0.0000000000
132537  -26.027  -31.778  85.904 0.0000000000
50834  -26.633  -31.658  86.482 0.0000000000
50835  -27.576  -31.608  86.074 0.0000000000
50824  -27.264  -31.337  87.022 0.0000000000
51960  -26.951  -30.911  87.861 0.0000000000
68384  -53.208  -16.085  51.920 0.0000000000
146475  -53.632  -15.898  52.704 0.0000000000
68385  -54.413  -15.448  52.446 0.0000000000
69437  -55.069  -15.178  52.957 0.0000000000
69438  -55.798  -14.814  53.583 0.0000000000
69439  -56.720  -14.433  53.730 0.0000000000
69427  -57.754  -14.389  54.630 0.0000000000
69415  -58.719  -14.274  55.480 0.0000000000
69416  -59.355  -14.169  55.622 0.0000000000
79552  -56.204  -3.928  41.209 0.0000000000
79553  -56.818  -3.834  41.133 0.0000000000
80491  -57.340  -3.650  40.730 0.0000000000
152195  -63.838  -0.878  36.602 0.0000000000
84449  -63.639  1.274  36.850 0.0000000000
84463  -63.866  1.342  35.922 0.0000000000
85516  -63.817  2.578  35.598 0.0000000000
46680  -21.358  -35.402  83.991 0.0000000000
128768  -20.909  -35.997  83.843 0.0000000000
47713  -21.076  -35.149  84.858 0.0000000000
47697  -20.873  -34.888  85.656 0.0000000000
47652  -19.572  -34.498  88.573 0.0000000000
64825  -52.056  -19.148  69.250 0.0000000000
64831  -51.526  -18.856  68.350 0.0000000000
64830  -50.579  -19.363  68.290 0.0000000000
150702  -50.878  -18.850  67.752 0.0000000000
64842  -50.734  -18.585  67.047 0.0000000000
151244  -49.991  -18.503  65.934 0.0000000000
64887  -49.457  -18.069  64.567 0.0000000000
62726  -48.035  -19.950  65.880 0.0000000000
62738  -47.300  -20.310  64.438 0.0000000000
63844  -48.533  -19.474  65.450 0.0000000000
64869  -49.034  -18.775  64.991 0.0000000000
64886  -48.872  -18.534  64.156 0.0000000000
64902  -48.446  -17.990  62.728 0.0000000000
65900  -47.297  -17.738  61.403 0.0000000000
63880  -47.352  -18.768  61.567 0.0000000000
65911  -46.187  -17.928  60.585 0.0000000000
129066  -45.579  -18.027  60.138 0.0000000000
136227  -30.329  -30.476  85.031 0.0000000000
53083  -30.663  -29.476  83.665 0.0000000000
53099  -30.430  -29.959  81.690 0.0000000000
53089  -30.510  -29.872  82.428 0.0000000000
54156  -31.046  -28.732  82.448 0.0000000000
55292  -31.463  -28.315  82.087 0.0000000000
55293  -31.931  -27.836  82.344 0.0000000000
53153  -29.801  -30.001  77.100 0.0000000000
53154  -30.232  -29.811  77.749 0.0000000000
54218  -30.606  -29.433  78.583 0.0000000000
55351  -30.395  -29.375  76.609 0.0000000000
130392  -30.868  -28.913  78.943 0.0000000000
55327  -30.809  -28.929  79.451 0.0000000000
55321  -31.141  -28.648  80.208 0.0000000000
55322  -31.495  -28.378  80.562 0.0000000000
55310  -32.202  -27.683  81.770 0.0000000000
126937  -32.630  -27.811  81.178 0.0000000000
55311  -33.545  -27.996  81.340 0.0000000000
54182  -34.017  -28.479  80.747 0.0000000000
54181  -33.589  -28.605  80.026 0.0000000000
131112  -34.397  -28.748  80.165 0.0000000000
54184  -35.979  -28.840  80.345 0.0000000000
54204  -36.165  -28.946  79.458 0.0000000000
55495  -38.101  -26.843  66.962 0.0000000000
55455  -38.462  -27.594  69.443 0.0000000000
55456  -38.937  -27.061  70.053 0.0000000000
56545  -39.621  -26.461  70.399 0.0000000000
57658  -39.078  -24.970  67.769 0.0000000000
57646  -39.438  -25.166  68.605 0.0000000000
144738  -40.091  -24.885  68.796 0.0000000000
57632  -39.612  -25.595  69.272 0.0000000000
56530  -40.577  -26.088  71.226 0.0000000000
57586  -41.639  -25.689  72.149 0.0000000000
143698  -41.713  -25.102  71.884 0.0000000000
57587  -42.130  -25.053  72.584 0.0000000000
57572  -42.447  -25.346  73.373 0.0000000000
57573  -42.843  -24.993  73.867 0.0000000000
57559  -43.461  -24.861  74.302 0.0000000000
57560  -44.255  -24.781  74.789 0.0000000000
57546  -44.726  -24.907  75.488 0.0000000000
58545  -45.521  -24.306  73.925 0.0000000000
131924  -45.680  -24.128  73.177 0.0000000000
58546  -46.338  -24.150  73.511 0.0000000000
59536  -47.075  -23.981  72.988 0.0000000000
59537  -47.839  -23.825  73.338 0.0000000000
59554  -48.345  -23.442  72.812 0.0000000000
147309  -45.149  -23.771  69.861 0.0000000000
59577  -45.865  -23.773  70.059 0.0000000000
59589  -47.005  -23.265  70.029 0.0000000000
59579  -47.159  -23.401  70.560 0.0000000000
59565  -46.922  -23.721  71.185 0.0000000000
147937  -48.128  -23.391  72.122 0.0000000000
60554  -49.170  -22.083  72.706 0.0000000000
61592  -49.212  -21.267  70.675 0.0000000000
61581  -50.050  -20.925  71.676 0.0000000000
49829  -26.622  -32.964  77.305 0.0000000000
49814  -26.701  -32.841  78.237 0.0000000000
141633  -27.652  -32.586  79.971 0.0000000000
49796  -27.999  -32.560  79.137 0.0000000000
131674  -29.238  -32.002  82.977 0.0000000000
73343  -50.209  -9.921  64.678 0.0000000000
135200  -50.716  -10.526  61.645 0.0000000000
74374  -51.336  -9.542  62.636 0.0000000000
125951  -51.941  -9.181  62.079 0.0000000000
75382  -52.777  -8.463  62.332 0.0000000000
71365  -50.526  -12.361  59.541 0.0000000000
72392  -50.905  -11.640  59.809 0.0000000000
72380  -51.295  -10.910  60.002 0.0000000000
72409  -52.025  -11.870  58.900 0.0000000000
73422  -51.993  -10.642  59.719 0.0000000000
134334  -52.882  -9.194  60.203 0.0000000000
74396  -53.607  -8.903  60.363 0.0000000000
73425  -55.420  -10.351  59.572 0.0000000000
72516  -55.964  -11.837  50.177 0.0000000000
71486  -56.472  -12.321  50.679 0.0000000000
72517  -56.786  -11.579  50.407 0.0000000000
72508  -58.108  -11.853  51.152 0.0000000000
72509  -58.790  -11.581  51.383 0.0000000000
73523  -58.332  -10.721  50.596 0.0000000000
72510  -59.484  -11.343  51.509 0.0000000000
72494  -59.993  -11.770  51.951 0.0000000000
71466  -62.322  -11.772  52.807 0.0000000000
72497  -62.842  -11.304  52.734 0.0000000000
74505  -59.145  -9.019  49.799 0.0000000000
75473  -59.745  -9.406  50.309 0.0000000000
74490  -60.450  -9.809  50.721 0.0000000000
74483  -62.206  -9.752  51.186 0.0000000000
74482  -61.190  -10.140  51.144 0.0000000000
73502  -62.560  -10.922  52.055 0.0000000000
38730  -14.928  -44.220  84.906 0.0000000000
66009  -48.347  -18.133  54.332 0.0000000000
67190  -48.841  -17.563  54.990 0.0000000000
66010  -49.140  -17.861  54.167 0.0000000000
66029  -50.226  -17.925  53.234 0.0000000000
66046  -50.783  -17.641  52.759 0.0000000000
67220  -51.397  -17.176  52.148 0.0000000000
133149  -51.921  -16.525  51.530 0.0000000000
67242  -50.532  -16.445  50.457 0.0000000000
67243  -51.380  -16.210  50.685 0.0000000000
68391  -52.656  -16.043  51.356 0.0000000000
68411  -53.506  -14.975  50.657 0.0000000000
69489  -51.901  -14.128  49.539 0.0000000000
69490  -52.722  -14.067  49.763 0.0000000000
69475  -53.642  -14.076  50.156 0.0000000000
70482  -54.576  -13.698  50.464 0.0000000000
70503  -54.094  -13.180  49.885 0.0000000000
71502  -54.417  -12.424  49.664 0.0000000000
71500  -53.230  -12.440  49.095 0.0000000000
71501  -53.950  -12.052  49.105 0.0000000000
72529  -54.690  -11.701  49.374 0.0000000000
72530  -55.464  -11.396  49.649 0.0000000000
73551  -55.325  -10.322  48.727 0.0000000000
73569  -54.120  -9.924  47.883 0.0000000000
74514  -54.904  -9.947  48.240 0.0000000000
73552  -56.101  -10.052  48.955 0.0000000000
74516  -56.415  -9.401  48.590 0.0000000000
75497  -56.755  -8.766  48.180 0.0000000000
148998  -52.803  -7.665  46.841 0.0000000000
76469  -53.314  -7.317  46.688 0.0000000000
75533  -53.938  -8.007  46.838 0.0000000000
75517  -55.369  -8.241  46.835 0.0000000000
75518  -56.211  -8.391  47.402 0.0000000000
75519  -57.155  -8.112  47.791 0.0000000000
76455  -57.533  -7.384  47.556 0.0000000000
77430  -58.332  -6.081  47.017 0.0000000000
78513  -58.620  -5.473  46.753 0.0000000000
78528  -58.534  -4.997  46.022 0.0000000000
79493  -58.912  -4.207  46.151 0.0000000000
79517  -56.173  -3.831  44.566 0.0000000000
80457  -56.174  -3.414  43.865 0.0000000000
79534  -55.979  -3.951  42.424 0.0000000000
79540  -55.053  -4.338  41.907 0.0000000000
79541  -55.762  -4.079  41.816 0.0000000000
80476  -55.465  -4.039  41.255 0.0000000000
45652  -20.452  -36.404  84.202 0.0000000000
45661  -19.967  -36.930  83.711 0.0000000000
44636  -19.469  -37.381  84.465 0.0000000000
45641  -19.555  -36.428  86.341 0.0000000000
44632  -19.273  -37.333  85.278 0.0000000000
147873  -19.015  -37.915  84.180 0.0000000000
43597  -18.581  -38.493  84.495 0.0000000000
43596  -18.054  -39.016  84.462 0.0000000000
46638  -17.455  -35.483  90.109 0.0000000000
45633  -17.549  -36.710  88.866 0.0000000000
45636  -17.892  -37.115  87.959 0.0000000000
44616  -16.662  -37.058  89.360 0.0000000000
44623  -17.195  -37.853  87.920 0.0000000000
44624  -17.995  -37.697  87.219 0.0000000000
43590  -17.727  -38.846  86.188 0.0000000000
42521  -17.482  -39.433  85.598 0.0000000000
42526  -17.684  -39.488  84.816 0.0000000000
41446  -17.284  -40.075  84.480 0.0000000000
41445  -16.869  -40.817  84.305 0.0000000000
41438  -15.479  -40.839  86.457 0.0000000000
143404  -15.665  -41.235  85.837 0.0000000000
38724  -14.044  -43.864  86.525 0.0000000000
38717  -14.269  -43.691  87.775 0.0000000000
144023  -14.206  -41.995  88.266 0.0000000000
39543  -14.291  -42.770  88.077 0.0000000000
73304  -52.156  -10.209  68.346 0.0000000000
149697  -51.145  -10.279  67.365 0.0000000000
65806  -53.403  -17.863  70.140 0.0000000000
65817  -52.723  -17.657  68.590 0.0000000000
148334  -50.030  -16.984  64.953 0.0000000000
67024  -49.858  -16.314  65.167 0.0000000000
67010  -50.177  -15.962  65.836 0.0000000000
68193  -50.462  -15.609  66.584 0.0000000000
68183  -50.793  -15.211  67.307 0.0000000000
69260  -51.219  -14.656  68.044 0.0000000000
70269  -50.983  -13.094  68.051 0.0000000000
71276  -50.507  -12.576  67.585 0.0000000000
71288  -49.443  -12.637  66.410 0.0000000000
71275  -50.107  -12.236  66.915 0.0000000000
143138  -50.236  -11.463  66.861 0.0000000000
72288  -49.892  -11.027  66.283 0.0000000000
146770  -49.354  -10.772  63.656 0.0000000000
72345  -48.955  -11.238  63.216 0.0000000000
72359  -48.602  -11.844  62.725 0.0000000000
72369  -48.886  -12.029  61.953 0.0000000000
71356  -48.780  -12.884  60.757 0.0000000000
70370  -48.659  -13.336  60.127 0.0000000000
70341  -46.644  -13.632  61.490 0.0000000000
139108  -47.452  -13.553  60.639 0.0000000000
148369  -48.671  -13.812  59.697 0.0000000000
128222  -48.782  -14.817  58.782 0.0000000000
68305  -48.130  -16.101  57.830 0.0000000000
67092  -43.483  -16.514  59.531 0.0000000000
68280  -43.554  -15.657  58.573 0.0000000000
68279  -43.048  -15.976  58.122 0.0000000000
67126  -45.032  -16.741  57.419 0.0000000000
67152  -45.528  -17.542  56.916 0.0000000000
65983  -45.450  -18.755  55.599 0.0000000000
65967  -46.936  -18.208  56.265 0.0000000000
65985  -47.305  -18.454  55.405 0.0000000000
53056  -30.627  -29.366  86.338 0.0000000000
55264  -31.240  -28.115  85.172 0.0000000000
147408  -33.144  -26.874  84.224 0.0000000000
143811  -33.496  -26.760  85.104 0.0000000000
138556  -30.848  -27.938  74.119 0.0000000000
54275  -31.237  -28.544  74.501 0.0000000000
53188  -31.737  -29.228  74.982 0.0000000000
53175  -32.463  -29.759  76.387 0.0000000000
53176  -33.315  -29.923  76.767 0.0000000000
53156  -34.334  -29.785  77.462 0.0000000000
131785  -34.860  -29.942  76.873 0.0000000000
143636  -34.853  -29.726  77.647 0.0000000000
53134  -35.190  -29.535  78.205 0.0000000000
54223  -36.489  -29.210  78.711 0.0000000000
139753  -36.887  -28.948  79.248 0.0000000000
53258  -36.385  -29.933  69.795 0.0000000000
53259  -37.234  -29.537  70.064 0.0000000000
53252  -36.754  -29.935  70.856 0.0000000000
150491  -36.689  -30.139  71.706 0.0000000000
53238  -37.041  -30.134  72.385 0.0000000000
52102  -36.517  -30.468  73.242 0.0000000000
151585  -39.454  -27.775  71.992 0.0000000000
54288  -38.924  -29.024  73.314 0.0000000000
53240  -38.177  -29.504  73.224 0.0000000000
53225  -37.173  -30.324  73.998 0.0000000000
53193  -36.873  -30.252  75.012 0.0000000000
131562  -36.929  -29.930  75.980 0.0000000000
143695  -36.868  -29.835  76.701 0.0000000000
129011  -37.218  -29.730  77.275 0.0000000000
151998  -37.551  -29.498  77.883 0.0000000000
54224  -37.376  -29.160  78.635 0.0000000000
54205  -37.612  -28.908  79.581 0.0000000000
127877  -38.212  -28.859  80.385 0.0000000000
130973  -39.777  -28.981  79.905 0.0000000000
54172  -40.304  -29.244  81.746 0.0000000000
53123  -42.566  -29.631  79.512 0.0000000000
151231  -42.816  -29.726  80.397 0.0000000000
136165  -19.876  -36.866  78.892 0.0000000000
45703  -20.361  -36.656  79.602 0.0000000000
130293  -21.141  -35.912  81.981 0.0000000000
48732  -24.228  -33.480  79.172 0.0000000000
47767  -21.712  -35.187  78.778 0.0000000000
46725  -21.611  -35.455  80.470 0.0000000000
151226  -21.569  -35.554  81.403 0.0000000000
46692  -21.706  -35.205  83.207 0.0000000000
50811  -25.272  -31.369  88.421 0.0000000000
67176  -50.128  -16.635  55.276 0.0000000000
68346  -51.339  -15.703  55.467 0.0000000000
68359  -51.668  -16.029  54.690 0.0000000000
69408  -51.711  -15.027  55.875 0.0000000000
69389  -52.066  -14.318  56.362 0.0000000000
70390  -54.117  -13.018  56.921 0.0000000000
68362  -54.104  -15.439  54.178 0.0000000000
69412  -55.736  -14.624  55.256 0.0000000000
129886  -55.051  -14.741  55.174 0.0000000000
69411  -54.404  -14.577  55.380 0.0000000000
147341  -54.280  -13.986  55.861 0.0000000000
71396  -55.496  -12.444  57.486 0.0000000000
71380  -55.939  -11.921  58.081 0.0000000000
71398  -57.429  -12.547  57.730 0.0000000000
130707  -57.949  -12.278  58.434 0.0000000000
71478  -57.777  -12.518  51.450 0.0000000000
71461  -58.182  -12.944  52.047 0.0000000000
70450  -59.411  -13.387  53.201 0.0000000000
71451  -60.194  -12.979  53.035 0.0000000000
70434  -59.194  -13.919  54.035 0.0000000000
70435  -60.232  -13.962  54.555 0.0000000000
69417  -60.016  -14.112  55.418 0.0000000000
70415  -61.294  -13.352  56.733 0.0000000000
70414  -60.268  -13.722  56.802 0.0000000000
70397  -60.764  -13.329  57.605 0.0000000000
149910  -58.662  -3.551  45.689 0.0000000000
81353  -58.248  -2.274  44.879 0.0000000000
82262  -60.244  -0.715  45.364 0.0000000000
81372  -56.821  -2.001  42.485 0.0000000000
82276  -56.820  -1.179  42.828 0.0000000000
82293  -57.987  -1.429  41.749 0.0000000000
82277  -57.618  -0.794  42.728 0.0000000000
137588  -58.355  -0.688  43.043 0.0000000000
83320  -59.823  -0.591  44.350 0.0000000000
83321  -60.582  0.056  45.092 0.0000000000
84373  -61.169  0.689  44.887 0.0000000000
84374  -61.730  1.273  44.722 0.0000000000
84389  -60.839  0.113  43.254 0.0000000000
84383  -61.542  0.948  43.844 0.0000000000
85440  -62.329  1.784  44.394 0.0000000000
136494  -62.803  2.783  45.012 0.0000000000
81398  -60.836  -2.338  40.029 0.0000000000
82312  -61.243  -1.416  40.433 0.0000000000
83364  -61.525  -0.631  41.092 0.0000000000
84401  -62.535  1.125  41.850 0.0000000000
85455  -63.092  2.067  42.167 0.0000000000
86535  -64.338  2.373  38.366 0.0000000000
86544  -64.815  2.350  37.730 0.0000000000
37906  -14.001  -45.071  87.307 0.0000000000
38723  -14.036  -44.042  87.296 0.0000000000
40453  -14.294  -41.492  88.686 0.0000000000
41411  -14.318  -40.297  89.660 0.0000000000
41420  -14.185  -41.031  88.705 0.0000000000
42516  -17.156  -39.391  86.222 0.0000000000
42525  -16.788  -40.448  85.110 0.0000000000
44619  -16.676  -37.671  88.749 0.0000000000
44630  -18.283  -38.422  85.794 0.0000000000
44631  -18.725  -37.814  85.780 0.0000000000
44646  -19.217  -37.803  82.682 0.0000000000
45640  -18.962  -36.733  86.976 0.0000000000
45645  -19.700  -36.715  85.456 0.0000000000
45662  -20.598  -36.405  83.377 0.0000000000
46656  -19.849  -35.746  86.597 0.0000000000
46666  -20.610  -35.612  85.362 0.0000000000
47737  -22.648  -34.220  82.360 0.0000000000
48713  -24.412  -33.014  81.033 0.0000000000
49781  -28.615  -32.497  80.026 0.0000000000
50959  -29.017  -32.136  76.751 0.0000000000
51962  -29.577  -30.408  87.166 0.0000000000
52062  -29.541  -30.615  76.583 0.0000000000
52141  -35.839  -30.261  70.575 0.0000000000
53055  -30.214  -29.960  86.811 0.0000000000
53090  -30.711  -29.299  82.832 0.0000000000
53109  -42.095  -29.720  80.273 0.0000000000
53158  -36.344  -29.746  77.277 0.0000000000
54169  -35.248  -28.417  81.640 0.0000000000
54199  -30.533  -29.392  79.416 0.0000000000
54209  -44.863  -28.760  79.907 0.0000000000
54232  -29.916  -29.469  76.602 0.0000000000
54239  -41.967  -29.192  77.190 0.0000000000
54247  -29.854  -28.766  75.905 0.0000000000
54260  -29.152  -28.507  75.331 0.0000000000
54286  -30.643  -27.840  73.487 0.0000000000
55254  -31.301  -28.024  85.952 0.0000000000
55255  -31.645  -27.482  85.561 0.0000000000
55258  -37.111  -28.436  85.115 0.0000000000
55309  -31.731  -28.139  81.455 0.0000000000
55320  -30.922  -28.804  79.961 0.0000000000
55339  -30.833  -29.383  77.946 0.0000000000
55353  -31.150  -29.253  77.785 0.0000000000
55356  -44.578  -27.282  77.975 0.0000000000
55362  -29.830  -28.191  75.646 0.0000000000
55376  -41.769  -27.529  74.520 0.0000000000
56393  -33.101  -26.599  86.023 0.0000000000
56419  -34.678  -27.196  84.157 0.0000000000
56420  -35.351  -27.403  84.607 0.0000000000
56427  -32.770  -27.178  83.019 0.0000000000
66028  -49.473  -18.121  53.310 0.0000000000
67221  -52.865  -16.315  52.555 0.0000000000
68213  -47.774  -15.200  64.237 0.0000000000
69426  -57.006  -14.508  54.583 0.0000000000
69450  -55.092  -15.070  52.104 0.0000000000
69474  -52.990  -14.708  50.135 0.0000000000
70448  -57.382  -14.088  52.954 0.0000000000
71314  -47.446  -13.116  63.527 0.0000000000
72272  -51.194  -11.247  68.060 0.0000000000
72289  -50.725  -10.913  67.378 0.0000000000
72393  -51.628  -11.388  59.485 0.0000000000
73341  -48.934  -11.047  64.906 0.0000000000
73384  -50.746  -10.148  62.400 0.0000000000
73408  -52.548  -9.869  59.906 0.0000000000
73512  -59.027  -10.879  51.019 0.0000000000
73514  -61.023  -10.773  51.573 0.0000000000
73522  -57.749  -10.608  50.245 0.0000000000
73530  -55.778  -10.709  49.319 0.0000000000
74504  -58.395  -9.249  49.699 0.0000000000
75354  -52.387  -8.244  64.015 0.0000000000
75534  -54.690  -7.983  46.640 0.0000000000
76434  -59.844  -7.818  49.394 0.0000000000
78512  -57.292  -5.702  45.832 0.0000000000
81345  -60.356  -2.498  46.437 0.0000000000
82284  -57.341  -1.142  42.297 0.0000000000
86534  -63.981  2.382  37.827 0.0000000000
86556  -64.164  3.031  36.653 0.0000000000
126255  -50.259  -10.338  62.888 0.0000000000
126318  -58.118  -13.559  52.709 0.0000000000
126402  -31.604  -28.184  80.107 0.0000000000
127131  -31.021  -29.222  78.076 0.0000000000
127345  -31.096  -28.627  79.354 0.0000000000
131000  -33.850  -26.960  84.209 0.0000000000
131692  -53.123  -14.673  55.482 0.0000000000
133076  -25.966  -32.892  78.767 0.0000000000
134257  -56.481  -13.439  51.428 0.0000000000
136336  -53.867  -15.647  51.856 0.0000000000
136439  -27.183  -32.715  78.798 0.0000000000
142713  -18.600  -38.810  80.898 0.0000000000
142766  -18.317  -38.882  83.898 0.0000000000
143092  -47.932  -12.190  63.947 0.0000000000
143295  -34.026  -29.968  77.020 0.0000000000
144110  -31.402  -28.332  82.830 0.0000000000
146194  -55.161  -12.107  49.945 0.0000000000
146367  -29.972  -31.350  80.779 0.0000000000
146817  -15.873  -39.790  87.068 0.0000000000
148505  -59.528  -12.996  52.764 0.0000000000
149120  -48.411  -22.281  70.869 0.0000000000
150356  -40.549  -29.648  76.034 0.0000000000
150562  -19.585  -37.056  84.960 0.0000000000
151800  -31.721  -27.996  82.802 0.0000000000
152083  -61.701  -1.422  39.847 0.0000000000
