#!ascii label  , from subject sub-v1s9x0051329_ses-1 vox2ras=TkReg
1413
129256  -35.963  -83.653  9.826 0.5000000000
5168  -36.548  -83.720  8.719 0.6000000238
152005  -34.721  -80.219  17.184 0.3000000119
5187  -37.456  -83.970  8.134 0.5000000000
6249  -33.748  -81.408  14.704 0.4000000060
6836  -34.117  -80.884  15.210 0.4000000060
6821  -33.990  -80.332  15.746 0.4000000060
6822  -34.467  -80.099  16.274 0.3000000119
6248  -32.726  -81.580  14.645 0.4000000060
5183  -32.725  -82.547  7.937 0.5000000000
5165  -33.431  -83.107  8.942 0.5000000000
128668  -34.888  -83.549  9.785 0.5000000000
5739  -32.151  -82.591  6.989 0.6000000238
127318  -33.538  -82.701  7.746 0.5000000000
5167  -35.302  -83.481  8.822 0.6000000238
6206  -33.181  -80.947  17.733 0.3000000119
5204  -35.525  -83.398  7.004 0.5000000000
5671  -33.041  -82.734  13.574 0.5000000000
6264  -34.285  -81.825  14.187 0.5000000000
6791  -33.864  -80.182  18.119 0.3000000119
5203  -34.567  -82.920  6.356 0.6000000238
5205  -36.699  -83.801  7.467 0.5000000000
5657  -32.481  -82.330  13.993 0.5000000000
5658  -33.366  -82.065  14.129 0.4000000060
6233  -32.446  -80.878  15.305 0.4000000060
7454  -33.282  -79.500  16.526 0.3000000119
7435  -34.251  -79.528  16.881 0.3000000119
5670  -31.565  -82.529  13.659 0.4000000060
151065  -31.927  -82.009  14.310 0.4000000060
6247  -31.771  -81.446  14.812 0.4000000060
5656  -31.139  -81.915  14.263 0.4000000060
5743  -28.146  -83.142  7.005 0.6999999881
5736  -29.358  -82.729  7.598 0.6999999881
130125  -29.810  -82.632  7.856 0.6999999881
5149  -35.425  -83.642  10.890 0.5000000000
147307  -27.154  -84.764  6.263 0.6999999881
5197  -27.927  -83.862  6.578 0.6999999881
5745  -29.927  -82.967  7.296 0.8000000119
5738  -31.264  -82.608  7.428 0.5000000000
5747  -31.442  -82.828  7.035 0.6999999881
5128  -35.335  -83.557  11.821 0.5000000000
133312  -28.940  -83.679  6.969 0.6999999881
5127  -33.873  -83.646  11.971 0.4000000060
5086  -33.528  -83.149  13.107 0.5000000000
6790  -32.957  -80.138  18.332 0.3000000119
145003  -31.103  -82.945  6.994 0.6000000238
5105  -32.425  -83.429  12.200 0.5000000000
141675  -32.293  -82.855  13.440 0.5000000000
6782  -33.562  -79.472  18.280 0.3000000119
5201  -32.503  -82.767  6.498 0.5000000000
5084  -31.756  -83.131  12.817 0.5000000000
5686  -29.655  -82.473  12.339 0.4000000060
5687  -30.290  -82.609  12.695 0.4000000060
135817  -30.871  -81.347  14.880 0.4000000060
6232  -31.529  -80.826  15.403 0.4000000060
150570  -32.179  -80.310  15.780 0.4000000060
6262  -28.953  -81.879  13.318 0.3000000119
6263  -29.634  -81.841  13.721 0.4000000060
4148  -22.777  -85.790  6.710 0.5000000000
4149  -23.539  -86.074  6.782 0.6000000238
4160  -23.479  -85.642  6.226 0.6000000238
4651  -25.899  -84.749  5.899 0.6000000238
5212  -26.543  -84.260  6.135 0.6000000238
4618  -20.640  -84.205  7.771 0.5000000000
4619  -21.435  -84.710  8.080 0.5000000000
4635  -22.075  -85.428  7.409 0.6000000238
4150  -24.460  -85.820  6.288 0.6000000238
4152  -26.161  -85.219  6.128 0.6999999881
5164  -32.579  -82.996  9.333 0.6000000238
5570  -28.311  -82.282  20.390 0.3000000119
5160  -21.277  -83.393  9.178 0.6999999881
4601  -21.736  -84.283  8.941 0.6000000238
4620  -22.291  -85.105  8.452 0.6000000238
4136  -22.979  -86.008  7.756 0.6000000238
129858  -24.751  -86.094  7.337 0.6999999881
4636  -27.167  -85.010  6.824 0.6999999881
5718  -31.262  -82.682  10.014 0.6000000238
5146  -32.025  -83.093  10.254 0.6000000238
5148  -33.693  -83.566  11.068 0.5000000000
5719  -20.903  -82.516  8.930 0.6999999881
5161  -22.122  -83.804  9.678 0.6000000238
4602  -22.536  -84.603  9.369 0.6000000238
4125  -23.628  -86.067  8.470 0.6000000238
144794  -25.953  -85.562  8.383 0.6999999881
136531  -27.840  -84.782  7.766 0.6999999881
5126  -33.050  -83.555  11.618 0.5000000000
151050  -30.968  -80.687  18.195 0.3000000119
6298  -21.241  -81.920  9.616 0.6999999881
5143  -21.950  -83.013  9.903 0.6000000238
5144  -22.479  -83.469  10.397 0.6999999881
4116  -24.643  -85.653  9.717 0.6000000238
4128  -26.086  -85.353  9.340 0.6000000238
4623  -30.363  -83.821  7.659 0.6999999881
5704  -30.802  -82.874  11.044 0.5000000000
4587  -22.728  -84.199  10.192 0.6000000238
140889  -24.842  -85.180  10.427 0.6000000238
4606  -28.295  -84.537  9.263 0.6000000238
4608  -30.191  -84.320  8.905 0.6000000238
4624  -31.374  -83.670  7.546 0.6000000238
134872  -29.865  -82.544  10.796 0.5000000000
7407  -33.774  -79.098  17.910 0.3000000119
5122  -22.792  -83.199  11.069 0.6999999881
5123  -23.426  -83.669  11.317 0.6000000238
4588  -24.093  -84.982  10.335 0.6000000238
4118  -26.140  -85.059  10.363 0.6000000238
4590  -27.840  -84.549  10.600 0.5000000000
4610  -31.689  -84.740  8.650 0.5000000000
4640  -32.046  -83.193  6.809 0.5000000000
132915  -29.324  -82.485  11.612 0.5000000000
6260  -26.642  -81.407  12.802 0.3000000119
6261  -27.505  -81.336  13.447 0.3000000119
130123  -29.026  -81.559  13.868 0.3000000119
6835  -29.170  -80.942  14.865 0.4000000060
6819  -30.576  -80.719  15.433 0.4000000060
4625  -32.416  -84.579  7.855 0.5000000000
5684  -27.033  -81.971  12.133 0.3000000119
5685  -27.909  -82.123  12.249 0.3000000119
6246  -29.457  -81.408  14.313 0.4000000060
139289  -20.071  -83.600  6.494 0.5000000000
4633  -20.447  -84.305  6.811 0.5000000000
4647  -20.943  -84.868  6.013 0.5000000000
4166  -21.757  -85.028  5.709 0.5000000000
6306  -20.226  -81.754  7.156 0.5000000000
142515  -20.151  -82.371  6.649 0.5000000000
141493  -20.121  -82.874  6.905 0.5000000000
4634  -21.188  -84.906  7.086 0.5000000000
4159  -22.615  -85.390  6.089 0.5000000000
5211  -25.174  -84.321  5.985 0.6000000238
147556  -25.901  -84.074  6.030 0.6000000238
5731  -20.301  -82.314  8.187 0.5000000000
5182  -26.326  -83.236  7.242 0.6000000238
5727  -29.197  -82.440  8.498 0.8000000119
143946  -28.495  -82.780  21.441 0.3000000119
6878  -20.710  -80.792  8.415 0.6000000238
6297  -20.800  -81.487  8.795 0.6000000238
145406  -20.151  -82.839  7.622 0.6000000238
5733  -26.336  -82.805  8.475 0.4000000060
6139  -28.600  -82.184  20.919 0.3000000119
6290  -21.257  -80.999  9.694 0.6999999881
5715  -28.646  -82.384  9.666 0.5000000000
5728  -30.059  -82.445  8.646 0.6000000238
6192  -29.247  -81.255  18.713 0.3000000119
6778  -29.616  -80.489  19.040 0.3000000119
6865  -21.505  -80.576  10.513 0.6999999881
135154  -27.778  -82.390  9.726 0.4000000060
6780  -31.739  -80.069  18.541 0.3000000119
6291  -21.646  -81.485  10.347 0.6000000238
5698  -22.610  -82.488  11.369 0.6999999881
7433  -32.912  -79.062  16.922 0.3000000119
6281  -22.078  -81.123  11.065 0.6000000238
5682  -22.780  -82.251  12.168 0.6999999881
147491  -23.969  -84.286  11.027 0.6000000238
135784  -26.052  -84.732  11.115 0.5000000000
137672  -26.837  -84.715  10.891 0.5000000000
5714  -27.242  -82.334  10.596 0.4000000060
142156  -28.109  -82.374  10.615 0.4000000060
6283  -24.802  -81.026  11.179 0.3000000119
6285  -26.188  -81.705  11.973 0.3000000119
6853  -26.069  -80.679  13.000 0.3000000119
6845  -26.741  -80.800  13.533 0.3000000119
137044  -28.718  -81.194  14.283 0.4000000060
7453  -32.461  -79.653  16.302 0.3000000119
5124  -24.220  -83.946  11.776 0.6000000238
4565  -26.016  -84.288  12.584 0.5000000000
4566  -27.011  -84.566  12.536 0.5000000000
4593  -30.613  -84.849  9.901 0.5000000000
4129  -31.273  -85.261  9.544 0.6000000238
4140  -31.935  -85.376  8.819 0.5000000000
5701  -27.557  -82.254  11.430 0.3000000119
5699  -25.732  -81.982  11.199 0.3000000119
4564  -25.012  -84.249  12.205 0.5000000000
4580  -28.448  -84.713  11.544 0.5000000000
3640  -30.208  -85.829  10.958 0.5000000000
3639  -29.634  -86.176  11.450 0.5000000000
6897  -21.003  -81.064  5.630 0.5000000000
6312  -20.540  -81.757  5.206 0.5000000000
5216  -20.321  -83.746  4.996 0.5000000000
4664  -20.798  -84.493  4.368 0.5000000000
5217  -21.353  -84.622  4.434 0.5000000000
4660  -21.614  -84.656  5.116 0.5000000000
6887  -20.725  -80.669  7.467 0.5000000000
5750  -20.048  -82.590  6.125 0.5000000000
5208  -22.369  -84.409  5.620 0.4000000060
6886  -20.427  -81.056  7.696 0.5000000000
5193  -23.443  -83.644  6.802 0.4000000060
151990  -28.924  -83.482  22.789 0.3000000119
4974  -29.836  -83.012  21.822 0.3000000119
6879  -20.880  -80.319  8.260 0.6000000238
5194  -24.323  -83.778  6.805 0.4000000060
5195  -25.403  -83.621  6.818 0.4000000060
6870  -21.110  -80.069  9.050 0.6000000238
146502  -21.066  -80.609  9.104 0.6000000238
6163  -28.743  -81.410  20.307 0.3000000119
6760  -29.098  -80.674  20.065 0.3000000119
136869  -21.351  -79.818  10.668 0.6000000238
7501  -21.345  -79.299  11.143 0.6000000238
5723  -25.479  -82.712  9.401 0.4000000060
149417  -25.809  -82.504  10.012 0.4000000060
6781  -32.580  -79.243  18.722 0.3000000119
6858  -21.689  -80.194  11.398 0.6999999881
5713  -26.278  -82.347  10.477 0.3000000119
6293  -24.937  -81.766  10.970 0.3000000119
6316  -20.365  -82.338  4.778 0.5000000000
5753  -20.249  -83.040  4.712 0.5000000000
5757  -20.548  -83.414  3.819 0.5000000000
4665  -21.276  -84.521  3.920 0.4000000060
6892  -20.864  -80.896  6.583 0.5000000000
5218  -21.878  -84.457  4.920 0.4000000060
6893  -21.575  -80.356  6.069 0.6000000238
5192  -22.730  -83.614  6.233 0.4000000060
6140  -29.215  -81.571  20.979 0.3000000119
5548  -29.288  -82.504  21.465 0.3000000119
7514  -21.309  -79.333  10.391 0.6000000238
5180  -24.548  -83.262  7.915 0.4000000060
5181  -25.375  -83.142  8.225 0.4000000060
5732  -24.078  -82.864  8.422 0.4000000060
5721  -24.197  -82.285  9.272 0.4000000060
5712  -25.287  -82.318  10.358 0.3000000119
6299  -24.255  -81.331  9.686 0.3000000119
6851  -22.035  -80.250  12.402 0.6000000238
139193  -21.103  -81.273  4.801 0.5000000000
6322  -20.484  -82.535  3.971 0.5000000000
5224  -21.853  -83.481  3.035 0.4000000060
4667  -21.743  -84.022  3.497 0.4000000060
6898  -21.814  -80.581  5.008 0.5000000000
6903  -22.404  -80.440  4.139 0.5000000000
5221  -22.586  -83.772  3.384 0.4000000060
7538  -21.150  -80.079  7.802 0.6000000238
7551  -22.175  -79.804  6.586 0.6000000238
7558  -22.363  -79.899  5.633 0.6000000238
5754  -22.301  -83.767  4.515 0.4000000060
7529  -21.355  -79.735  8.397 0.6000000238
7539  -21.958  -79.642  7.601 0.6000000238
5752  -22.701  -82.752  5.463 0.4000000060
6307  -23.202  -82.164  7.107 0.4000000060
137368  -21.423  -79.445  9.176 0.6000000238
5741  -23.518  -82.912  7.801 0.4000000060
148780  -23.629  -81.507  6.956 0.4000000060
6304  -23.689  -82.225  8.388 0.4000000060
142764  -24.236  -80.941  7.378 0.4000000060
6770  -29.491  -80.267  19.685 0.3000000119
6761  -29.585  -80.207  20.407 0.3000000119
8279  -21.440  -78.974  10.037 0.6000000238
6305  -23.934  -81.412  8.794 0.4000000060
7399  -32.415  -78.365  18.841 0.3000000119
6771  -30.129  -79.782  19.434 0.3000000119
8244  -21.437  -78.791  11.547 0.6000000238
7490  -22.009  -79.490  12.839 0.6000000238
9024  -22.301  -77.868  12.182 0.6999999881
131321  -23.467  -77.720  11.025 0.6999999881
8232  -21.756  -78.579  12.326 0.6000000238
146686  -22.976  -77.558  12.504 0.6999999881
9007  -23.667  -77.302  12.391 0.6999999881
9005  -22.680  -77.740  13.040 0.6000000238
9048  -24.388  -77.366  10.756 0.6999999881
9828  -24.973  -76.741  10.758 0.6000000238
9006  -23.356  -77.334  13.103 0.6999999881
9808  -24.708  -76.870  11.469 0.6999999881
6324  -22.019  -81.732  3.182 0.5000000000
6331  -22.487  -82.305  2.632 0.5000000000
7565  -22.606  -80.043  4.834 0.5000000000
6904  -22.978  -80.464  3.519 0.5000000000
6908  -22.361  -80.989  3.532 0.5000000000
5764  -23.499  -83.574  1.987 0.5000000000
5226  -23.296  -83.784  2.445 0.4000000060
5223  -22.532  -83.799  3.048 0.4000000060
7552  -22.924  -79.350  6.145 0.6000000238
7559  -23.127  -79.541  5.211 0.6000000238
7566  -23.205  -79.782  4.204 0.6000000238
7576  -23.683  -79.988  3.452 0.6000000238
5755  -22.981  -82.883  4.207 0.4000000060
8296  -22.060  -79.200  8.521 0.6000000238
8327  -23.693  -78.987  5.698 0.6000000238
8350  -24.422  -78.863  4.334 0.6000000238
8280  -22.016  -78.805  9.456 0.6000000238
8297  -23.012  -78.627  8.638 0.6000000238
8311  -23.514  -78.756  6.807 0.6000000238
9090  -24.899  -77.980  6.039 0.6000000238
139845  -24.505  -78.575  5.181 0.6000000238
6310  -23.152  -82.065  6.314 0.4000000060
6899  -24.805  -81.043  5.970 0.4000000060
9070  -23.896  -78.167  8.176 0.6000000238
9079  -24.054  -78.170  7.364 0.6000000238
9097  -25.563  -77.483  5.685 0.6000000238
9098  -26.048  -77.349  5.058 0.6000000238
148556  -24.305  -81.076  6.654 0.4000000060
6894  -25.008  -80.639  6.762 0.4000000060
8263  -22.014  -78.434  10.495 0.6000000238
9061  -23.848  -78.108  9.100 0.5000000000
141894  -24.405  -77.729  7.756 0.6000000238
9080  -24.747  -77.582  7.019 0.6000000238
9889  -26.020  -76.797  5.780 0.6000000238
9890  -26.684  -76.399  5.121 0.6999999881
8245  -21.800  -78.337  11.442 0.6999999881
8264  -22.961  -78.122  10.545 0.6000000238
9071  -24.467  -77.597  8.464 0.6000000238
9864  -24.918  -77.149  7.795 0.6000000238
9879  -26.365  -75.961  5.896 0.6000000238
10705  -27.974  -75.816  4.802 0.6000000238
9891  -28.487  -76.063  4.774 0.6000000238
132570  -25.702  -75.776  7.103 0.6000000238
129442  -26.284  -75.409  6.472 0.6000000238
10699  -28.039  -75.500  5.536 0.6000000238
9892  -29.168  -76.325  5.353 0.6000000238
141076  -24.901  -76.998  10.111 0.6000000238
9852  -25.054  -76.859  8.582 0.6000000238
10672  -26.119  -74.857  7.118 0.5000000000
10687  -27.558  -75.079  6.064 0.6000000238
10688  -28.063  -75.350  6.307 0.6000000238
128369  -25.590  -75.257  7.775 0.5000000000
9787  -24.135  -76.809  13.052 0.6999999881
9809  -25.313  -76.238  11.242 0.6999999881
9829  -25.464  -76.164  10.233 0.5000000000
10651  -25.628  -74.763  8.619 0.6000000238
11488  -25.937  -74.221  7.710 0.5000000000
11491  -27.498  -74.818  6.804 0.5000000000
11470  -25.952  -73.583  8.292 0.6000000238
147475  -26.755  -70.083  6.342 0.6000000238
15537  -25.963  -69.900  7.148 0.6000000238
15518  -25.183  -69.997  7.876 0.6000000238
6325  -22.895  -81.397  2.924 0.5000000000
6909  -23.470  -80.678  3.058 0.5000000000
6333  -23.989  -82.020  1.787 0.5000000000
5227  -23.995  -84.085  2.130 0.5000000000
5760  -23.502  -83.682  2.860 0.4000000060
8351  -24.998  -78.358  4.287 0.5000000000
7567  -24.052  -79.370  3.928 0.5000000000
8371  -25.833  -78.728  2.826 0.5000000000
5756  -24.319  -82.878  3.307 0.4000000060
6326  -25.506  -82.283  3.392 0.4000000060
8361  -25.531  -78.326  3.503 0.5000000000
8362  -26.309  -77.897  3.035 0.5000000000
6313  -23.341  -82.003  5.356 0.4000000060
6319  -24.807  -81.772  4.263 0.4000000060
6315  -25.243  -81.104  5.039 0.4000000060
9102  -26.493  -77.154  4.256 0.5000000000
9106  -26.912  -77.098  3.387 0.5000000000
9105  -26.183  -77.644  3.628 0.5000000000
6314  -24.323  -81.476  5.219 0.4000000060
9899  -27.198  -76.517  4.191 0.6000000238
9909  -27.551  -76.514  3.500 0.6000000238
9901  -28.236  -76.142  3.848 0.5000000000
9893  -29.906  -76.617  5.393 0.4000000060
134163  -30.379  -76.702  4.200 0.4000000060
9904  -31.113  -76.364  3.247 0.4000000060
151542  -29.976  -76.574  6.828 0.6000000238
9882  -30.356  -76.577  6.323 0.6000000238
126359  -31.895  -76.433  5.687 0.5000000000
134870  -31.516  -76.594  4.535 0.4000000060
10700  -33.261  -75.790  5.081 0.4000000060
9752  -24.021  -76.585  14.807 0.6999999881
9866  -28.703  -76.044  6.818 0.6000000238
9883  -31.280  -76.400  6.479 0.5000000000
10689  -32.720  -76.036  5.880 0.4000000060
10605  -25.806  -75.343  10.987 0.6000000238
11490  -27.080  -73.957  7.401 0.5000000000
10674  -28.094  -75.454  7.285 0.5000000000
9868  -30.616  -76.424  7.234 0.5000000000
10676  -32.321  -75.835  7.234 0.5000000000
9870  -32.136  -76.114  6.591 0.4000000060
10691  -34.044  -75.144  6.190 0.4000000060
10635  -25.773  -75.086  9.791 0.6000000238
9855  -29.450  -76.319  8.270 0.5000000000
15565  -28.531  -69.631  4.213 0.6999999881
15553  -28.371  -70.178  4.791 0.6000000238
15554  -29.915  -70.025  5.184 0.6999999881
128588  -27.812  -70.171  5.891 0.6000000238
15555  -30.536  -69.926  5.852 0.6000000238
15519  -25.864  -69.571  8.256 0.6000000238
15521  -29.562  -70.341  6.414 0.6000000238
15541  -30.939  -70.123  6.582 0.6000000238
16365  -31.182  -69.027  7.298 0.6000000238
16353  -31.396  -69.220  8.771 0.6000000238
14662  -24.537  -70.267  8.586 0.5000000000
15520  -26.694  -69.397  8.641 0.6000000238
16364  -28.639  -69.801  7.678 0.6000000238
15522  -30.289  -70.414  7.089 0.6000000238
15542  -31.378  -69.828  7.160 0.6000000238
5769  -24.164  -83.729  1.728 0.5000000000
14650  -24.706  -69.909  9.701 0.5000000000
15506  -25.175  -69.771  8.809 0.5000000000
16352  -28.896  -69.766  8.582 0.5000000000
15523  -31.124  -70.248  7.461 0.5000000000
6910  -24.062  -80.374  2.875 0.4000000060
136014  -25.232  -80.671  2.114 0.5000000000
5232  -25.440  -84.108  2.007 0.5000000000
132288  -24.443  -83.790  2.345 0.4000000060
15508  -26.880  -69.361  9.607 0.5000000000
15510  -28.827  -69.845  9.279 0.5000000000
15511  -31.149  -70.482  8.599 0.5000000000
7592  -25.527  -79.636  2.513 0.5000000000
5762  -26.426  -82.835  2.690 0.4000000060
6321  -26.420  -81.568  3.668 0.4000000060
6911  -27.454  -81.229  3.609 0.4000000060
132876  -24.062  -70.468  10.303 0.5000000000
15493  -26.230  -69.462  10.398 0.5000000000
15509  -27.887  -69.529  9.522 0.6000000238
15495  -28.159  -69.836  9.969 0.6000000238
6320  -25.606  -81.414  4.213 0.4000000060
142798  -24.730  -70.474  11.874 0.6000000238
15478  -25.790  -69.719  11.114 0.6000000238
15480  -27.347  -69.823  10.558 0.6999999881
9107  -27.618  -76.732  2.888 0.4000000060
12162  -22.850  -73.523  14.527 0.6000000238
9911  -28.600  -76.332  2.776 0.5000000000
9913  -29.663  -75.747  2.223 0.4000000060
12150  -23.800  -73.956  15.226 0.6000000238
9903  -29.565  -76.461  3.306 0.4000000060
9740  -24.462  -75.185  15.214 0.6000000238
138323  -25.395  -75.226  13.721 0.6000000238
9906  -32.538  -75.738  3.268 0.4000000060
12215  -26.047  -74.166  12.318 0.6000000238
10587  -24.895  -76.126  13.191 0.6999999881
11451  -25.815  -73.852  9.191 0.6000000238
13029  -26.751  -72.706  8.791 0.6000000238
12277  -26.510  -73.095  8.160 0.5000000000
10652  -28.277  -75.443  8.303 0.5000000000
15566  -29.358  -69.523  4.659 0.6999999881
16388  -30.450  -68.988  6.083 0.6999999881
17267  -29.733  -67.845  6.819 0.6000000238
17268  -30.689  -68.447  7.083 0.6000000238
17242  -30.344  -67.544  9.057 0.6000000238
17243  -30.968  -68.337  8.628 0.6000000238
16327  -30.606  -68.484  10.610 0.6999999881
16339  -31.283  -69.392  9.790 0.6000000238
135178  -25.793  -81.690  1.539 0.5000000000
6334  -24.853  -81.796  1.715 0.5000000000
6342  -24.475  -82.883  1.555 0.5000000000
5771  -25.908  -83.634  1.755 0.5000000000
15512  -31.490  -70.370  9.089 0.6000000238
15481  -30.846  -69.480  10.838 0.5000000000
6344  -26.395  -82.902  1.503 0.5000000000
5765  -26.473  -83.850  2.058 0.5000000000
6327  -27.168  -82.302  2.907 0.4000000060
13807  -29.898  -71.740  9.633 0.6000000238
14651  -30.564  -71.175  9.064 0.6000000238
14614  -30.700  -70.319  11.309 0.5000000000
140376  -26.180  -79.260  2.413 0.5000000000
12174  -23.482  -72.935  14.013 0.6000000238
13734  -24.076  -71.898  13.232 0.4000000060
14591  -24.597  -71.052  12.386 0.6000000238
14613  -27.093  -70.141  10.961 0.6000000238
14633  -27.865  -70.259  10.412 0.6000000238
13808  -30.747  -71.422  9.575 0.6000000238
9115  -27.877  -77.083  2.422 0.4000000060
8373  -27.511  -78.363  2.315 0.4000000060
12943  -24.718  -72.667  13.960 0.5000000000
13735  -24.781  -72.097  13.429 0.5000000000
13772  -25.648  -71.042  12.192 0.6000000238
127887  -26.103  -70.721  11.737 0.6999999881
13774  -26.748  -70.784  11.205 0.6000000238
13792  -28.438  -71.182  10.202 0.6000000238
133007  -28.767  -76.102  2.160 0.5000000000
12164  -24.453  -73.796  14.774 0.6000000238
13756  -25.717  -71.793  12.510 0.6000000238
13773  -26.219  -71.421  11.810 0.6000000238
127409  -28.158  -71.798  10.283 0.6000000238
128088  -29.150  -72.356  10.045 0.6000000238
12993  -30.194  -72.787  11.213 0.6000000238
9912  -29.089  -75.879  2.096 0.4000000060
12175  -25.491  -73.443  13.864 0.5000000000
135711  -25.722  -72.937  13.266 0.6000000238
12971  -26.518  -72.160  11.256 0.6000000238
12991  -28.123  -72.467  9.931 0.6000000238
12238  -28.844  -73.102  9.967 0.6000000238
11361  -24.807  -74.528  14.820 0.6000000238
11381  -25.617  -74.275  13.843 0.6000000238
12193  -25.869  -73.789  13.171 0.6000000238
136541  -26.445  -72.791  10.469 0.6000000238
12989  -26.779  -72.302  10.336 0.6000000238
12237  -26.142  -73.260  9.761 0.6000000238
11435  -26.004  -74.280  10.325 0.6000000238
151560  -27.918  -74.650  8.586 0.5000000000
10653  -28.987  -76.001  8.781 0.5000000000
17287  -28.182  -68.302  4.421 0.6999999881
17279  -29.515  -68.324  5.714 0.6999999881
17277  -27.473  -67.248  5.264 0.6999999881
18163  -27.658  -67.000  6.311 0.6999999881
17278  -28.507  -67.749  5.400 0.6999999881
147845  -28.957  -67.100  7.479 0.6999999881
136207  -29.947  -67.243  8.786 0.6000000238
17228  -29.971  -67.220  9.933 0.6000000238
146857  -29.813  -67.763  12.403 0.5000000000
17210  -30.223  -67.670  10.481 0.6999999881
16326  -30.130  -67.806  11.503 0.5000000000
128271  -30.447  -68.741  11.636 0.5000000000
140061  -30.559  -69.555  11.748 0.5000000000
6926  -26.822  -81.775  1.424 0.4000000060
6345  -27.428  -82.964  1.561 0.5000000000
5767  -28.622  -82.922  1.903 0.5000000000
6335  -27.401  -83.350  2.196 0.5000000000
6328  -28.003  -82.402  2.631 0.4000000060
7593  -26.849  -79.368  2.109 0.4000000060
6927  -27.874  -81.996  1.398 0.4000000060
14635  -30.733  -71.150  10.736 0.6000000238
139462  -30.121  -72.394  10.696 0.6000000238
13775  -30.347  -71.999  11.340 0.6000000238
148246  -30.132  -73.390  11.102 0.6000000238
12972  -30.526  -72.594  11.767 0.6000000238
13013  -27.995  -73.143  9.530 0.6000000238
12239  -29.286  -73.680  10.250 0.6000000238
12216  -30.576  -73.215  11.593 0.6000000238
13011  -26.892  -72.407  9.598 0.6000000238
146791  -29.826  -73.901  10.736 0.5000000000
11453  -28.008  -74.069  9.186 0.6000000238
11454  -28.778  -74.573  9.654 0.5000000000
141191  -29.209  -75.074  9.788 0.5000000000
18170  -26.473  -66.839  5.292 0.6999999881
18162  -26.729  -66.436  6.034 0.6999999881
18153  -27.936  -66.781  7.452 0.6999999881
17240  -28.280  -66.380  9.152 0.6000000238
17256  -28.682  -66.697  8.303 0.6999999881
17227  -29.190  -66.632  10.334 0.4000000060
17276  -24.723  -66.567  5.764 0.6999999881
18161  -25.944  -65.874  5.839 0.6999999881
18152  -26.925  -66.395  6.974 0.6000000238
18129  -27.061  -66.599  8.874 0.6000000238
17187  -29.504  -67.323  11.955 0.5000000000
126130  -23.221  -66.962  6.329 0.6999999881
18159  -24.052  -66.074  6.116 0.6999999881
16314  -29.763  -67.995  13.212 0.5000000000
144478  -22.465  -66.759  6.639 0.6999999881
130907  -21.707  -67.064  7.126 0.6000000238
17255  -21.203  -66.954  7.849 0.6000000238
17254  -20.861  -66.781  8.525 0.6000000238
18117  -20.300  -66.527  10.010 0.5000000000
18126  -19.772  -65.886  9.893 0.5000000000
136058  -28.929  -82.685  1.780 0.4000000060
6337  -29.038  -82.753  1.892 0.4000000060
12217  -31.254  -73.592  11.731 0.6000000238
17239  -27.190  -66.655  9.723 0.5000000000
17226  -28.282  -66.510  10.050 0.5000000000
19073  -25.243  -65.448  6.426 0.6000000238
18141  -26.224  -66.064  7.573 0.6000000238
127564  -26.267  -66.347  8.505 0.6000000238
17207  -28.220  -66.738  10.964 0.5000000000
17208  -28.917  -66.925  11.432 0.5000000000
126872  -29.230  -67.570  12.885 0.5000000000
18158  -23.057  -65.984  6.376 0.6999999881
19072  -24.456  -65.197  6.243 0.6000000238
19054  -25.358  -65.393  7.272 0.6000000238
18128  -25.533  -66.024  8.921 0.6000000238
18118  -25.373  -66.290  9.835 0.6000000238
17168  -29.314  -67.515  13.652 0.5000000000
18150  -22.290  -66.069  6.863 0.6999999881
20002  -24.049  -64.484  6.429 0.6000000238
19992  -24.286  -64.262  6.868 0.6000000238
19040  -24.462  -64.590  8.524 0.6000000238
19964  -24.640  -64.887  9.710 0.6000000238
19061  -22.193  -65.245  7.149 0.6000000238
20001  -23.298  -64.439  6.693 0.6000000238
19991  -23.629  -63.965  6.868 0.6000000238
19984  -23.830  -63.584  8.027 0.6000000238
19060  -21.668  -65.261  7.712 0.6000000238
19982  -21.593  -64.371  8.065 0.6000000238
131627  -22.695  -63.654  6.810 0.6000000238
20965  -23.368  -63.217  6.929 0.6000000238
19052  -21.176  -65.358  8.347 0.5000000000
18127  -20.234  -66.050  9.465 0.5000000000
19983  -21.985  -63.285  6.905 0.6000000238
20960  -22.708  -62.534  6.996 0.6000000238
6338  -29.631  -82.431  1.851 0.4000000060
18103  -19.273  -66.144  11.325 0.5000000000
19981  -21.022  -63.979  8.743 0.5000000000
133515  -21.738  -63.471  8.087 0.6000000238
20959  -22.098  -62.651  7.496 0.6000000238
18115  -18.662  -65.618  10.787 0.5000000000
19974  -19.326  -64.541  9.766 0.5000000000
19975  -20.059  -64.395  9.202 0.4000000060
20953  -20.324  -63.415  9.165 0.5000000000
21908  -21.549  -61.993  8.376 0.6000000238
17206  -27.245  -67.025  11.424 0.6000000238
17166  -27.581  -67.050  12.981 0.5000000000
17186  -28.561  -67.304  12.498 0.5000000000
18106  -26.239  -66.805  11.332 0.6000000238
17185  -26.866  -66.886  12.188 0.5000000000
18066  -28.859  -67.039  14.021 0.5000000000
19012  -25.075  -65.603  11.285 0.6999999881
18999  -25.556  -65.853  12.170 0.6999999881
19976  -24.267  -64.000  9.200 0.6000000238
19965  -24.776  -65.010  10.583 0.6999999881
20954  -23.835  -63.091  8.703 0.6000000238
132900  -24.608  -64.095  10.317 0.6999999881
20949  -24.264  -63.457  9.706 0.6999999881
21910  -23.025  -62.058  7.440 0.6000000238
21897  -24.037  -62.739  9.659 0.6999999881
18100  -16.945  -65.801  11.804 0.5000000000
19024  -18.264  -65.109  10.613 0.5000000000
20952  -19.589  -63.812  9.519 0.4000000060
21903  -20.467  -62.217  9.116 0.6000000238
22842  -22.837  -61.597  8.192 0.6000000238
19023  -17.778  -64.936  10.834 0.5000000000
19973  -18.978  -63.625  9.942 0.4000000060
22831  -20.192  -61.140  9.385 0.5000000000
18065  -28.091  -66.741  13.727 0.5000000000
18048  -27.902  -66.146  14.129 0.5000000000
18085  -26.039  -66.459  12.224 0.6000000238
18985  -26.455  -65.765  13.235 0.5000000000
19908  -27.662  -64.624  14.277 0.5000000000
19940  -25.385  -64.920  12.048 0.6999999881
19953  -24.955  -64.491  11.268 0.6999999881
20938  -24.585  -63.140  10.494 0.6000000238
130134  -23.112  -61.484  8.875 0.6999999881
21888  -24.468  -62.260  10.667 0.6000000238
22840  -21.757  -61.084  8.511 0.6000000238
22834  -22.707  -60.847  8.821 0.6000000238
20947  -17.708  -63.173  10.779 0.5000000000
21901  -18.819  -62.538  10.119 0.4000000060
22832  -20.944  -60.476  9.087 0.6000000238
21893  -17.687  -62.265  11.082 0.4000000060
21894  -18.235  -62.338  10.674 0.4000000060
22822  -19.632  -60.966  10.140 0.5000000000
23829  -20.105  -60.403  9.632 0.5000000000
19941  -25.976  -64.347  12.576 0.6000000238
19923  -27.066  -64.179  13.623 0.5000000000
20925  -25.516  -63.775  11.936 0.6000000238
20908  -26.590  -63.794  12.977 0.5000000000
145902  -25.561  -63.011  11.594 0.6000000238
21889  -25.112  -62.697  11.233 0.6000000238
21876  -26.598  -62.123  12.267 0.5000000000
141473  -25.260  -61.905  11.401 0.6000000238
22824  -23.228  -60.998  9.838 0.6999999881
22817  -24.594  -61.334  11.187 0.5000000000
22833  -22.194  -60.054  9.061 0.6000000238
23830  -20.545  -59.803  9.725 0.5000000000
21885  -19.202  -61.757  10.487 0.4000000060
23821  -20.316  -59.817  10.130 0.5000000000
21797  -14.520  -62.029  17.604 0.4000000060
21782  -15.096  -62.222  18.367 0.3000000119
21798  -15.380  -62.525  17.478 0.4000000060
20909  -27.263  -63.115  13.289 0.5000000000
128294  -14.830  -62.405  15.508 0.3000000119
21815  -15.820  -62.587  16.360 0.4000000060
21890  -25.857  -62.319  11.671 0.5000000000
150079  -27.104  -62.416  12.813 0.5000000000
21827  -15.683  -62.424  15.071 0.3000000119
22818  -25.241  -61.046  11.507 0.5000000000
21840  -15.968  -62.273  14.125 0.3000000119
23824  -23.773  -60.518  10.998 0.6000000238
24801  -21.857  -59.418  9.632 0.6999999881
24793  -22.416  -59.027  10.731 0.6000000238
22823  -19.985  -60.269  10.206 0.5000000000
24791  -21.400  -59.108  10.570 0.5000000000
23812  -20.543  -59.941  10.456 0.4000000060
23803  -21.650  -59.146  11.682 0.4000000060
22702  -15.528  -61.222  20.059 0.3000000119
22712  -15.038  -61.650  19.175 0.3000000119
21765  -15.677  -62.359  19.015 0.3000000119
21783  -15.913  -62.800  18.379 0.3000000119
20830  -16.449  -63.103  17.533 0.4000000060
133098  -27.267  -61.763  12.674 0.5000000000
21816  -16.604  -62.832  15.713 0.4000000060
20856  -16.755  -63.105  16.589 0.4000000060
22810  -26.799  -61.191  12.313 0.5000000000
21828  -16.572  -62.642  14.759 0.4000000060
128784  -17.866  -63.488  15.207 0.4000000060
23815  -24.607  -60.260  11.523 0.5000000000
23816  -25.410  -60.091  11.797 0.5000000000
20868  -17.283  -62.985  14.522 0.4000000060
149192  -23.952  -59.516  11.567 0.5000000000
136693  -22.137  -58.658  11.076 0.5000000000
24783  -22.706  -58.801  11.575 0.5000000000
20935  -18.631  -62.321  11.182 0.3000000119
21886  -20.254  -62.060  11.211 0.4000000060
22807  -21.533  -60.061  11.930 0.4000000060
146939  -22.177  -58.686  11.546 0.4000000060
23694  -15.335  -60.313  20.345 0.3000000119
22713  -15.946  -62.076  19.777 0.3000000119
21766  -16.538  -62.818  19.269 0.4000000060
135705  -17.277  -63.667  18.161 0.4000000060
21844  -29.566  -61.877  13.973 0.4000000060
20846  -17.373  -63.633  17.208 0.4000000060
21862  -29.037  -61.550  13.497 0.4000000060
20857  -17.445  -63.463  16.123 0.4000000060
20847  -18.159  -64.093  16.834 0.4000000060
22811  -27.501  -61.037  12.552 0.4000000060
20858  -18.180  -63.901  15.976 0.4000000060
20869  -18.373  -63.666  14.683 0.4000000060
20905  -18.989  -63.784  12.846 0.3000000119
145445  -24.596  -58.928  11.979 0.5000000000
21887  -21.158  -62.343  11.661 0.3000000119
126482  -16.036  -60.825  20.681 0.3000000119
22703  -16.433  -61.537  20.492 0.3000000119
21754  -16.911  -62.349  20.190 0.3000000119
142749  -17.550  -62.995  19.781 0.4000000060
20818  -18.176  -63.521  19.376 0.4000000060
20832  -18.671  -64.011  18.880 0.3000000119
131331  -17.906  -63.806  18.685 0.4000000060
22784  -30.101  -61.962  14.396 0.4000000060
22786  -31.337  -61.173  14.964 0.4000000060
19851  -18.178  -64.156  17.947 0.4000000060
22812  -28.233  -60.846  12.703 0.4000000060
151855  -26.979  -60.473  12.379 0.4000000060
139828  -18.614  -64.004  15.407 0.3000000119
23807  -26.634  -59.495  12.338 0.4000000060
20884  -18.394  -63.423  13.706 0.3000000119
20870  -19.027  -64.084  14.666 0.3000000119
19917  -19.913  -64.370  12.926 0.3000000119
23804  -22.054  -59.358  12.216 0.4000000060
129164  -16.910  -59.917  21.617 0.3000000119
21755  -17.952  -62.401  20.434 0.4000000060
21767  -18.539  -63.057  20.093 0.4000000060
20819  -19.104  -63.602  19.612 0.4000000060
23765  -32.145  -60.828  15.261 0.4000000060
23780  -30.799  -60.828  14.303 0.4000000060
19852  -19.134  -64.327  18.326 0.4000000060
134633  -29.541  -61.012  13.451 0.4000000060
23808  -27.612  -60.049  12.424 0.4000000060
23796  -29.480  -60.319  13.004 0.4000000060
19877  -18.838  -64.343  16.290 0.3000000119
19891  -20.061  -64.587  14.743 0.3000000119
23806  -25.596  -58.875  12.247 0.5000000000
20885  -19.431  -64.172  13.806 0.3000000119
19918  -20.762  -64.606  13.105 0.3000000119
25692  -24.921  -58.207  12.524 0.5000000000
135308  -21.874  -62.486  12.126 0.3000000119
24767  -22.735  -58.943  12.257 0.4000000060
22698  -17.956  -61.003  21.284 0.3000000119
20820  -20.026  -63.480  19.592 0.3000000119
20833  -19.620  -64.083  19.027 0.3000000119
23766  -32.402  -59.986  14.990 0.4000000060
19869  -19.143  -64.497  17.379 0.3000000119
23797  -30.252  -60.464  13.525 0.4000000060
24734  -31.835  -59.633  14.292 0.3000000119
19878  -19.698  -64.681  16.562 0.3000000119
23809  -28.653  -59.994  12.576 0.4000000060
24756  -30.042  -59.681  12.950 0.4000000060
19892  -20.997  -64.996  15.267 0.3000000119
134060  -21.114  -64.897  14.117 0.3000000119
24768  -25.544  -58.032  12.631 0.4000000060
138465  -21.087  -64.391  12.539 0.3000000119
21875  -22.565  -61.945  12.538 0.3000000119
22809  -23.110  -60.956  12.767 0.3000000119
24751  -23.432  -59.169  12.770 0.3000000119
19853  -20.084  -64.460  18.203 0.3000000119
19854  -21.111  -64.276  18.261 0.3000000119
129022  -20.826  -64.769  17.619 0.3000000119
24757  -31.310  -59.292  13.565 0.3000000119
24755  -29.359  -59.596  12.662 0.4000000060
25679  -30.630  -58.846  12.890 0.4000000060
18964  -21.858  -65.029  14.934 0.3000000119
24770  -27.859  -58.913  12.422 0.4000000060
24771  -28.767  -58.824  12.453 0.4000000060
19919  -21.585  -64.593  13.229 0.3000000119
20924  -22.242  -63.212  12.570 0.3000000119
142390  -25.368  -57.848  12.870 0.3000000119
23793  -23.505  -60.125  13.132 0.3000000119
18965  -22.418  -65.135  15.732 0.3000000119
19904  -22.196  -64.807  14.014 0.3000000119
25695  -28.001  -57.743  12.610 0.3000000119
25696  -28.985  -57.726  12.501 0.3000000119
20906  -23.280  -63.664  13.693 0.3000000119
25693  -26.038  -57.749  12.834 0.3000000119
21858  -23.412  -62.008  13.079 0.3000000119
24752  -23.941  -58.561  12.964 0.3000000119
138096  -23.799  -64.658  15.557 0.3000000119
19895  -24.343  -64.551  16.020 0.3000000119
20886  -23.804  -63.835  14.326 0.3000000119
26578  -27.361  -57.199  12.982 0.3000000119
19907  -24.258  -64.211  15.156 0.3000000119
20871  -25.056  -63.910  15.709 0.3000000119
22808  -22.242  -60.506  12.398 0.4000000060
19938  -20.941  -64.098  11.909 0.3000000119
20923  -21.460  -63.369  11.980 0.3000000119
5729  -30.985  -82.443  8.624 0.6000000238
129161  -33.480  -83.413  10.050 0.5000000000
5166  -34.282  -83.273  8.786 0.5000000000
5185  -34.602  -83.120  7.620 0.5000000000
136188  -34.353  -83.567  10.522 0.5000000000
5087  -34.375  -82.943  13.094 0.5000000000
145450  -28.697  -83.566  6.913 0.6999999881
5734  -27.947  -82.632  7.832 0.6999999881
4637  -27.758  -84.402  6.522 0.6999999881
5199  -30.237  -83.063  7.201 0.6999999881
5107  -34.735  -83.401  12.388 0.4000000060
4622  -29.372  -84.072  7.571 0.6999999881
5104  -31.594  -83.234  11.750 0.5000000000
130499  -33.169  -78.871  18.340 0.3000000119
5703  -30.141  -82.673  11.787 0.5000000000
5702  -28.451  -82.362  11.520 0.3000000119
4649  -23.980  -85.262  5.920 0.6000000238
4650  -24.942  -85.079  5.833 0.6000000238
4648  -22.302  -84.878  5.694 0.5000000000
5178  -21.010  -84.019  8.524 0.6000000238
4139  -26.244  -85.400  7.123 0.6999999881
5589  -28.503  -81.831  19.689 0.3000000119
4604  -23.846  -85.639  9.388 0.6000000238
4126  -24.482  -86.133  8.573 0.6000000238
128417  -26.773  -85.213  8.163 0.6999999881
5716  -29.526  -82.399  9.703 0.5000000000
143362  -31.567  -83.116  10.878 0.6000000238
5147  -32.837  -83.394  10.618 0.5000000000
4605  -27.142  -84.844  9.534 0.6000000238
4607  -29.259  -84.428  9.077 0.6999999881
4576  -24.715  -84.581  11.152 0.5000000000
4592  -29.806  -84.612  10.155 0.5000000000
8165  -33.284  -78.802  17.578 0.3000000119
5099  -23.074  -82.921  11.773 0.6000000238
4581  -29.394  -84.828  11.149 0.5000000000
6245  -27.971  -80.990  14.120 0.3000000119
5725  -27.289  -82.519  8.811 0.5000000000
8179  -32.498  -78.542  17.294 0.3000000119
4110  -29.039  -85.259  11.923 0.5000000000
5751  -22.456  -83.635  5.512 0.4000000060
6747  -29.818  -80.789  21.141 0.3000000119
8310  -22.788  -79.006  7.720 0.6000000238
8246  -22.517  -77.954  11.261 0.6999999881
9047  -23.868  -77.919  10.121 0.6000000238
130416  -25.207  -76.550  9.380 0.6000000238
8328  -24.204  -78.532  6.097 0.6000000238
7578  -25.107  -79.156  3.065 0.5000000000
6318  -23.912  -82.114  4.498 0.4000000060
8340  -25.361  -77.993  5.112 0.6000000238
9101  -25.726  -77.776  4.251 0.5000000000
9878  -25.839  -76.284  6.444 0.6000000238
140735  -29.353  -76.498  4.460 0.4000000060
10571  -24.936  -75.813  14.092 0.6000000238
10588  -25.470  -75.560  12.658 0.6999999881
15538  -26.861  -69.606  7.355 0.6000000238
6917  -24.419  -80.979  2.296 0.4000000060
8372  -26.569  -78.435  2.550 0.4000000060
9867  -29.562  -76.452  7.373 0.4000000060
9739  -23.956  -75.918  15.572 0.6000000238
15539  -29.252  -70.304  5.482 0.6000000238
16351  -27.699  -69.406  8.768 0.6000000238
147804  -26.978  -83.640  2.009 0.5000000000
15477  -24.962  -69.929  11.276 0.5000000000
13809  -31.264  -71.116  9.684 0.6000000238
14610  -24.163  -70.816  11.967 0.4000000060
151678  -26.196  -73.667  11.725 0.5000000000
8374  -28.523  -77.780  2.166 0.5000000000
13790  -26.801  -71.585  10.987 0.6000000238
12194  -26.088  -73.176  12.464 0.5000000000
17264  -20.961  -67.647  8.249 0.6000000238
19025  -19.116  -65.324  10.216 0.5000000000
19053  -24.649  -64.691  7.453 0.6000000238
19041  -25.035  -65.357  8.271 0.6000000238
135630  -25.389  -66.390  10.790 0.6000000238
146595  -22.596  -64.544  6.814 0.6000000238
19011  -17.958  -65.356  10.986 0.5000000000
18064  -27.274  -66.245  13.594 0.5000000000
21896  -23.705  -61.932  9.689 0.6000000238
20948  -18.313  -63.396  10.401 0.5000000000
23832  -22.587  -60.262  9.489 0.6000000238
21814  -14.697  -62.376  16.592 0.3000000119
21877  -26.672  -62.961  12.636 0.5000000000
133429  -19.420  -61.881  10.924 0.3000000119
146918  -28.361  -61.951  13.389 0.4000000060
22799  -27.925  -61.519  12.907 0.4000000060
134284  -20.893  -61.013  11.256 0.4000000060
148792  -19.351  -63.362  11.565 0.3000000119
25706  -23.526  -58.675  12.161 0.5000000000
22800  -30.064  -61.334  13.954 0.4000000060
23695  -16.902  -60.819  21.138 0.3000000119
19890  -19.401  -64.463  15.592 0.3000000119
148023  -27.082  -58.927  12.419 0.4000000060
23805  -22.844  -59.788  12.608 0.3000000119
127452  -20.269  -64.898  15.876 0.3000000119
25676  -24.466  -58.310  12.736 0.4000000060
23689  -18.397  -60.282  21.511 0.3000000119
148094  -21.640  -65.142  15.713 0.3000000119
25694  -26.971  -57.926  12.701 0.4000000060
19906  -23.486  -64.496  14.919 0.3000000119
136333  -25.937  -87.602  12.732 0.5000000000
3148  -27.673  -87.065  12.487 0.5000000000
144645  -28.308  -86.673  12.380 0.5000000000
3638  -28.881  -86.609  11.851 0.4000000060
3111  -25.254  -87.092  14.262 0.5000000000
3112  -26.114  -87.026  14.181 0.5000000000
3131  -27.292  -86.877  13.227 0.5000000000
3625  -28.056  -86.434  13.002 0.5000000000
3626  -28.602  -86.153  12.548 0.5000000000
4104  -28.638  -85.683  12.507 0.4000000060
146250  -24.897  -86.634  14.866 0.4000000060
3594  -25.742  -86.592  14.794 0.5000000000
3596  -27.027  -86.200  14.267 0.5000000000
4103  -28.173  -85.352  12.942 0.4000000060
3583  -25.368  -86.096  15.357 0.5000000000
3584  -26.129  -86.036  15.125 0.5000000000
3595  -26.474  -86.421  14.562 0.5000000000
4533  -25.678  -85.325  15.461 0.5000000000
4548  -26.655  -85.334  14.560 0.5000000000
4547  -26.135  -84.658  14.754 0.5000000000
4558  -26.123  -84.267  13.628 0.5000000000
4532  -24.984  -84.772  15.986 0.5000000000
5070  -25.537  -83.992  14.900 0.5000000000
5083  -25.591  -83.965  14.047 0.5000000000
5102  -25.390  -83.938  13.106 0.5000000000
128931  -22.519  -80.872  17.445 0.5000000000
4519  -24.465  -84.075  16.364 0.5000000000
5631  -24.062  -82.842  16.767 0.5000000000
5646  -24.549  -83.296  16.282 0.5000000000
5645  -24.209  -82.361  16.236 0.5000000000
5654  -24.645  -82.882  14.764 0.5000000000
5653  -24.200  -82.247  15.186 0.5000000000
5082  -24.564  -83.053  13.748 0.5000000000
5101  -24.544  -83.536  12.790 0.5000000000
6229  -23.018  -81.029  16.808 0.5000000000
6803  -22.536  -80.106  16.911 0.5000000000
8175  -22.340  -78.539  17.100 0.5000000000
144729  -23.366  -81.161  16.136 0.5000000000
133783  -22.527  -79.831  15.749 0.5000000000
7464  -22.483  -79.044  15.389 0.5000000000
6244  -23.484  -81.679  14.564 0.5000000000
6243  -23.167  -81.035  15.239 0.5000000000
135714  -22.641  -80.400  14.958 0.5000000000
5666  -23.992  -82.392  14.064 0.5000000000
6831  -22.675  -81.005  14.060 0.5000000000
5081  -23.861  -82.764  13.047 0.5000000000
5100  -23.694  -83.261  12.200 0.5000000000
10529  -23.318  -75.594  16.130 0.5000000000
8965  -23.510  -76.733  15.586 0.6000000238
8192  -22.708  -78.361  15.892 0.5000000000
130436  -22.356  -79.705  14.707 0.5000000000
8978  -23.031  -77.808  14.581 0.5000000000
7477  -22.200  -79.596  13.770 0.5000000000
129994  -22.126  -78.793  13.320 0.5000000000
146270  -22.537  -81.635  12.403 0.5000000000
6271  -22.447  -81.049  12.899 0.5000000000
5683  -23.281  -82.607  12.456 0.5000000000
11342  -22.617  -74.343  15.691 0.5000000000
10541  -23.768  -75.081  15.707 0.5000000000
8979  -23.445  -77.232  14.727 0.6000000238
131756  -24.941  -71.730  5.278 0.5000000000
14683  -25.684  -71.289  5.208 0.6000000238
13846  -25.193  -71.770  4.343 0.5000000000
15563  -26.644  -70.985  4.342 0.5000000000
15552  -27.291  -70.465  5.039 0.6000000238
15564  -27.488  -70.294  3.982 0.6000000238
14691  -25.937  -71.426  3.843 0.5000000000
15576  -26.954  -69.893  3.521 0.6000000238
16401  -26.492  -69.267  3.633 0.5000000000
147273  -27.699  -69.579  3.742 0.6000000238
17296  -27.529  -68.578  4.038 0.6000000238
16400  -25.688  -69.402  4.039 0.5000000000
17295  -26.769  -68.499  4.123 0.6000000238
142615  -25.152  -68.366  4.785 0.5000000000
17285  -26.198  -67.551  4.644 0.5000000000
126127  -23.419  -67.986  6.263 0.5000000000
17274  -22.355  -67.743  6.696 0.6000000238
15504  -21.049  -68.913  8.870 0.6000000238
140262  -20.777  -68.508  7.972 0.5000000000
17275  -24.126  -67.188  6.027 0.6000000238
17284  -24.873  -67.391  5.394 0.5000000000
17273  -21.582  -67.995  7.176 0.5000000000
17238  -20.885  -67.210  9.696 0.6000000238
138963  -20.881  -67.398  8.896 0.6000000238
128651  -20.591  -66.626  9.228 0.6000000238
8178  -30.745  -78.680  16.852 0.3000000119
7430  -28.750  -78.969  16.487 0.3000000119
6817  -28.901  -80.319  15.514 0.3000000119
8966  -27.538  -77.608  15.521 0.3000000119
6834  -28.360  -80.669  14.759 0.3000000119
7452  -30.017  -80.105  15.997 0.3000000119
6804  -31.336  -80.036  16.040 0.3000000119
4567  -27.472  -84.947  13.326 0.4000000060
8221  -22.540  -78.156  13.831 0.5000000000
15536  -25.363  -70.499  6.740 0.5000000000
4094  -27.771  -85.640  13.459 0.4000000060
4559  -26.776  -84.851  13.997 0.5000000000
5056  -25.010  -84.031  16.105 0.5000000000
5618  -22.861  -82.149  17.503 0.5000000000
6219  -23.418  -82.117  17.199 0.5000000000
6789  -22.114  -80.104  17.664 0.5000000000
6815  -22.928  -80.541  16.005 0.5000000000
133151  -22.317  -78.921  14.323 0.5000000000
138280  -29.830  -79.270  16.511 0.3000000119
126056  -27.203  -79.689  14.703 0.3000000119
147806  -27.932  -78.914  16.103 0.3000000119
7451  -29.126  -79.695  16.118 0.3000000119
7450  -28.303  -79.548  15.842 0.3000000119
7449  -27.508  -79.153  15.415 0.3000000119
24772  -29.669  -58.815  12.542 0.3000000119
3128  -24.561  -87.369  13.660 0.5000000000
3130  -26.437  -87.226  13.372 0.5000000000
3147  -26.732  -87.489  12.480 0.5000000000
3169  -28.073  -87.227  11.803 0.5000000000
3612  -26.900  -86.706  13.985 0.5000000000
3613  -27.565  -86.197  13.661 0.5000000000
3614  -28.216  -85.934  13.092 0.5000000000
3627  -29.152  -85.898  12.043 0.4000000060
4064  -25.023  -85.534  15.679 0.5000000000
4065  -26.317  -85.501  15.026 0.5000000000
4078  -26.665  -85.898  14.667 0.5000000000
4079  -27.213  -85.630  14.082 0.5000000000
4111  -29.615  -85.543  11.419 0.5000000000
4117  -25.371  -85.474  10.050 0.6000000238
4119  -30.124  -85.159  10.771 0.5000000000
4127  -25.294  -85.835  9.102 0.6000000238
4137  -23.953  -86.259  7.482 0.6000000238
4138  -25.370  -85.901  7.894 0.6999999881
4141  -32.537  -85.473  8.235 0.5000000000
4147  -21.901  -85.356  6.449 0.5000000000
4151  -25.404  -85.672  6.648 0.6000000238
4161  -25.411  -85.336  6.003 0.6999999881
4575  -23.374  -84.321  10.611 0.6000000238
4577  -25.539  -84.531  11.615 0.5000000000
4578  -26.457  -84.585  11.774 0.5000000000
4579  -27.420  -84.646  11.663 0.5000000000
4589  -25.411  -84.919  10.808 0.5000000000
4591  -28.869  -84.542  10.385 0.5000000000
4603  -23.073  -85.429  8.926 0.6000000238
4609  -31.055  -84.464  8.814 0.5000000000
4621  -28.456  -84.154  7.022 0.6999999881
4638  -29.703  -83.341  7.231 0.6999999881
4639  -30.454  -83.138  7.185 0.6999999881
4652  -26.712  -84.811  6.010 0.6999999881
4653  -27.209  -84.382  6.325 0.6999999881
4658  -20.522  -84.381  5.350 0.5000000000
4659  -21.133  -84.742  5.059 0.5000000000
4666  -20.897  -84.220  3.785 0.5000000000
4973  -28.870  -83.169  22.098 0.3000000119
5043  -23.882  -83.491  16.764 0.5000000000
5057  -25.448  -84.401  15.527 0.5000000000
5069  -25.082  -83.544  15.491 0.5000000000
5085  -32.704  -83.276  13.010 0.5000000000
5103  -30.909  -82.939  12.208 0.5000000000
5106  -33.249  -83.490  12.450 0.5000000000
5125  -32.243  -83.359  11.241 0.6000000238
5145  -22.936  -83.791  10.754 0.6000000238
5162  -24.715  -82.830  8.908 0.4000000060
5163  -31.734  -82.662  9.278 0.6000000238
5177  -20.454  -83.324  8.313 0.6000000238
5179  -23.926  -83.262  7.648 0.4000000060
5184  -32.903  -82.399  7.029 0.5000000000
5186  -35.708  -83.511  7.965 0.5000000000
5191  -20.205  -83.537  7.347 0.5000000000
5196  -27.147  -83.628  6.606 0.6000000238
5198  -29.451  -83.321  7.181 0.6999999881
5200  -31.921  -82.895  6.866 0.5000000000
5207  -20.053  -83.694  5.774 0.5000000000
5209  -23.142  -84.698  5.924 0.4000000060
5210  -24.219  -84.621  5.993 0.6000000238
5219  -20.421  -83.904  4.181 0.5000000000
5220  -21.834  -84.272  3.893 0.4000000060
5222  -21.218  -83.677  3.491 0.4000000060
5225  -22.466  -83.740  2.890 0.4000000060
5228  -24.964  -84.122  1.947 0.5000000000
5229  -26.245  -83.790  2.114 0.5000000000
5230  -23.905  -84.074  2.000 0.5000000000
5231  -24.588  -84.221  1.957 0.5000000000
5655  -30.257  -81.671  14.263 0.4000000060
5667  -28.864  -82.255  12.466 0.4000000060
5668  -29.639  -82.274  13.045 0.3000000119
5669  -30.489  -82.272  13.542 0.4000000060
5672  -33.904  -82.485  13.610 0.5000000000
5673  -34.807  -82.287  13.653 0.5000000000
5688  -30.968  -82.814  13.044 0.4000000060
5697  -22.233  -81.953  10.844 0.6000000238
5700  -26.657  -82.131  11.338 0.3000000119
5709  -21.762  -82.295  10.184 0.6999999881
5710  -22.339  -82.734  10.626 0.6999999881
5711  -24.591  -82.074  10.206 0.3000000119
5717  -30.417  -82.484  9.825 0.5000000000
5720  -21.386  -82.627  9.578 0.6000000238
5722  -24.816  -82.489  9.705 0.3000000119
5724  -26.369  -82.563  9.554 0.4000000060
5726  -28.268  -82.442  8.693 0.5000000000
5730  -31.861  -82.465  8.132 0.5000000000
5735  -28.680  -82.660  7.672 0.6999999881
5737  -30.462  -82.621  7.688 0.6999999881
5742  -27.229  -82.880  7.532 0.6999999881
5744  -29.080  -83.081  7.197 0.6999999881
5746  -30.744  -82.917  7.146 0.6999999881
5748  -19.933  -82.981  6.218 0.5000000000
5749  -22.793  -82.766  6.377 0.4000000060
5758  -21.131  -82.946  3.403 0.5000000000
5759  -21.849  -82.666  2.923 0.5000000000
5761  -25.436  -83.520  2.391 0.4000000060
5763  -22.671  -83.270  2.502 0.4000000060
5766  -27.782  -83.305  1.940 0.5000000000
5768  -29.103  -82.669  1.855 0.4000000060
5770  -24.971  -83.741  1.701 0.5000000000
5772  -26.845  -83.551  1.845 0.5000000000
6164  -29.254  -80.894  20.589 0.3000000119
6180  -28.954  -80.998  19.487 0.3000000119
6193  -30.092  -80.931  18.390 0.3000000119
6205  -22.371  -81.522  17.700 0.5000000000
6230  -23.772  -81.645  15.708 0.5000000000
6231  -29.997  -81.159  14.859 0.4000000060
6234  -33.362  -80.873  15.253 0.4000000060
6259  -23.099  -81.925  13.195 0.5000000000
6270  -22.162  -81.038  11.998 0.6000000238
6272  -25.882  -81.145  12.425 0.3000000119
6273  -27.438  -81.777  12.760 0.3000000119
6274  -28.160  -81.869  13.033 0.3000000119
6282  -22.394  -81.772  11.670 0.6999999881
6284  -25.380  -81.231  11.714 0.3000000119
6303  -20.295  -81.538  7.898 0.5000000000
6308  -23.712  -81.614  7.830 0.4000000060
6309  -20.193  -82.074  6.478 0.5000000000
6311  -20.183  -82.415  5.617 0.5000000000
6317  -20.758  -81.836  4.315 0.5000000000
6323  -21.216  -82.082  3.560 0.5000000000
6329  -28.878  -82.467  2.342 0.4000000060
6330  -29.588  -82.468  2.118 0.4000000060
6332  -23.236  -82.446  2.172 0.5000000000
6336  -28.401  -83.125  2.007 0.5000000000
6341  -23.808  -82.995  1.684 0.5000000000
6343  -25.394  -82.836  1.537 0.5000000000
6346  -28.364  -82.865  1.697 0.4000000060
6779  -30.536  -80.131  18.739 0.3000000119
6783  -34.356  -79.589  17.399 0.3000000119
6792  -34.395  -80.182  17.674 0.3000000119
6816  -27.921  -80.009  15.173 0.3000000119
6818  -29.721  -80.678  15.340 0.3000000119
6820  -33.113  -80.137  15.888 0.4000000060
6843  -22.277  -80.304  13.343 0.5000000000
6852  -25.513  -80.384  12.347 0.3000000119
6891  -20.359  -81.364  6.980 0.5000000000
6896  -20.415  -81.611  6.109 0.5000000000
6900  -25.787  -80.586  5.889 0.4000000060
6902  -21.601  -81.194  4.013 0.5000000000
6905  -26.083  -80.850  4.720 0.4000000060
6916  -23.655  -81.268  2.481 0.5000000000
7420  -33.949  -79.207  17.360 0.3000000119
7431  -30.762  -79.415  16.417 0.3000000119
7432  -31.818  -78.978  16.685 0.3000000119
7434  -33.736  -79.190  16.987 0.3000000119
7448  -22.502  -79.021  16.532 0.5000000000
7455  -33.886  -79.699  16.419 0.3000000119
7489  -21.568  -79.386  11.966 0.6000000238
7540  -22.724  -79.355  6.994 0.6000000238
7550  -21.411  -80.260  7.046 0.6000000238
7577  -24.400  -79.607  3.273 0.5000000000
7591  -24.770  -80.015  2.694 0.4000000060
8154  -32.977  -78.563  18.174 0.3000000119
8193  -27.590  -78.374  15.828 0.3000000119
8205  -22.744  -78.328  14.951 0.5000000000
8233  -22.244  -78.191  12.904 0.5000000000
8262  -21.451  -78.798  10.852 0.6000000238
8281  -22.994  -78.414  9.745 0.6000000238
8312  -24.288  -78.217  6.681 0.6000000238
8339  -23.852  -79.189  4.746 0.6000000238
8360  -24.725  -78.903  3.686 0.5000000000
8949  -23.395  -76.257  16.110 0.5000000000
8993  -23.126  -77.568  13.835 0.6000000238
9025  -23.100  -77.600  11.834 0.6999999881
9026  -24.019  -77.393  11.635 0.6999999881
9062  -24.581  -77.406  9.408 0.6000000238
9081  -25.354  -76.724  7.100 0.6000000238
9091  -25.425  -77.165  6.369 0.6000000238
9108  -28.310  -76.470  2.542 0.5000000000
9114  -27.085  -77.509  2.712 0.4000000060
9753  -24.584  -75.896  14.796 0.6000000238
9767  -23.745  -77.010  13.896 0.6999999881
9768  -24.429  -76.411  13.985 0.6000000238
9788  -25.064  -76.340  12.182 0.6999999881
9841  -25.540  -75.747  9.338 0.6000000238
9853  -25.424  -75.942  8.589 0.5000000000
9854  -28.771  -76.141  7.858 0.4000000060
9865  -25.362  -76.304  7.824 0.6000000238
9869  -31.628  -76.117  7.267 0.5000000000
9880  -28.609  -75.882  5.818 0.6000000238
9881  -29.445  -76.445  6.291 0.6000000238
9894  -30.906  -76.605  5.513 0.4000000060
9895  -32.537  -76.278  4.623 0.4000000060
9900  -27.833  -76.163  4.069 0.6000000238
9902  -28.782  -76.313  3.622 0.5000000000
9905  -31.967  -76.318  3.606 0.4000000060
9910  -28.032  -76.294  3.209 0.6000000238
10528  -22.714  -75.414  16.355 0.5000000000
10540  -23.045  -74.886  16.101 0.5000000000
10551  -25.011  -75.230  14.579 0.6000000238
10552  -25.283  -74.626  14.348 0.6000000238
10636  -28.576  -75.182  9.214 0.5000000000
10673  -26.687  -74.747  6.618 0.5000000000
10690  -33.418  -75.537  6.068 0.4000000060
10697  -26.970  -75.266  5.817 0.6000000238
10698  -27.655  -75.473  5.475 0.6000000238
10704  -27.482  -75.963  4.974 0.6999999881
11343  -23.430  -74.395  15.613 0.5000000000
11344  -24.162  -74.476  15.287 0.6000000238
11362  -25.183  -73.940  14.412 0.6000000238
11398  -25.770  -74.698  12.978 0.6000000238
11415  -26.076  -74.399  11.387 0.6000000238
11416  -26.304  -72.915  11.495 0.6000000238
11417  -30.570  -74.004  11.256 0.5000000000
11452  -27.278  -72.982  8.770 0.6000000238
11471  -26.380  -73.566  7.775 0.5000000000
11472  -27.410  -73.735  8.211 0.5000000000
11473  -27.636  -74.638  7.718 0.5000000000
11489  -26.679  -74.097  7.254 0.5000000000
11501  -27.094  -74.615  6.626 0.5000000000
12149  -23.091  -73.858  15.225 0.5000000000
12163  -23.668  -73.474  14.738 0.6000000238
12165  -24.937  -73.217  14.248 0.5000000000
12258  -26.165  -72.990  8.815 0.6000000238
12259  -26.532  -72.685  9.509 0.6000000238
12260  -28.719  -73.841  9.807 0.5000000000
12278  -26.917  -73.139  8.061 0.5000000000
12292  -26.771  -73.452  7.728 0.5000000000
12929  -24.285  -73.031  14.332 0.6000000238
12942  -24.192  -72.441  13.800 0.5000000000
12944  -25.198  -72.711  13.736 0.6000000238
12954  -25.407  -72.217  13.145 0.5000000000
12955  -26.153  -72.280  12.130 0.6000000238
12973  -31.011  -72.885  12.135 0.6000000238
12990  -27.347  -72.007  10.248 0.6000000238
12992  -29.634  -73.021  10.549 0.6000000238
13012  -27.248  -72.527  9.472 0.6000000238
13754  -24.509  -71.579  12.865 0.6000000238
13755  -25.139  -71.497  12.714 0.6000000238
13789  -23.670  -70.950  10.826 0.5000000000
13791  -27.498  -71.243  10.651 0.6000000238
13793  -30.025  -72.058  10.151 0.6000000238
13794  -30.538  -71.722  10.281 0.6000000238
13838  -24.274  -71.847  5.851 0.5000000000
13845  -24.570  -72.124  4.802 0.5000000000
14592  -25.161  -70.834  12.240 0.6000000238
14611  -25.526  -70.347  11.738 0.6000000238
14612  -26.346  -70.151  11.392 0.6999999881
14631  -24.188  -70.421  11.276 0.4000000060
14632  -24.594  -69.951  10.687 0.5000000000
14634  -29.022  -70.648  9.741 0.6000000238
14652  -31.271  -71.045  9.141 0.6000000238
14673  -24.532  -70.595  7.489 0.6000000238
14692  -26.492  -70.712  3.566 0.5000000000
15479  -26.651  -69.723  10.855 0.6000000238
15492  -25.294  -69.602  10.540 0.5000000000
15494  -27.175  -69.538  10.253 0.6999999881
15496  -31.358  -70.427  10.144 0.6000000238
15507  -25.783  -69.458  9.482 0.5000000000
15524  -31.339  -69.928  8.061 0.6000000238
15540  -30.282  -70.291  5.944 0.6000000238
15551  -26.282  -70.524  5.878 0.6000000238
15577  -28.113  -69.012  3.799 0.6000000238
16315  -30.152  -68.308  12.497 0.5000000000
16349  -21.167  -67.996  9.269 0.6000000238
16362  -20.991  -68.293  8.503 0.6000000238
16363  -27.522  -69.479  7.941 0.6000000238
16366  -31.295  -69.055  7.929 0.6000000238
16376  -28.203  -69.878  6.834 0.6000000238
16377  -31.086  -69.545  6.576 0.6000000238
16387  -29.996  -69.439  5.170 0.6999999881
16394  -25.971  -68.407  4.243 0.5000000000
16395  -28.820  -69.033  4.162 0.6000000238
16402  -27.289  -69.153  3.687 0.6000000238
17149  -29.584  -67.357  14.365 0.5000000000
17167  -28.540  -67.287  13.346 0.5000000000
17209  -29.676  -67.174  10.911 0.5000000000
17224  -21.317  -67.835  10.184 0.6000000238
17225  -27.216  -66.901  10.605 0.6000000238
17229  -30.715  -68.180  9.571 0.6999999881
17241  -29.302  -66.615  8.932 0.6999999881
17257  -29.727  -67.378  7.996 0.6000000238
17258  -30.714  -68.067  8.096 0.6000000238
17265  -21.209  -67.830  7.686 0.5000000000
17266  -28.741  -67.330  6.523 0.6999999881
17286  -27.097  -67.767  4.574 0.6000000238
17288  -29.185  -68.773  4.733 0.6999999881
18063  -26.650  -66.436  12.857 0.5000000000
18101  -17.570  -65.528  11.391 0.5000000000
18105  -25.553  -66.301  11.604 0.6000000238
18119  -26.144  -66.759  10.270 0.6000000238
18139  -20.624  -65.896  8.828 0.5000000000
18140  -21.219  -66.108  8.162 0.6000000238
18142  -26.964  -66.606  7.984 0.6000000238
18143  -27.740  -66.606  8.359 0.6000000238
18149  -21.708  -66.147  7.496 0.6000000238
18151  -26.053  -65.818  6.587 0.6999999881
18160  -25.023  -65.852  5.923 0.6999999881
18169  -25.533  -66.715  5.380 0.6999999881
18986  -27.023  -65.229  13.761 0.5000000000
19000  -25.904  -65.337  12.718 0.6999999881
19010  -17.390  -65.058  11.176 0.5000000000
19026  -24.893  -65.740  10.263 0.6999999881
19039  -19.915  -65.316  9.422 0.5000000000
19051  -20.720  -64.943  8.817 0.5000000000
19062  -24.697  -64.821  6.698 0.6000000238
19070  -22.851  -65.197  6.634 0.6000000238
19071  -23.665  -65.099  6.250 0.6000000238
19893  -23.202  -64.950  15.561 0.3000000119
19903  -20.275  -64.583  13.751 0.3000000119
19905  -22.723  -64.844  14.863 0.3000000119
19920  -22.489  -64.056  13.283 0.3000000119
19921  -23.059  -64.392  14.105 0.3000000119
19922  -26.428  -64.789  13.230 0.6000000238
19937  -20.429  -64.331  12.232 0.3000000119
19939  -21.661  -64.038  12.540 0.3000000119
19950  -17.466  -64.217  10.963 0.5000000000
19952  -20.132  -63.864  11.661 0.3000000119
19962  -17.953  -64.327  10.605 0.5000000000
19963  -18.612  -64.468  10.266 0.5000000000
19990  -21.935  -64.237  6.969 0.6000000238
20831  -17.311  -63.442  18.994 0.4000000060
20926  -26.184  -63.525  12.431 0.6000000238
20936  -19.691  -62.845  11.322 0.3000000119
20937  -20.615  -63.278  11.592 0.3000000119
20939  -25.000  -63.501  11.189 0.6000000238
20940  -26.109  -62.919  12.071 0.6000000238
20958  -21.258  -62.955  8.526 0.5000000000
20961  -23.249  -62.460  7.251 0.6000000238
21756  -18.938  -62.386  20.559 0.4000000060
21784  -16.660  -63.258  18.492 0.4000000060
21860  -27.663  -62.232  13.162 0.4000000060
21874  -21.706  -61.367  12.001 0.3000000119
21895  -19.142  -61.811  10.367 0.4000000060
21902  -19.517  -61.829  9.766 0.4000000060
21904  -23.345  -62.191  8.473 0.6000000238
21909  -22.553  -61.932  8.020 0.6000000238
22785  -30.652  -61.578  14.640 0.4000000060
22797  -23.726  -61.246  13.249 0.3000000119
22825  -24.021  -61.475  10.511 0.6000000238
22830  -19.664  -60.940  9.924 0.5000000000
22839  -20.928  -61.326  8.791 0.6000000238
22841  -22.430  -60.952  8.548 0.6000000238
23688  -17.614  -60.368  21.542 0.3000000119
23704  -14.770  -60.650  19.592 0.3000000119
23781  -31.599  -60.415  14.656 0.4000000060
23795  -28.908  -60.872  13.043 0.4000000060
23798  -31.082  -60.074  13.936 0.3000000119
23813  -21.127  -59.847  11.079 0.4000000060
23814  -23.177  -59.417  11.255 0.6000000238
23817  -26.264  -60.235  12.144 0.5000000000
23820  -19.889  -60.229  9.960 0.5000000000
23822  -22.216  -59.526  9.866 0.6999999881
23823  -22.884  -59.996  10.410 0.6000000238
23831  -21.495  -59.808  9.294 0.5000000000
24766  -22.107  -58.748  11.843 0.4000000060
24769  -26.255  -58.384  12.522 0.4000000060
24780  -20.984  -59.562  10.564 0.5000000000
24781  -21.407  -59.151  11.103 0.4000000060
24782  -21.805  -58.677  11.220 0.4000000060
24784  -23.659  -58.779  11.874 0.5000000000
24792  -21.897  -58.941  10.381 0.5000000000
24799  -20.867  -59.491  10.164 0.5000000000
24800  -21.359  -59.343  9.922 0.5000000000
25690  -22.705  -58.715  11.939 0.4000000060
25691  -23.494  -58.726  12.390 0.4000000060
25707  -24.256  -58.478  12.315 0.5000000000
126424  -32.859  -75.715  6.757 0.4000000060
128503  -29.025  -66.432  9.591 0.5000000000
128684  -30.211  -70.407  8.440 0.5000000000
129189  -23.255  -84.901  9.864 0.6000000238
129605  -28.388  -81.475  13.688 0.3000000119
131651  -30.470  -71.102  11.989 0.6000000238
131818  -29.648  -66.832  9.445 0.6000000238
131910  -27.861  -84.825  12.418 0.4000000060
132230  -25.889  -75.054  12.040 0.6000000238
132526  -27.742  -77.808  16.168 0.3000000119
132593  -25.701  -65.808  8.112 0.6000000238
132912  -24.039  -64.009  7.419 0.6000000238
132998  -24.893  -65.558  9.281 0.6000000238
133343  -34.573  -83.626  11.477 0.5000000000
133412  -26.032  -61.298  11.761 0.5000000000
134113  -29.240  -70.041  4.753 0.6999999881
134273  -30.669  -59.696  13.373 0.3000000119
134736  -23.127  -85.192  6.056 0.5000000000
135553  -24.387  -76.914  12.228 0.6999999881
135687  -23.453  -78.541  7.739 0.6000000238
136124  -19.949  -61.116  10.541 0.5000000000
136155  -29.146  -76.274  2.769 0.5000000000
138152  -24.053  -86.605  14.656 0.4000000060
138476  -28.685  -84.461  7.996 0.6999999881
138575  -28.984  -82.427  10.672 0.5000000000
138655  -19.536  -62.884  9.593 0.4000000060
138753  -23.605  -81.740  16.684 0.5000000000
138883  -25.573  -75.759  11.830 0.6999999881
138990  -25.766  -84.063  2.058 0.5000000000
139069  -31.655  -75.512  2.528 0.4000000060
139147  -25.121  -83.467  14.426 0.5000000000
139288  -26.312  -83.746  6.416 0.6000000238
139723  -21.202  -80.040  9.882 0.6000000238
139863  -24.486  -85.337  15.831 0.5000000000
140148  -29.299  -70.297  9.320 0.6000000238
140159  -27.497  -70.626  10.710 0.6000000238
140495  -27.015  -82.419  9.856 0.4000000060
140886  -37.709  -83.995  8.911 0.5000000000
141434  -23.873  -81.448  6.108 0.4000000060
141975  -20.035  -83.036  5.603 0.5000000000
141995  -34.741  -80.125  16.694 0.3000000119
142124  -23.038  -81.573  17.295 0.5000000000
142371  -26.715  -84.471  13.236 0.4000000060
142393  -21.288  -79.543  9.738 0.6000000238
142616  -20.163  -82.213  7.353 0.5000000000
143471  -26.201  -73.547  10.844 0.5000000000
143483  -34.717  -80.795  17.244 0.3000000119
143522  -30.256  -76.346  2.920 0.4000000060
143537  -17.166  -63.085  15.278 0.4000000060
143813  -27.322  -80.762  13.965 0.3000000119
143865  -28.485  -85.108  12.319 0.4000000060
144171  -23.184  -83.788  2.611 0.4000000060
144614  -34.139  -79.618  18.008 0.3000000119
144761  -20.237  -84.294  6.070 0.5000000000
144917  -17.887  -63.291  14.366 0.4000000060
145980  -24.616  -82.831  15.648 0.5000000000
146046  -26.196  -66.546  9.360 0.6000000238
146404  -20.070  -64.719  17.357 0.3000000119
146932  -23.688  -72.408  13.429 0.4000000060
147043  -25.854  -72.464  12.767 0.6000000238
147318  -26.790  -85.070  6.279 0.6999999881
147370  -22.997  -82.854  7.125 0.4000000060
147411  -25.557  -67.618  4.871 0.5000000000
148448  -23.811  -82.352  16.879 0.5000000000
148746  -22.369  -80.254  14.164 0.5000000000
148785  -21.169  -79.891  8.752 0.6000000238
148952  -20.471  -60.382  10.650 0.4000000060
149431  -21.847  -60.343  8.769 0.6000000238
149509  -24.617  -76.552  12.653 0.6999999881
149589  -29.547  -61.454  13.696 0.4000000060
149829  -27.868  -67.121  11.958 0.5000000000
149961  -24.454  -77.451  10.105 0.6000000238
150417  -25.050  -83.563  13.589 0.5000000000
150679  -23.367  -82.323  7.710 0.4000000060
150734  -24.512  -86.980  14.292 0.5000000000
150746  -17.219  -65.409  11.466 0.5000000000
150753  -34.075  -83.415  9.654 0.5000000000
150775  -28.487  -61.342  13.103 0.4000000060
152038  -29.962  -80.105  20.889 0.3000000119
152065  -28.356  -83.919  6.679 0.6999999881
152188  -26.019  -66.047  12.717 0.6000000238
152222  -33.950  -83.373  12.616 0.5000000000
