#!ascii label  , from subject sub-v1s9x0051329_ses-1 vox2ras=TkReg
722
9606  -42.994  -76.682  25.171 0.0000000000
7469  -44.472  -80.037  14.590 0.0000000000
11286  -41.443  -74.205  20.089 0.0000000000
6169  -45.656  -81.443  20.212 0.0000000000
146889  -45.420  -73.768  14.963 0.0000000000
142032  -49.666  -72.504  21.485 0.0000000000
16162  -42.033  -68.389  24.548 0.0000000000
23652  -42.216  -60.760  25.350 0.0000000000
13695  -40.567  -71.339  18.132 0.0000000000
11326  -42.511  -74.383  16.994 0.0000000000
135180  -42.527  -70.819  15.408 0.0000000000
136735  -45.679  -69.529  23.551 0.0000000000
17015  -45.939  -67.295  24.998 0.0000000000
26396  -38.533  -57.118  26.036 0.0000000000
130474  -39.714  -59.838  23.071 0.0000000000
131232  -39.933  -80.097  24.623 0.0000000000
6807  -45.501  -80.836  16.805 0.0000000000
134137  -41.487  -82.468  19.258 0.0000000000
136315  -41.778  -79.408  18.162 0.0000000000
9648  -43.545  -75.841  22.290 0.0000000000
7365  -42.291  -79.140  22.296 0.0000000000
8942  -46.099  -78.126  17.485 0.0000000000
8985  -47.639  -77.011  15.521 0.0000000000
12850  -45.434  -72.789  21.541 0.0000000000
14508  -41.669  -71.022  21.770 0.0000000000
133601  -39.555  -68.340  21.643 0.0000000000
20771  -45.616  -63.237  24.483 0.0000000000
19767  -41.860  -64.694  25.421 0.0000000000
19816  -39.470  -64.285  22.911 0.0000000000
19829  -41.303  -64.699  20.305 0.0000000000
6149  -40.784  -82.751  21.715 0.0000000000
10661  -47.581  -75.076  8.770 0.0000000000
7505  -42.978  -79.196  10.491 0.0000000000
9744  -39.237  -76.646  15.092 0.0000000000
15414  -39.785  -69.216  17.824 0.0000000000
14534  -41.153  -70.977  16.798 0.0000000000
8059  -41.516  -78.756  25.265 0.0000000000
143970  -45.115  -80.562  15.875 0.0000000000
6793  -43.163  -80.809  17.508 0.0000000000
7436  -43.104  -79.742  16.469 0.0000000000
150840  -41.373  -78.191  17.979 0.0000000000
8195  -42.723  -78.751  15.189 0.0000000000
141714  -42.201  -74.944  21.013 0.0000000000
9692  -41.984  -76.534  19.481 0.0000000000
11337  -43.841  -74.394  16.099 0.0000000000
9731  -44.016  -76.246  16.593 0.0000000000
10535  -46.035  -75.973  16.217 0.0000000000
8959  -47.786  -77.592  16.620 0.0000000000
148041  -47.513  -75.873  15.609 0.0000000000
11247  -46.946  -74.306  22.101 0.0000000000
142209  -47.094  -72.822  21.520 0.0000000000
16190  -44.399  -69.129  24.100 0.0000000000
14493  -43.925  -70.704  22.667 0.0000000000
15363  -41.980  -69.495  23.436 0.0000000000
15391  -40.311  -69.792  21.712 0.0000000000
148456  -40.080  -68.204  23.204 0.0000000000
22673  -44.129  -61.904  25.110 0.0000000000
20752  -43.599  -63.841  25.042 0.0000000000
20769  -42.384  -62.678  24.845 0.0000000000
129087  -39.070  -59.835  21.784 0.0000000000
21731  -39.411  -62.169  23.082 0.0000000000
20804  -39.447  -63.013  22.053 0.0000000000
19822  -40.171  -64.435  21.638 0.0000000000
151194  -43.436  -80.660  21.666 0.0000000000
6739  -41.442  -80.640  22.054 0.0000000000
6151  -42.911  -82.373  21.576 0.0000000000
5590  -40.153  -82.697  19.690 0.0000000000
12267  -47.214  -73.867  9.200 0.0000000000
9844  -45.467  -77.935  8.968 0.0000000000
9776  -40.845  -77.216  13.198 0.0000000000
12877  -40.958  -72.713  19.371 0.0000000000
11315  -41.367  -74.348  18.230 0.0000000000
12889  -41.789  -73.075  17.295 0.0000000000
12914  -42.715  -72.270  15.859 0.0000000000
12916  -44.104  -72.859  15.227 0.0000000000
14497  -47.672  -70.801  22.615 0.0000000000
147613  -45.515  -68.605  24.409 0.0000000000
17014  -44.505  -68.022  25.018 0.0000000000
24597  -39.853  -59.155  26.085 0.0000000000
23664  -41.171  -60.247  24.334 0.0000000000
132904  -39.513  -58.212  24.744 0.0000000000
25561  -39.505  -58.051  23.071 0.0000000000
149739  -39.501  -57.748  21.683 0.0000000000
6199  -46.041  -81.507  18.878 0.0000000000
5007  -43.649  -83.041  19.820 0.0000000000
5608  -43.799  -82.089  18.418 0.0000000000
6773  -41.579  -80.665  18.674 0.0000000000
7400  -40.181  -79.503  19.733 0.0000000000
8908  -39.468  -77.640  19.678 0.0000000000
9691  -39.184  -76.723  19.118 0.0000000000
9719  -38.943  -75.947  17.629 0.0000000000
10435  -43.125  -75.650  23.969 0.0000000000
8863  -41.583  -77.466  23.752 0.0000000000
8115  -43.378  -78.853  21.415 0.0000000000
7388  -44.140  -79.851  20.208 0.0000000000
8941  -42.856  -77.116  18.056 0.0000000000
8168  -44.401  -78.551  17.949 0.0000000000
7413  -46.578  -80.007  18.724 0.0000000000
7423  -46.876  -79.868  17.770 0.0000000000
7460  -46.849  -79.443  16.532 0.0000000000
8211  -45.907  -78.051  14.782 0.0000000000
10445  -44.857  -74.746  23.260 0.0000000000
132438  -44.958  -74.472  21.827 0.0000000000
12079  -43.270  -73.489  21.281 0.0000000000
13635  -45.419  -71.293  22.358 0.0000000000
13655  -43.993  -72.067  21.884 0.0000000000
12867  -41.944  -72.690  20.796 0.0000000000
13675  -40.655  -71.349  20.187 0.0000000000
15398  -39.477  -69.244  19.526 0.0000000000
17066  -39.566  -67.702  19.519 0.0000000000
145314  -45.414  -64.789  24.908 0.0000000000
18839  -44.234  -65.668  25.465 0.0000000000
17898  -41.596  -66.517  25.357 0.0000000000
129660  -40.661  -62.546  24.405 0.0000000000
19783  -40.389  -64.515  24.790 0.0000000000
131360  -40.216  -66.986  24.164 0.0000000000
132036  -39.652  -66.680  22.171 0.0000000000
17950  -40.353  -66.015  21.088 0.0000000000
7347  -40.188  -79.166  23.489 0.0000000000
126159  -39.458  -80.976  22.688 0.0000000000
4992  -42.292  -83.753  20.580 0.0000000000
4980  -40.242  -84.310  21.237 0.0000000000
10579  -48.051  -75.123  13.608 0.0000000000
9778  -46.433  -76.629  13.448 0.0000000000
140373  -45.176  -78.339  12.556 0.0000000000
9054  -45.698  -78.221  9.664 0.0000000000
141000  -43.735  -79.608  12.189 0.0000000000
8224  -41.868  -78.743  13.084 0.0000000000
9745  -39.959  -76.903  15.423 0.0000000000
134837  -40.353  -68.014  17.258 0.0000000000
15424  -40.587  -69.563  16.791 0.0000000000
145766  -42.249  -78.362  25.427 0.0000000000
8833  -41.790  -77.845  24.972 0.0000000000
7458  -44.603  -80.340  15.358 0.0000000000
7457  -44.395  -80.469  15.792 0.0000000000
7468  -43.969  -80.115  14.677 0.0000000000
7456  -43.299  -79.551  15.680 0.0000000000
139330  -43.867  -79.882  13.717 0.0000000000
131141  -41.668  -74.949  20.516 0.0000000000
146648  -41.610  -75.543  20.207 0.0000000000
132399  -41.385  -74.974  19.734 0.0000000000
11353  -44.552  -74.370  15.651 0.0000000000
10546  -45.366  -75.098  15.761 0.0000000000
141697  -46.124  -74.798  15.442 0.0000000000
10547  -46.610  -75.466  15.780 0.0000000000
11355  -46.987  -74.989  15.319 0.0000000000
147327  -50.296  -72.998  21.382 0.0000000000
12853  -48.749  -72.928  21.460 0.0000000000
12084  -48.202  -73.660  21.571 0.0000000000
16163  -43.044  -68.551  24.653 0.0000000000
15364  -42.959  -69.662  23.575 0.0000000000
16188  -42.511  -69.031  24.045 0.0000000000
15362  -41.039  -69.227  23.244 0.0000000000
16161  -41.056  -68.197  24.319 0.0000000000
24585  -40.956  -60.146  26.479 0.0000000000
23616  -41.663  -60.527  27.243 0.0000000000
23636  -42.352  -60.878  26.383 0.0000000000
149751  -43.461  -61.343  26.282 0.0000000000
22672  -43.293  -61.634  25.132 0.0000000000
21719  -43.450  -62.282  24.758 0.0000000000
22660  -42.520  -61.210  24.988 0.0000000000
139048  -39.115  -60.104  21.155 0.0000000000
23691  -39.005  -60.648  21.560 0.0000000000
21759  -39.594  -62.407  21.233 0.0000000000
23700  -39.918  -60.829  20.391 0.0000000000
6756  -44.720  -81.199  21.150 0.0000000000
6152  -43.866  -82.047  21.583 0.0000000000
5562  -44.476  -82.410  21.208 0.0000000000
9814  -44.314  -77.057  10.369 0.0000000000
9777  -42.321  -77.596  12.161 0.0000000000
141833  -43.058  -76.623  12.410 0.0000000000
12879  -40.675  -72.002  18.879 0.0000000000
12880  -40.970  -72.793  18.590 0.0000000000
12887  -40.960  -72.180  17.979 0.0000000000
13709  -41.779  -71.088  16.098 0.0000000000
13704  -42.079  -71.949  16.375 0.0000000000
13710  -42.410  -71.572  15.796 0.0000000000
12915  -43.374  -72.348  15.424 0.0000000000
13711  -43.044  -71.645  15.368 0.0000000000
140066  -45.347  -68.062  24.857 0.0000000000
17001  -45.015  -67.307  25.209 0.0000000000
25521  -39.193  -58.544  26.618 0.0000000000
25534  -39.322  -58.406  25.724 0.0000000000
150982  -39.813  -58.890  25.241 0.0000000000
26397  -38.876  -57.635  25.414 0.0000000000
25576  -39.417  -57.909  22.203 0.0000000000
6100  -39.310  -81.337  24.571 0.0000000000
6796  -45.765  -80.997  17.331 0.0000000000
6198  -45.311  -81.723  18.321 0.0000000000
6210  -44.463  -81.325  17.415 0.0000000000
7410  -42.527  -80.331  17.720 0.0000000000
6784  -42.442  -80.782  18.117 0.0000000000
7409  -42.015  -80.089  18.213 0.0000000000
7408  -41.360  -79.653  18.634 0.0000000000
8142  -39.960  -78.572  19.718 0.0000000000
8940  -41.597  -77.889  17.284 0.0000000000
8924  -40.414  -77.230  18.364 0.0000000000
9705  -40.470  -76.734  17.487 0.0000000000
9703  -38.765  -76.077  18.536 0.0000000000
9634  -43.359  -75.690  23.103 0.0000000000
9633  -42.667  -76.163  23.616 0.0000000000
136172  -43.905  -79.734  21.074 0.0000000000
8145  -43.466  -79.077  19.757 0.0000000000
11325  -41.842  -74.394  17.540 0.0000000000
10511  -41.872  -75.657  18.201 0.0000000000
9722  -42.551  -76.133  17.708 0.0000000000
8955  -44.335  -77.198  16.873 0.0000000000
8169  -45.636  -78.739  17.907 0.0000000000
7411  -45.114  -79.273  18.506 0.0000000000
8158  -46.346  -79.447  18.371 0.0000000000
8159  -46.867  -79.582  18.084 0.0000000000
130819  -47.754  -77.352  16.277 0.0000000000
8197  -47.416  -78.486  16.413 0.0000000000
8212  -47.120  -77.912  15.654 0.0000000000
8196  -46.305  -79.098  15.589 0.0000000000
8984  -46.814  -77.121  14.683 0.0000000000
12082  -45.912  -73.450  21.510 0.0000000000
11246  -45.531  -74.446  22.039 0.0000000000
12081  -45.042  -73.531  21.477 0.0000000000
139873  -43.778  -74.133  21.376 0.0000000000
12080  -44.159  -73.507  21.411 0.0000000000
15383  -47.180  -70.121  23.058 0.0000000000
14496  -46.782  -70.786  22.625 0.0000000000
141450  -46.045  -70.831  22.599 0.0000000000
134990  -43.131  -70.635  22.596 0.0000000000
13633  -43.350  -71.299  22.177 0.0000000000
126433  -43.073  -72.038  21.643 0.0000000000
144630  -41.717  -71.510  21.320 0.0000000000
13676  -41.404  -71.877  20.651 0.0000000000
13653  -40.999  -71.063  21.066 0.0000000000
15390  -39.681  -69.130  21.280 0.0000000000
15393  -39.944  -69.870  20.850 0.0000000000
134861  -39.536  -69.204  20.416 0.0000000000
16221  -39.417  -68.414  19.946 0.0000000000
127530  -45.903  -64.043  24.538 0.0000000000
19768  -42.768  -64.172  25.309 0.0000000000
134644  -43.974  -64.992  25.395 0.0000000000
18837  -42.709  -64.930  25.529 0.0000000000
17899  -42.701  -66.457  25.554 0.0000000000
130854  -42.211  -65.631  25.563 0.0000000000
23674  -40.345  -60.061  23.768 0.0000000000
22671  -41.370  -60.961  24.203 0.0000000000
21717  -40.608  -61.609  24.013 0.0000000000
20784  -39.469  -63.827  23.563 0.0000000000
129132  -39.788  -64.151  24.282 0.0000000000
19782  -39.828  -64.902  24.438 0.0000000000
17913  -40.165  -66.256  24.574 0.0000000000
17934  -39.745  -66.361  23.807 0.0000000000
17034  -39.813  -67.103  23.425 0.0000000000
18869  -39.554  -65.710  23.372 0.0000000000
19828  -40.730  -64.629  20.882 0.0000000000
18890  -40.409  -65.333  21.350 0.0000000000
18896  -40.847  -65.479  20.579 0.0000000000
17957  -40.395  -66.308  20.420 0.0000000000
8080  -41.133  -78.135  23.474 0.0000000000
8850  -40.951  -78.018  23.992 0.0000000000
8095  -40.749  -78.914  23.073 0.0000000000
6127  -41.094  -81.646  21.895 0.0000000000
6738  -40.298  -80.600  22.450 0.0000000000
6126  -40.017  -81.758  22.226 0.0000000000
129402  -39.078  -81.829  22.672 0.0000000000
5539  -39.678  -82.951  21.982 0.0000000000
5593  -43.079  -82.675  19.052 0.0000000000
4993  -43.193  -83.418  20.613 0.0000000000
5592  -42.135  -83.007  19.379 0.0000000000
5574  -38.596  -83.273  20.222 0.0000000000
5004  -39.902  -83.731  20.014 0.0000000000
146426  -47.657  -74.115  13.893 0.0000000000
12183  -48.094  -73.902  13.277 0.0000000000
9797  -46.513  -76.658  12.088 0.0000000000
9018  -45.830  -77.456  12.291 0.0000000000
9039  -46.186  -77.590  10.828 0.0000000000
9053  -44.619  -78.476  9.411 0.0000000000
8291  -45.177  -78.458  9.311 0.0000000000
8275  -44.339  -79.025  9.617 0.0000000000
7494  -44.009  -79.491  11.351 0.0000000000
7493  -43.408  -79.509  11.323 0.0000000000
128050  -42.929  -79.458  12.059 0.0000000000
136265  -42.240  -79.063  12.420 0.0000000000
8982  -40.146  -77.542  13.973 0.0000000000
8967  -40.368  -77.413  14.787 0.0000000000
9730  -39.393  -76.526  16.033 0.0000000000
14523  -39.824  -69.957  18.192 0.0000000000
145884  -40.746  -70.970  17.427 0.0000000000
14540  -40.658  -70.362  17.062 0.0000000000
14541  -41.200  -70.179  16.265 0.0000000000
14549  -41.850  -70.331  15.694 0.0000000000
26410  -38.540  -56.810  25.233 0.0000000000
28303  -38.660  -55.182  24.780 0.0000000000
7337  -40.275  -79.396  24.605 0.0000000000
6825  -45.726  -80.635  16.409 0.0000000000
6795  -44.873  -81.057  16.960 0.0000000000
6806  -44.310  -80.717  16.527 0.0000000000
6805  -43.564  -80.490  16.807 0.0000000000
7421  -42.265  -79.665  17.681 0.0000000000
8166  -41.881  -78.783  17.680 0.0000000000
8167  -42.514  -79.192  17.031 0.0000000000
8181  -42.653  -78.678  16.192 0.0000000000
8954  -42.213  -78.106  15.566 0.0000000000
10471  -43.665  -75.553  21.841 0.0000000000
128721  -42.933  -76.238  21.495 0.0000000000
9683  -42.214  -76.908  20.208 0.0000000000
8910  -42.489  -77.538  19.680 0.0000000000
11336  -43.190  -74.393  16.535 0.0000000000
10524  -43.067  -75.745  16.989 0.0000000000
10534  -43.709  -75.177  16.475 0.0000000000
9732  -45.340  -76.725  16.584 0.0000000000
8957  -46.441  -77.471  17.074 0.0000000000
8958  -47.310  -77.570  17.066 0.0000000000
9734  -47.479  -76.961  16.524 0.0000000000
9735  -47.716  -76.809  16.198 0.0000000000
9746  -47.667  -76.548  15.681 0.0000000000
12083  -47.314  -73.511  21.555 0.0000000000
12851  -46.276  -72.766  21.544 0.0000000000
15366  -44.807  -69.591  23.584 0.0000000000
14479  -45.227  -70.109  23.154 0.0000000000
15365  -43.915  -69.654  23.609 0.0000000000
14477  -43.452  -70.206  23.119 0.0000000000
14492  -42.422  -70.221  22.921 0.0000000000
14490  -40.959  -70.513  21.749 0.0000000000
15381  -41.416  -69.871  22.828 0.0000000000
15380  -40.597  -69.482  22.523 0.0000000000
16207  -39.708  -68.134  22.516 0.0000000000
22662  -44.562  -61.853  25.654 0.0000000000
21720  -44.432  -62.464  24.741 0.0000000000
20770  -44.773  -63.121  24.571 0.0000000000
138905  -43.938  -63.064  24.713 0.0000000000
20751  -43.009  -63.260  24.998 0.0000000000
20750  -42.082  -63.649  25.217 0.0000000000
132359  -39.335  -59.610  22.422 0.0000000000
22683  -39.913  -61.478  23.457 0.0000000000
22682  -39.353  -61.339  22.743 0.0000000000
21746  -39.360  -62.749  22.680 0.0000000000
150102  -39.734  -64.598  22.329 0.0000000000
20805  -39.877  -63.449  21.438 0.0000000000
20811  -40.445  -63.898  21.003 0.0000000000
20812  -41.006  -63.896  20.464 0.0000000000
6740  -42.880  -80.122  21.879 0.0000000000
133212  -41.888  -79.846  22.167 0.0000000000
136800  -42.340  -80.649  21.847 0.0000000000
6753  -42.171  -81.546  21.743 0.0000000000
6150  -41.882  -82.620  21.624 0.0000000000
140958  -40.906  -82.830  19.487 0.0000000000
11442  -46.562  -74.517  9.376 0.0000000000
11461  -46.594  -75.667  8.744 0.0000000000
10643  -46.506  -76.457  8.532 0.0000000000
9833  -45.499  -77.281  8.869 0.0000000000
9037  -43.912  -78.085  9.761 0.0000000000
9036  -43.058  -78.329  10.454 0.0000000000
8236  -41.585  -78.449  12.456 0.0000000000
8997  -41.418  -77.830  12.578 0.0000000000
130592  -39.800  -76.952  13.868 0.0000000000
12111  -41.261  -73.431  19.698 0.0000000000
11300  -41.136  -74.174  19.141 0.0000000000
12127  -41.170  -73.562  18.439 0.0000000000
12134  -41.526  -73.683  17.714 0.0000000000
12135  -42.149  -73.667  17.123 0.0000000000
13703  -41.536  -71.589  16.743 0.0000000000
12901  -42.354  -72.861  16.608 0.0000000000
12143  -42.804  -73.703  16.548 0.0000000000
12144  -43.400  -73.843  16.173 0.0000000000
12153  -43.919  -73.716  15.679 0.0000000000
12154  -44.712  -73.682  15.263 0.0000000000
13638  -48.188  -71.445  22.122 0.0000000000
147800  -46.687  -69.408  23.596 0.0000000000
16192  -46.668  -68.796  24.158 0.0000000000
142502  -45.986  -68.954  24.046 0.0000000000
16165  -44.844  -68.597  24.507 0.0000000000
16164  -43.996  -68.602  24.618 0.0000000000
17012  -42.608  -67.870  25.092 0.0000000000
24584  -40.296  -59.662  26.825 0.0000000000
24599  -41.107  -59.937  25.455 0.0000000000
23651  -41.633  -60.222  24.987 0.0000000000
24598  -40.469  -59.438  25.152 0.0000000000
25535  -40.009  -59.042  24.522 0.0000000000
24626  -39.980  -59.366  23.770 0.0000000000
26411  -38.928  -57.260  24.478 0.0000000000
144975  -39.483  -57.810  23.956 0.0000000000
135207  -39.555  -59.027  23.028 0.0000000000
24637  -39.293  -58.872  22.170 0.0000000000
25587  -39.431  -58.306  21.545 0.0000000000
25595  -39.727  -58.409  20.810 0.0000000000
5596  -45.781  -81.707  19.738 0.0000000000
5577  -45.014  -82.400  20.580 0.0000000000
5610  -45.376  -82.058  19.208 0.0000000000
146512  -43.945  -82.552  19.077 0.0000000000
6196  -43.024  -81.881  18.406 0.0000000000
6183  -41.521  -81.627  18.977 0.0000000000
140977  -40.175  -80.482  19.769 0.0000000000
140942  -40.872  -78.088  18.496 0.0000000000
8923  -39.837  -77.158  18.914 0.0000000000
9681  -38.001  -76.554  20.072 0.0000000000
9690  -38.407  -76.321  19.357 0.0000000000
10494  -37.960  -75.768  18.858 0.0000000000
9607  -43.425  -75.924  24.774 0.0000000000
8852  -42.233  -77.081  24.695 0.0000000000
9617  -42.029  -76.783  24.005 0.0000000000
8864  -42.297  -76.914  23.285 0.0000000000
8097  -42.488  -78.372  22.378 0.0000000000
8098  -43.050  -78.579  21.946 0.0000000000
7366  -42.999  -79.310  21.967 0.0000000000
7378  -43.422  -79.547  21.557 0.0000000000
7389  -44.758  -80.590  20.619 0.0000000000
6774  -45.636  -80.850  20.007 0.0000000000
10510  -41.423  -75.145  18.807 0.0000000000
9707  -42.186  -76.404  18.550 0.0000000000
9723  -43.352  -76.688  17.194 0.0000000000
8927  -43.496  -78.020  18.056 0.0000000000
7402  -44.534  -79.641  19.307 0.0000000000
7403  -45.253  -80.292  19.755 0.0000000000
7404  -46.151  -80.422  19.318 0.0000000000
6776  -46.584  -80.467  18.972 0.0000000000
6797  -46.526  -80.653  17.898 0.0000000000
6808  -46.361  -80.461  17.136 0.0000000000
8944  -47.858  -78.238  17.038 0.0000000000
7439  -46.985  -79.590  17.161 0.0000000000
7438  -46.428  -80.191  16.621 0.0000000000
7459  -45.930  -80.256  15.862 0.0000000000
128236  -45.281  -79.867  15.060 0.0000000000
7470  -44.666  -79.640  14.162 0.0000000000
10429  -44.449  -75.719  25.012 0.0000000000
126172  -44.304  -75.122  23.646 0.0000000000
10456  -44.162  -75.241  22.645 0.0000000000
11234  -46.226  -74.484  22.668 0.0000000000
11233  -44.883  -74.695  22.307 0.0000000000
11267  -44.422  -74.905  21.821 0.0000000000
11266  -43.820  -74.825  21.526 0.0000000000
11265  -42.889  -74.379  21.208 0.0000000000
12078  -42.396  -73.487  20.946 0.0000000000
13637  -47.270  -71.476  22.183 0.0000000000
13658  -46.777  -72.135  21.783 0.0000000000
13657  -45.864  -72.087  21.855 0.0000000000
14494  -44.810  -70.675  22.719 0.0000000000
13634  -44.404  -71.362  22.327 0.0000000000
12849  -44.546  -72.790  21.532 0.0000000000
12848  -43.643  -72.751  21.467 0.0000000000
12847  -42.740  -72.720  21.245 0.0000000000
12093  -41.706  -73.461  20.432 0.0000000000
12866  -41.381  -72.680  20.152 0.0000000000
13683  -40.893  -72.020  19.794 0.0000000000
14518  -40.101  -70.826  19.520 0.0000000000
144529  -40.481  -70.386  21.182 0.0000000000
14514  -39.713  -70.010  19.990 0.0000000000
14517  -39.658  -70.046  19.067 0.0000000000
15406  -39.562  -69.250  18.628 0.0000000000
16238  -39.664  -68.500  18.219 0.0000000000
19786  -44.977  -63.978  24.662 0.0000000000
18840  -45.042  -65.621  25.238 0.0000000000
17901  -44.615  -66.498  25.408 0.0000000000
17900  -43.702  -66.481  25.548 0.0000000000
16999  -43.175  -67.254  25.417 0.0000000000
17011  -41.562  -67.541  24.921 0.0000000000
126648  -41.972  -61.329  24.558 0.0000000000
21718  -41.726  -62.167  24.586 0.0000000000
20768  -41.399  -63.121  24.855 0.0000000000
21716  -39.918  -62.355  23.774 0.0000000000
20767  -40.492  -63.612  24.638 0.0000000000
19766  -40.955  -64.860  25.206 0.0000000000
18836  -41.229  -65.575  25.365 0.0000000000
17914  -40.775  -66.864  24.852 0.0000000000
17010  -40.736  -67.510  24.462 0.0000000000
139325  -40.280  -67.785  23.799 0.0000000000
16185  -39.824  -67.709  23.129 0.0000000000
17054  -39.507  -67.509  21.880 0.0000000000
18889  -39.933  -65.226  22.088 0.0000000000
17949  -39.933  -66.010  21.753 0.0000000000
151267  -39.508  -67.744  21.166 0.0000000000
17965  -39.859  -67.022  20.033 0.0000000000
17067  -40.039  -67.128  19.140 0.0000000000
8072  -41.110  -78.211  24.585 0.0000000000
8071  -40.519  -78.630  24.242 0.0000000000
7336  -39.712  -79.779  24.098 0.0000000000
7364  -40.908  -79.720  22.499 0.0000000000
6737  -39.532  -80.266  22.990 0.0000000000
6726  -39.324  -80.329  23.646 0.0000000000
6109  -38.621  -81.715  23.387 0.0000000000
5576  -44.153  -82.953  20.629 0.0000000000
4983  -42.691  -83.557  21.076 0.0000000000
5559  -41.478  -83.498  21.396 0.0000000000
140818  -40.869  -83.622  19.891 0.0000000000
4981  -41.068  -84.102  21.201 0.0000000000
5558  -40.564  -83.761  21.521 0.0000000000
15435  -42.198  -68.955  15.241 0.0000000000
12930  -43.837  -71.859  14.831 0.0000000000
12931  -44.650  -72.337  14.539 0.0000000000
12932  -45.494  -72.676  14.222 0.0000000000
12167  -45.873  -73.478  14.521 0.0000000000
11371  -47.123  -74.602  14.803 0.0000000000
10562  -47.822  -75.173  14.385 0.0000000000
125898  -47.671  -75.606  14.426 0.0000000000
10580  -48.303  -74.948  12.542 0.0000000000
9779  -47.673  -75.580  13.751 0.0000000000
8999  -45.747  -77.536  13.726 0.0000000000
8998  -45.303  -78.442  13.757 0.0000000000
8225  -44.658  -79.141  13.138 0.0000000000
9846  -46.568  -77.013  8.738 0.0000000000
9055  -46.551  -77.326  9.577 0.0000000000
9038  -45.424  -78.378  11.017 0.0000000000
8257  -44.598  -79.055  11.439 0.0000000000
7481  -44.146  -79.713  13.276 0.0000000000
7479  -43.034  -79.502  13.370 0.0000000000
8210  -42.347  -78.898  14.082 0.0000000000
8968  -41.375  -77.693  15.250 0.0000000000
8983  -40.782  -77.952  14.235 0.0000000000
8952  -40.888  -77.167  15.871 0.0000000000
9720  -39.735  -76.230  17.113 0.0000000000
4982  -41.911  -83.800  21.120 0.0000000000
4990  -40.525  -84.143  20.608 0.0000000000
4991  -41.440  -84.045  20.583 0.0000000000
5005  -41.819  -83.635  19.956 0.0000000000
5006  -42.706  -83.382  19.888 0.0000000000
5560  -42.446  -83.251  21.359 0.0000000000
5561  -43.484  -83.022  21.289 0.0000000000
5575  -39.327  -83.032  20.003 0.0000000000
5578  -45.516  -81.970  20.376 0.0000000000
5591  -41.429  -83.195  19.544 0.0000000000
5594  -44.646  -82.581  19.723 0.0000000000
5595  -45.386  -82.220  19.997 0.0000000000
5609  -44.591  -82.155  18.706 0.0000000000
6099  -38.836  -81.045  23.924 0.0000000000
6110  -38.995  -80.913  23.153 0.0000000000
6153  -44.519  -81.752  21.367 0.0000000000
6168  -45.151  -81.818  20.886 0.0000000000
6184  -42.247  -82.202  18.884 0.0000000000
6195  -42.282  -81.432  18.474 0.0000000000
6197  -44.495  -81.706  17.941 0.0000000000
6200  -46.512  -80.849  18.629 0.0000000000
6211  -45.168  -81.415  17.562 0.0000000000
6212  -46.041  -81.315  18.019 0.0000000000
6719  -39.442  -80.519  24.272 0.0000000000
6741  -43.481  -80.212  21.631 0.0000000000
6754  -43.157  -81.228  21.701 0.0000000000
6755  -44.000  -81.097  21.589 0.0000000000
6764  -45.269  -81.228  20.618 0.0000000000
6775  -46.250  -81.022  19.464 0.0000000000
6824  -44.959  -80.778  16.369 0.0000000000
7325  -40.959  -79.517  25.268 0.0000000000
7346  -39.781  -79.679  23.526 0.0000000000
7363  -40.140  -79.647  22.963 0.0000000000
7379  -44.077  -80.437  21.307 0.0000000000
7387  -39.592  -79.955  20.231 0.0000000000
7412  -45.846  -79.877  19.053 0.0000000000
7414  -46.729  -80.185  18.418 0.0000000000
7422  -42.826  -80.082  17.157 0.0000000000
7437  -43.786  -80.321  16.090 0.0000000000
7467  -43.288  -79.566  14.703 0.0000000000
7480  -43.588  -79.626  12.894 0.0000000000
7492  -42.835  -79.275  11.068 0.0000000000
7506  -43.237  -79.365  10.662 0.0000000000
7507  -43.685  -79.447  10.703 0.0000000000
7517  -43.505  -79.245  10.087 0.0000000000
8058  -40.781  -78.826  24.834 0.0000000000
8070  -40.007  -79.101  23.952 0.0000000000
8079  -40.516  -78.630  23.747 0.0000000000
8096  -41.577  -78.442  22.794 0.0000000000
8155  -41.354  -78.831  18.397 0.0000000000
8170  -46.785  -78.927  17.783 0.0000000000
8171  -47.304  -79.014  17.413 0.0000000000
8180  -42.160  -78.385  16.934 0.0000000000
8182  -47.628  -78.748  17.011 0.0000000000
8183  -47.896  -78.032  16.730 0.0000000000
8194  -41.835  -78.243  14.663 0.0000000000
8237  -42.305  -78.949  11.578 0.0000000000
8255  -42.687  -79.039  10.806 0.0000000000
8256  -44.188  -79.328  10.384 0.0000000000
8274  -42.990  -78.968  10.315 0.0000000000
8276  -44.927  -78.920  9.991 0.0000000000
8834  -42.706  -77.648  25.421 0.0000000000
8851  -41.555  -77.525  24.280 0.0000000000
8874  -41.869  -77.668  23.017 0.0000000000
8909  -40.279  -77.896  19.115 0.0000000000
8925  -41.006  -77.491  17.772 0.0000000000
8926  -42.429  -77.070  18.926 0.0000000000
8943  -47.276  -78.248  17.373 0.0000000000
8953  -41.821  -77.743  16.307 0.0000000000
8969  -47.654  -77.804  16.086 0.0000000000
9035  -42.578  -78.694  10.991 0.0000000000
9052  -43.665  -78.820  9.779 0.0000000000
9065  -45.925  -77.818  8.907 0.0000000000
9618  -42.641  -76.287  24.388 0.0000000000
9682  -41.837  -76.224  20.225 0.0000000000
9689  -37.702  -75.968  19.622 0.0000000000
9704  -39.725  -76.424  18.197 0.0000000000
9706  -41.580  -75.740  19.574 0.0000000000
9721  -40.322  -76.677  16.489 0.0000000000
9733  -46.710  -76.812  16.620 0.0000000000
9757  -39.714  -77.035  14.491 0.0000000000
9758  -47.393  -76.214  14.373 0.0000000000
9759  -47.643  -76.223  15.058 0.0000000000
9775  -40.382  -77.441  13.515 0.0000000000
9798  -47.154  -75.998  11.839 0.0000000000
9832  -44.815  -77.694  9.279 0.0000000000
9845  -46.119  -77.180  8.614 0.0000000000
10436  -43.925  -75.380  24.265 0.0000000000
10444  -43.747  -75.396  23.556 0.0000000000
10446  -45.709  -74.760  23.540 0.0000000000
10470  -42.969  -75.353  21.368 0.0000000000
10485  -42.077  -75.751  20.881 0.0000000000
10509  -38.173  -75.611  18.037 0.0000000000
10522  -41.648  -74.981  17.983 0.0000000000
10523  -42.291  -75.188  17.445 0.0000000000
10536  -47.226  -76.264  16.214 0.0000000000
10644  -47.025  -75.892  8.474 0.0000000000
11268  -45.534  -74.105  21.681 0.0000000000
11269  -46.568  -73.899  21.684 0.0000000000
11287  -41.968  -74.239  20.769 0.0000000000
11338  -44.415  -74.939  16.043 0.0000000000
11354  -45.378  -74.322  15.328 0.0000000000
11356  -47.566  -75.194  14.949 0.0000000000
11370  -46.247  -74.263  14.953 0.0000000000
11372  -47.604  -74.632  14.376 0.0000000000
11390  -48.015  -74.602  13.813 0.0000000000
11391  -48.343  -74.502  13.082 0.0000000000
12166  -45.006  -73.140  14.761 0.0000000000
12852  -47.826  -73.032  21.500 0.0000000000
12854  -49.740  -73.378  21.366 0.0000000000
12888  -41.319  -72.928  17.867 0.0000000000
12900  -41.577  -72.312  17.162 0.0000000000
12902  -43.206  -73.101  15.890 0.0000000000
13018  -47.686  -72.955  9.120 0.0000000000
13632  -42.447  -70.859  22.255 0.0000000000
13636  -46.358  -71.443  22.250 0.0000000000
13654  -42.424  -71.456  21.744 0.0000000000
13656  -44.942  -72.083  21.922 0.0000000000
13659  -47.820  -72.215  21.651 0.0000000000
13660  -48.866  -71.959  21.655 0.0000000000
13677  -42.201  -72.035  21.268 0.0000000000
13682  -40.507  -71.510  19.449 0.0000000000
13686  -40.326  -71.304  18.902 0.0000000000
13696  -41.095  -71.566  17.374 0.0000000000
14478  -44.360  -70.167  23.166 0.0000000000
14491  -41.620  -70.474  22.330 0.0000000000
14495  -45.529  -70.588  22.765 0.0000000000
14515  -40.282  -70.611  20.483 0.0000000000
14524  -40.064  -70.698  18.578 0.0000000000
14533  -40.303  -70.540  17.795 0.0000000000
15379  -39.899  -68.967  22.109 0.0000000000
15382  -46.160  -70.165  23.043 0.0000000000
15415  -40.175  -69.811  17.470 0.0000000000
15434  -41.562  -68.809  15.708 0.0000000000
16166  -46.181  -68.264  24.602 0.0000000000
16186  -40.663  -68.549  23.604 0.0000000000
16187  -41.524  -68.853  23.898 0.0000000000
16189  -43.485  -69.130  24.127 0.0000000000
16191  -45.214  -69.061  24.023 0.0000000000
16208  -40.281  -68.768  22.865 0.0000000000
16213  -39.476  -68.417  20.813 0.0000000000
16230  -39.442  -68.453  19.065 0.0000000000
16248  -40.022  -68.553  17.506 0.0000000000
16260  -40.559  -68.609  16.784 0.0000000000
16998  -42.311  -67.161  25.341 0.0000000000
17000  -44.115  -67.299  25.370 0.0000000000
17013  -43.584  -67.988  25.117 0.0000000000
17046  -39.629  -67.274  22.674 0.0000000000
17059  -39.557  -67.663  20.409 0.0000000000
17087  -39.963  -67.873  17.854 0.0000000000
17897  -40.736  -66.165  25.140 0.0000000000
17902  -45.465  -66.440  25.199 0.0000000000
17912  -39.708  -65.592  24.199 0.0000000000
17946  -39.599  -66.488  22.994 0.0000000000
17956  -39.762  -66.871  21.125 0.0000000000
18835  -40.342  -65.435  24.895 0.0000000000
18838  -43.288  -65.543  25.577 0.0000000000
18883  -39.572  -65.093  22.826 0.0000000000
19769  -44.164  -64.317  25.064 0.0000000000
19770  -44.650  -64.879  25.165 0.0000000000
19784  -41.175  -64.064  25.122 0.0000000000
19785  -44.303  -63.644  24.769 0.0000000000
19787  -46.095  -64.787  24.756 0.0000000000
19801  -39.505  -64.808  23.700 0.0000000000
19821  -39.643  -63.876  22.198 0.0000000000
20766  -39.845  -63.253  24.078 0.0000000000
20797  -39.413  -63.463  22.794 0.0000000000
21721  -45.287  -62.635  24.770 0.0000000000
22661  -42.988  -61.244  25.739 0.0000000000
22670  -40.625  -60.754  23.785 0.0000000000
22695  -39.200  -62.074  22.154 0.0000000000
22708  -39.631  -61.538  20.744 0.0000000000
23635  -41.646  -60.457  25.921 0.0000000000
23650  -41.098  -59.828  24.780 0.0000000000
23665  -41.868  -60.726  24.701 0.0000000000
23673  -39.812  -60.624  23.239 0.0000000000
23684  -39.232  -60.447  22.385 0.0000000000
24613  -39.750  -58.553  23.857 0.0000000000
24614  -40.580  -59.634  24.353 0.0000000000
24645  -39.303  -59.224  21.204 0.0000000000
27343  -38.503  -55.965  25.067 0.0000000000
126327  -44.116  -71.070  14.397 0.0000000000
126413  -43.423  -64.625  25.373 0.0000000000
127143  -47.648  -75.771  15.034 0.0000000000
128276  -43.887  -61.528  25.831 0.0000000000
129294  -42.358  -76.719  20.878 0.0000000000
129491  -44.573  -74.284  21.554 0.0000000000
132030  -39.655  -65.868  22.552 0.0000000000
132591  -39.014  -61.214  22.026 0.0000000000
133871  -44.775  -75.706  16.209 0.0000000000
133937  -39.475  -62.976  23.370 0.0000000000
135885  -40.979  -73.356  19.039 0.0000000000
136585  -42.633  -61.773  24.713 0.0000000000
136653  -44.749  -78.001  17.396 0.0000000000
136849  -43.726  -77.566  17.418 0.0000000000
137025  -40.517  -59.701  25.980 0.0000000000
138834  -41.446  -79.146  22.565 0.0000000000
140009  -46.619  -76.587  8.584 0.0000000000
140547  -41.656  -69.569  15.672 0.0000000000
140933  -46.148  -74.258  21.917 0.0000000000
141404  -39.632  -79.152  20.152 0.0000000000
141818  -44.171  -79.423  12.275 0.0000000000
142345  -42.069  -76.639  13.080 0.0000000000
142403  -47.105  -75.919  13.113 0.0000000000
142730  -45.299  -79.107  14.459 0.0000000000
144242  -42.919  -74.971  16.874 0.0000000000
145366  -48.950  -71.401  22.163 0.0000000000
146899  -40.931  -70.080  22.266 0.0000000000
146958  -44.021  -78.097  17.604 0.0000000000
147915  -46.622  -73.320  21.500 0.0000000000
147964  -43.818  -80.165  15.373 0.0000000000
148206  -40.178  -69.152  17.256 0.0000000000
149140  -45.426  -74.550  22.760 0.0000000000
151136  -45.067  -80.297  15.428 0.0000000000
152098  -41.685  -75.929  18.914 0.0000000000
152124  -41.251  -61.707  24.359 0.0000000000
