#!ascii label  , from subject sub-v1s9x0051329_ses-1 vox2ras=TkReg
1174
58843  25.606  -25.344  68.300 0.0000000000
78197  42.386  -6.918  53.691 0.0000000000
66440  33.131  -18.110  61.514 0.0000000000
49544  5.889  -33.392  81.203 0.0000000000
61001  19.128  -22.864  73.894 0.0000000000
74002  32.800  -11.521  60.137 0.0000000000
55400  11.746  -28.342  76.549 0.0000000000
50713  10.138  -32.527  79.370 0.0000000000
141840  15.741  -27.827  74.478 0.0000000000
140150  46.485  -7.584  52.813 0.0000000000
64175  27.156  -21.005  68.848 0.0000000000
65276  28.382  -19.108  66.352 0.0000000000
61074  31.040  -23.830  68.785 0.0000000000
83126  45.352  -2.129  50.999 0.0000000000
80250  48.775  -5.182  48.584 0.0000000000
79138  38.764  -6.130  56.666 0.0000000000
74064  41.225  -11.363  57.838 0.0000000000
75134  36.729  -10.698  58.164 0.0000000000
68506  37.477  -15.955  61.476 0.0000000000
57613  24.485  -26.655  73.177 0.0000000000
47230  3.839  -35.760  84.023 0.0000000000
47220  -0.952  -35.454  84.617 0.0000000000
46081  -3.986  -35.583  88.775 0.0000000000
61044  21.764  -22.747  70.842 0.0000000000
56481  19.937  -27.071  73.344 0.0000000000
69460  28.072  -15.735  63.576 0.0000000000
66321  32.726  -17.954  67.296 0.0000000000
136027  53.183  -2.179  46.373 0.0000000000
78204  44.449  -6.997  52.915 0.0000000000
145308  43.950  -9.384  55.098 0.0000000000
62153  26.419  -23.087  67.864 0.0000000000
62162  28.071  -22.772  66.861 0.0000000000
59991  28.678  -24.877  67.929 0.0000000000
136729  42.427  -4.452  53.727 0.0000000000
83108  44.162  -2.126  53.379 0.0000000000
151740  43.510  -4.465  52.291 0.0000000000
81234  44.978  -5.035  51.022 0.0000000000
41649  -4.535  -40.842  86.539 0.0000000000
77167  37.307  -8.372  57.497 0.0000000000
77159  35.514  -8.371  58.826 0.0000000000
69522  33.028  -15.403  60.033 0.0000000000
143017  34.824  -14.106  59.401 0.0000000000
67527  35.289  -17.277  61.314 0.0000000000
66376  35.595  -18.995  64.423 0.0000000000
49576  8.127  -33.126  79.481 0.0000000000
48345  9.717  -34.729  82.374 0.0000000000
47256  7.204  -35.221  81.654 0.0000000000
133440  6.109  -35.831  84.812 0.0000000000
131535  4.815  -34.516  82.080 0.0000000000
50643  0.394  -32.874  84.427 0.0000000000
47211  -2.690  -35.667  86.515 0.0000000000
133960  20.175  -22.573  72.382 0.0000000000
58791  20.279  -25.398  71.086 0.0000000000
58782  18.357  -25.191  72.189 0.0000000000
55380  15.047  -29.010  76.728 0.0000000000
56415  17.316  -28.295  76.848 0.0000000000
65255  30.873  -19.549  68.600 0.0000000000
67449  30.216  -17.236  66.873 0.0000000000
76139  33.977  -9.188  61.155 0.0000000000
71702  32.620  -13.581  61.817 0.0000000000
69485  31.410  -15.589  61.734 0.0000000000
54287  13.011  -30.213  76.946 0.0000000000
53111  12.602  -30.994  79.802 0.0000000000
54276  10.516  -30.062  77.913 0.0000000000
137539  8.635  -30.028  78.977 0.0000000000
53101  7.007  -30.683  80.063 0.0000000000
59922  16.674  -24.523  73.310 0.0000000000
58752  14.888  -24.831  74.643 0.0000000000
56450  13.222  -27.602  75.040 0.0000000000
67410  25.412  -17.800  69.723 0.0000000000
67439  25.231  -17.631  67.108 0.0000000000
64187  26.895  -20.420  67.250 0.0000000000
63154  30.728  -21.488  67.387 0.0000000000
84057  49.256  -1.301  48.482 0.0000000000
82172  47.264  -3.554  49.174 0.0000000000
79219  47.258  -6.214  50.508 0.0000000000
79153  39.980  -6.468  55.213 0.0000000000
76221  41.555  -9.313  55.664 0.0000000000
76207  39.274  -8.917  56.244 0.0000000000
74067  38.928  -11.367  57.760 0.0000000000
150058  39.072  -12.977  59.472 0.0000000000
126440  34.777  -11.731  59.073 0.0000000000
71727  36.593  -13.541  59.517 0.0000000000
57658  25.533  -26.604  70.448 0.0000000000
57643  27.922  -26.253  70.841 0.0000000000
81192  41.170  -4.695  56.335 0.0000000000
50666  4.637  -32.276  82.485 0.0000000000
48349  2.731  -33.918  82.531 0.0000000000
47242  1.207  -35.455  83.290 0.0000000000
44934  0.727  -37.904  84.579 0.0000000000
141095  -1.679  -38.133  84.904 0.0000000000
44924  -3.436  -37.792  86.428 0.0000000000
43801  -4.799  -38.125  87.677 0.0000000000
43761  -6.191  -38.374  89.374 0.0000000000
59977  23.296  -23.836  68.941 0.0000000000
147088  22.521  -26.376  70.806 0.0000000000
57615  22.403  -26.899  73.106 0.0000000000
57599  17.672  -26.943  73.714 0.0000000000
141961  30.128  -17.767  62.460 0.0000000000
141538  27.495  -17.379  65.247 0.0000000000
66380  29.411  -18.278  64.228 0.0000000000
128889  32.778  -19.395  64.080 0.0000000000
59930  30.917  -24.914  71.957 0.0000000000
82205  54.238  -3.683  45.335 0.0000000000
82189  50.698  -3.148  47.629 0.0000000000
80270  52.665  -5.126  46.559 0.0000000000
126287  43.173  -7.170  53.474 0.0000000000
77226  44.122  -8.283  53.723 0.0000000000
77215  43.372  -8.386  54.108 0.0000000000
61090  26.466  -24.073  67.583 0.0000000000
60008  27.774  -24.202  67.438 0.0000000000
127891  27.198  -25.369  68.064 0.0000000000
80197  41.735  -5.418  53.811 0.0000000000
81226  43.140  -4.561  52.752 0.0000000000
79192  43.310  -5.859  52.726 0.0000000000
133344  44.127  -6.294  52.506 0.0000000000
41650  -5.295  -40.773  87.095 0.0000000000
78139  36.340  -7.261  58.576 0.0000000000
78134  35.523  -7.337  59.936 0.0000000000
67540  32.801  -16.836  60.787 0.0000000000
69521  33.978  -15.909  60.100 0.0000000000
142157  34.516  -17.559  61.155 0.0000000000
66419  35.314  -18.389  62.484 0.0000000000
65337  34.457  -18.701  62.375 0.0000000000
50700  6.736  -32.756  80.396 0.0000000000
48364  7.903  -34.433  80.464 0.0000000000
135816  6.221  -34.227  81.022 0.0000000000
48347  5.594  -34.960  82.004 0.0000000000
48357  5.441  -34.122  81.529 0.0000000000
61000  20.119  -22.607  73.561 0.0000000000
59931  18.850  -23.491  72.072 0.0000000000
61024  18.470  -23.200  72.886 0.0000000000
54274  14.514  -29.716  78.042 0.0000000000
70504  26.070  -14.805  67.786 0.0000000000
66300  30.940  -18.002  69.493 0.0000000000
150778  31.944  -14.510  61.432 0.0000000000
70574  32.257  -14.824  62.986 0.0000000000
54299  12.049  -29.141  76.505 0.0000000000
53137  12.287  -30.466  77.536 0.0000000000
55381  11.362  -29.031  76.965 0.0000000000
55360  9.603  -28.911  78.509 0.0000000000
54261  8.468  -29.304  79.435 0.0000000000
53100  7.839  -30.057  79.547 0.0000000000
59887  16.083  -23.784  74.995 0.0000000000
151321  12.122  -26.974  76.425 0.0000000000
57568  12.968  -26.586  75.426 0.0000000000
56433  12.149  -27.831  76.133 0.0000000000
55398  13.224  -29.100  75.846 0.0000000000
65258  25.723  -19.291  68.496 0.0000000000
64181  26.647  -20.617  67.971 0.0000000000
61099  30.069  -23.259  67.086 0.0000000000
138482  29.692  -22.491  66.812 0.0000000000
62159  31.221  -22.212  67.804 0.0000000000
63141  31.877  -21.674  69.028 0.0000000000
62138  32.007  -22.427  69.418 0.0000000000
83118  44.887  -2.042  51.914 0.0000000000
126543  47.650  -1.612  49.501 0.0000000000
83125  46.194  -2.403  50.465 0.0000000000
136047  46.063  -6.470  51.651 0.0000000000
80231  46.420  -5.571  50.362 0.0000000000
79189  46.852  -7.012  51.916 0.0000000000
79154  39.396  -6.736  55.486 0.0000000000
77201  39.690  -7.916  55.543 0.0000000000
78154  38.388  -7.572  56.349 0.0000000000
75156  37.380  -10.238  57.701 0.0000000000
76186  38.115  -9.856  57.340 0.0000000000
75133  37.549  -10.932  58.014 0.0000000000
74023  38.697  -12.274  58.718 0.0000000000
141685  37.869  -11.984  58.853 0.0000000000
75111  33.082  -10.634  60.433 0.0000000000
76167  34.059  -9.586  59.702 0.0000000000
74028  33.296  -11.763  59.618 0.0000000000
69519  36.577  -15.355  60.436 0.0000000000
71728  35.766  -14.027  59.498 0.0000000000
128391  37.001  -14.680  60.182 0.0000000000
70608  37.857  -14.415  60.313 0.0000000000
142726  24.497  -26.577  71.676 0.0000000000
137790  26.150  -26.507  71.998 0.0000000000
80153  39.266  -5.600  57.124 0.0000000000
126446  39.914  -5.316  56.608 0.0000000000
80164  40.858  -5.036  55.332 0.0000000000
51924  11.326  -31.686  79.321 0.0000000000
50680  11.309  -32.609  81.198 0.0000000000
47229  4.725  -35.811  83.915 0.0000000000
47216  5.269  -35.999  84.869 0.0000000000
47218  3.688  -36.165  84.838 0.0000000000
47219  3.052  -36.336  84.973 0.0000000000
51884  3.140  -31.663  83.309 0.0000000000
50652  3.200  -32.604  82.737 0.0000000000
50653  2.260  -32.448  83.085 0.0000000000
49481  -0.229  -33.789  84.610 0.0000000000
140346  0.494  -33.848  83.852 0.0000000000
47232  -0.302  -35.457  84.040 0.0000000000
140526  0.271  -36.358  83.882 0.0000000000
46115  -0.636  -36.241  84.224 0.0000000000
149853  -0.628  -37.536  84.352 0.0000000000
47233  -1.249  -36.132  84.653 0.0000000000
47199  -3.139  -35.337  87.342 0.0000000000
46103  -2.791  -36.489  86.230 0.0000000000
44918  -3.867  -37.355  87.046 0.0000000000
135522  -4.125  -38.123  86.916 0.0000000000
151463  -4.565  -36.848  88.110 0.0000000000
61043  23.344  -22.670  71.010 0.0000000000
61059  23.584  -22.429  70.011 0.0000000000
61076  22.619  -23.560  69.361 0.0000000000
59978  22.842  -24.795  69.351 0.0000000000
58802  22.040  -25.198  69.638 0.0000000000
151287  20.337  -26.592  72.047 0.0000000000
57635  21.099  -26.663  72.221 0.0000000000
56480  20.877  -27.288  73.689 0.0000000000
58775  15.856  -25.753  73.383 0.0000000000
57620  17.203  -26.206  73.124 0.0000000000
146192  16.476  -27.481  74.161 0.0000000000
56414  18.168  -28.285  76.767 0.0000000000
75171  41.424  -10.197  56.675 0.0000000000
75169  43.242  -10.412  56.828 0.0000000000
75152  42.731  -10.962  57.496 0.0000000000
146310  28.959  -14.009  63.468 0.0000000000
69488  29.428  -15.535  62.529 0.0000000000
68492  29.009  -16.341  62.607 0.0000000000
66339  26.178  -18.307  65.968 0.0000000000
66357  26.332  -17.321  65.818 0.0000000000
67451  27.994  -17.936  65.668 0.0000000000
67448  31.001  -17.388  66.532 0.0000000000
66355  29.792  -17.749  65.147 0.0000000000
66353  31.527  -18.335  65.364 0.0000000000
65307  30.888  -19.080  63.854 0.0000000000
66352  32.368  -18.719  65.620 0.0000000000
140735  33.826  -19.566  65.350 0.0000000000
58788  29.216  -25.781  71.459 0.0000000000
83159  53.867  -2.344  45.998 0.0000000000
83133  49.047  -2.844  48.413 0.0000000000
83145  50.292  -2.225  47.866 0.0000000000
82175  50.006  -3.841  47.974 0.0000000000
80258  51.523  -5.480  47.429 0.0000000000
79242  52.531  -6.615  47.444 0.0000000000
57557  11.393  -26.864  77.577 0.0000000000
56401  10.777  -27.264  77.936 0.0000000000
78194  45.658  -7.604  53.005 0.0000000000
77212  46.311  -8.416  54.183 0.0000000000
77213  45.692  -8.911  54.364 0.0000000000
63148  27.014  -22.105  68.129 0.0000000000
63157  27.277  -21.996  67.325 0.0000000000
62163  27.446  -22.825  67.216 0.0000000000
60006  29.061  -24.259  67.544 0.0000000000
59989  30.316  -24.313  68.305 0.0000000000
83104  44.225  -2.250  54.274 0.0000000000
82156  43.287  -3.245  53.474 0.0000000000
82159  43.947  -3.175  52.113 0.0000000000
82165  44.439  -3.588  51.372 0.0000000000
81247  45.129  -3.679  50.776 0.0000000000
80216  44.481  -5.277  51.682 0.0000000000
79191  44.911  -6.598  52.393 0.0000000000
41648  -3.126  -40.341  85.918 0.0000000000
79132  37.994  -5.999  58.006 0.0000000000
78145  38.003  -7.132  57.057 0.0000000000
78138  36.998  -6.969  58.155 0.0000000000
77168  36.615  -8.782  57.882 0.0000000000
133985  35.938  -10.145  58.361 0.0000000000
71730  32.996  -13.894  59.791 0.0000000000
125586  33.872  -13.621  59.438 0.0000000000
69533  33.827  -15.194  59.748 0.0000000000
126263  34.859  -16.115  60.335 0.0000000000
68507  36.588  -16.370  61.272 0.0000000000
67517  36.457  -17.399  62.373 0.0000000000
66375  36.436  -18.518  64.650 0.0000000000
56459  24.277  -27.446  74.830 0.0000000000
49575  8.952  -33.320  79.467 0.0000000000
49560  10.009  -33.581  80.681 0.0000000000
48363  8.886  -34.491  80.585 0.0000000000
140015  8.637  -35.253  81.786 0.0000000000
47236  8.142  -35.622  83.123 0.0000000000
47239  5.345  -35.644  83.348 0.0000000000
128963  4.051  -35.339  83.282 0.0000000000
50629  0.834  -31.980  84.505 0.0000000000
50631  -0.321  -32.781  85.346 0.0000000000
48297  -1.165  -33.973  85.687 0.0000000000
47221  -1.660  -35.520  85.280 0.0000000000
139125  -2.121  -34.081  86.850 0.0000000000
48283  -2.433  -34.085  87.537 0.0000000000
48271  -3.221  -34.330  88.728 0.0000000000
61045  20.983  -22.794  71.302 0.0000000000
59962  20.799  -24.595  70.554 0.0000000000
59944  20.044  -24.238  71.037 0.0000000000
58792  19.560  -25.032  71.410 0.0000000000
57636  19.594  -26.638  72.374 0.0000000000
55408  15.213  -28.374  75.246 0.0000000000
56432  16.119  -28.154  75.552 0.0000000000
55395  16.454  -28.329  76.528 0.0000000000
74045  41.515  -11.821  58.612 0.0000000000
129451  26.738  -14.886  65.437 0.0000000000
65264  29.614  -18.766  67.344 0.0000000000
66336  29.466  -18.162  66.994 0.0000000000
149894  30.096  -18.293  68.125 0.0000000000
125446  30.652  -17.070  68.140 0.0000000000
137920  52.402  -0.932  46.909 0.0000000000
41608  -7.271  -40.581  89.184 0.0000000000
75097  33.781  -9.966  61.909 0.0000000000
75098  33.183  -10.716  61.516 0.0000000000
72814  32.403  -12.997  61.082 0.0000000000
70611  32.076  -14.440  60.708 0.0000000000
69523  32.203  -15.181  60.531 0.0000000000
68510  32.121  -16.605  61.168 0.0000000000
54275  13.799  -30.151  78.268 0.0000000000
53110  13.397  -30.604  79.578 0.0000000000
53124  12.522  -30.841  78.269 0.0000000000
53125  11.890  -31.227  78.893 0.0000000000
51939  10.423  -31.228  78.445 0.0000000000
139783  10.190  -29.199  77.946 0.0000000000
53127  10.073  -30.635  78.233 0.0000000000
51926  9.610  -31.348  78.531 0.0000000000
51927  8.289  -31.780  79.095 0.0000000000
51928  7.542  -31.697  79.600 0.0000000000
51914  6.307  -31.837  80.813 0.0000000000
61003  17.633  -23.660  73.675 0.0000000000
60963  16.988  -23.603  74.765 0.0000000000
59908  15.557  -24.448  74.330 0.0000000000
57601  14.787  -26.224  73.790 0.0000000000
128374  13.709  -25.308  75.489 0.0000000000
58754  13.749  -25.817  74.572 0.0000000000
56468  14.059  -27.336  74.263 0.0000000000
55409  14.375  -28.569  75.164 0.0000000000
149362  14.050  -29.692  76.779 0.0000000000
68416  25.795  -16.053  69.786 0.0000000000
145656  25.527  -16.190  68.067 0.0000000000
67419  25.120  -17.767  68.649 0.0000000000
65277  25.842  -18.912  66.756 0.0000000000
137768  27.865  -19.686  66.465 0.0000000000
130471  27.446  -21.169  67.007 0.0000000000
64186  28.364  -21.086  66.673 0.0000000000
64191  28.669  -20.003  66.491 0.0000000000
64180  30.919  -20.643  67.864 0.0000000000
64167  31.774  -20.038  69.468 0.0000000000
84961  48.557  -0.234  49.276 0.0000000000
83134  48.313  -2.733  48.764 0.0000000000
81256  47.900  -4.010  48.777 0.0000000000
81245  46.017  -4.686  50.095 0.0000000000
80241  46.702  -5.018  49.578 0.0000000000
78185  41.281  -7.113  54.347 0.0000000000
77217  41.735  -8.005  54.565 0.0000000000
78165  40.873  -7.741  54.841 0.0000000000
76222  40.947  -9.148  55.596 0.0000000000
75172  40.540  -10.061  56.561 0.0000000000
77181  38.526  -8.479  56.524 0.0000000000
129462  39.027  -10.427  57.249 0.0000000000
74065  40.357  -11.292  57.681 0.0000000000
129402  40.164  -12.090  58.880 0.0000000000
72831  40.670  -12.821  59.932 0.0000000000
77153  34.656  -8.563  59.871 0.0000000000
75125  34.644  -9.833  59.234 0.0000000000
75135  36.007  -10.917  58.647 0.0000000000
72857  34.386  -12.649  59.227 0.0000000000
72856  35.442  -12.562  59.131 0.0000000000
74024  37.008  -11.848  58.983 0.0000000000
72833  38.359  -13.040  59.507 0.0000000000
57668  25.140  -26.242  68.884 0.0000000000
57667  26.682  -26.312  69.570 0.0000000000
57657  26.347  -26.490  70.302 0.0000000000
149036  27.617  -26.451  72.465 0.0000000000
81199  41.617  -4.660  54.731 0.0000000000
80182  41.235  -5.276  54.468 0.0000000000
139926  5.873  -31.833  81.356 0.0000000000
51893  5.189  -31.416  82.498 0.0000000000
50665  5.157  -32.407  82.032 0.0000000000
49523  4.790  -33.439  82.104 0.0000000000
48348  3.352  -34.523  82.561 0.0000000000
48337  2.461  -34.684  82.667 0.0000000000
50654  1.407  -32.910  83.346 0.0000000000
48338  1.570  -34.696  82.918 0.0000000000
47241  2.181  -35.537  83.287 0.0000000000
149458  1.998  -36.544  84.460 0.0000000000
44927  1.447  -37.476  84.872 0.0000000000
134153  -1.695  -39.347  85.327 0.0000000000
46109  -2.273  -36.930  85.519 0.0000000000
44929  -2.286  -37.798  85.316 0.0000000000
42772  -2.752  -39.762  85.731 0.0000000000
42743  -4.029  -39.054  86.570 0.0000000000
42744  -4.693  -39.430  86.896 0.0000000000
42731  -5.541  -39.469  88.274 0.0000000000
44902  -5.334  -37.387  89.150 0.0000000000
43760  -5.702  -38.236  88.966 0.0000000000
133340  -6.081  -39.857  88.666 0.0000000000
61092  24.666  -23.254  68.431 0.0000000000
62142  24.154  -22.602  68.841 0.0000000000
58820  24.607  -25.362  68.583 0.0000000000
57669  24.228  -26.258  69.096 0.0000000000
57659  23.995  -26.555  69.928 0.0000000000
140114  23.739  -26.611  71.929 0.0000000000
57649  21.797  -26.271  70.784 0.0000000000
139945  22.320  -26.554  71.522 0.0000000000
142223  23.159  -26.901  73.184 0.0000000000
58783  17.743  -24.636  72.610 0.0000000000
57619  18.108  -26.595  73.061 0.0000000000
56482  19.351  -27.337  73.889 0.0000000000
56448  17.651  -27.729  75.280 0.0000000000
56447  18.448  -27.750  75.250 0.0000000000
56463  19.687  -27.725  74.559 0.0000000000
76219  43.387  -9.528  55.631 0.0000000000
69470  30.929  -15.261  62.768 0.0000000000
68489  30.833  -17.033  62.060 0.0000000000
66441  32.150  -18.061  61.864 0.0000000000
68442  25.669  -16.255  66.862 0.0000000000
69452  26.519  -15.610  65.558 0.0000000000
69461  27.478  -15.988  64.333 0.0000000000
147360  28.953  -17.777  65.792 0.0000000000
67481  28.855  -17.638  64.652 0.0000000000
67501  28.567  -17.242  63.435 0.0000000000
66422  29.642  -18.326  62.904 0.0000000000
66421  31.263  -18.851  62.741 0.0000000000
65338  33.374  -19.234  62.844 0.0000000000
65304  34.179  -19.584  64.115 0.0000000000
58817  28.875  -25.653  69.800 0.0000000000
58816  29.645  -25.179  69.705 0.0000000000
59958  31.371  -24.049  70.386 0.0000000000
59928  32.147  -24.155  72.242 0.0000000000
61057  32.354  -23.189  70.628 0.0000000000
132775  55.348  -2.217  44.591 0.0000000000
84067  51.374  -1.551  47.403 0.0000000000
133326  51.750  -2.338  47.223 0.0000000000
80259  50.903  -5.038  47.643 0.0000000000
82187  52.062  -3.938  47.107 0.0000000000
82198  52.560  -3.405  46.665 0.0000000000
81274  53.192  -4.611  46.161 0.0000000000
80281  53.712  -5.000  45.708 0.0000000000
78183  42.819  -7.685  53.881 0.0000000000
147295  25.778  -24.476  67.885 0.0000000000
59994  26.400  -24.919  67.884 0.0000000000
58842  26.426  -25.563  68.335 0.0000000000
79178  41.933  -6.124  53.606 0.0000000000
80196  42.486  -5.529  53.267 0.0000000000
79177  42.787  -6.377  53.274 0.0000000000
40614  -6.079  -41.179  87.886 0.0000000000
136386  33.140  -17.422  61.022 0.0000000000
67539  33.455  -17.051  60.708 0.0000000000
67528  33.773  -17.590  61.024 0.0000000000
66439  34.092  -18.232  61.548 0.0000000000
66420  33.615  -18.747  62.160 0.0000000000
49564  6.536  -33.556  80.618 0.0000000000
61023  19.282  -22.792  72.742 0.0000000000
54258  14.429  -29.880  78.957 0.0000000000
55335  15.111  -29.446  78.845 0.0000000000
70495  26.244  -14.693  68.599 0.0000000000
55399  12.416  -28.762  76.092 0.0000000000
65257  26.520  -19.983  68.881 0.0000000000
61089  30.625  -23.645  67.829 0.0000000000
62151  30.800  -22.951  67.522 0.0000000000
62150  31.242  -23.067  68.224 0.0000000000
128401  31.622  -22.389  68.645 0.0000000000
61073  31.582  -23.094  69.103 0.0000000000
84047  45.625  -1.629  51.714 0.0000000000
144975  45.890  -1.676  51.002 0.0000000000
84052  46.543  -1.526  50.685 0.0000000000
79190  45.777  -6.974  52.319 0.0000000000
78203  47.512  -7.506  52.781 0.0000000000
41646  -1.638  -40.509  86.459 0.0000000000
79145  38.970  -6.376  55.911 0.0000000000
78153  38.804  -7.117  55.779 0.0000000000
79146  38.473  -6.778  56.405 0.0000000000
141923  38.178  -11.560  58.224 0.0000000000
74048  37.306  -11.399  58.470 0.0000000000
131996  33.225  -11.069  59.722 0.0000000000
69503  36.870  -15.756  60.937 0.0000000000
145395  37.486  -15.158  60.777 0.0000000000
141134  24.964  -26.563  72.471 0.0000000000
57631  25.768  -26.563  72.570 0.0000000000
57612  25.340  -26.667  73.320 0.0000000000
80159  39.316  -5.765  56.146 0.0000000000
51912  10.884  -32.207  79.683 0.0000000000
50696  11.138  -32.432  80.481 0.0000000000
145333  10.566  -32.692  80.046 0.0000000000
47217  4.433  -36.099  84.817 0.0000000000
140571  3.049  -35.835  84.113 0.0000000000
48324  -0.580  -34.703  84.527 0.0000000000
48323  0.045  -34.659  83.894 0.0000000000
46116  -1.064  -37.001  84.440 0.0000000000
47189  -3.480  -35.102  88.277 0.0000000000
46095  -3.600  -36.013  87.763 0.0000000000
46096  -4.007  -36.744  87.606 0.0000000000
46089  -4.275  -36.275  88.389 0.0000000000
128062  22.647  -22.669  71.519 0.0000000000
127923  22.400  -22.705  70.492 0.0000000000
61060  22.815  -22.764  69.722 0.0000000000
61061  21.925  -23.268  69.911 0.0000000000
59960  22.093  -24.212  69.520 0.0000000000
59961  21.500  -24.347  69.934 0.0000000000
57617  20.575  -26.870  72.809 0.0000000000
130939  20.556  -27.777  74.506 0.0000000000
56466  15.969  -27.134  73.774 0.0000000000
57621  16.312  -26.386  73.426 0.0000000000
75153  41.790  -10.764  57.384 0.0000000000
75170  42.331  -10.286  56.820 0.0000000000
70537  28.280  -14.111  64.238 0.0000000000
70555  28.406  -14.790  63.407 0.0000000000
69489  28.658  -15.525  62.851 0.0000000000
68471  28.470  -16.433  63.133 0.0000000000
134035  27.518  -19.153  66.199 0.0000000000
66338  27.155  -18.544  65.782 0.0000000000
138844  28.038  -18.566  66.026 0.0000000000
67447  31.817  -17.391  67.010 0.0000000000
146864  31.081  -17.741  65.818 0.0000000000
66335  31.760  -17.878  66.102 0.0000000000
66334  32.511  -18.284  66.499 0.0000000000
66351  33.037  -18.937  66.123 0.0000000000
84076  53.557  -1.564  46.330 0.0000000000
84075  54.196  -1.492  45.982 0.0000000000
146843  48.955  -3.973  48.434 0.0000000000
82176  49.293  -3.599  48.305 0.0000000000
81254  49.347  -4.436  48.336 0.0000000000
129483  11.747  -26.178  78.060 0.0000000000
57546  11.248  -26.434  78.417 0.0000000000
57545  11.673  -25.701  78.760 0.0000000000
57556  12.003  -26.343  77.240 0.0000000000
78195  44.918  -7.828  53.358 0.0000000000
77225  45.579  -8.372  53.730 0.0000000000
77214  44.155  -8.976  54.389 0.0000000000
145246  45.027  -9.082  54.570 0.0000000000
62152  26.986  -22.703  67.662 0.0000000000
61103  27.083  -23.467  67.453 0.0000000000
59992  27.874  -24.886  67.714 0.0000000000
60007  28.367  -24.413  67.517 0.0000000000
59990  29.526  -24.655  68.126 0.0000000000
82153  42.875  -3.767  53.973 0.0000000000
82152  43.482  -2.970  54.334 0.0000000000
133233  43.437  -3.747  52.647 0.0000000000
81236  43.812  -4.014  51.853 0.0000000000
81235  44.362  -4.503  51.435 0.0000000000
80217  43.893  -4.842  51.932 0.0000000000
149354  45.147  -7.184  52.798 0.0000000000
135197  -3.742  -41.018  86.257 0.0000000000
79133  37.422  -6.250  58.463 0.0000000000
79140  37.611  -6.670  57.715 0.0000000000
77151  35.668  -7.577  59.023 0.0000000000
77158  36.038  -8.141  58.341 0.0000000000
76173  35.829  -9.145  58.382 0.0000000000
70610  32.605  -14.509  60.092 0.0000000000
149671  34.774  -17.090  60.967 0.0000000000
68509  35.083  -16.686  60.810 0.0000000000
68521  35.519  -16.194  60.619 0.0000000000
68508  35.798  -16.585  61.068 0.0000000000
67525  36.137  -17.028  61.649 0.0000000000
67526  35.701  -17.738  62.022 0.0000000000
140895  35.602  -18.544  63.119 0.0000000000
66397  36.090  -18.316  63.733 0.0000000000
66350  36.058  -19.045  65.145 0.0000000000
80149  38.575  -5.684  58.357 0.0000000000
49561  9.327  -33.845  80.175 0.0000000000
49562  8.414  -33.858  79.949 0.0000000000
48355  7.487  -34.942  81.041 0.0000000000
48354  8.385  -34.994  81.113 0.0000000000
47255  7.923  -35.343  81.677 0.0000000000
47247  8.379  -35.458  82.408 0.0000000000
47248  7.487  -35.491  82.434 0.0000000000
47237  7.506  -35.610  83.254 0.0000000000
47238  6.797  -35.532  83.007 0.0000000000
126720  5.904  -35.487  82.732 0.0000000000
47250  5.073  -35.239  82.594 0.0000000000
47251  4.657  -35.436  83.113 0.0000000000
141247  4.224  -34.875  82.610 0.0000000000
49447  -1.020  -33.154  85.988 0.0000000000
49464  -0.723  -33.548  85.336 0.0000000000
49448  -1.569  -33.678  86.480 0.0000000000
47188  -2.943  -34.580  87.839 0.0000000000
60999  21.052  -22.565  73.314 0.0000000000
61022  21.132  -22.525  72.323 0.0000000000
61021  21.912  -22.521  71.931 0.0000000000
150633  20.549  -22.659  71.803 0.0000000000
61063  20.540  -23.548  70.824 0.0000000000
61046  20.021  -23.051  71.347 0.0000000000
58781  18.898  -24.587  71.795 0.0000000000
59945  19.397  -23.880  71.487 0.0000000000
57637  19.129  -25.686  71.901 0.0000000000
57638  18.616  -26.215  72.448 0.0000000000
55396  15.580  -28.563  76.163 0.0000000000
55379  15.897  -28.860  77.052 0.0000000000
130854  26.936  -14.210  65.886 0.0000000000
65263  30.119  -18.950  67.904 0.0000000000
65256  30.349  -18.421  68.526 0.0000000000
67408  31.274  -17.262  69.496 0.0000000000
66301  30.654  -17.585  68.876 0.0000000000
67429  31.300  -16.932  68.687 0.0000000000
40606  -7.709  -41.167  88.861 0.0000000000
75088  33.663  -10.781  62.301 0.0000000000
72798  32.934  -12.909  62.018 0.0000000000
71703  32.262  -13.915  61.221 0.0000000000
147622  31.790  -14.942  62.046 0.0000000000
138742  31.730  -15.056  61.167 0.0000000000
69504  31.805  -15.798  61.059 0.0000000000
68511  31.440  -16.420  61.621 0.0000000000
53123  13.211  -30.640  78.583 0.0000000000
53136  13.124  -30.566  77.712 0.0000000000
53138  11.362  -30.315  77.738 0.0000000000
140998  11.840  -30.830  78.106 0.0000000000
53126  10.999  -30.837  78.231 0.0000000000
51938  11.046  -31.387  78.695 0.0000000000
56402  10.220  -27.629  78.396 0.0000000000
55382  10.585  -28.425  77.656 0.0000000000
55359  10.034  -28.440  78.240 0.0000000000
54260  9.116  -29.500  78.785 0.0000000000
54277  9.779  -29.810  78.244 0.0000000000
53112  9.292  -30.400  78.532 0.0000000000
133743  8.951  -31.803  78.806 0.0000000000
53113  8.619  -30.940  78.893 0.0000000000
149248  6.777  -32.224  80.293 0.0000000000
51901  6.450  -30.946  80.935 0.0000000000
60983  17.519  -23.624  74.312 0.0000000000
59888  15.300  -24.096  75.218 0.0000000000
58763  15.224  -25.470  73.782 0.0000000000
58764  14.406  -25.622  74.158 0.0000000000
146765  13.327  -26.006  75.145 0.0000000000
56469  13.486  -26.759  74.592 0.0000000000
55418  13.909  -28.007  74.673 0.0000000000
55410  13.593  -28.553  75.261 0.0000000000
54297  13.594  -29.613  76.444 0.0000000000
54286  13.780  -29.951  77.307 0.0000000000
68408  25.660  -16.937  70.259 0.0000000000
68417  25.467  -16.911  69.293 0.0000000000
131001  26.152  -19.839  67.946 0.0000000000
65267  25.638  -19.224  67.620 0.0000000000
65266  26.340  -19.640  67.182 0.0000000000
65265  27.100  -19.751  66.702 0.0000000000
144684  27.596  -22.375  66.938 0.0000000000
131652  27.829  -21.912  66.773 0.0000000000
63155  29.818  -21.609  66.830 0.0000000000
150941  29.102  -21.379  66.652 0.0000000000
144052  29.342  -20.748  66.717 0.0000000000
64185  30.187  -20.685  67.220 0.0000000000
141113  30.362  -19.905  67.752 0.0000000000
63140  32.465  -21.719  69.623 0.0000000000
64173  32.054  -21.005  69.343 0.0000000000
84032  45.306  -1.631  54.134 0.0000000000
84955  49.036  0.345  49.820 0.0000000000
83130  47.547  -2.600  49.279 0.0000000000
83129  48.136  -2.045  49.019 0.0000000000
82178  47.907  -3.286  48.891 0.0000000000
81246  45.365  -4.429  50.577 0.0000000000
82170  45.775  -3.861  50.249 0.0000000000
80232  45.665  -5.130  50.590 0.0000000000
132665  47.115  -5.718  49.859 0.0000000000
80240  47.466  -5.386  49.247 0.0000000000
79170  40.574  -6.721  54.784 0.0000000000
78166  40.038  -7.320  55.262 0.0000000000
77179  39.720  -8.492  55.823 0.0000000000
77200  40.418  -8.383  55.455 0.0000000000
76206  40.233  -9.240  56.038 0.0000000000
75173  39.634  -9.784  56.652 0.0000000000
77166  37.929  -7.977  57.039 0.0000000000
135605  38.011  -8.915  57.153 0.0000000000
132645  38.198  -10.736  57.699 0.0000000000
75155  39.999  -10.565  57.118 0.0000000000
74066  39.599  -11.119  57.553 0.0000000000
74046  40.664  -11.813  58.412 0.0000000000
74047  39.729  -11.812  58.126 0.0000000000
72854  39.320  -12.661  59.203 0.0000000000
72853  40.070  -12.495  59.377 0.0000000000
72832  39.814  -13.008  59.840 0.0000000000
77136  35.026  -7.938  60.359 0.0000000000
77137  34.530  -8.521  60.715 0.0000000000
74026  34.598  -10.770  59.115 0.0000000000
75124  35.337  -10.424  58.869 0.0000000000
142981  35.364  -11.116  58.917 0.0000000000
139815  35.892  -13.230  59.279 0.0000000000
72855  36.585  -12.626  59.223 0.0000000000
132438  37.639  -12.482  59.234 0.0000000000
71726  37.444  -13.209  59.538 0.0000000000
136414  24.843  -26.640  69.637 0.0000000000
127491  25.748  -26.523  69.544 0.0000000000
131407  27.083  -26.517  72.937 0.0000000000
57629  26.906  -26.483  71.983 0.0000000000
81198  42.255  -4.164  55.103 0.0000000000
128782  41.676  -4.476  55.617 0.0000000000
80165  40.423  -5.807  54.990 0.0000000000
79169  41.137  -6.086  54.161 0.0000000000
53097  13.205  -30.784  80.369 0.0000000000
53098  12.638  -31.170  80.735 0.0000000000
48362  9.686  -34.161  81.022 0.0000000000
51902  6.078  -31.077  81.749 0.0000000000
51883  4.678  -31.261  82.943 0.0000000000
138699  5.309  -30.855  83.145 0.0000000000
50667  4.039  -33.047  82.591 0.0000000000
49500  2.664  -33.204  82.633 0.0000000000
49525  3.314  -33.566  82.482 0.0000000000
127207  0.992  -32.585  83.976 0.0000000000
49480  0.887  -33.203  83.767 0.0000000000
48339  0.779  -34.679  83.360 0.0000000000
47231  1.637  -36.090  83.771 0.0000000000
44933  0.812  -37.199  84.221 0.0000000000
46114  1.320  -36.750  84.161 0.0000000000
43857  -1.052  -37.988  84.484 0.0000000000
43837  -0.509  -38.677  84.903 0.0000000000
43838  -1.301  -38.745  84.931 0.0000000000
47210  -2.214  -35.304  86.057 0.0000000000
46102  -2.261  -36.056  85.733 0.0000000000
44923  -2.872  -37.382  85.945 0.0000000000
43819  -2.899  -38.393  85.731 0.0000000000
144059  -3.312  -39.343  85.935 0.0000000000
43820  -3.571  -38.556  86.265 0.0000000000
133182  -4.624  -38.701  87.105 0.0000000000
42730  -4.984  -38.982  87.873 0.0000000000
42745  -5.157  -39.837  87.484 0.0000000000
44901  -4.863  -36.708  88.835 0.0000000000
44888  -4.979  -36.594  89.714 0.0000000000
42717  -6.063  -39.108  89.018 0.0000000000
42718  -6.859  -39.014  89.639 0.0000000000
62154  25.592  -23.052  68.388 0.0000000000
146723  23.088  -22.992  69.027 0.0000000000
62127  23.519  -22.549  69.168 0.0000000000
61075  23.712  -23.029  68.716 0.0000000000
59976  24.120  -24.124  68.565 0.0000000000
58821  23.727  -25.094  68.982 0.0000000000
58822  22.732  -25.751  69.736 0.0000000000
57670  23.398  -25.946  69.506 0.0000000000
57660  23.129  -26.315  70.344 0.0000000000
57647  23.867  -26.545  70.977 0.0000000000
57648  23.102  -26.540  71.323 0.0000000000
58790  21.003  -25.839  70.849 0.0000000000
57634  21.977  -26.690  72.321 0.0000000000
57633  22.934  -26.728  72.320 0.0000000000
56477  23.802  -27.061  73.788 0.0000000000
56478  22.842  -27.268  73.810 0.0000000000
59921  17.324  -24.190  73.126 0.0000000000
58773  17.198  -25.102  72.871 0.0000000000
57598  18.501  -27.115  73.819 0.0000000000
56431  16.999  -27.956  75.929 0.0000000000
56449  16.708  -27.820  74.902 0.0000000000
56413  19.008  -28.385  76.781 0.0000000000
56429  18.639  -27.994  76.053 0.0000000000
56446  19.215  -27.908  75.303 0.0000000000
77199  41.457  -8.676  55.157 0.0000000000
77198  42.257  -8.621  54.877 0.0000000000
76220  42.375  -9.244  55.491 0.0000000000
70553  30.643  -14.610  63.354 0.0000000000
132941  29.760  -16.363  62.386 0.0000000000
148709  30.396  -16.440  62.242 0.0000000000
67518  31.190  -18.050  62.274 0.0000000000
68434  25.345  -16.718  67.481 0.0000000000
68433  25.644  -15.987  67.518 0.0000000000
68443  25.499  -16.964  66.751 0.0000000000
131481  26.965  -16.976  65.390 0.0000000000
68454  26.436  -16.453  65.715 0.0000000000
68453  26.926  -16.192  65.061 0.0000000000
67483  27.551  -16.840  64.734 0.0000000000
67438  29.809  -17.595  67.191 0.0000000000
67450  29.526  -17.582  66.474 0.0000000000
67465  29.131  -17.579  65.325 0.0000000000
67482  28.288  -17.331  64.231 0.0000000000
66381  28.822  -17.928  63.762 0.0000000000
67519  29.035  -17.843  62.968 0.0000000000
66402  29.341  -18.325  63.434 0.0000000000
65306  31.897  -19.211  64.121 0.0000000000
66400  30.788  -19.019  63.238 0.0000000000
65323  31.511  -19.232  63.289 0.0000000000
65340  31.925  -19.101  62.736 0.0000000000
65322  32.485  -19.358  63.229 0.0000000000
65321  33.422  -19.462  63.662 0.0000000000
65287  34.561  -19.606  65.563 0.0000000000
57656  27.361  -26.272  70.149 0.0000000000
145159  27.487  -26.051  69.348 0.0000000000
58801  28.114  -26.051  69.978 0.0000000000
58787  30.055  -25.344  71.466 0.0000000000
58799  29.440  -25.483  70.622 0.0000000000
59943  30.658  -24.861  71.125 0.0000000000
59959  30.797  -24.542  70.439 0.0000000000
130017  31.316  -24.424  71.201 0.0000000000
128606  32.514  -23.523  71.570 0.0000000000
62104  33.009  -22.524  71.045 0.0000000000
83158  54.353  -2.842  45.462 0.0000000000
83167  54.882  -2.490  44.978 0.0000000000
82213  54.727  -3.249  44.818 0.0000000000
84966  49.650  -0.493  48.340 0.0000000000
84068  50.662  -1.456  47.709 0.0000000000
83144  51.034  -2.286  47.506 0.0000000000
146340  51.425  -2.914  47.364 0.0000000000
80257  52.196  -5.717  47.024 0.0000000000
81265  51.542  -4.478  47.358 0.0000000000
81264  52.041  -4.816  46.961 0.0000000000
81275  52.606  -4.269  46.608 0.0000000000
82197  53.186  -3.761  46.235 0.0000000000
78196  43.959  -7.474  53.349 0.0000000000
145314  43.483  -7.819  53.680 0.0000000000
60009  27.209  -23.993  67.456 0.0000000000
59993  27.130  -24.604  67.626 0.0000000000
58841  28.111  -25.411  68.271 0.0000000000
81218  42.158  -4.965  53.568 0.0000000000
81217  42.657  -4.785  53.202 0.0000000000
80205  42.984  -5.194  52.830 0.0000000000
130010  43.434  -5.117  52.398 0.0000000000
80204  43.974  -5.577  52.193 0.0000000000
78205  43.627  -6.697  53.032 0.0000000000
40645  -4.916  -41.453  86.747 0.0000000000
79134  36.794  -6.469  58.924 0.0000000000
78133  36.134  -6.793  59.446 0.0000000000
77152  35.160  -8.075  59.480 0.0000000000
68522  33.308  -16.369  60.405 0.0000000000
67538  34.225  -16.848  60.611 0.0000000000
66438  34.926  -18.073  61.729 0.0000000000
66399  35.011  -18.902  63.083 0.0000000000
49563  7.383  -33.597  80.044 0.0000000000
48365  6.972  -34.355  80.565 0.0000000000
48356  6.689  -34.824  81.215 0.0000000000
47249  6.512  -35.260  82.031 0.0000000000
146365  6.046  -34.728  81.489 0.0000000000
49406  -1.483  -32.653  87.901 0.0000000000
144459  19.431  -23.000  71.887 0.0000000000
59932  18.237  -24.048  72.297 0.0000000000
55358  15.281  -29.232  77.787 0.0000000000
141368  26.191  -14.605  67.157 0.0000000000
65247  31.222  -18.900  69.504 0.0000000000
65248  30.702  -18.495  69.074 0.0000000000
66292  31.462  -18.029  70.115 0.0000000000
71691  32.435  -14.276  62.244 0.0000000000
70575  31.469  -15.207  62.557 0.0000000000
54288  12.177  -29.783  76.905 0.0000000000
147670  11.584  -29.882  77.268 0.0000000000
54289  10.885  -29.504  77.516 0.0000000000
55336  9.615  -27.969  78.786 0.0000000000
55337  8.957  -28.494  79.253 0.0000000000
59889  14.705  -24.463  75.364 0.0000000000
57569  12.556  -26.193  76.401 0.0000000000
58734  13.172  -25.665  75.975 0.0000000000
56451  12.542  -27.253  75.743 0.0000000000
55411  12.810  -28.247  75.600 0.0000000000
54298  12.770  -29.522  76.414 0.0000000000
66302  25.412  -18.614  69.103 0.0000000000
65249  25.941  -19.233  69.333 0.0000000000
149594  26.479  -20.124  67.604 0.0000000000
62161  29.094  -23.031  66.828 0.0000000000
63156  28.834  -22.048  66.684 0.0000000000
62160  30.464  -22.363  67.137 0.0000000000
63147  31.285  -21.386  67.946 0.0000000000
63146  31.572  -21.700  68.383 0.0000000000
83112  44.769  -1.815  52.984 0.0000000000
84039  46.174  -1.305  52.336 0.0000000000
84050  47.882  -0.713  49.743 0.0000000000
84051  47.249  -1.194  50.280 0.0000000000
83124  46.943  -2.033  49.951 0.0000000000
82173  46.759  -2.986  49.761 0.0000000000
80215  45.729  -5.780  51.147 0.0000000000
138778  46.643  -6.294  51.122 0.0000000000
79202  47.494  -6.740  51.223 0.0000000000
78167  39.320  -7.395  55.520 0.0000000000
77180  38.970  -8.005  55.787 0.0000000000
76187  37.329  -9.341  57.532 0.0000000000
136760  38.971  -11.972  58.248 0.0000000000
144500  38.507  -12.575  59.125 0.0000000000
76150  34.141  -9.067  60.166 0.0000000000
76151  33.656  -9.748  60.301 0.0000000000
75126  33.746  -10.350  59.564 0.0000000000
74027  33.858  -11.265  59.298 0.0000000000
70617  35.223  -14.786  59.655 0.0000000000
70609  36.148  -14.796  59.937 0.0000000000
150474  36.573  -14.218  59.779 0.0000000000
71716  37.285  -13.976  59.858 0.0000000000
137801  24.685  -26.623  70.685 0.0000000000
57645  26.228  -26.466  71.208 0.0000000000
57646  25.405  -26.546  71.581 0.0000000000
57630  26.441  -26.538  72.590 0.0000000000
80152  39.976  -5.122  57.692 0.0000000000
145922  40.498  -5.104  56.166 0.0000000000
80158  40.045  -5.512  55.726 0.0000000000
80166  39.619  -6.047  55.561 0.0000000000
53099  11.975  -31.351  79.966 0.0000000000
51910  12.035  -31.602  80.650 0.0000000000
51911  11.534  -31.891  80.173 0.0000000000
51900  11.704  -32.085  80.968 0.0000000000
47228  5.536  -35.831  84.138 0.0000000000
146215  3.549  -36.355  85.529 0.0000000000
46106  2.511  -36.643  85.105 0.0000000000
128743  4.083  -31.146  83.597 0.0000000000
50651  3.982  -31.967  82.912 0.0000000000
47243  0.443  -35.442  83.605 0.0000000000
46120  0.919  -36.064  83.594 0.0000000000
44935  -0.114  -37.183  84.194 0.0000000000
43856  -0.182  -38.043  84.455 0.0000000000
44928  -1.689  -37.400  84.898 0.0000000000
135852  -3.160  -36.066  86.934 0.0000000000
44917  -3.352  -36.856  86.862 0.0000000000
44910  -4.431  -37.395  87.568 0.0000000000
44911  -4.955  -37.430  88.301 0.0000000000
43744  -6.444  -37.945  89.702 0.0000000000
57661  22.211  -26.046  70.116 0.0000000000
144400  20.660  -26.271  71.502 0.0000000000
57616  21.490  -26.889  73.030 0.0000000000
56479  21.917  -27.274  73.760 0.0000000000
58774  16.511  -25.486  73.154 0.0000000000
57600  16.809  -26.969  73.651 0.0000000000
56465  17.263  -27.398  74.349 0.0000000000
148752  17.827  -28.617  77.273 0.0000000000
76204  41.939  -9.739  56.153 0.0000000000
71663  28.980  -13.421  64.140 0.0000000000
70554  29.704  -14.183  63.224 0.0000000000
70576  29.989  -14.885  62.666 0.0000000000
70577  29.128  -14.695  62.838 0.0000000000
68491  29.441  -17.197  62.577 0.0000000000
66340  25.579  -18.238  66.599 0.0000000000
67452  25.718  -17.559  66.333 0.0000000000
66356  26.949  -17.799  65.521 0.0000000000
67464  30.253  -17.440  65.980 0.0000000000
66354  30.702  -18.030  65.183 0.0000000000
66379  30.275  -18.587  64.379 0.0000000000
66378  31.193  -18.747  64.628 0.0000000000
66377  31.929  -18.860  64.906 0.0000000000
65289  32.599  -19.214  64.812 0.0000000000
65305  33.459  -19.530  64.617 0.0000000000
65288  33.173  -19.326  65.464 0.0000000000
135392  28.997  -26.049  72.221 0.0000000000
143250  29.605  -25.696  72.113 0.0000000000
58779  30.245  -25.442  72.451 0.0000000000
58769  30.966  -25.154  72.881 0.0000000000
84085  54.547  -2.061  45.541 0.0000000000
82206  53.754  -3.269  45.834 0.0000000000
143005  49.579  -2.124  48.296 0.0000000000
83132  49.811  -2.976  48.086 0.0000000000
79243  51.830  -6.265  47.540 0.0000000000
79254  52.876  -5.950  46.737 0.0000000000
56416  11.691  -27.347  76.797 0.0000000000
56417  11.169  -27.875  77.162 0.0000000000
130018  13.058  -25.239  76.906 0.0000000000
58713  12.528  -25.592  77.303 0.0000000000
78182  47.007  -7.852  53.780 0.0000000000
77224  46.086  -7.964  53.476 0.0000000000
137408  44.901  -8.690  53.923 0.0000000000
77195  45.669  -9.223  55.128 0.0000000000
63142  27.239  -21.718  68.966 0.0000000000
63149  26.990  -21.494  68.077 0.0000000000
61102  27.676  -23.511  67.255 0.0000000000
61101  28.470  -23.704  67.185 0.0000000000
61100  29.341  -23.694  67.174 0.0000000000
83105  43.685  -2.553  53.683 0.0000000000
81216  42.982  -4.097  53.301 0.0000000000
83109  43.688  -2.751  52.932 0.0000000000
83113  44.286  -2.390  52.504 0.0000000000
83119  44.439  -2.764  51.765 0.0000000000
82164  44.962  -2.877  51.188 0.0000000000
126283  45.648  -3.087  50.665 0.0000000000
140881  44.789  -4.234  50.954 0.0000000000
79204  44.636  -5.955  52.004 0.0000000000
150716  45.038  -5.663  51.540 0.0000000000
79203  45.358  -6.239  51.841 0.0000000000
79139  38.225  -6.444  57.215 0.0000000000
78146  37.389  -7.462  57.552 0.0000000000
78147  36.722  -7.818  57.937 0.0000000000
76172  36.569  -9.774  57.855 0.0000000000
72834  32.607  -12.829  60.329 0.0000000000
72859  32.868  -12.309  59.928 0.0000000000
71731  32.989  -13.140  59.809 0.0000000000
70618  34.277  -14.628  59.545 0.0000000000
69532  34.634  -15.390  59.859 0.0000000000
69520  35.613  -15.543  60.201 0.0000000000
68520  36.175  -15.988  60.735 0.0000000000
67516  37.160  -17.017  62.829 0.0000000000
67500  36.666  -17.641  63.255 0.0000000000
66418  35.992  -18.031  62.808 0.0000000000
67480  36.835  -17.787  64.136 0.0000000000
56476  24.805  -26.953  74.036 0.0000000000
57597  25.714  -26.895  74.149 0.0000000000
56458  25.215  -27.243  74.813 0.0000000000
80154  38.663  -5.900  57.580 0.0000000000
50714  9.426  -32.773  79.270 0.0000000000
50698  9.861  -33.116  79.964 0.0000000000
48353  9.260  -34.813  81.549 0.0000000000
127313  6.251  -35.694  83.781 0.0000000000
50630  0.254  -32.078  85.038 0.0000000000
151651  -0.765  -34.148  85.069 0.0000000000
48311  -1.141  -34.731  85.207 0.0000000000
48298  -1.793  -34.569  86.039 0.0000000000
47198  -2.511  -34.783  86.877 0.0000000000
49426  -1.966  -33.446  87.431 0.0000000000
61062  21.172  -23.417  70.461 0.0000000000
57651  19.856  -26.078  71.593 0.0000000000
55378  16.690  -28.717  77.345 0.0000000000
55377  17.320  -28.814  77.677 0.0000000000
74063  42.049  -11.388  58.032 0.0000000000
70522  27.389  -14.419  64.967 0.0000000000
70538  27.715  -15.060  64.183 0.0000000000
65275  29.158  -19.027  66.680 0.0000000000
66323  29.877  -18.071  67.680 0.0000000000
66322  30.230  -17.734  68.194 0.0000000000
67437  30.175  -17.338  67.609 0.0000000000
140336  30.848  -17.076  67.341 0.0000000000
84077  52.781  -1.578  46.611 0.0000000000
80249  49.570  -5.424  48.438 0.0000000000
40605  -6.972  -41.348  88.616 0.0000000000
77124  34.597  -8.584  61.552 0.0000000000
76131  34.542  -9.159  62.295 0.0000000000
73989  32.742  -11.460  61.027 0.0000000000
148108  32.643  -12.230  61.374 0.0000000000
74003  32.597  -12.185  60.621 0.0000000000
71717  32.448  -13.650  60.368 0.0000000000
68523  32.497  -16.026  60.589 0.0000000000
67529  32.490  -17.387  61.309 0.0000000000
54259  13.810  -30.238  79.035 0.0000000000
138690  12.715  -30.896  79.023 0.0000000000
51925  10.461  -31.891  78.837 0.0000000000
131977  9.547  -32.199  78.869 0.0000000000
50715  8.741  -32.531  79.090 0.0000000000
50716  7.995  -32.396  79.304 0.0000000000
53114  7.890  -31.039  79.448 0.0000000000
50699  7.331  -32.550  79.818 0.0000000000
50682  6.162  -32.648  80.983 0.0000000000
61002  18.252  -23.335  73.732 0.0000000000
60982  18.015  -23.551  74.427 0.0000000000
59906  17.036  -23.809  73.775 0.0000000000
59907  16.295  -24.029  74.020 0.0000000000
59923  15.934  -24.883  73.506 0.0000000000
56483  15.516  -26.420  73.610 0.0000000000
56467  14.977  -27.086  74.046 0.0000000000
58753  14.255  -25.075  75.005 0.0000000000
57602  14.076  -26.451  73.978 0.0000000000
55417  14.736  -27.935  74.615 0.0000000000
55397  14.730  -28.882  75.842 0.0000000000
54306  13.978  -29.154  75.725 0.0000000000
54296  14.312  -29.401  76.368 0.0000000000
54285  14.496  -29.560  77.115 0.0000000000
69421  26.055  -15.334  69.170 0.0000000000
68424  25.683  -16.115  68.813 0.0000000000
68425  25.307  -16.822  68.380 0.0000000000
67430  25.059  -17.399  67.891 0.0000000000
66311  25.173  -18.651  68.168 0.0000000000
140398  24.979  -18.028  67.818 0.0000000000
127110  26.610  -19.112  66.343 0.0000000000
63158  27.087  -21.128  67.547 0.0000000000
64192  27.667  -20.371  66.747 0.0000000000
142628  29.677  -19.732  67.115 0.0000000000
64179  31.546  -20.845  68.620 0.0000000000
84960  49.251  0.152  48.817 0.0000000000
84054  48.990  -0.558  48.686 0.0000000000
84055  48.386  -1.161  48.914 0.0000000000
84058  48.785  -2.063  48.640 0.0000000000
82177  48.570  -3.541  48.575 0.0000000000
81255  48.590  -4.334  48.555 0.0000000000
137516  46.179  -3.284  50.140 0.0000000000
81251  46.463  -3.994  49.590 0.0000000000
81250  47.229  -4.488  49.074 0.0000000000
81249  48.003  -4.865  48.783 0.0000000000
78198  41.680  -6.705  53.916 0.0000000000
78184  42.045  -7.463  54.090 0.0000000000
76205  41.089  -9.703  56.002 0.0000000000
75154  40.890  -10.692  57.205 0.0000000000
76185  38.764  -9.412  56.851 0.0000000000
72852  40.922  -12.271  59.241 0.0000000000
74022  39.504  -12.265  58.793 0.0000000000
76166  34.491  -9.186  59.598 0.0000000000
76165  35.091  -8.976  59.160 0.0000000000
144264  35.379  -9.715  58.809 0.0000000000
74049  36.603  -11.324  58.616 0.0000000000
72858  33.511  -12.579  59.496 0.0000000000
137248  33.902  -11.992  59.258 0.0000000000
71729  35.019  -13.378  59.266 0.0000000000
74025  35.987  -11.727  58.910 0.0000000000
71715  38.173  -13.712  59.905 0.0000000000
71714  39.110  -13.440  60.001 0.0000000000
57681  26.072  -26.090  68.843 0.0000000000
144984  26.860  -26.380  70.239 0.0000000000
57644  27.054  -26.407  70.925 0.0000000000
130467  27.721  -26.379  71.698 0.0000000000
82146  42.933  -3.737  54.744 0.0000000000
81206  42.290  -4.296  54.329 0.0000000000
81207  41.821  -4.798  54.028 0.0000000000
50697  10.684  -33.077  80.786 0.0000000000
50683  5.615  -32.488  81.494 0.0000000000
51892  5.592  -31.443  82.024 0.0000000000
49545  5.364  -33.203  81.663 0.0000000000
49524  4.044  -34.052  82.253 0.0000000000
148625  3.699  -35.031  82.837 0.0000000000
47240  3.215  -35.318  83.121 0.0000000000
50642  1.503  -32.082  83.865 0.0000000000
147954  1.982  -33.650  82.790 0.0000000000
49501  1.155  -33.831  83.257 0.0000000000
46113  2.416  -36.163  84.281 0.0000000000
46107  1.993  -37.021  85.041 0.0000000000
42770  -1.355  -39.953  85.878 0.0000000000
42771  -2.126  -39.822  85.633 0.0000000000
46108  -1.733  -36.498  85.036 0.0000000000
134843  -2.100  -38.619  85.198 0.0000000000
142106  -2.523  -39.209  85.518 0.0000000000
42758  -4.048  -40.032  86.341 0.0000000000
41637  -4.764  -40.181  86.785 0.0000000000
137515  -5.728  -40.281  88.015 0.0000000000
43782  -5.247  -38.185  88.431 0.0000000000
42716  -5.434  -38.818  88.544 0.0000000000
41623  -6.479  -40.524  88.631 0.0000000000
41607  -6.737  -39.825  89.192 0.0000000000
67409  25.790  -17.835  70.619 0.0000000000
61091  25.602  -23.722  67.941 0.0000000000
59995  25.016  -24.362  68.207 0.0000000000
57632  24.284  -26.585  72.430 0.0000000000
58803  21.479  -25.468  70.212 0.0000000000
57650  21.473  -26.464  71.535 0.0000000000
57614  23.741  -26.692  72.830 0.0000000000
59920  17.815  -23.718  72.967 0.0000000000
58772  17.868  -25.690  72.681 0.0000000000
57618  18.985  -26.936  73.084 0.0000000000
56464  18.092  -27.376  74.531 0.0000000000
56430  17.825  -27.956  76.151 0.0000000000
128139  18.878  -27.565  74.553 0.0000000000
143330  20.089  -27.438  73.971 0.0000000000
77216  42.549  -8.206  54.385 0.0000000000
77197  43.131  -8.920  54.850 0.0000000000
76203  42.838  -9.824  56.235 0.0000000000
131583  43.729  -9.978  56.314 0.0000000000
74044  42.649  -11.565  58.112 0.0000000000
70552  31.683  -14.843  63.493 0.0000000000
69487  30.253  -15.734  62.373 0.0000000000
69486  30.890  -15.970  62.059 0.0000000000
67530  31.695  -17.268  61.697 0.0000000000
69430  25.826  -15.470  68.144 0.0000000000
134343  25.892  -15.380  67.109 0.0000000000
132808  25.930  -16.733  66.269 0.0000000000
69445  26.060  -15.878  66.259 0.0000000000
70513  26.287  -14.901  66.244 0.0000000000
69451  27.025  -15.348  64.864 0.0000000000
66337  28.817  -18.285  66.288 0.0000000000
150869  29.527  -17.490  65.789 0.0000000000
67466  28.268  -17.558  65.113 0.0000000000
68460  28.016  -16.627  63.871 0.0000000000
67520  28.821  -17.058  62.852 0.0000000000
148285  29.503  -17.852  62.689 0.0000000000
66401  30.035  -18.766  63.534 0.0000000000
126243  30.441  -18.589  62.812 0.0000000000
127607  31.837  -18.593  62.383 0.0000000000
65339  32.635  -18.824  62.325 0.0000000000
150596  33.912  -19.006  62.651 0.0000000000
65320  34.188  -19.261  63.212 0.0000000000
65303  34.874  -19.285  63.841 0.0000000000
126690  34.170  -19.594  64.862 0.0000000000
127656  34.803  -19.487  64.682 0.0000000000
144077  35.412  -19.413  65.292 0.0000000000
58819  26.905  -25.893  68.774 0.0000000000
148460  27.587  -25.745  68.660 0.0000000000
58840  29.037  -25.270  68.774 0.0000000000
59975  29.961  -24.839  68.880 0.0000000000
59974  30.937  -24.205  69.663 0.0000000000
59929  31.587  -24.664  72.591 0.0000000000
134109  31.580  -24.469  71.922 0.0000000000
59942  31.874  -24.084  71.598 0.0000000000
61039  31.839  -23.775  70.979 0.0000000000
61058  31.806  -23.554  70.323 0.0000000000
62120  32.588  -22.490  70.092 0.0000000000
84056  49.984  -1.342  48.072 0.0000000000
84977  51.046  -0.856  47.630 0.0000000000
84976  51.728  -0.713  47.331 0.0000000000
84066  52.080  -1.608  47.057 0.0000000000
83152  52.483  -2.452  46.737 0.0000000000
81253  50.179  -4.771  48.023 0.0000000000
81266  50.817  -4.143  47.614 0.0000000000
82188  51.500  -3.627  47.384 0.0000000000
83143  51.983  -3.123  47.126 0.0000000000
83151  53.176  -2.904  46.284 0.0000000000
81282  53.708  -4.134  45.746 0.0000000000
81281  54.200  -4.548  45.272 0.0000000000
41658  -1.958  -40.268  85.949 0.0000000000
41659  -2.461  -40.182  85.846 0.0000000000
49522  10.052  -34.291  81.918 0.0000000000
51913  6.831  -31.638  80.214 0.0000000000
58789  28.483  -26.150  71.557 0.0000000000
58798  30.152  -25.013  70.520 0.0000000000
58800  28.682  -25.911  70.717 0.0000000000
58815  30.334  -24.699  69.699 0.0000000000
58818  28.217  -25.753  69.096 0.0000000000
59973  31.470  -23.652  69.688 0.0000000000
60005  29.907  -24.067  67.544 0.0000000000
62121  31.964  -23.074  69.887 0.0000000000
66324  25.316  -18.512  67.312 0.0000000000
66333  33.302  -18.774  66.816 0.0000000000
66398  35.448  -18.831  63.628 0.0000000000
68490  30.103  -16.977  62.312 0.0000000000
70619  33.373  -14.537  59.710 0.0000000000
76140  33.473  -10.018  61.067 0.0000000000
135206  55.095  -1.811  45.043 0.0000000000
137026  18.149  -27.842  75.708 0.0000000000
146786  30.550  -24.432  69.023 0.0000000000
149109  29.311  -17.720  64.897 0.0000000000
150630  45.552  -7.947  53.384 0.0000000000
150644  13.645  -27.459  74.581 0.0000000000
