#!ascii label  , from subject sub-v1s9x0051329_ses-1 vox2ras=TkReg
1214
137378  12.941  -23.040  81.265 0.0000000000
57430  27.308  -25.990  85.789 0.0000000000
78120  36.978  -6.723  61.073 0.0000000000
70482  26.451  -14.611  69.528 0.0000000000
65187  31.431  -19.447  78.020 0.0000000000
85827  51.328  1.548  49.605 0.0000000000
75069  37.079  -10.254  64.815 0.0000000000
70534  32.840  -14.391  64.656 0.0000000000
55317  8.572  -27.852  80.088 0.0000000000
144333  19.599  -25.180  82.935 0.0000000000
57527  23.214  -25.270  79.810 0.0000000000
60934  15.937  -23.525  77.712 0.0000000000
82144  44.306  -2.870  55.598 0.0000000000
59708  16.163  -23.650  85.882 0.0000000000
59742  10.797  -24.270  85.401 0.0000000000
80137  43.669  -5.251  60.083 0.0000000000
53060  6.528  -29.555  84.504 0.0000000000
143468  2.291  -31.061  84.763 0.0000000000
75026  30.601  -9.984  68.725 0.0000000000
68365  28.229  -16.699  73.929 0.0000000000
62093  27.976  -22.969  72.139 0.0000000000
143394  26.459  -24.731  75.950 0.0000000000
73921  37.605  -12.502  67.168 0.0000000000
72776  34.971  -12.684  64.902 0.0000000000
71602  34.340  -12.923  66.982 0.0000000000
77088  39.617  -8.725  67.088 0.0000000000
57545  11.673  -25.701  78.760 0.0000000000
56402  10.220  -27.629  78.396 0.0000000000
57501  10.760  -25.775  80.585 0.0000000000
59778  16.879  -23.069  81.954 0.0000000000
59797  17.793  -23.776  80.132 0.0000000000
59815  14.115  -23.287  79.371 0.0000000000
130018  13.058  -25.239  76.906 0.0000000000
79128  37.394  -6.053  59.223 0.0000000000
79102  39.386  -6.619  62.690 0.0000000000
141679  40.189  -5.704  60.629 0.0000000000
80147  40.261  -5.359  58.676 0.0000000000
138118  9.869  -25.588  87.154 0.0000000000
56342  8.602  -27.188  85.022 0.0000000000
55224  8.342  -27.827  87.485 0.0000000000
125979  2.332  -29.821  89.996 0.0000000000
51845  3.318  -29.857  86.811 0.0000000000
51833  0.594  -31.003  87.227 0.0000000000
49425  -1.295  -32.866  86.895 0.0000000000
49389  -2.346  -32.983  89.536 0.0000000000
70384  30.005  -14.410  76.229 0.0000000000
67360  30.360  -18.338  76.483 0.0000000000
65228  28.270  -19.988  73.670 0.0000000000
63095  29.132  -21.412  75.721 0.0000000000
58732  20.957  -24.062  77.002 0.0000000000
58707  24.565  -25.197  77.375 0.0000000000
143760  22.720  -24.117  75.621 0.0000000000
60998  23.817  -23.368  73.240 0.0000000000
137879  27.734  -11.974  69.333 0.0000000000
72756  28.414  -12.151  66.385 0.0000000000
70513  26.287  -14.901  66.244 0.0000000000
86759  54.556  1.635  47.828 0.0000000000
85845  51.809  0.108  47.603 0.0000000000
77116  36.585  -8.570  63.450 0.0000000000
133218  34.583  -10.941  63.393 0.0000000000
77106  38.993  -7.966  64.691 0.0000000000
150603  22.876  -26.748  83.900 0.0000000000
57481  25.835  -25.736  82.923 0.0000000000
137337  21.088  -25.512  81.371 0.0000000000
59830  19.578  -24.070  78.736 0.0000000000
59886  17.565  -23.798  75.661 0.0000000000
83084  46.961  -2.931  57.013 0.0000000000
84023  47.779  -0.598  55.446 0.0000000000
85808  47.560  0.340  53.105 0.0000000000
84956  48.218  0.017  50.162 0.0000000000
125945  14.752  -23.112  83.474 0.0000000000
59752  11.900  -23.694  83.322 0.0000000000
140489  13.821  -23.550  85.610 0.0000000000
58610  17.994  -24.361  84.380 0.0000000000
81184  44.186  -4.190  57.804 0.0000000000
57488  9.377  -26.261  82.772 0.0000000000
54182  7.387  -28.686  83.325 0.0000000000
51891  6.015  -30.701  82.635 0.0000000000
141711  6.269  -29.890  86.978 0.0000000000
132146  5.316  -30.571  84.816 0.0000000000
144900  -4.782  -36.364  90.144 0.0000000000
73902  33.513  -10.942  68.748 0.0000000000
72671  28.331  -12.313  71.923 0.0000000000
129832  29.212  -13.338  74.292 0.0000000000
133711  27.115  -15.975  72.169 0.0000000000
65239  27.149  -19.312  71.904 0.0000000000
63135  28.000  -21.668  70.607 0.0000000000
62125  25.732  -22.518  70.006 0.0000000000
58648  26.781  -24.143  80.686 0.0000000000
59828  27.627  -23.525  78.561 0.0000000000
60958  28.596  -22.707  76.341 0.0000000000
60995  27.300  -24.065  73.493 0.0000000000
125339  25.035  -22.780  71.796 0.0000000000
71624  31.048  -12.461  66.144 0.0000000000
70554  29.704  -14.183  63.224 0.0000000000
72719  36.921  -12.597  68.748 0.0000000000
71601  35.956  -12.439  67.022 0.0000000000
147604  35.550  -11.992  67.738 0.0000000000
75024  38.828  -10.992  68.515 0.0000000000
58668  12.153  -24.510  79.877 0.0000000000
58669  11.626  -25.270  79.590 0.0000000000
58653  11.667  -24.834  80.462 0.0000000000
125826  14.942  -22.703  82.032 0.0000000000
59799  15.325  -22.875  80.481 0.0000000000
59801  13.318  -23.335  79.691 0.0000000000
58690  12.747  -24.566  78.556 0.0000000000
79129  36.947  -6.287  59.971 0.0000000000
78114  38.009  -6.966  62.334 0.0000000000
79107  39.670  -6.069  62.021 0.0000000000
79117  38.504  -6.101  60.586 0.0000000000
125349  38.802  -5.902  59.762 0.0000000000
51792  0.517  -30.333  90.063 0.0000000000
51816  1.307  -30.112  88.615 0.0000000000
50589  -0.194  -31.224  88.732 0.0000000000
50616  -0.002  -31.723  86.849 0.0000000000
50590  -0.864  -31.914  88.329 0.0000000000
49426  -1.966  -33.446  87.431 0.0000000000
68315  30.846  -17.028  77.622 0.0000000000
66235  30.909  -18.581  77.125 0.0000000000
65218  29.723  -19.803  75.634 0.0000000000
64122  30.567  -20.261  76.968 0.0000000000
58595  28.225  -24.965  84.899 0.0000000000
59884  19.898  -23.445  75.988 0.0000000000
58751  22.198  -24.147  76.140 0.0000000000
59903  21.197  -23.184  75.223 0.0000000000
151114  21.761  -22.721  74.014 0.0000000000
71578  27.036  -13.234  69.464 0.0000000000
71591  26.847  -13.193  68.433 0.0000000000
147680  51.052  2.068  51.167 0.0000000000
86708  52.666  1.940  51.533 0.0000000000
86723  52.688  1.748  49.888 0.0000000000
86746  52.940  1.309  48.887 0.0000000000
150567  51.238  0.733  48.620 0.0000000000
76116  36.672  -9.671  64.324 0.0000000000
145032  35.608  -9.691  63.736 0.0000000000
75071  35.551  -10.404  64.138 0.0000000000
71658  33.842  -13.771  64.460 0.0000000000
72784  34.088  -12.813  63.688 0.0000000000
70573  32.973  -14.303  63.256 0.0000000000
76098  38.594  -9.790  66.349 0.0000000000
76114  37.846  -8.749  65.036 0.0000000000
77107  38.390  -8.081  64.400 0.0000000000
56391  9.296  -27.490  79.573 0.0000000000
54243  7.866  -29.127  80.208 0.0000000000
57472  20.893  -26.050  83.591 0.0000000000
145935  22.361  -26.294  82.647 0.0000000000
58635  20.565  -25.418  81.728 0.0000000000
59813  17.177  -23.580  78.852 0.0000000000
59812  18.131  -23.808  79.265 0.0000000000
59832  17.908  -23.675  78.224 0.0000000000
59866  18.491  -23.803  76.739 0.0000000000
139184  16.552  -23.655  76.805 0.0000000000
59869  14.927  -23.963  76.007 0.0000000000
65249  25.941  -19.233  69.333 0.0000000000
83088  45.643  -2.390  55.954 0.0000000000
84017  47.610  -1.301  56.019 0.0000000000
83095  45.982  -1.933  55.485 0.0000000000
84035  45.992  -1.288  53.162 0.0000000000
84951  46.741  -0.773  51.954 0.0000000000
84942  47.791  0.260  51.891 0.0000000000
59737  15.935  -23.443  84.512 0.0000000000
59738  14.366  -23.415  84.118 0.0000000000
140287  15.239  -23.635  85.723 0.0000000000
58598  17.471  -24.088  84.984 0.0000000000
59749  16.712  -23.310  83.879 0.0000000000
82128  45.847  -3.909  58.155 0.0000000000
81179  43.705  -4.670  58.458 0.0000000000
81188  40.640  -4.909  57.079 0.0000000000
125436  11.317  -23.897  83.986 0.0000000000
58611  10.452  -24.953  82.899 0.0000000000
58612  9.925  -25.266  83.973 0.0000000000
54163  7.682  -28.324  85.419 0.0000000000
55265  8.298  -27.550  84.005 0.0000000000
53071  7.162  -28.793  84.169 0.0000000000
53082  6.563  -29.937  82.810 0.0000000000
51880  6.254  -30.018  84.025 0.0000000000
144454  5.867  -29.960  88.348 0.0000000000
51861  2.812  -30.639  85.397 0.0000000000
51859  4.852  -30.549  85.604 0.0000000000
126066  3.250  -30.968  84.384 0.0000000000
51883  4.678  -31.261  82.943 0.0000000000
73856  28.975  -11.029  71.932 0.0000000000
68346  29.447  -15.446  74.899 0.0000000000
71496  29.715  -13.831  75.443 0.0000000000
139874  29.401  -14.649  74.545 0.0000000000
70421  28.645  -14.160  73.453 0.0000000000
141391  27.919  -15.962  73.344 0.0000000000
67397  26.705  -17.697  72.181 0.0000000000
67385  27.750  -17.632  73.481 0.0000000000
62105  28.456  -21.748  72.786 0.0000000000
64158  27.783  -20.880  71.635 0.0000000000
62122  28.099  -22.035  71.085 0.0000000000
62124  27.187  -22.142  69.901 0.0000000000
62109  26.320  -22.475  70.932 0.0000000000
133369  23.829  -25.430  81.120 0.0000000000
57494  26.053  -25.155  82.183 0.0000000000
57525  25.052  -24.520  79.853 0.0000000000
58727  25.255  -25.140  76.791 0.0000000000
58681  26.703  -24.374  78.828 0.0000000000
59847  27.352  -24.438  77.034 0.0000000000
60933  28.311  -22.944  77.478 0.0000000000
59860  27.968  -24.050  76.610 0.0000000000
133870  28.574  -23.469  75.396 0.0000000000
59897  26.833  -24.647  74.653 0.0000000000
128062  22.647  -22.669  71.519 0.0000000000
60997  24.392  -23.309  72.797 0.0000000000
73888  32.137  -10.738  69.054 0.0000000000
72723  32.798  -11.408  67.464 0.0000000000
73923  30.606  -10.915  67.173 0.0000000000
70521  28.005  -13.746  64.939 0.0000000000
71644  28.957  -12.912  64.805 0.0000000000
85854  54.573  0.264  46.482 0.0000000000
73950  37.289  -11.935  66.214 0.0000000000
72775  35.562  -12.114  65.081 0.0000000000
71638  36.409  -13.257  66.012 0.0000000000
126818  34.870  -13.364  65.862 0.0000000000
71641  33.381  -13.697  65.838 0.0000000000
76088  39.964  -8.798  68.474 0.0000000000
75046  38.842  -10.068  67.286 0.0000000000
57546  11.248  -26.434  78.417 0.0000000000
57532  10.582  -26.290  79.782 0.0000000000
57516  9.629  -26.465  80.895 0.0000000000
129584  17.775  -23.786  82.159 0.0000000000
59777  18.376  -24.062  81.359 0.0000000000
127155  17.485  -23.566  81.053 0.0000000000
60906  15.908  -23.146  80.068 0.0000000000
60924  15.318  -23.568  78.421 0.0000000000
137631  14.371  -23.995  76.876 0.0000000000
59836  13.412  -24.133  78.221 0.0000000000
58713  12.528  -25.592  77.303 0.0000000000
82146  42.933  -3.737  54.744 0.0000000000
59709  15.636  -23.567  86.644 0.0000000000
79099  41.502  -5.563  62.564 0.0000000000
147442  41.570  -5.790  61.383 0.0000000000
80139  41.937  -5.534  60.065 0.0000000000
80145  42.354  -5.332  59.160 0.0000000000
80140  40.511  -5.653  59.503 0.0000000000
80149  38.575  -5.684  58.357 0.0000000000
58571  10.265  -24.972  86.753 0.0000000000
57437  9.479  -25.613  85.740 0.0000000000
57438  9.207  -26.448  86.445 0.0000000000
55230  8.376  -27.614  86.707 0.0000000000
54125  7.402  -28.559  86.620 0.0000000000
125975  4.154  -29.714  88.301 0.0000000000
51815  3.221  -29.698  88.704 0.0000000000
51846  2.255  -29.899  87.168 0.0000000000
126285  1.741  -30.925  85.554 0.0000000000
129321  0.076  -31.894  85.870 0.0000000000
138627  30.258  -15.929  76.322 0.0000000000
142892  29.287  -17.545  75.195 0.0000000000
66266  28.016  -18.424  73.606 0.0000000000
66264  29.089  -18.918  74.905 0.0000000000
63114  28.729  -21.001  74.682 0.0000000000
62091  28.927  -22.189  73.427 0.0000000000
125698  21.873  -24.444  77.978 0.0000000000
57541  24.174  -25.002  78.825 0.0000000000
58730  22.818  -24.975  76.944 0.0000000000
58729  23.503  -25.162  76.622 0.0000000000
59880  24.240  -24.669  75.107 0.0000000000
59900  24.600  -24.452  74.328 0.0000000000
59901  23.775  -24.090  74.564 0.0000000000
125702  22.113  -22.682  73.217 0.0000000000
73906  29.188  -10.143  68.988 0.0000000000
73924  29.287  -10.723  67.192 0.0000000000
72743  27.994  -11.857  67.269 0.0000000000
71626  27.191  -13.395  66.418 0.0000000000
86744  54.475  1.748  48.759 0.0000000000
129155  53.039  0.528  47.612 0.0000000000
78112  36.680  -7.747  62.363 0.0000000000
77129  35.075  -8.040  61.301 0.0000000000
76130  35.342  -8.827  62.778 0.0000000000
73973  34.454  -11.801  63.655 0.0000000000
143969  33.826  -12.107  63.101 0.0000000000
78094  40.629  -7.087  66.415 0.0000000000
79084  40.983  -6.142  65.359 0.0000000000
79090  40.678  -6.274  64.415 0.0000000000
129814  39.439  -7.218  63.677 0.0000000000
78110  38.360  -7.544  63.054 0.0000000000
125950  25.196  -26.490  84.870 0.0000000000
57466  26.536  -25.942  84.244 0.0000000000
57468  24.426  -26.324  83.609 0.0000000000
57497  23.462  -25.965  81.891 0.0000000000
57513  22.203  -25.601  80.710 0.0000000000
58651  19.777  -24.513  80.812 0.0000000000
126755  20.327  -24.434  80.137 0.0000000000
58688  20.811  -24.431  78.795 0.0000000000
59849  19.895  -23.857  77.418 0.0000000000
59865  19.275  -23.634  76.492 0.0000000000
60961  18.330  -23.614  75.122 0.0000000000
85794  48.940  0.534  55.192 0.0000000000
84031  45.825  -1.326  53.942 0.0000000000
84935  47.247  -0.325  53.920 0.0000000000
85801  48.675  0.714  54.306 0.0000000000
85812  49.123  1.361  52.888 0.0000000000
128900  49.004  1.080  51.162 0.0000000000
85823  49.525  1.106  50.408 0.0000000000
84959  50.048  0.327  48.443 0.0000000000
59765  14.358  -22.953  82.544 0.0000000000
59781  12.345  -23.529  81.604 0.0000000000
125944  13.649  -23.306  83.226 0.0000000000
59740  12.314  -23.553  84.241 0.0000000000
129802  12.269  -23.542  85.110 0.0000000000
139568  14.934  -23.474  87.131 0.0000000000
59713  11.463  -23.857  86.871 0.0000000000
59701  11.045  -23.905  87.812 0.0000000000
57411  26.578  -26.193  86.542 0.0000000000
125949  24.259  -26.490  85.291 0.0000000000
127362  21.934  -26.843  84.619 0.0000000000
57473  20.074  -25.625  83.938 0.0000000000
58596  19.357  -25.328  84.487 0.0000000000
58609  18.632  -24.861  84.154 0.0000000000
126450  17.477  -23.677  83.187 0.0000000000
59764  15.331  -22.805  82.831 0.0000000000
82129  47.324  -3.382  57.948 0.0000000000
82131  45.453  -3.543  57.126 0.0000000000
82137  44.624  -3.239  56.443 0.0000000000
81181  41.866  -4.905  58.279 0.0000000000
81190  42.997  -4.074  56.648 0.0000000000
81197  43.016  -3.852  55.625 0.0000000000
131803  11.336  -24.656  81.428 0.0000000000
57502  10.326  -25.899  81.267 0.0000000000
56370  8.910  -26.886  81.419 0.0000000000
57475  8.798  -26.681  84.131 0.0000000000
56363  8.318  -27.501  82.972 0.0000000000
55304  7.965  -28.287  81.686 0.0000000000
54224  6.913  -29.599  81.817 0.0000000000
53090  6.423  -30.405  81.851 0.0000000000
53028  7.237  -29.226  87.662 0.0000000000
138706  6.578  -29.484  86.225 0.0000000000
51858  5.659  -30.318  85.851 0.0000000000
51871  6.090  -30.134  84.650 0.0000000000
51872  5.689  -30.472  83.945 0.0000000000
47168  -3.753  -34.613  90.123 0.0000000000
72702  35.045  -11.400  69.065 0.0000000000
75003  30.506  -9.606  70.379 0.0000000000
73876  28.314  -11.270  70.644 0.0000000000
72687  27.685  -12.558  70.581 0.0000000000
70465  27.197  -14.193  70.979 0.0000000000
71532  28.863  -12.908  73.562 0.0000000000
70452  27.785  -14.031  71.941 0.0000000000
69413  26.698  -15.100  70.939 0.0000000000
138229  26.035  -17.049  71.004 0.0000000000
66284  26.196  -18.688  70.904 0.0000000000
143905  27.288  -20.046  70.514 0.0000000000
65230  27.507  -19.123  72.582 0.0000000000
64159  27.476  -20.074  71.277 0.0000000000
64174  27.682  -21.360  69.736 0.0000000000
62139  26.894  -22.168  68.781 0.0000000000
62140  26.337  -22.525  69.140 0.0000000000
63060  31.423  -20.108  78.436 0.0000000000
57479  26.837  -25.240  82.842 0.0000000000
58620  27.721  -24.330  82.777 0.0000000000
58646  28.020  -23.541  81.352 0.0000000000
58664  25.618  -24.583  79.239 0.0000000000
58661  27.233  -23.788  80.157 0.0000000000
59809  29.032  -22.729  80.371 0.0000000000
60913  29.588  -22.309  79.868 0.0000000000
60931  29.718  -21.535  78.723 0.0000000000
63077  30.309  -20.805  77.724 0.0000000000
62044  28.801  -22.371  76.123 0.0000000000
60993  29.035  -23.139  74.100 0.0000000000
60994  27.971  -23.642  72.914 0.0000000000
59899  25.286  -24.312  73.895 0.0000000000
128447  26.120  -23.580  73.026 0.0000000000
61041  25.941  -22.771  71.741 0.0000000000
62110  25.274  -22.503  70.907 0.0000000000
72738  34.040  -12.219  67.363 0.0000000000
72739  32.600  -12.834  66.631 0.0000000000
71642  32.023  -13.825  65.554 0.0000000000
72754  30.379  -11.860  66.125 0.0000000000
72767  30.189  -12.867  65.023 0.0000000000
70536  31.156  -14.417  64.188 0.0000000000
84965  50.434  -0.473  47.921 0.0000000000
72699  36.908  -12.428  69.404 0.0000000000
72720  36.254  -12.076  68.347 0.0000000000
72700  36.477  -12.151  69.312 0.0000000000
73884  37.818  -11.880  69.166 0.0000000000
147765  12.638  -23.685  79.991 0.0000000000
58638  12.322  -23.796  80.687 0.0000000000
59780  14.040  -22.852  81.437 0.0000000000
59800  14.337  -22.887  80.326 0.0000000000
125523  13.180  -23.055  80.522 0.0000000000
78121  36.198  -6.848  60.506 0.0000000000
145714  37.571  -6.695  61.572 0.0000000000
79109  38.235  -6.378  61.487 0.0000000000
79118  37.695  -6.403  60.743 0.0000000000
50581  -0.198  -31.039  89.712 0.0000000000
51805  0.505  -30.519  89.122 0.0000000000
50582  -1.076  -31.597  89.341 0.0000000000
49388  -1.687  -32.401  88.916 0.0000000000
66210  31.426  -18.742  78.364 0.0000000000
67326  31.086  -18.079  77.967 0.0000000000
66234  31.265  -19.173  77.663 0.0000000000
65205  30.951  -19.796  77.017 0.0000000000
64121  31.114  -20.102  77.372 0.0000000000
58581  28.228  -25.279  85.674 0.0000000000
57429  27.623  -25.528  85.282 0.0000000000
59905  19.540  -23.159  75.076 0.0000000000
59904  20.533  -23.323  75.600 0.0000000000
60980  20.237  -22.883  74.671 0.0000000000
61000  20.119  -22.607  73.561 0.0000000000
70481  26.852  -13.955  69.977 0.0000000000
70494  26.594  -13.940  69.001 0.0000000000
86725  51.158  1.955  50.422 0.0000000000
86709  51.910  2.275  51.100 0.0000000000
86724  51.988  2.175  50.096 0.0000000000
86736  52.027  1.667  49.473 0.0000000000
85826  51.699  1.044  48.979 0.0000000000
85828  50.772  0.883  48.987 0.0000000000
75079  36.083  -9.904  64.119 0.0000000000
75070  36.229  -10.495  64.657 0.0000000000
70533  33.265  -14.233  64.178 0.0000000000
70551  32.578  -14.572  63.859 0.0000000000
70574  32.257  -14.824  62.986 0.0000000000
75058  38.085  -10.363  65.923 0.0000000000
76106  38.303  -9.380  65.590 0.0000000000
76107  37.676  -9.799  65.244 0.0000000000
76115  37.300  -9.287  64.611 0.0000000000
55337  8.957  -28.494  79.253 0.0000000000
55338  8.347  -28.606  79.903 0.0000000000
55318  8.124  -28.415  80.695 0.0000000000
58607  20.297  -25.578  83.005 0.0000000000
58622  20.606  -25.642  82.295 0.0000000000
58623  20.059  -25.284  82.285 0.0000000000
60923  16.239  -23.439  78.616 0.0000000000
59833  16.913  -23.543  77.892 0.0000000000
59850  17.692  -23.734  77.124 0.0000000000
59868  15.830  -23.732  75.942 0.0000000000
128434  15.435  -23.685  76.834 0.0000000000
65257  26.520  -19.983  68.881 0.0000000000
82143  44.983  -2.559  55.783 0.0000000000
83096  45.327  -2.121  55.235 0.0000000000
84046  46.322  -1.296  51.494 0.0000000000
59723  15.758  -23.560  85.247 0.0000000000
133791  14.989  -23.570  84.854 0.0000000000
58585  17.110  -23.955  85.807 0.0000000000
59722  16.584  -23.619  85.194 0.0000000000
80138  42.796  -5.473  60.122 0.0000000000
81174  44.077  -4.920  59.221 0.0000000000
81178  44.537  -4.578  58.533 0.0000000000
80144  43.261  -5.210  59.193 0.0000000000
59741  10.842  -24.268  84.589 0.0000000000
58599  10.579  -24.517  83.895 0.0000000000
58600  10.128  -24.918  84.910 0.0000000000
53059  7.046  -28.914  85.033 0.0000000000
55251  7.549  -28.489  84.722 0.0000000000
144843  6.749  -29.247  84.184 0.0000000000
53072  6.490  -29.754  83.702 0.0000000000
51813  5.570  -30.039  88.985 0.0000000000
51860  3.846  -30.521  85.398 0.0000000000
128743  4.083  -31.146  83.597 0.0000000000
68364  28.907  -16.058  74.557 0.0000000000
69366  29.124  -15.262  74.370 0.0000000000
69367  28.569  -15.613  73.938 0.0000000000
68383  27.518  -16.836  73.200 0.0000000000
62106  28.167  -22.253  71.878 0.0000000000
62107  27.849  -22.334  71.295 0.0000000000
61040  27.078  -22.818  71.646 0.0000000000
57511  23.636  -25.278  80.230 0.0000000000
57510  24.440  -24.828  80.511 0.0000000000
137415  23.740  -25.055  79.487 0.0000000000
59862  25.932  -24.980  76.314 0.0000000000
59848  26.670  -24.820  76.737 0.0000000000
59861  27.199  -24.410  76.076 0.0000000000
59878  27.385  -24.473  75.122 0.0000000000
140960  26.710  -24.717  75.308 0.0000000000
75015  31.544  -10.134  69.194 0.0000000000
73904  31.671  -10.661  68.369 0.0000000000
73905  30.879  -10.449  67.888 0.0000000000
73938  37.590  -12.113  66.752 0.0000000000
72764  37.015  -12.604  65.941 0.0000000000
71617  36.891  -13.164  66.554 0.0000000000
126779  35.334  -12.566  67.004 0.0000000000
71619  35.622  -13.253  66.308 0.0000000000
71620  34.670  -13.258  66.431 0.0000000000
71640  34.084  -13.567  65.808 0.0000000000
71621  33.870  -13.368  66.425 0.0000000000
77079  40.563  -8.386  69.023 0.0000000000
73920  37.994  -12.020  67.763 0.0000000000
75025  38.592  -11.156  67.735 0.0000000000
73937  37.947  -11.650  67.134 0.0000000000
75047  38.251  -10.680  66.827 0.0000000000
58654  11.191  -25.583  80.099 0.0000000000
57531  11.201  -26.022  79.282 0.0000000000
56380  9.775  -26.686  80.015 0.0000000000
57515  10.280  -26.231  80.513 0.0000000000
59814  15.008  -23.102  79.763 0.0000000000
60915  15.616  -23.345  79.271 0.0000000000
59834  14.732  -23.505  78.975 0.0000000000
139426  14.301  -23.782  78.046 0.0000000000
59835  13.953  -23.629  78.693 0.0000000000
58691  12.240  -25.460  78.117 0.0000000000
79100  40.662  -5.834  62.969 0.0000000000
125921  40.158  -6.052  62.559 0.0000000000
126275  39.964  -5.686  61.300 0.0000000000
127489  40.931  -5.771  61.185 0.0000000000
79114  41.586  -5.786  60.820 0.0000000000
79115  40.752  -5.766  60.307 0.0000000000
139377  41.227  -5.696  59.978 0.0000000000
79126  39.807  -5.792  59.794 0.0000000000
79127  38.035  -5.638  58.960 0.0000000000
80142  39.052  -5.611  59.067 0.0000000000
131965  9.686  -25.630  86.537 0.0000000000
145736  9.526  -26.224  86.946 0.0000000000
56323  8.915  -27.099  86.754 0.0000000000
54143  7.791  -28.127  86.275 0.0000000000
54124  7.918  -28.193  87.074 0.0000000000
51803  3.229  -29.800  89.520 0.0000000000
51832  1.301  -30.262  87.637 0.0000000000
51847  1.392  -30.628  86.572 0.0000000000
150079  1.128  -31.065  85.955 0.0000000000
51863  0.782  -31.401  85.351 0.0000000000
51848  0.647  -31.285  86.315 0.0000000000
50603  -0.748  -32.133  87.353 0.0000000000
50617  -0.600  -32.386  86.368 0.0000000000
49407  -2.246  -33.218  88.454 0.0000000000
141562  -2.650  -33.948  88.299 0.0000000000
48270  -2.838  -33.635  89.125 0.0000000000
67344  30.461  -17.588  76.691 0.0000000000
148461  30.706  -16.314  77.389 0.0000000000
68327  30.072  -16.645  76.124 0.0000000000
67345  29.811  -17.675  75.913 0.0000000000
66259  29.456  -18.359  75.377 0.0000000000
141772  29.429  -20.790  75.860 0.0000000000
64140  29.259  -20.428  75.373 0.0000000000
63106  28.895  -21.541  74.852 0.0000000000
63115  28.802  -21.534  73.927 0.0000000000
146687  29.090  -21.925  74.217 0.0000000000
58710  21.378  -24.329  77.515 0.0000000000
58709  22.757  -24.823  77.680 0.0000000000
127267  22.190  -24.547  77.293 0.0000000000
59882  22.084  -23.570  75.516 0.0000000000
58750  22.961  -24.730  76.153 0.0000000000
58749  23.850  -24.947  75.857 0.0000000000
59881  23.443  -24.383  75.364 0.0000000000
138600  22.823  -23.694  74.850 0.0000000000
73890  28.284  -11.144  69.403 0.0000000000
72725  27.870  -11.613  68.338 0.0000000000
70512  26.534  -13.997  66.789 0.0000000000
71605  26.849  -13.202  67.363 0.0000000000
85844  52.408  0.498  47.940 0.0000000000
85831  53.146  1.013  48.270 0.0000000000
84975  52.470  -0.043  47.143 0.0000000000
84976  51.728  -0.713  47.331 0.0000000000
77121  36.900  -8.107  63.003 0.0000000000
77122  36.077  -8.322  62.736 0.0000000000
75080  34.938  -10.243  63.647 0.0000000000
76124  35.029  -9.458  63.206 0.0000000000
75087  34.386  -10.265  62.817 0.0000000000
75088  33.663  -10.781  62.301 0.0000000000
73962  35.009  -11.874  64.384 0.0000000000
72777  34.569  -12.469  64.233 0.0000000000
71690  33.129  -13.668  62.614 0.0000000000
72785  33.501  -12.862  62.866 0.0000000000
72798  32.934  -12.909  62.018 0.0000000000
137402  40.514  -8.109  68.009 0.0000000000
128353  40.731  -7.544  67.326 0.0000000000
137274  40.090  -8.028  66.965 0.0000000000
78098  39.490  -7.533  65.066 0.0000000000
78097  40.137  -6.998  65.504 0.0000000000
132739  40.091  -6.793  64.735 0.0000000000
78101  40.199  -6.711  63.918 0.0000000000
78102  39.443  -7.379  64.316 0.0000000000
77115  37.426  -8.208  63.565 0.0000000000
77114  38.093  -8.088  63.816 0.0000000000
78111  37.549  -7.730  62.830 0.0000000000
57452  24.537  -26.474  84.438 0.0000000000
125947  25.214  -26.373  84.114 0.0000000000
57469  23.420  -26.476  83.400 0.0000000000
57500  21.087  -25.846  81.925 0.0000000000
57498  22.571  -26.071  81.836 0.0000000000
57499  21.777  -25.821  81.402 0.0000000000
134811  22.464  -25.905  81.103 0.0000000000
57514  21.455  -25.296  80.757 0.0000000000
59796  18.250  -23.972  80.635 0.0000000000
58652  18.967  -24.186  80.703 0.0000000000
127337  18.633  -24.033  80.011 0.0000000000
59831  18.813  -23.863  78.562 0.0000000000
145520  19.128  -24.093  79.330 0.0000000000
126343  20.083  -24.247  79.252 0.0000000000
58666  20.751  -24.427  79.500 0.0000000000
58689  20.267  -24.245  78.296 0.0000000000
142019  17.892  -24.004  76.291 0.0000000000
59885  18.310  -23.886  75.827 0.0000000000
138233  18.928  -23.498  75.545 0.0000000000
60962  17.808  -23.668  75.017 0.0000000000
58733  13.669  -24.833  76.439 0.0000000000
83085  48.364  -1.957  57.456 0.0000000000
127931  48.360  -0.648  56.239 0.0000000000
84927  49.286  0.338  56.056 0.0000000000
84928  48.533  -0.028  55.694 0.0000000000
83107  44.789  -1.815  53.846 0.0000000000
83103  45.014  -1.952  54.546 0.0000000000
84938  46.945  -0.291  53.154 0.0000000000
84939  46.495  -0.873  53.569 0.0000000000
85802  47.917  0.392  53.904 0.0000000000
85807  48.447  0.850  53.421 0.0000000000
85806  49.339  1.229  53.826 0.0000000000
135641  48.278  0.730  52.463 0.0000000000
84949  47.937  0.199  51.021 0.0000000000
85818  48.435  0.668  51.527 0.0000000000
85824  48.665  0.586  50.680 0.0000000000
84955  49.036  0.345  49.820 0.0000000000
126150  13.258  -23.057  82.124 0.0000000000
59725  14.074  -23.573  84.830 0.0000000000
59739  13.418  -23.520  84.125 0.0000000000
126027  13.145  -23.597  84.926 0.0000000000
59726  12.787  -23.431  85.758 0.0000000000
125538  13.152  -23.493  87.337 0.0000000000
59712  12.391  -23.457  86.643 0.0000000000
147757  10.833  -24.440  87.035 0.0000000000
125955  25.224  -26.450  85.767 0.0000000000
57455  20.725  -26.178  84.500 0.0000000000
58597  18.217  -24.660  84.984 0.0000000000
150160  18.791  -25.067  84.933 0.0000000000
58625  18.101  -24.285  83.626 0.0000000000
59735  17.460  -23.891  84.102 0.0000000000
59750  15.694  -23.139  83.674 0.0000000000
81183  45.004  -4.080  57.927 0.0000000000
82132  44.638  -3.759  57.249 0.0000000000
82133  43.900  -3.765  57.012 0.0000000000
80146  41.298  -5.398  59.106 0.0000000000
80151  40.837  -4.816  58.118 0.0000000000
81192  41.170  -4.695  56.335 0.0000000000
81187  41.464  -4.590  57.367 0.0000000000
81191  42.020  -4.367  56.583 0.0000000000
151332  42.394  -4.167  55.916 0.0000000000
126436  12.429  -23.510  82.589 0.0000000000
58626  11.707  -23.993  81.886 0.0000000000
59766  11.615  -23.911  82.599 0.0000000000
57487  10.070  -25.698  82.280 0.0000000000
57503  9.536  -26.316  81.831 0.0000000000
57458  8.978  -26.379  85.523 0.0000000000
57457  9.407  -25.713  84.838 0.0000000000
147153  8.947  -26.355  84.731 0.0000000000
140309  7.852  -28.042  83.447 0.0000000000
55286  7.847  -28.160  82.655 0.0000000000
56371  8.366  -27.537  82.020 0.0000000000
54223  7.544  -28.951  81.235 0.0000000000
54201  7.436  -28.838  82.293 0.0000000000
53083  6.219  -30.517  82.508 0.0000000000
51892  5.592  -31.443  82.024 0.0000000000
51827  6.547  -29.871  87.539 0.0000000000
53029  6.651  -29.585  87.107 0.0000000000
142182  6.980  -29.037  86.890 0.0000000000
51841  6.290  -29.852  86.348 0.0000000000
126575  4.228  -29.729  87.363 0.0000000000
51857  6.086  -30.095  85.682 0.0000000000
140393  5.843  -30.280  85.009 0.0000000000
48247  -3.413  -33.827  90.541 0.0000000000
129447  -4.639  -35.851  90.209 0.0000000000
47169  -4.235  -35.077  90.561 0.0000000000
75001  32.576  -10.051  70.137 0.0000000000
74985  30.006  -9.825  71.366 0.0000000000
75004  29.521  -10.068  70.777 0.0000000000
142242  29.315  -10.412  71.524 0.0000000000
73857  28.501  -11.514  71.593 0.0000000000
71562  27.839  -12.811  71.299 0.0000000000
71563  27.376  -13.268  70.507 0.0000000000
71546  27.657  -13.497  71.387 0.0000000000
71508  29.561  -13.886  74.864 0.0000000000
71519  29.020  -13.645  73.900 0.0000000000
69388  27.640  -15.429  72.714 0.0000000000
70435  27.967  -14.545  72.686 0.0000000000
69402  27.251  -14.958  71.870 0.0000000000
69403  26.706  -15.726  71.521 0.0000000000
68407  26.184  -16.072  70.794 0.0000000000
67398  26.257  -17.785  71.414 0.0000000000
66283  26.633  -18.611  71.714 0.0000000000
65240  26.822  -19.417  71.117 0.0000000000
65221  28.189  -19.185  73.679 0.0000000000
145423  27.839  -18.938  73.131 0.0000000000
65229  27.944  -19.596  72.942 0.0000000000
64168  27.792  -20.804  70.490 0.0000000000
130656  27.569  -21.824  69.843 0.0000000000
142211  26.623  -22.350  70.173 0.0000000000
62141  25.069  -22.606  68.966 0.0000000000
128658  26.434  -25.668  83.323 0.0000000000
57508  26.219  -24.613  81.187 0.0000000000
140752  26.635  -24.975  82.166 0.0000000000
58634  26.991  -24.469  81.552 0.0000000000
58632  28.199  -23.721  82.137 0.0000000000
58647  27.366  -23.850  81.061 0.0000000000
58685  23.918  -25.059  78.023 0.0000000000
57540  24.867  -24.765  78.966 0.0000000000
58683  25.477  -24.895  78.422 0.0000000000
132980  27.198  -24.127  78.266 0.0000000000
59811  27.651  -23.347  79.600 0.0000000000
59795  27.818  -23.366  80.560 0.0000000000
59810  28.272  -22.910  80.050 0.0000000000
59826  28.770  -22.571  79.520 0.0000000000
60932  28.923  -22.168  78.132 0.0000000000
62022  29.356  -21.726  77.897 0.0000000000
62021  30.239  -21.147  78.440 0.0000000000
62031  28.981  -21.989  77.069 0.0000000000
62043  29.379  -21.520  76.904 0.0000000000
60977  27.539  -24.270  74.304 0.0000000000
60976  28.430  -23.703  74.401 0.0000000000
129655  27.964  -23.959  73.697 0.0000000000
145523  28.464  -23.560  73.632 0.0000000000
59918  24.042  -23.886  73.898 0.0000000000
59917  24.556  -23.917  73.537 0.0000000000
126998  24.251  -22.794  71.961 0.0000000000
151208  24.905  -23.159  72.441 0.0000000000
61019  25.606  -23.177  72.449 0.0000000000
61018  26.481  -23.273  72.362 0.0000000000
72703  34.247  -11.224  68.823 0.0000000000
72721  34.532  -11.654  68.146 0.0000000000
72722  33.654  -11.367  67.868 0.0000000000
72753  31.721  -12.403  66.707 0.0000000000
134291  32.264  -12.080  67.166 0.0000000000
71623  31.777  -13.222  66.232 0.0000000000
126652  32.627  -13.577  66.047 0.0000000000
72742  28.846  -11.415  66.721 0.0000000000
73939  29.935  -11.293  66.529 0.0000000000
72755  29.455  -11.942  65.991 0.0000000000
71676  29.483  -13.639  63.769 0.0000000000
71662  29.667  -13.128  64.409 0.0000000000
71675  30.190  -13.799  63.828 0.0000000000
71661  30.621  -13.573  64.635 0.0000000000
70553  30.643  -14.610  63.354 0.0000000000
85853  55.390  0.893  46.455 0.0000000000
85862  55.833  0.271  45.700 0.0000000000
85861  56.805  0.980  45.448 0.0000000000
84056  49.984  -1.342  48.072 0.0000000000
72735  37.447  -12.475  67.583 0.0000000000
71600  36.917  -13.202  66.956 0.0000000000
71589  36.646  -12.539  67.521 0.0000000000
71590  36.062  -12.152  67.402 0.0000000000
72737  34.813  -12.162  67.609 0.0000000000
73901  38.286  -11.681  68.444 0.0000000000
130818  12.101  -24.909  79.022 0.0000000000
151279  11.504  -24.806  80.954 0.0000000000
59779  15.858  -22.666  82.005 0.0000000000
125330  16.208  -23.010  81.005 0.0000000000
126794  15.141  -22.710  81.209 0.0000000000
59816  13.325  -23.791  78.955 0.0000000000
140986  12.649  -24.111  79.324 0.0000000000
147209  38.723  -7.030  62.738 0.0000000000
79108  38.829  -6.492  62.127 0.0000000000
125674  39.068  -5.997  61.362 0.0000000000
79116  39.384  -5.806  60.551 0.0000000000
130595  37.984  -6.263  59.836 0.0000000000
58558  9.831  -25.389  87.840 0.0000000000
57402  9.446  -26.178  87.420 0.0000000000
57403  9.110  -26.743  87.639 0.0000000000
51817  0.534  -30.750  88.178 0.0000000000
50602  -0.105  -31.467  87.784 0.0000000000
49406  -1.483  -32.653  87.901 0.0000000000
68304  30.978  -17.279  77.991 0.0000000000
67327  30.840  -17.749  77.412 0.0000000000
66258  30.002  -18.698  75.980 0.0000000000
150579  30.650  -19.576  76.615 0.0000000000
64132  30.159  -20.143  76.191 0.0000000000
132285  29.734  -20.790  76.419 0.0000000000
59863  20.802  -23.797  76.321 0.0000000000
58731  21.620  -24.142  76.733 0.0000000000
59883  21.390  -23.715  75.958 0.0000000000
144235  21.934  -23.113  74.750 0.0000000000
60979  21.046  -22.756  74.316 0.0000000000
72705  27.485  -12.600  69.830 0.0000000000
72726  27.351  -12.508  68.894 0.0000000000
70503  26.402  -14.028  67.884 0.0000000000
86710  50.489  1.841  51.661 0.0000000000
86696  51.650  2.173  52.644 0.0000000000
130867  51.371  2.059  51.863 0.0000000000
86735  52.492  1.389  49.165 0.0000000000
85832  52.394  0.922  48.626 0.0000000000
85833  51.623  0.532  48.245 0.0000000000
76122  36.955  -8.830  64.069 0.0000000000
76129  35.812  -8.974  63.336 0.0000000000
76123  36.294  -9.258  63.837 0.0000000000
145185  34.361  -13.190  64.575 0.0000000000
148343  33.988  -13.379  64.062 0.0000000000
71674  33.569  -13.608  63.588 0.0000000000
76097  39.165  -9.246  66.757 0.0000000000
77093  39.421  -8.474  66.342 0.0000000000
77099  39.175  -8.244  65.449 0.0000000000
77108  37.630  -8.456  64.288 0.0000000000
55336  9.615  -27.969  78.786 0.0000000000
54244  7.162  -29.676  80.593 0.0000000000
57470  22.198  -26.756  83.956 0.0000000000
143478  22.615  -26.525  83.291 0.0000000000
128653  21.759  -26.363  83.227 0.0000000000
125642  17.306  -23.622  79.599 0.0000000000
131612  18.597  -23.707  77.651 0.0000000000
59867  17.315  -23.783  76.316 0.0000000000
132635  16.722  -23.656  75.738 0.0000000000
66293  25.743  -18.665  70.035 0.0000000000
83087  46.452  -2.328  56.239 0.0000000000
83086  47.460  -2.079  56.675 0.0000000000
83094  46.814  -1.788  55.742 0.0000000000
84025  46.364  -1.560  55.080 0.0000000000
84036  45.330  -1.554  53.499 0.0000000000
84040  45.451  -1.574  52.634 0.0000000000
84943  47.159  -0.090  52.409 0.0000000000
150087  47.663  0.334  52.469 0.0000000000
84045  46.922  -0.872  51.094 0.0000000000
84957  47.550  -0.419  50.612 0.0000000000
148888  15.121  -23.341  84.169 0.0000000000
59724  14.571  -23.627  85.448 0.0000000000
59736  16.882  -23.578  84.567 0.0000000000
81177  45.315  -4.464  58.729 0.0000000000
59753  11.116  -24.170  83.132 0.0000000000
57474  9.733  -25.702  83.248 0.0000000000
55250  8.065  -28.009  84.839 0.0000000000
55266  7.697  -28.284  84.118 0.0000000000
54202  7.043  -29.321  82.806 0.0000000000
54183  6.858  -29.304  83.519 0.0000000000
53073  6.261  -30.279  83.179 0.0000000000
141712  6.251  -29.929  87.937 0.0000000000
51828  6.107  -29.904  87.172 0.0000000000
151456  3.373  -30.247  86.065 0.0000000000
51844  4.325  -30.139  86.388 0.0000000000
51874  4.409  -30.741  84.587 0.0000000000
51873  4.977  -30.807  83.808 0.0000000000
74986  29.389  -10.480  71.987 0.0000000000
73837  28.912  -11.088  72.592 0.0000000000
72670  28.651  -11.739  72.388 0.0000000000
72655  28.601  -12.572  72.767 0.0000000000
69331  30.138  -15.125  76.032 0.0000000000
70396  29.780  -14.377  75.406 0.0000000000
70408  29.603  -14.319  74.871 0.0000000000
70409  29.369  -13.999  74.454 0.0000000000
70420  28.930  -14.783  73.983 0.0000000000
69387  28.286  -15.059  73.366 0.0000000000
68395  27.007  -16.846  72.540 0.0000000000
67386  27.184  -17.659  72.861 0.0000000000
66274  27.046  -18.498  72.435 0.0000000000
64149  28.432  -20.892  73.552 0.0000000000
64150  27.997  -20.430  72.721 0.0000000000
64157  28.070  -21.154  72.483 0.0000000000
63126  28.107  -21.671  71.707 0.0000000000
62123  27.856  -22.007  70.561 0.0000000000
62108  27.256  -22.340  70.737 0.0000000000
57496  24.369  -25.692  82.028 0.0000000000
57495  25.273  -25.382  82.215 0.0000000000
145365  24.779  -25.006  81.445 0.0000000000
57509  25.337  -24.583  80.800 0.0000000000
57524  25.823  -24.449  80.140 0.0000000000
58706  25.364  -25.113  77.654 0.0000000000
58726  26.056  -25.103  77.209 0.0000000000
58704  26.768  -24.776  77.767 0.0000000000
147341  27.683  -23.838  77.834 0.0000000000
59845  28.084  -23.431  77.761 0.0000000000
59846  27.927  -24.006  77.292 0.0000000000
59859  28.264  -23.617  77.026 0.0000000000
60947  28.342  -23.515  76.258 0.0000000000
143668  28.620  -23.119  75.992 0.0000000000
59877  27.938  -23.985  75.732 0.0000000000
60978  26.711  -24.281  73.969 0.0000000000
129671  22.912  -22.902  72.692 0.0000000000
61020  23.562  -22.881  72.278 0.0000000000
61042  24.302  -22.563  70.932 0.0000000000
61059  23.584  -22.429  70.011 0.0000000000
73887  32.895  -10.575  69.340 0.0000000000
73903  32.692  -10.901  68.306 0.0000000000
72740  31.587  -11.639  67.140 0.0000000000
72741  30.968  -11.732  66.607 0.0000000000
71645  28.326  -13.181  65.278 0.0000000000
72769  28.783  -12.518  65.578 0.0000000000
138816  28.513  -13.435  64.664 0.0000000000
85855  54.058  0.441  46.917 0.0000000000
85843  54.636  0.969  47.084 0.0000000000
75059  37.371  -10.897  65.608 0.0000000000
75060  36.723  -10.924  65.196 0.0000000000
73951  36.808  -11.729  65.642 0.0000000000
72765  36.291  -12.524  65.582 0.0000000000
72766  35.659  -13.054  65.534 0.0000000000
71618  36.446  -13.181  66.327 0.0000000000
71639  35.748  -13.356  65.908 0.0000000000
71657  34.899  -13.227  65.424 0.0000000000
126441  34.242  -13.638  65.231 0.0000000000
71659  33.544  -14.105  65.100 0.0000000000
77087  39.907  -8.565  67.673 0.0000000000
75036  39.222  -10.350  68.170 0.0000000000
76089  39.502  -9.342  67.740 0.0000000000
56389  10.619  -26.710  78.800 0.0000000000
56390  9.974  -27.066  79.178 0.0000000000
56381  9.071  -27.106  80.478 0.0000000000
145080  18.633  -24.296  82.207 0.0000000000
58624  19.404  -24.770  82.277 0.0000000000
59798  16.874  -23.402  80.229 0.0000000000
60914  16.494  -23.407  79.463 0.0000000000
59851  15.062  -23.714  77.611 0.0000000000
58712  13.571  -24.428  77.386 0.0000000000
133560  12.941  -24.931  77.780 0.0000000000
82145  43.609  -3.247  55.230 0.0000000000
83097  44.685  -2.378  55.052 0.0000000000
82152  43.482  -2.970  54.334 0.0000000000
58569  16.729  -23.734  86.527 0.0000000000
58570  16.359  -23.609  87.266 0.0000000000
146412  42.093  -5.444  62.794 0.0000000000
79098  42.113  -5.472  62.311 0.0000000000
79106  40.567  -5.826  61.906 0.0000000000
79105  41.450  -5.736  61.891 0.0000000000
80130  42.387  -5.769  60.949 0.0000000000
80141  39.785  -5.595  59.089 0.0000000000
80148  39.320  -5.481  58.262 0.0000000000
58586  10.070  -24.876  85.967 0.0000000000
56332  8.646  -27.051  86.097 0.0000000000
56315  9.189  -26.834  87.117 0.0000000000
55239  8.166  -27.719  85.766 0.0000000000
54144  7.345  -28.535  85.880 0.0000000000
53043  6.986  -28.922  85.965 0.0000000000
125978  4.094  -29.866  89.109 0.0000000000
51830  3.236  -29.605  87.772 0.0000000000
144560  2.456  -30.327  86.255 0.0000000000
69302  30.483  -15.446  77.383 0.0000000000
69316  30.346  -15.221  76.845 0.0000000000
68345  29.843  -15.681  75.618 0.0000000000
67361  29.432  -16.563  75.289 0.0000000000
67374  28.843  -17.091  74.658 0.0000000000
67375  28.353  -17.762  74.137 0.0000000000
138419  28.927  -18.057  74.764 0.0000000000
66265  28.524  -18.647  74.270 0.0000000000
65220  28.644  -19.472  74.397 0.0000000000
65214  29.624  -19.177  75.504 0.0000000000
64141  28.693  -20.275  74.529 0.0000000000
62092  28.502  -22.593  72.639 0.0000000000
58686  22.370  -24.507  78.505 0.0000000000
57542  23.519  -24.932  78.963 0.0000000000
134005  23.148  -24.832  78.318 0.0000000000
143643  23.390  -25.090  77.656 0.0000000000
58708  23.826  -25.260  77.211 0.0000000000
138416  22.379  -24.524  76.686 0.0000000000
58728  24.373  -25.177  76.458 0.0000000000
58747  25.155  -24.974  75.925 0.0000000000
128089  24.952  -24.813  75.119 0.0000000000
59879  25.867  -24.790  75.321 0.0000000000
59902  22.439  -23.109  74.162 0.0000000000
59919  23.192  -23.419  73.820 0.0000000000
129227  29.831  -10.250  67.904 0.0000000000
73907  28.655  -10.655  68.162 0.0000000000
73925  28.425  -11.166  67.496 0.0000000000
72744  27.299  -12.425  67.862 0.0000000000
71604  27.544  -12.599  66.868 0.0000000000
71625  28.058  -12.982  66.076 0.0000000000
71646  27.629  -13.650  65.591 0.0000000000
86745  53.603  1.550  48.893 0.0000000000
143271  53.880  1.451  48.232 0.0000000000
86760  53.808  0.903  47.563 0.0000000000
84987  53.170  -0.709  46.628 0.0000000000
78115  37.207  -7.250  61.960 0.0000000000
132889  36.404  -7.277  61.498 0.0000000000
77128  35.815  -7.798  61.898 0.0000000000
77123  35.212  -8.383  62.152 0.0000000000
76131  34.542  -9.159  62.295 0.0000000000
73961  35.513  -11.157  64.650 0.0000000000
73972  35.016  -11.072  63.952 0.0000000000
73981  34.079  -11.305  62.882 0.0000000000
145183  33.204  -11.769  62.190 0.0000000000
77092  39.763  -7.698  65.954 0.0000000000
131894  40.987  -6.205  63.877 0.0000000000
79096  40.154  -6.505  63.420 0.0000000000
79101  39.810  -6.624  63.121 0.0000000000
78103  38.982  -7.748  64.113 0.0000000000
78106  38.628  -7.745  63.673 0.0000000000
78109  39.072  -7.239  63.194 0.0000000000
125951  26.398  -26.250  84.967 0.0000000000
57450  26.936  -25.932  85.136 0.0000000000
57451  25.883  -26.361  84.417 0.0000000000
144562  25.377  -26.150  83.513 0.0000000000
57482  24.892  -25.929  82.807 0.0000000000
57484  23.071  -26.286  82.613 0.0000000000
57483  23.946  -26.159  82.692 0.0000000000
133368  23.040  -25.886  81.062 0.0000000000
57512  22.692  -25.775  80.694 0.0000000000
57528  22.658  -25.438  80.183 0.0000000000
58637  19.220  -24.396  81.489 0.0000000000
58636  19.924  -24.963  81.572 0.0000000000
58650  20.594  -25.033  80.921 0.0000000000
58667  19.494  -24.211  80.027 0.0000000000
57530  21.105  -24.752  80.151 0.0000000000
57529  21.929  -25.051  79.970 0.0000000000
57544  21.978  -24.546  79.207 0.0000000000
58687  21.498  -24.435  78.628 0.0000000000
127103  21.014  -24.530  78.121 0.0000000000
58711  20.659  -24.198  77.575 0.0000000000
136057  19.159  -23.687  77.252 0.0000000000
59864  20.295  -23.761  76.814 0.0000000000
60981  18.669  -23.298  74.634 0.0000000000
59870  14.248  -24.569  75.875 0.0000000000
69414  26.271  -15.244  70.102 0.0000000000
85793  49.782  0.769  55.536 0.0000000000
83102  45.711  -1.642  54.692 0.0000000000
84030  46.544  -1.127  54.419 0.0000000000
127863  47.326  -0.669  54.726 0.0000000000
84934  47.963  0.112  54.769 0.0000000000
85800  49.526  0.992  54.707 0.0000000000
86675  50.218  1.382  54.288 0.0000000000
86684  50.215  1.612  53.273 0.0000000000
86698  49.855  1.615  52.284 0.0000000000
85817  49.030  1.196  51.958 0.0000000000
86711  49.641  1.539  51.354 0.0000000000
86726  50.329  1.759  50.797 0.0000000000
85822  50.457  1.348  49.897 0.0000000000
85829  49.774  0.783  49.285 0.0000000000
59751  12.776  -23.525  83.491 0.0000000000
139255  11.514  -23.821  84.848 0.0000000000
59710  14.581  -23.564  86.308 0.0000000000
129625  14.168  -23.578  87.183 0.0000000000
59711  13.519  -23.509  86.481 0.0000000000
59727  11.631  -23.606  85.846 0.0000000000
59728  10.807  -24.303  86.313 0.0000000000
59714  10.367  -24.813  87.486 0.0000000000
59702  10.484  -24.651  88.304 0.0000000000
57409  27.778  -25.768  86.134 0.0000000000
125956  26.671  -26.238  85.770 0.0000000000
57431  25.945  -26.434  85.295 0.0000000000
57453  23.602  -26.634  84.344 0.0000000000
57432  23.179  -26.732  85.269 0.0000000000
125948  22.642  -26.847  84.562 0.0000000000
57471  21.463  -26.528  84.166 0.0000000000
150810  19.818  -25.399  83.374 0.0000000000
57456  20.029  -25.774  84.900 0.0000000000
58608  19.355  -25.205  83.654 0.0000000000
140539  18.841  -24.698  83.103 0.0000000000
59763  18.154  -24.177  82.849 0.0000000000
150134  17.248  -23.265  82.604 0.0000000000
125836  16.502  -22.921  82.950 0.0000000000
78122  35.633  -7.485  60.934 0.0000000000
83082  48.635  -2.476  58.168 0.0000000000
83083  47.805  -2.684  57.613 0.0000000000
82130  46.429  -3.467  57.510 0.0000000000
82135  46.049  -2.933  56.663 0.0000000000
82136  45.339  -2.882  56.362 0.0000000000
81180  42.815  -4.789  58.380 0.0000000000
81185  43.318  -4.264  57.662 0.0000000000
81186  42.409  -4.457  57.513 0.0000000000
82138  43.739  -3.435  56.130 0.0000000000
131332  11.779  -24.294  81.143 0.0000000000
58639  11.180  -25.222  80.884 0.0000000000
58627  11.134  -24.441  82.237 0.0000000000
58640  10.750  -25.158  81.700 0.0000000000
150626  10.785  -25.503  81.097 0.0000000000
142194  9.276  -25.941  84.076 0.0000000000
144111  9.181  -26.262  83.514 0.0000000000
133678  8.762  -26.828  83.324 0.0000000000
56362  8.823  -26.822  82.392 0.0000000000
56382  8.450  -27.639  81.054 0.0000000000
53089  6.670  -30.203  81.028 0.0000000000
51901  6.450  -30.946  80.935 0.0000000000
146842  7.539  -28.700  87.379 0.0000000000
53044  6.591  -29.458  85.360 0.0000000000
143182  5.397  -29.939  88.331 0.0000000000
51829  5.651  -29.884  87.612 0.0000000000
51843  5.666  -30.034  86.741 0.0000000000
148757  5.191  -30.251  86.356 0.0000000000
51842  6.052  -30.040  86.457 0.0000000000
51856  6.311  -29.869  85.541 0.0000000000
51870  6.327  -29.848  84.807 0.0000000000
51881  6.059  -30.372  83.493 0.0000000000
51882  5.715  -30.786  82.886 0.0000000000
138699  5.309  -30.855  83.145 0.0000000000
48259  -2.832  -33.500  90.093 0.0000000000
48260  -3.323  -34.103  89.646 0.0000000000
47178  -3.683  -34.840  89.215 0.0000000000
72701  35.905  -11.594  69.349 0.0000000000
75014  32.170  -10.292  69.517 0.0000000000
75016  30.865  -9.706  69.559 0.0000000000
75017  29.888  -9.808  69.743 0.0000000000
73889  28.857  -10.410  70.170 0.0000000000
72704  27.916  -11.983  70.142 0.0000000000
70466  26.676  -14.591  70.306 0.0000000000
72654  28.702  -12.020  73.129 0.0000000000
71533  28.665  -13.358  73.131 0.0000000000
70451  28.290  -13.839  72.670 0.0000000000
71545  28.186  -13.200  72.172 0.0000000000
68408  25.660  -16.937  70.259 0.0000000000
68396  26.541  -16.718  71.694 0.0000000000
67409  25.790  -17.835  70.619 0.0000000000
65244  26.538  -19.519  70.087 0.0000000000
64169  27.240  -20.468  69.730 0.0000000000
66273  27.519  -18.389  73.021 0.0000000000
65238  27.624  -19.931  72.160 0.0000000000
63142  27.239  -21.718  68.966 0.0000000000
62153  26.419  -23.087  67.864 0.0000000000
64100  31.463  -19.819  78.223 0.0000000000
57449  27.122  -25.518  84.583 0.0000000000
57448  27.612  -25.052  84.418 0.0000000000
57464  27.596  -24.728  83.609 0.0000000000
57480  26.391  -25.369  82.715 0.0000000000
146448  27.282  -24.965  82.994 0.0000000000
136330  28.025  -24.241  83.537 0.0000000000
59775  29.262  -23.049  81.860 0.0000000000
57526  24.275  -24.866  79.605 0.0000000000
58649  26.341  -24.322  80.267 0.0000000000
58682  26.174  -24.715  78.602 0.0000000000
58662  26.736  -24.151  79.766 0.0000000000
59794  28.512  -23.089  80.870 0.0000000000
59792  29.723  -22.756  81.267 0.0000000000
60905  29.724  -22.554  80.553 0.0000000000
60922  28.459  -22.636  78.476 0.0000000000
60920  30.076  -21.654  79.460 0.0000000000
62014  30.616  -21.232  78.994 0.0000000000
62020  30.859  -20.956  78.481 0.0000000000
132500  31.301  -20.297  78.402 0.0000000000
64112  31.380  -20.157  77.960 0.0000000000
63085  30.042  -20.832  77.050 0.0000000000
62058  29.403  -21.346  76.417 0.0000000000
62059  28.996  -22.051  75.785 0.0000000000
60959  28.888  -22.946  75.602 0.0000000000
62060  29.157  -22.653  74.811 0.0000000000
62074  29.083  -22.053  74.902 0.0000000000
62075  29.169  -22.503  74.060 0.0000000000
62076  28.763  -23.043  73.259 0.0000000000
148408  28.343  -23.137  72.678 0.0000000000
59898  26.065  -24.504  74.439 0.0000000000
60996  26.002  -23.995  73.658 0.0000000000
59916  25.261  -23.635  73.126 0.0000000000
144028  26.587  -23.957  73.399 0.0000000000
136541  26.964  -23.805  72.855 0.0000000000
61017  27.342  -23.396  72.349 0.0000000000
62126  24.419  -22.402  69.707 0.0000000000
129788  35.320  -11.757  68.416 0.0000000000
129478  33.195  -12.071  67.113 0.0000000000
71603  33.557  -12.894  66.812 0.0000000000
146501  32.851  -14.099  65.369 0.0000000000
145550  32.326  -14.229  64.968 0.0000000000
72768  29.535  -12.564  65.212 0.0000000000
127234  30.277  -12.382  65.626 0.0000000000
71643  31.031  -13.288  65.533 0.0000000000
71660  31.561  -14.011  64.888 0.0000000000
70535  32.092  -14.502  64.369 0.0000000000
85834  50.838  0.417  48.213 0.0000000000
84964  51.175  -0.110  47.723 0.0000000000
84068  50.662  -1.456  47.709 0.0000000000
51811  6.763  -29.938  88.311 0.0000000000
57412  25.998  -26.337  86.172 0.0000000000
57465  27.037  -25.307  83.682 0.0000000000
57467  25.988  -26.112  83.706 0.0000000000
57485  21.748  -26.114  82.268 0.0000000000
57486  21.057  -25.944  82.703 0.0000000000
57543  22.720  -24.852  79.326 0.0000000000
58621  27.186  -24.783  82.354 0.0000000000
58633  27.595  -24.152  81.853 0.0000000000
58663  26.248  -24.413  79.481 0.0000000000
58665  21.332  -24.539  79.379 0.0000000000
58680  27.146  -23.862  79.196 0.0000000000
58684  24.709  -25.032  78.191 0.0000000000
58705  26.018  -25.037  77.940 0.0000000000
58748  24.534  -24.973  75.646 0.0000000000
59776  28.674  -23.262  81.593 0.0000000000
59793  29.149  -22.882  81.100 0.0000000000
59827  28.039  -22.929  78.964 0.0000000000
59829  27.384  -24.280  77.599 0.0000000000
60904  30.244  -22.295  80.714 0.0000000000
60921  29.227  -22.078  79.087 0.0000000000
60945  28.646  -22.428  77.217 0.0000000000
60946  28.412  -23.106  76.649 0.0000000000
60960  27.994  -24.031  74.971 0.0000000000
60975  29.067  -23.131  74.911 0.0000000000
62013  31.108  -21.082  79.020 0.0000000000
62030  29.766  -21.309  77.776 0.0000000000
62045  29.021  -22.727  75.375 0.0000000000
63061  31.308  -20.569  78.698 0.0000000000
63067  31.341  -20.261  78.105 0.0000000000
63068  31.003  -20.367  78.003 0.0000000000
63069  30.609  -20.850  78.227 0.0000000000
63076  30.866  -20.276  77.609 0.0000000000
63105  28.989  -21.067  75.378 0.0000000000
64091  31.916  -20.039  79.052 0.0000000000
64111  31.390  -19.838  77.795 0.0000000000
65186  31.474  -19.520  78.150 0.0000000000
65204  31.299  -19.596  77.719 0.0000000000
65213  30.190  -19.441  76.043 0.0000000000
65219  29.178  -19.697  75.093 0.0000000000
66249  31.085  -19.326  77.145 0.0000000000
66250  30.596  -19.027  76.568 0.0000000000
68305  30.805  -16.498  77.775 0.0000000000
68326  30.605  -16.662  76.934 0.0000000000
69315  30.622  -15.865  77.365 0.0000000000
69330  30.491  -15.801  76.861 0.0000000000
69349  29.740  -14.857  75.187 0.0000000000
71622  33.203  -13.280  66.341 0.0000000000
72686  28.000  -12.049  71.084 0.0000000000
72698  37.250  -12.458  69.142 0.0000000000
72718  37.505  -12.316  68.387 0.0000000000
72724  32.060  -11.356  67.681 0.0000000000
72736  37.189  -13.044  67.113 0.0000000000
72752  37.318  -12.799  66.674 0.0000000000
73875  28.834  -10.722  71.195 0.0000000000
73886  33.904  -10.687  69.474 0.0000000000
73922  31.455  -10.943  67.592 0.0000000000
73960  36.122  -11.423  65.221 0.0000000000
75048  37.742  -11.262  66.408 0.0000000000
77100  38.577  -8.495  65.204 0.0000000000
78107  38.063  -7.923  63.387 0.0000000000
79095  40.852  -6.006  63.447 0.0000000000
82151  44.072  -2.694  54.902 0.0000000000
84024  47.099  -1.261  55.180 0.0000000000
84944  46.570  -0.776  52.790 0.0000000000
84950  47.326  -0.252  51.492 0.0000000000
84977  51.046  -0.856  47.630 0.0000000000
85799  50.215  1.127  55.044 0.0000000000
126766  19.413  -23.870  78.011 0.0000000000
127557  23.250  -25.169  77.231 0.0000000000
128288  40.896  -5.773  62.388 0.0000000000
132970  31.112  -18.590  77.682 0.0000000000
134083  37.085  -12.618  67.827 0.0000000000
134119  31.260  -18.645  77.743 0.0000000000
137802  23.075  -25.647  80.455 0.0000000000
143745  36.295  -11.655  69.890 0.0000000000
143967  31.440  -18.942  78.003 0.0000000000
144832  27.462  -16.221  72.767 0.0000000000
146018  25.338  -24.648  74.585 0.0000000000
147655  29.128  -14.209  74.117 0.0000000000
149439  36.997  -13.047  67.281 0.0000000000
149794  25.579  -24.888  81.601 0.0000000000
149942  26.392  -24.726  74.922 0.0000000000
150072  23.323  -25.622  80.681 0.0000000000
150664  36.761  -12.364  68.118 0.0000000000
151324  25.665  -26.284  83.936 0.0000000000
