#!ascii label  , from subject sub-v1s9x0051329_ses-1 vox2ras=TkReg
918
10393  32.714  -73.704  9.626 0.3000000119
17464  35.338  -64.909  9.728 0.6000000238
127751  32.003  -64.208  8.536 0.6999999881
20354  31.586  -62.957  8.532 0.6999999881
138691  33.414  -74.610  8.856 0.4000000060
12973  35.366  -70.447  8.791 0.4000000060
11280  34.400  -73.713  9.415 0.5000000000
11261  33.802  -72.838  10.116 0.5000000000
17448  35.637  -65.646  10.337 0.6999999881
150477  34.080  -64.549  9.120 0.6999999881
18396  34.794  -64.557  9.002 0.5000000000
20352  33.379  -63.342  8.183 0.6000000238
19384  32.930  -64.291  8.431 0.6000000238
20353  32.496  -63.210  8.389 0.6999999881
21264  31.110  -61.770  8.683 0.6999999881
10420  34.781  -74.372  8.205 0.5000000000
12979  36.089  -70.923  8.055 0.4000000060
10403  34.757  -74.305  8.728 0.6000000238
13808  36.074  -69.104  9.322 0.4000000060
136063  36.571  -68.150  9.490 0.5000000000
10401  36.235  -73.705  8.188 0.6000000238
15576  36.301  -67.325  9.961 0.6000000238
16516  36.009  -66.464  10.257 0.6000000238
11278  36.026  -73.463  8.968 0.6000000238
17447  36.221  -65.824  9.778 0.6000000238
130827  34.311  -64.408  8.565 0.6000000238
19383  33.708  -64.085  8.275 0.6000000238
21262  33.685  -61.156  8.170 0.6999999881
128501  33.014  -62.203  8.317 0.6999999881
134385  32.553  -61.177  8.485 0.6999999881
140146  31.727  -61.176  8.629 0.6999999881
22198  31.017  -60.696  8.724 0.6999999881
23157  32.385  -59.630  8.578 0.6999999881
22197  31.873  -60.314  8.626 0.6999999881
129910  31.005  -59.899  8.673 0.6999999881
24175  32.325  -58.745  8.578 0.6999999881
10433  34.784  -74.226  7.872 0.5000000000
11294  35.774  -72.584  7.512 0.5000000000
12125  35.975  -71.814  7.723 0.5000000000
14694  36.777  -68.759  8.868 0.4000000060
10418  36.172  -73.630  7.673 0.5000000000
16522  36.645  -66.478  9.498 0.6000000238
12113  37.254  -72.505  9.187 0.6000000238
11276  37.409  -72.700  8.507 0.5000000000
12122  38.447  -71.641  8.074 0.5000000000
17463  35.980  -65.210  9.450 0.6999999881
18412  34.939  -64.383  8.333 0.6000000238
18395  35.492  -64.662  8.820 0.6999999881
20360  33.949  -62.381  7.943 0.6000000238
19392  34.202  -63.445  7.901 0.6000000238
22195  33.962  -60.027  8.190 0.6000000238
22196  32.948  -60.285  8.467 0.6999999881
22189  30.554  -60.092  9.073 0.6999999881
137793  33.377  -58.607  8.433 0.6000000238
24176  31.254  -58.578  8.570 0.6999999881
24170  30.843  -58.167  8.767 0.6999999881
23156  33.229  -59.392  8.462 0.6999999881
13814  36.720  -69.554  8.428 0.4000000060
11303  35.967  -73.359  7.429 0.5000000000
12124  36.914  -71.614  7.588 0.4000000060
14697  37.277  -68.978  8.228 0.5000000000
15585  37.221  -66.924  8.907 0.6000000238
12131  37.200  -72.356  7.735 0.4000000060
17462  36.538  -65.619  9.109 0.6000000238
11292  37.333  -72.649  8.014 0.4000000060
12978  37.659  -70.956  7.529 0.4000000060
12982  38.457  -71.154  7.714 0.4000000060
13817  39.166  -70.532  7.776 0.4000000060
17475  36.177  -64.948  8.599 0.6999999881
143525  35.279  -64.082  7.890 0.6000000238
19391  35.051  -63.483  7.667 0.6000000238
21267  34.764  -61.491  7.760 0.6000000238
20359  34.913  -62.519  7.657 0.6000000238
21261  34.715  -60.546  7.807 0.6000000238
24171  30.530  -58.604  9.199 0.6999999881
25243  31.135  -57.380  8.890 0.6999999881
24174  32.934  -57.853  8.470 0.6000000238
25252  31.706  -57.761  8.591 0.6000000238
137755  36.812  -70.514  7.848 0.4000000060
14696  37.882  -69.291  7.605 0.4000000060
146256  36.988  -66.131  8.830 0.6999999881
13818  38.271  -70.322  7.528 0.4000000060
17474  36.844  -65.497  8.268 0.8000000119
12981  38.990  -71.094  8.033 0.5000000000
18411  35.657  -64.494  8.137 0.6999999881
136975  35.689  -60.723  7.590 0.5000000000
20358  35.936  -62.484  7.449 0.6000000238
24160  30.450  -58.670  10.064 0.6999999881
24179  35.112  -58.209  7.835 0.6000000238
23155  34.308  -58.997  8.106 0.6000000238
25232  31.076  -57.264  9.676 0.8000000119
24173  34.077  -57.990  8.256 0.6000000238
139405  37.650  -68.311  7.955 0.5000000000
15590  37.585  -67.334  8.241 0.6000000238
139511  38.236  -68.648  7.564 0.5000000000
15594  40.021  -67.940  7.438 0.6999999881
14702  38.880  -69.571  7.520 0.4000000060
18410  36.408  -64.719  7.923 0.6999999881
136713  36.112  -64.071  7.710 0.6999999881
21266  35.870  -61.561  7.521 0.6000000238
22200  36.433  -59.927  7.603 0.6000000238
25233  30.713  -57.821  10.293 0.6000000238
23161  35.438  -58.995  7.684 0.6000000238
26356  31.693  -56.752  9.247 0.6999999881
133978  34.798  -56.463  8.011 0.6999999881
25250  33.740  -56.983  8.322 0.6999999881
25242  31.975  -56.896  8.699 0.6999999881
16526  38.570  -66.741  7.576 0.5000000000
16527  37.816  -66.679  7.883 0.6000000238
16523  37.374  -66.356  8.336 0.6000000238
138476  40.152  -65.809  7.339 0.6999999881
15595  38.998  -67.493  7.460 0.6000000238
133438  40.669  -66.796  7.370 0.6999999881
15593  41.182  -67.873  7.612 0.6999999881
18423  37.071  -64.024  7.535 0.6999999881
19389  36.969  -63.184  7.449 0.6999999881
21265  36.981  -61.506  7.464 0.5000000000
20357  36.969  -62.345  7.418 0.6000000238
25211  30.163  -57.424  12.429 0.5000000000
24177  36.670  -58.808  7.879 0.6000000238
134957  36.820  -60.694  7.554 0.6000000238
26329  31.170  -56.800  11.282 0.6000000238
26316  31.091  -56.404  12.118 0.5000000000
24178  36.037  -58.387  7.719 0.6000000238
149447  35.732  -59.578  7.605 0.6000000238
26343  32.259  -56.100  9.585 0.6000000238
27439  31.762  -56.056  11.363 0.5000000000
27426  31.918  -55.292  11.936 0.5000000000
25248  35.611  -56.864  7.916 0.6999999881
25249  34.889  -57.323  7.988 0.6999999881
26362  34.013  -56.025  8.257 0.6999999881
142805  33.353  -55.699  8.502 0.6999999881
27453  32.820  -55.468  9.987 0.5000000000
26361  35.005  -55.713  7.909 0.6999999881
27462  33.791  -55.050  8.577 0.6000000238
17473  37.550  -65.796  7.843 0.6000000238
138252  39.060  -65.863  7.442 0.6999999881
138789  38.214  -66.041  7.637 0.6000000238
17480  40.711  -65.089  7.528 0.6999999881
17481  37.302  -64.899  7.672 0.6999999881
21260  37.435  -60.815  7.888 0.6000000238
26317  30.456  -56.769  12.770 0.4000000060
22199  37.186  -60.096  7.818 0.5000000000
27413  31.488  -55.269  12.759 0.4000000060
26359  36.081  -56.956  8.108 0.6000000238
145359  36.384  -58.345  7.950 0.6000000238
27454  32.184  -55.916  10.448 0.5000000000
27438  32.470  -55.250  11.034 0.5000000000
27452  33.520  -54.920  9.355 0.5000000000
28514  33.244  -54.717  10.342 0.4000000060
26360  35.771  -56.120  7.923 0.6000000238
27467  35.007  -55.025  7.924 0.6999999881
27461  34.578  -54.664  8.202 0.6000000238
28512  34.845  -53.717  8.971 0.5000000000
138643  39.613  -64.976  7.471 0.6000000238
18421  39.126  -64.078  7.498 0.6999999881
136953  38.386  -65.071  7.501 0.6999999881
18409  40.879  -64.370  8.129 0.6999999881
18420  40.157  -64.362  7.778 0.6999999881
18422  38.096  -64.002  7.468 0.6000000238
20356  37.825  -62.281  7.655 0.6000000238
141583  37.317  -59.995  7.984 0.6000000238
23154  37.005  -59.377  7.900 0.6000000238
25240  36.379  -57.222  8.501 0.6000000238
24172  36.663  -58.629  8.055 0.6000000238
28498  32.903  -54.382  11.271 0.4000000060
146789  32.340  -54.723  11.764 0.5000000000
28488  31.998  -54.646  12.469 0.4000000060
26353  36.226  -55.980  8.395 0.6000000238
29554  33.232  -53.599  11.650 0.4000000060
27465  36.141  -55.073  8.188 0.6000000238
28521  35.414  -53.876  8.597 0.5000000000
19386  39.483  -63.617  7.779 0.6999999881
19387  38.797  -63.214  7.654 0.6000000238
127984  39.649  -63.526  8.450 0.6999999881
146549  38.572  -62.516  7.923 0.6000000238
20349  38.469  -62.519  7.826 0.6000000238
141589  39.674  -63.556  9.344 0.6999999881
20350  38.065  -61.982  7.944 0.5000000000
23151  36.336  -59.238  8.894 0.6000000238
22186  36.828  -59.796  8.431 0.6000000238
24168  36.289  -58.508  8.962 0.6000000238
24169  36.012  -57.739  9.317 0.5000000000
25241  36.403  -56.635  9.040 0.6000000238
27459  36.402  -55.193  8.597 0.6000000238
28520  35.941  -53.888  8.665 0.5000000000
20332  37.547  -62.836  9.306 0.6999999881
20341  38.207  -62.502  8.364 0.6999999881
20343  36.612  -61.445  9.068 0.6000000238
22187  35.986  -60.287  9.254 0.5000000000
24159  34.924  -58.317  10.145 0.6000000238
22188  35.242  -59.677  9.774 0.6000000238
26354  35.589  -56.943  9.746 0.6000000238
26342  35.750  -56.207  9.801 0.6000000238
28510  36.549  -54.072  9.599 0.5000000000
13807  38.622  -70.547  9.427 0.5000000000
13804  40.721  -69.393  8.465 0.5000000000
14693  39.323  -69.223  9.480 0.5000000000
13806  39.627  -70.203  9.106 0.5000000000
14695  41.250  -68.818  8.320 0.6999999881
15581  41.971  -67.598  8.434 0.6999999881
14691  41.007  -69.003  8.637 0.5000000000
129479  40.672  -68.603  9.108 0.5000000000
133268  41.803  -66.835  7.572 0.6999999881
15589  42.168  -67.516  8.223 0.6999999881
17479  41.688  -65.213  7.568 0.6999999881
11262  32.967  -72.848  10.260 0.3000000119
21263  32.086  -62.046  8.522 0.6999999881
18413  33.514  -64.522  8.640 0.6000000238
23153  30.395  -59.410  9.541 0.6999999881
14701  39.942  -69.307  7.648 0.6000000238
22201  35.480  -60.108  7.622 0.6000000238
26363  32.939  -56.420  8.479 0.6999999881
25221  31.034  -57.196  10.556 0.6000000238
26355  32.460  -56.209  8.855 0.6999999881
27427  31.452  -55.811  12.244 0.5000000000
27428  30.889  -56.005  13.028 0.5000000000
28513  33.985  -54.211  9.637 0.5000000000
21259  37.653  -61.616  7.750 0.5000000000
19381  39.152  -63.090  7.951 0.6999999881
21254  37.491  -60.848  8.096 0.5000000000
27460  36.440  -55.692  9.053 0.6000000238
20342  37.585  -61.834  8.391 0.6000000238
23152  35.582  -58.758  9.565 0.6000000238
17460  41.709  -65.811  9.403 0.6000000238
17412  41.719  -64.999  12.515 0.6000000238
18326  41.570  -64.802  13.454 0.4000000060
18384  41.961  -64.646  10.642 0.5000000000
17459  42.408  -65.766  8.904 0.6000000238
15568  34.797  -67.229  11.231 0.5000000000
17377  41.491  -65.632  13.749 0.4000000060
17432  35.118  -65.703  11.076 0.5000000000
18385  41.025  -64.848  10.968 0.5000000000
125628  40.628  -65.133  15.053 0.4000000060
18387  33.992  -64.453  10.164 0.5000000000
18357  42.048  -64.478  12.073 0.6000000238
18386  34.694  -64.720  9.929 0.5000000000
17444  41.696  -65.092  10.014 0.5000000000
17472  42.712  -65.763  8.269 0.6000000238
17344  39.244  -65.592  16.252 0.4000000060
16419  39.814  -66.520  16.225 0.4000000060
18345  41.494  -64.001  13.389 0.4000000060
144571  32.203  -64.099  10.512 0.5000000000
18373  41.997  -64.536  11.351 0.5000000000
125789  31.917  -65.143  9.438 0.5000000000
17443  42.478  -65.029  9.370 0.6000000238
18394  42.497  -64.696  9.088 0.6000000238
17478  42.409  -65.416  7.732 0.6000000238
18415  31.476  -65.691  8.797 0.5000000000
18389  31.208  -66.099  9.062 0.4000000060
19355  42.156  -63.695  10.962 0.5000000000
18372  42.346  -64.092  10.771 0.5000000000
19356  41.639  -63.462  10.428 0.6000000238
19367  41.570  -63.808  9.461 0.6000000238
18407  42.459  -64.725  8.333 0.6000000238
19368  40.465  -63.780  8.955 0.6000000238
18408  41.799  -64.455  8.199 0.6000000238
18312  40.913  -64.629  14.529 0.4000000060
18301  39.593  -64.925  15.585 0.4000000060
19385  31.055  -63.963  8.603 0.5000000000
18416  30.836  -65.403  8.610 0.5000000000
17466  29.707  -66.322  8.942 0.4000000060
17450  30.453  -66.290  8.921 0.4000000060
19335  41.461  -63.341  12.498 0.6000000238
20321  41.025  -62.886  11.593 0.6000000238
20329  40.893  -62.936  10.849 0.6000000238
20330  39.670  -63.153  10.524 0.6000000238
17345  38.379  -65.657  16.930 0.4000000060
19370  30.308  -63.098  8.908 0.5000000000
132560  29.314  -64.364  8.856 0.4000000060
19372  28.429  -64.826  8.890 0.4000000060
19306  39.885  -63.219  14.121 0.6000000238
18328  40.391  -63.881  14.413 0.4000000060
20297  39.824  -62.586  12.992 0.6000000238
19320  41.695  -63.771  12.837 0.6000000238
20308  41.083  -62.997  12.177 0.5000000000
20310  39.277  -62.582  12.306 0.6000000238
20298  38.845  -62.442  13.231 0.5000000000
20331  38.311  -63.108  10.630 0.6000000238
16397  38.538  -66.381  17.515 0.4000000060
20344  29.190  -63.173  9.468 0.5000000000
20345  28.667  -63.803  9.378 0.5000000000
19373  27.512  -64.946  9.137 0.5000000000
19290  38.616  -63.384  15.087 0.4000000060
18313  39.058  -64.124  15.402 0.4000000060
19307  39.026  -62.978  14.411 0.5000000000
20299  37.920  -62.219  13.556 0.5000000000
20323  38.467  -62.697  11.737 0.6000000238
20324  37.570  -62.729  11.487 0.6000000238
149750  37.714  -63.218  9.951 0.6000000238
18292  37.254  -64.513  17.447 0.4000000060
18291  37.737  -65.038  17.177 0.4000000060
17329  37.299  -64.985  18.106 0.4000000060
144880  37.862  -65.775  17.981 0.4000000060
130061  30.446  -61.087  9.148 0.6000000238
19258  36.940  -63.935  17.171 0.4000000060
18302  38.530  -64.762  16.246 0.4000000060
21246  29.206  -62.194  10.181 0.6000000238
20335  28.561  -62.999  10.100 0.5000000000
19363  27.938  -63.766  9.772 0.4000000060
19273  37.347  -63.535  16.278 0.4000000060
20281  38.525  -62.519  14.006 0.5000000000
20300  37.154  -62.015  13.131 0.5000000000
20312  36.923  -62.418  12.212 0.6000000238
20325  36.522  -62.647  11.063 0.6000000238
130164  37.304  -62.977  10.386 0.6000000238
151202  36.729  -64.237  18.871 0.4000000060
22178  30.065  -60.536  9.903 0.6000000238
22190  29.881  -61.586  9.673 0.6000000238
22180  28.887  -61.455  10.894 0.5000000000
20337  26.735  -62.981  10.504 0.5000000000
19291  37.783  -63.124  15.457 0.4000000060
20268  37.402  -62.445  15.084 0.5000000000
21207  37.150  -61.852  13.918 0.5000000000
20313  36.077  -62.354  11.889 0.5000000000
18281  37.068  -64.671  18.881 0.4000000060
23134  30.169  -59.667  10.758 0.6000000238
21240  28.056  -61.587  11.347 0.5000000000
20282  37.703  -62.262  14.321 0.5000000000
21208  36.493  -61.574  14.227 0.4000000060
128715  35.472  -61.597  13.059 0.4000000060
20326  35.701  -62.279  11.226 0.4000000060
21238  35.171  -61.837  10.900 0.6000000238
21244  35.516  -61.277  9.884 0.4000000060
19208  37.195  -63.138  19.972 0.4000000060
19247  36.395  -63.719  18.814 0.4000000060
19259  36.404  -63.516  17.833 0.4000000060
24151  30.492  -58.426  11.125 0.5000000000
22179  29.466  -60.631  11.000 0.5000000000
22170  28.583  -60.865  11.481 0.5000000000
22171  27.686  -60.810  11.705 0.4000000060
22169  29.343  -59.945  11.651 0.4000000060
129103  36.122  -61.435  14.953 0.5000000000
21209  35.714  -61.179  14.001 0.6000000238
21231  34.631  -61.400  12.530 0.4000000060
21239  34.626  -61.445  11.556 0.4000000060
22177  34.933  -60.577  10.169 0.4000000060
22149  34.287  -60.522  13.730 0.5000000000
24141  29.946  -58.146  12.039 0.5000000000
24152  29.793  -59.034  11.667 0.6000000238
22168  33.937  -60.093  11.544 0.5000000000
23111  34.001  -59.798  14.789 0.5000000000
22148  34.968  -60.772  14.122 0.5000000000
22159  34.089  -60.783  12.909 0.5000000000
22160  33.731  -60.194  12.399 0.5000000000
19231  35.956  -63.033  19.099 0.4000000060
27451  35.137  -55.931  10.656 0.5000000000
23143  34.768  -59.093  10.346 0.4000000060
23133  34.193  -59.174  11.172 0.5000000000
127322  33.562  -59.210  13.495 0.5000000000
22142  33.881  -59.932  14.077 0.5000000000
25204  29.770  -57.227  13.262 0.4000000060
26328  34.503  -56.446  11.357 0.4000000060
25219  34.371  -57.288  11.200 0.4000000060
25231  34.921  -57.516  10.265 0.5000000000
24149  34.355  -58.230  11.044 0.5000000000
23126  33.629  -59.420  11.975 0.5000000000
24150  33.765  -58.683  11.682 0.5000000000
23118  33.579  -59.551  12.718 0.5000000000
136392  33.451  -58.303  13.305 0.5000000000
25210  33.531  -57.657  12.725 0.4000000060
18414  32.274  -65.134  8.833 0.5000000000
20355  30.866  -62.714  8.707 0.6000000238
18397  33.123  -64.759  9.097 0.6000000238
15577  35.552  -67.298  10.597 0.5000000000
25222  30.670  -57.551  11.395 0.5000000000
20333  36.733  -62.498  9.616 0.6000000238
18388  32.875  -64.377  9.920 0.5000000000
129578  32.271  -65.216  9.047 0.5000000000
18399  29.959  -65.276  8.602 0.4000000060
18400  29.211  -65.793  8.677 0.4000000060
19322  40.270  -62.954  13.448 0.6000000238
147423  29.741  -63.443  9.068 0.6000000238
19272  38.159  -63.859  15.832 0.4000000060
21256  29.763  -62.535  9.391 0.6000000238
18402  27.091  -65.825  9.056 0.5000000000
20336  27.472  -63.151  10.415 0.5000000000
127432  29.532  -61.285  10.370 0.5000000000
141284  27.996  -62.907  10.520 0.5000000000
21247  28.395  -62.267  10.779 0.5000000000
128185  36.391  -61.675  13.545 0.5000000000
21248  27.499  -62.371  10.959 0.5000000000
20269  36.635  -62.092  15.493 0.5000000000
150256  30.365  -58.995  10.959 0.6000000238
129404  34.380  -60.732  11.100 0.3000000119
25220  33.764  -57.897  11.827 0.4000000060
6162  24.495  -79.060  17.148 0.3000000119
6817  23.701  -78.502  16.966 0.3000000119
7469  23.008  -77.058  17.084 0.3000000119
6833  23.005  -77.916  16.851 0.3000000119
146790  23.597  -77.680  16.836 0.3000000119
8758  22.249  -75.839  16.581 0.3000000119
8120  22.540  -76.365  16.988 0.3000000119
7477  26.073  -77.854  16.187 0.3000000119
7479  24.346  -77.804  16.654 0.3000000119
8119  23.237  -76.219  17.435 0.3000000119
8746  22.862  -75.634  17.129 0.3000000119
7467  24.745  -77.285  17.107 0.3000000119
8116  26.175  -76.677  17.842 0.3000000119
8117  25.256  -76.677  17.855 0.3000000119
8106  24.785  -75.934  18.304 0.4000000060
8745  23.510  -75.328  17.665 0.4000000060
141903  24.095  -74.489  16.564 0.4000000060
9496  24.347  -74.497  15.694 0.3000000119
139014  26.414  -74.622  18.639 0.3000000119
9451  25.748  -74.550  18.491 0.4000000060
9465  24.612  -74.557  18.025 0.4000000060
9466  23.997  -74.775  17.769 0.4000000060
8730  26.866  -75.162  18.562 0.3000000119
126963  24.883  -74.189  16.523 0.4000000060
132861  27.355  -73.619  18.771 0.4000000060
9495  25.171  -74.300  15.339 0.4000000060
10343  25.827  -73.936  14.907 0.3000000119
9450  26.518  -73.902  18.578 0.4000000060
10282  25.894  -73.948  18.333 0.3000000119
10299  25.653  -73.726  17.974 0.4000000060
10280  26.988  -73.067  18.624 0.4000000060
10315  26.101  -73.289  16.447 0.5000000000
10316  25.534  -73.699  17.087 0.4000000060
11259  35.469  -72.759  9.770 0.5000000000
11134  28.009  -72.091  18.913 0.4000000060
10332  25.613  -73.804  15.921 0.4000000060
11263  32.107  -72.939  10.448 0.3000000119
11240  32.508  -72.200  10.977 0.4000000060
11213  27.938  -72.958  13.338 0.3000000119
14686  34.891  -68.142  10.687 0.4000000060
12977  39.083  -71.088  8.430 0.4000000060
12971  39.158  -71.037  8.870 0.4000000060
12111  38.551  -71.599  8.605 0.4000000060
11136  26.840  -72.636  18.338 0.4000000060
10281  26.372  -73.286  18.272 0.3000000119
10298  26.127  -73.209  17.523 0.5000000000
134751  38.422  -71.435  9.150 0.4000000060
12114  36.367  -72.654  9.511 0.4000000060
11985  27.675  -71.493  18.402 0.4000000060
10331  26.172  -73.359  15.397 0.4000000060
12086  34.249  -71.495  11.114 0.5000000000
11199  26.597  -72.905  15.040 0.5000000000
127210  32.159  -71.710  11.506 0.4000000060
11241  31.706  -72.244  11.190 0.4000000060
128194  27.633  -72.733  13.980 0.3000000119
140596  31.016  -72.233  11.459 0.4000000060
16506  34.680  -66.264  11.501 0.4000000060
13811  40.750  -69.396  8.129 0.4000000060
12001  27.362  -71.393  17.729 0.4000000060
11156  26.563  -72.578  17.906 0.4000000060
12972  37.476  -71.576  9.521 0.4000000060
12099  35.630  -71.779  10.375 0.5000000000
12019  27.358  -71.506  16.800 0.4000000060
11172  26.512  -72.681  16.947 0.4000000060
12961  36.013  -71.081  10.622 0.5000000000
12852  28.264  -70.330  17.898 0.4000000060
139970  28.346  -70.585  16.486 0.4000000060
12018  28.012  -71.179  16.196 0.4000000060
12033  27.557  -71.810  15.730 0.5000000000
12032  28.208  -71.436  15.211 0.5000000000
12960  36.733  -70.711  10.423 0.4000000060
12947  35.310  -70.913  11.045 0.5000000000
13718  29.187  -69.448  16.910 0.4000000060
12045  28.525  -71.687  14.341 0.5000000000
12949  33.672  -71.076  11.663 0.4000000060
12063  28.909  -71.901  13.575 0.4000000060
129453  29.996  -71.623  12.622 0.4000000060
11225  30.537  -71.891  11.989 0.4000000060
12088  31.441  -71.581  11.888 0.4000000060
12959  37.692  -70.654  9.807 0.4000000060
13793  38.562  -69.554  9.714 0.3000000119
12894  28.561  -70.773  15.673 0.4000000060
12893  29.158  -70.347  15.295 0.4000000060
12946  35.855  -70.378  11.101 0.4000000060
18401  28.111  -65.879  8.813 0.4000000060
14602  30.357  -68.295  16.802 0.4000000060
12874  28.821  -70.108  16.193 0.4000000060
12906  29.513  -70.632  14.499 0.5000000000
12044  29.199  -71.255  14.041 0.5000000000
13784  35.098  -70.229  11.599 0.5000000000
148544  33.969  -70.598  11.872 0.4000000060
14620  30.564  -68.550  15.876 0.4000000060
12062  29.567  -71.444  13.313 0.4000000060
142579  33.005  -70.975  12.006 0.4000000060
12937  31.664  -70.775  12.588 0.4000000060
12936  32.595  -70.564  12.446 0.4000000060
15584  39.595  -68.223  9.575 0.4000000060
13795  37.180  -69.827  10.577 0.3000000119
13736  29.479  -69.660  15.820 0.4000000060
13752  29.834  -69.972  14.935 0.4000000060
13782  36.379  -69.781  11.118 0.3000000119
13735  30.211  -69.302  15.406 0.4000000060
13751  30.549  -69.644  14.566 0.4000000060
12905  30.194  -70.309  14.196 0.4000000060
146947  30.434  -70.592  13.614 0.5000000000
139930  31.257  -68.160  15.471 0.4000000060
14639  31.635  -68.590  14.686 0.4000000060
131191  31.762  -69.738  13.621 0.4000000060
12919  32.169  -70.123  13.008 0.4000000060
12935  33.466  -70.439  12.238 0.4000000060
16521  40.918  -66.799  9.417 0.4000000060
13750  31.310  -69.349  14.274 0.4000000060
7532  23.002  -77.350  11.892 0.3000000119
7465  26.651  -77.274  17.041 0.3000000119
8104  26.565  -75.926  18.322 0.3000000119
9448  27.981  -74.271  18.636 0.4000000060
11984  28.420  -71.378  18.859 0.4000000060
12834  28.242  -70.757  18.434 0.4000000060
13684  28.777  -70.096  18.397 0.4000000060
14603  29.795  -68.785  17.265 0.4000000060
14675  37.646  -68.921  10.527 0.3000000119
14601  30.956  -67.808  16.359 0.4000000060
14685  38.531  -68.487  10.031 0.4000000060
14676  36.762  -69.000  11.191 0.4000000060
14677  36.134  -69.148  11.598 0.4000000060
14619  31.995  -67.820  15.141 0.4000000060
13749  32.100  -69.080  14.042 0.4000000060
14652  32.856  -68.794  13.768 0.4000000060
147315  32.537  -69.509  13.412 0.4000000060
143139  34.397  -69.433  12.482 0.3000000119
13770  34.991  -69.533  12.096 0.4000000060
15530  32.788  -67.553  14.892 0.4000000060
12100  34.810  -72.029  10.493 0.4000000060
16513  39.654  -66.798  9.898 0.4000000060
6818  22.792  -78.416  17.142 0.3000000119
6832  24.036  -78.146  16.677 0.3000000119
7480  22.276  -77.181  16.874 0.3000000119
7533  22.317  -77.788  12.311 0.3000000119
8172  22.508  -76.995  12.621 0.3000000119
7468  23.832  -76.988  17.245 0.3000000119
136170  24.485  -76.587  17.769 0.4000000060
9482  23.548  -74.779  17.077 0.4000000060
8732  25.245  -75.236  18.492 0.3000000119
8731  26.048  -75.225  18.642 0.3000000119
8733  24.378  -75.180  18.224 0.4000000060
9480  25.003  -74.123  17.634 0.4000000060
8744  27.495  -75.801  18.075 0.3000000119
131273  28.727  -72.830  18.875 0.4000000060
11185  26.972  -72.198  16.337 0.4000000060
11198  27.092  -72.829  14.491 0.5000000000
12075  29.290  -72.095  12.830 0.3000000119
127741  27.056  -72.415  15.312 0.5000000000
13699  28.822  -69.670  17.789 0.4000000060
12921  30.927  -70.661  13.152 0.4000000060
13772  32.969  -69.937  12.814 0.4000000060
17431  38.700  -65.220  11.835 0.4000000060
17446  39.190  -65.593  11.044 0.4000000060
130833  39.415  -65.303  12.954 0.4000000060
145761  41.035  -65.480  12.932 0.3000000119
17430  39.923  -65.044  11.258 0.5000000000
128767  39.587  -65.907  10.395 0.4000000060
17461  40.524  -65.834  9.901 0.4000000060
12869  38.220  -71.370  15.754 0.3000000119
12892  38.417  -70.530  15.608 0.3000000119
13711  41.363  -69.473  15.366 0.3000000119
125564  41.594  -68.580  14.834 0.3000000119
15511  41.313  -67.555  15.329 0.3000000119
140061  41.105  -66.021  14.859 0.3000000119
12891  38.911  -71.121  15.575 0.3000000119
12889  40.438  -70.638  15.697 0.3000000119
13712  41.041  -70.206  15.971 0.3000000119
11993  38.029  -71.644  15.997 0.3000000119
128849  38.982  -71.422  16.087 0.3000000119
15496  40.898  -68.076  15.938 0.3000000119
16396  39.204  -66.920  17.079 0.3000000119
12867  39.762  -71.243  15.926 0.3000000119
14581  41.284  -69.901  17.857 0.3000000119
14597  40.459  -68.511  16.757 0.3000000119
12824  41.005  -70.973  18.465 0.3000000119
12845  40.777  -70.780  17.557 0.3000000119
14567  40.731  -69.189  18.518 0.3000000119
13658  41.166  -70.830  19.147 0.3000000119
14549  41.332  -69.616  19.419 0.3000000119
137196  39.232  -70.798  17.038 0.3000000119
15459  39.508  -67.993  18.394 0.3000000119
15460  38.788  -67.177  18.653 0.3000000119
16365  37.964  -66.057  18.887 0.3000000119
12805  41.342  -70.891  19.848 0.3000000119
14582  40.373  -68.849  17.650 0.3000000119
16351  38.750  -66.288  19.919 0.3000000119
138694  41.554  -70.602  19.790 0.3000000119
138128  40.124  -68.401  19.071 0.3000000119
15445  40.213  -68.071  19.709 0.3000000119
18264  37.497  -64.813  19.562 0.3000000119
16364  38.534  -66.621  19.217 0.3000000119
145839  38.047  -65.137  20.057 0.3000000119
129024  38.032  -63.439  20.326 0.3000000119
19230  36.593  -63.424  19.470 0.3000000119
20188  37.713  -62.529  20.300 0.3000000119
21135  37.351  -61.809  20.282 0.3000000119
21136  36.510  -61.884  20.005 0.3000000119
133732  41.310  -65.880  13.539 0.3000000119
17414  39.976  -64.974  12.108 0.4000000060
16439  40.817  -66.641  15.444 0.3000000119
15479  38.832  -67.195  17.945 0.3000000119
17416  38.002  -65.200  12.580 0.5000000000
12868  38.870  -71.379  15.759 0.3000000119
128276  40.976  -69.565  16.882 0.3000000119
14615  41.620  -69.036  14.958 0.3000000119
15542  41.386  -67.367  14.176 0.3000000119
16476  41.441  -66.543  13.946 0.3000000119
13693  41.083  -70.326  17.031 0.3000000119
12846  40.027  -70.989  16.754 0.3000000119
15478  39.546  -67.853  17.422 0.3000000119
13674  41.154  -70.598  18.198 0.3000000119
15444  41.534  -69.187  20.152 0.3000000119
15425  41.076  -68.131  20.410 0.3000000119
15446  39.266  -67.491  19.123 0.3000000119
13646  41.790  -70.551  20.542 0.3000000119
16363  39.194  -67.015  19.610 0.3000000119
14663  35.586  -68.937  12.053 0.3000000119
14664  34.868  -68.749  12.621 0.4000000060
16480  35.066  -66.580  14.130 0.4000000060
15543  35.380  -67.019  13.421 0.4000000060
14662  36.261  -68.288  11.843 0.3000000119
16479  35.850  -66.092  13.810 0.4000000060
145539  35.433  -65.993  14.519 0.3000000119
135092  35.593  -68.136  12.472 0.4000000060
16497  36.048  -66.706  13.063 0.4000000060
17382  36.750  -65.402  14.305 0.3000000119
15566  36.699  -67.353  11.911 0.3000000119
16496  36.775  -66.379  12.486 0.4000000060
16478  36.495  -65.915  13.272 0.4000000060
16504  38.236  -65.955  11.345 0.3000000119
16495  37.671  -65.681  12.150 0.4000000060
17396  38.013  -65.202  13.246 0.4000000060
15565  37.098  -68.023  11.342 0.3000000119
16514  38.808  -66.337  10.634 0.3000000119
15575  37.878  -67.733  10.814 0.3000000119
17417  37.212  -65.407  13.073 0.4000000060
15555  35.632  -67.441  12.863 0.4000000060
9463  28.708  -74.829  17.941 0.3000000119
14651  33.638  -68.550  13.561 0.3000000119
146979  31.487  -76.351  14.314 0.3000000119
151316  29.628  -76.318  16.076 0.3000000119
8742  29.490  -75.235  17.010 0.3000000119
9447  28.881  -74.187  18.235 0.3000000119
14650  34.397  -68.264  13.320 0.3000000119
14637  33.212  -68.069  14.207 0.3000000119
8772  31.340  -75.474  14.841 0.3000000119
9479  30.425  -74.721  16.176 0.3000000119
10278  29.599  -73.621  18.036 0.3000000119
11133  28.829  -72.064  19.100 0.3000000119
15545  33.968  -67.770  13.964 0.3000000119
8770  32.117  -75.183  15.167 0.3000000119
9478  31.254  -74.363  15.631 0.3000000119
9494  31.789  -74.867  15.242 0.3000000119
9462  29.632  -74.461  17.367 0.3000000119
11154  29.856  -72.569  18.452 0.3000000119
10330  31.847  -74.279  15.661 0.3000000119
10314  31.368  -73.746  16.117 0.3000000119
10297  30.671  -73.271  17.212 0.3000000119
11983  29.847  -70.874  18.905 0.3000000119
14572  30.062  -68.967  18.324 0.3000000119
15502  30.840  -67.698  17.230 0.3000000119
8752  32.187  -74.657  15.591 0.3000000119
11132  30.392  -71.760  18.467 0.3000000119
13682  30.191  -69.565  18.609 0.3000000119
15529  33.569  -67.273  14.656 0.3000000119
10313  32.056  -73.693  16.034 0.3000000119
10329  32.306  -74.159  15.884 0.3000000119
11171  31.554  -73.093  16.547 0.3000000119
11153  30.945  -72.507  17.550 0.3000000119
12832  30.224  -70.326  18.761 0.3000000119
15463  30.873  -67.830  17.920 0.3000000119
15515  31.650  -67.407  15.963 0.3000000119
15513  33.215  -66.829  15.409 0.3000000119
16460  34.772  -66.216  14.877 0.3000000119
14665  34.054  -69.005  12.948 0.3000000119
11152  31.785  -72.458  16.891 0.3000000119
11982  30.790  -71.044  18.485 0.3000000119
14571  30.650  -68.881  18.472 0.3000000119
15501  31.471  -67.242  16.817 0.3000000119
8142  30.653  -76.131  15.020 0.3000000119
8755  30.307  -75.511  15.779 0.3000000119
7466  25.669  -77.344  17.065 0.3000000119
8105  25.670  -75.967  18.413 0.3000000119
8118  23.944  -76.032  17.998 0.3000000119
8171  23.306  -76.504  12.396 0.3000000119
8729  27.752  -75.029  18.375 0.3000000119
8754  31.265  -74.960  15.186 0.3000000119
9449  27.086  -74.400  18.716 0.3000000119
9452  25.025  -74.743  18.325 0.4000000060
9461  30.525  -74.008  16.664 0.3000000119
9464  25.289  -74.269  18.199 0.4000000060
9481  24.320  -74.463  17.335 0.4000000060
10279  28.360  -73.570  18.740 0.4000000060
10392  33.571  -73.706  9.539 0.3000000119
10402  35.475  -73.973  8.474 0.6000000238
10404  34.149  -74.582  8.830 0.4000000060
10419  35.595  -74.002  7.900 0.5000000000
10432  35.650  -73.814  7.715 0.5000000000
11135  27.348  -72.333  18.556 0.4000000060
11155  26.880  -72.004  17.398 0.4000000060
11186  26.573  -72.820  15.887 0.4000000060
11197  27.737  -72.154  14.664 0.5000000000
11212  28.225  -72.330  13.824 0.3000000119
11260  34.631  -72.832  9.954 0.5000000000
11277  36.812  -73.203  8.703 0.6000000238
11279  35.202  -73.637  9.245 0.6000000238
11293  36.788  -73.227  8.064 0.5000000000
11302  36.652  -73.053  7.691 0.5000000000
11986  27.022  -72.016  18.137 0.4000000060
12061  30.234  -71.036  13.147 0.4000000060
12073  32.292  -71.162  11.981 0.4000000060
12074  30.803  -71.263  12.573 0.4000000060
12085  34.877  -71.370  10.927 0.5000000000
12087  32.938  -71.557  11.495 0.4000000060
12098  36.586  -71.726  9.947 0.5000000000
12101  34.060  -72.119  10.635 0.5000000000
12102  33.301  -72.154  10.809 0.4000000060
12112  37.975  -72.118  8.854 0.4000000060
12123  37.960  -72.161  8.329 0.5000000000
12126  35.020  -71.852  8.166 0.5000000000
12130  37.808  -72.158  7.932 0.4000000060
12132  36.452  -72.566  7.553 0.5000000000
12825  40.398  -70.816  18.030 0.3000000119
12833  29.468  -70.092  18.717 0.3000000119
12853  27.772  -70.860  18.012 0.4000000060
12866  40.561  -70.753  16.468 0.3000000119
12870  37.462  -71.457  16.131 0.3000000119
12875  28.516  -70.121  17.125 0.4000000060
12876  27.849  -70.778  17.241 0.4000000060
12890  39.651  -71.014  15.530 0.3000000119
12907  28.852  -71.016  14.817 0.5000000000
12920  31.504  -70.283  13.241 0.4000000060
12922  29.852  -70.872  13.792 0.5000000000
12934  34.304  -70.107  12.070 0.4000000060
12948  34.486  -70.815  11.498 0.5000000000
12970  39.664  -70.434  8.626 0.4000000060
12980  39.520  -70.568  8.254 0.5000000000
12983  37.812  -71.740  7.694 0.4000000060
13683  29.442  -69.428  18.261 0.3000000119
13698  29.379  -69.190  17.680 0.4000000060
13713  37.539  -70.790  15.933 0.3000000119
13717  29.907  -68.985  16.351 0.4000000060
13732  41.461  -69.400  14.993 0.3000000119
13733  41.038  -69.936  15.331 0.3000000119
13748  41.091  -69.748  15.039 0.3000000119
13761  33.309  -69.275  13.195 0.4000000060
13762  30.953  -70.082  13.800 0.5000000000
13771  33.741  -69.698  12.612 0.4000000060
13783  35.663  -69.660  11.605 0.4000000060
13794  37.912  -69.900  10.037 0.4000000060
13805  40.335  -69.785  8.671 0.5000000000
13812  40.180  -69.933  8.412 0.4000000060
13813  37.402  -69.935  7.716 0.4000000060
13815  36.072  -70.043  8.627 0.4000000060
13816  39.943  -70.078  8.019 0.5000000000
14530  41.988  -70.202  20.358 0.3000000119
14566  41.357  -70.316  18.835 0.3000000119
14586  30.439  -68.448  18.143 0.3000000119
14587  29.860  -68.796  17.948 0.3000000119
14596  41.187  -69.069  16.013 0.3000000119
14616  41.577  -68.591  15.230 0.3000000119
14634  41.530  -68.807  14.791 0.3000000119
14635  41.281  -69.150  14.789 0.3000000119
14638  32.432  -68.336  14.448 0.4000000060
14640  30.877  -68.895  14.984 0.4000000060
14690  41.656  -68.238  8.412 0.5000000000
14692  40.292  -69.390  9.070 0.5000000000
14698  41.798  -68.070  8.191 0.6999999881
14699  41.368  -68.640  7.964 0.6999999881
14700  40.788  -68.777  7.729 0.6999999881
15497  39.986  -67.503  16.555 0.3000000119
15510  41.630  -68.005  14.895 0.3000000119
15514  32.426  -67.104  15.657 0.4000000060
15524  41.480  -68.068  14.557 0.3000000119
15525  41.298  -68.232  14.454 0.3000000119
15528  34.325  -66.943  14.404 0.4000000060
15544  34.686  -67.411  13.693 0.4000000060
15554  36.157  -67.399  12.441 0.4000000060
15556  35.081  -67.858  13.045 0.4000000060
15567  35.361  -66.411  10.931 0.5000000000
15574  38.667  -67.355  10.277 0.3000000119
15582  41.376  -67.898  8.924 0.6999999881
15583  40.422  -67.695  9.387 0.4000000060
15586  36.863  -67.371  9.395 0.6000000238
15588  42.618  -66.550  8.109 0.6000000238
15591  37.245  -67.992  8.816 0.5000000000
15592  42.305  -67.255  7.973 0.6999999881
15596  38.146  -67.659  7.670 0.5000000000
16349  41.010  -67.088  20.502 0.3000000119
16350  39.819  -66.842  20.112 0.3000000119
16379  38.366  -66.533  18.410 0.3000000119
16402  32.049  -66.865  17.233 0.3000000119
16418  40.566  -67.227  15.897 0.3000000119
16420  38.978  -66.200  16.771 0.4000000060
16438  41.429  -66.958  14.750 0.3000000119
16454  41.457  -67.240  14.321 0.3000000119
16459  36.055  -65.622  14.461 0.3000000119
16505  37.438  -66.789  11.563 0.3000000119
16515  38.133  -66.791  10.921 0.3000000119
16519  42.541  -66.203  8.475 0.6000000238
16520  41.979  -66.783  8.803 0.6000000238
16524  42.494  -66.237  7.772 0.6000000238
16525  39.560  -66.735  7.389 0.6000000238
17302  38.060  -65.720  19.563 0.3000000119
17316  37.508  -65.404  18.897 0.4000000060
17359  41.503  -66.332  14.209 0.3000000119
17360  41.326  -65.439  14.379 0.4000000060
17361  40.208  -65.777  15.579 0.4000000060
17378  41.456  -64.947  14.038 0.4000000060
17394  41.507  -65.219  13.064 0.3000000119
17398  36.586  -65.478  13.798 0.3000000119
17413  41.456  -64.908  12.082 0.6000000238
17415  38.735  -65.109  12.513 0.5000000000
17445  40.472  -65.296  10.606 0.5000000000
17449  35.050  -65.139  10.661 0.6000000238
17458  42.634  -65.391  8.706 0.6000000238
17465  31.021  -66.137  8.858 0.5000000000
17476  30.256  -66.099  8.755 0.4000000060
17477  42.757  -65.664  7.987 0.6000000238
18265  36.867  -64.174  19.253 0.4000000060
18282  36.811  -64.266  18.206 0.4000000060
18303  37.625  -64.290  16.650 0.4000000060
18327  41.216  -64.266  13.999 0.4000000060
18344  41.813  -64.475  12.717 0.4000000060
18374  40.997  -64.905  11.490 0.5000000000
18383  42.216  -64.390  10.013 0.6000000238
18398  31.586  -65.717  8.914 0.5000000000
18406  42.680  -65.202  8.331 0.6000000238
18417  42.621  -65.106  7.993 0.6000000238
18418  42.148  -64.841  7.843 0.6000000238
18419  41.254  -64.718  7.835 0.6999999881
19229  37.288  -63.946  19.834 0.3000000119
19289  39.494  -63.616  14.744 0.4000000060
19305  40.753  -63.534  13.813 0.6000000238
19321  41.105  -63.317  13.175 0.6000000238
19323  39.393  -62.723  13.712 0.5000000000
19334  42.044  -63.889  12.224 0.6000000238
19348  42.276  -63.968  11.502 0.5000000000
19357  40.659  -63.471  9.930 0.6000000238
19358  38.874  -63.423  9.701 0.6000000238
19359  38.172  -63.230  9.396 0.6000000238
19366  42.155  -64.090  10.030 0.6000000238
19369  38.923  -63.162  8.547 0.6999999881
19371  30.187  -64.259  8.687 0.4000000060
19378  42.180  -64.236  8.897 0.6000000238
19379  41.196  -64.158  8.619 0.6000000238
19380  40.077  -63.897  8.215 0.6999999881
19382  34.409  -64.154  8.157 0.6000000238
19388  37.917  -63.096  7.509 0.6000000238
19390  35.976  -63.362  7.512 0.6999999881
20189  36.949  -62.489  19.997 0.3000000119
20212  36.228  -62.647  19.578 0.4000000060
20225  35.905  -63.043  18.419 0.4000000060
20267  38.184  -62.755  14.714 0.5000000000
20283  36.943  -61.909  14.664 0.5000000000
20296  40.687  -62.891  12.779 0.6000000238
20309  40.340  -62.720  12.246 0.5000000000
20311  38.045  -62.391  12.578 0.5000000000
20320  41.825  -63.394  11.721 0.5000000000
20322  40.107  -62.729  11.506 0.6000000238
20328  41.616  -63.173  11.114 0.5000000000
20334  35.867  -62.127  10.204 0.6000000238
20351  37.685  -61.393  7.925 0.5000000000
21200  35.899  -61.723  15.926 0.5000000000
21220  34.794  -61.085  13.400 0.5000000000
21229  36.223  -62.012  12.697 0.6000000238
21230  35.297  -62.031  12.026 0.4000000060
21245  34.801  -61.243  10.684 0.3000000119
21255  30.378  -62.074  9.088 0.6000000238
22136  35.292  -60.932  14.754 0.6000000238
22150  33.741  -60.101  13.234 0.5000000000
22167  34.087  -60.863  12.021 0.5000000000
22194  34.920  -59.717  7.757 0.6000000238
23132  34.504  -59.906  10.682 0.5000000000
23150  36.963  -59.210  8.060 0.6000000238
23158  31.535  -59.376  8.596 0.6999999881
23159  30.753  -59.110  8.831 0.6999999881
23160  36.326  -59.141  7.655 0.6000000238
24140  33.512  -58.671  12.505 0.5000000000
25244  30.677  -57.939  9.347 0.6999999881
25247  36.303  -57.896  8.140 0.6000000238
25251  32.571  -57.124  8.514 0.6999999881
25253  36.066  -57.699  7.901 0.6000000238
25254  35.626  -57.671  7.840 0.6000000238
26330  30.652  -56.937  11.961 0.5000000000
26344  31.625  -56.619  10.293 0.6000000238
27449  36.437  -54.818  9.233 0.5000000000
27450  36.015  -55.475  10.019 0.6000000238
27463  32.987  -55.567  9.057 0.5000000000
27466  35.723  -55.350  7.899 0.6000000238
27468  34.268  -55.285  8.157 0.6999999881
28519  36.381  -54.099  8.947 0.5000000000
28522  34.260  -54.423  8.762 0.6000000238
28526  36.234  -54.522  8.467 0.6000000238
28527  35.517  -54.513  8.177 0.6999999881
126885  33.638  -71.661  11.193 0.5000000000
128177  31.570  -65.065  8.622 0.5000000000
129371  29.368  -71.535  19.034 0.3000000119
129906  28.586  -72.509  13.079 0.3000000119
130509  40.028  -64.337  14.996 0.4000000060
131176  33.907  -56.991  12.043 0.4000000060
131877  36.920  -60.470  8.512 0.5000000000
134234  41.184  -69.836  16.182 0.3000000119
135389  36.387  -58.133  8.507 0.6000000238
135597  27.143  -77.779  16.316 0.3000000119
136006  30.997  -70.246  18.587 0.3000000119
136777  30.358  -68.288  17.602 0.4000000060
137156  27.697  -72.852  18.864 0.4000000060
137872  38.997  -68.448  7.466 0.4000000060
139251  36.547  -58.736  8.423 0.6000000238
140059  42.324  -66.999  8.342 0.6999999881
140128  39.167  -62.813  11.396 0.6000000238
140269  28.897  -70.683  18.875 0.3000000119
140540  41.218  -65.852  7.365 0.6999999881
141216  31.066  -68.239  18.340 0.3000000119
141362  34.896  -54.163  8.419 0.5000000000
141746  42.038  -65.843  7.496 0.6999999881
146342  34.945  -56.704  10.474 0.5000000000
146728  35.340  -56.232  7.916 0.6999999881
147934  28.956  -60.437  11.585 0.4000000060
148006  36.255  -60.879  9.197 0.5000000000
148201  23.129  -75.146  17.150 0.4000000060
148521  36.882  -59.010  7.952 0.6000000238
149258  39.542  -69.978  7.706 0.6000000238
149490  36.704  -62.949  19.743 0.3000000119
149677  34.536  -58.702  10.715 0.4000000060
149770  41.841  -67.831  7.879 0.6999999881
150246  38.095  -61.861  20.426 0.3000000119
