#!ascii label  , from subject sub-v1s9x0051329_ses-1 vox2ras=TkReg
1284
3186  12.715  -84.402  19.421 0.5000000000
8855  13.968  -75.992  9.834 0.6000000238
8838  13.092  -75.322  9.802 0.6000000238
9584  12.364  -74.410  9.740 0.6000000238
9583  13.447  -74.506  10.140 0.6999999881
134346  12.677  -73.615  9.851 0.6000000238
9567  15.095  -74.529  11.060 0.6999999881
9568  14.141  -73.796  10.557 0.6000000238
4345  17.289  -82.660  13.490 0.5000000000
2768  17.009  -86.536  12.485 0.6000000238
2759  17.746  -85.672  12.749 0.6000000238
135327  16.955  -83.635  13.313 0.5000000000
1995  16.612  -88.889  12.549 0.5000000000
2356  16.935  -87.889  11.989 0.4000000060
3280  16.628  -85.902  12.561 0.5000000000
3269  17.512  -85.359  13.000 0.6000000238
127726  16.044  -77.240  14.332 0.5000000000
3229  15.482  -84.553  16.443 0.4000000060
127732  14.624  -77.324  13.253 0.5000000000
7514  15.064  -76.925  14.227 0.5000000000
7536  14.104  -77.666  12.338 0.6000000238
7556  12.626  -77.700  9.962 0.6000000238
8854  15.190  -75.778  10.021 0.6999999881
8856  12.848  -76.194  9.640 0.6000000238
8837  14.358  -75.194  10.156 0.6999999881
130207  17.763  -74.169  10.126 0.6000000238
9581  15.822  -74.860  10.295 0.6999999881
9545  18.953  -74.254  11.459 0.6000000238
9547  17.634  -74.906  11.361 0.6000000238
8826  16.409  -75.088  11.455 0.6999999881
9544  19.691  -74.104  11.943 0.6999999881
10386  13.332  -73.125  10.289 0.6000000238
4940  17.766  -81.733  13.577 0.5000000000
150974  18.155  -84.063  13.290 0.6000000238
4344  18.280  -82.634  13.256 0.5000000000
2355  17.924  -87.632  11.678 0.6000000238
147095  18.166  -86.654  11.653 0.6999999881
3268  18.229  -84.752  13.078 0.6000000238
1975  16.646  -88.364  13.270 0.4000000060
6891  15.369  -78.597  12.085 0.5000000000
7534  16.107  -78.019  12.964 0.5000000000
3200  13.859  -84.053  18.301 0.5000000000
6892  14.338  -78.385  11.773 0.5000000000
149060  14.537  -78.180  9.680 0.6999999881
6902  13.849  -78.547  11.014 0.6000000238
140599  14.678  -77.441  9.709 0.6999999881
7573  13.893  -77.815  9.677 0.6000000238
6934  13.257  -78.122  10.044 0.6000000238
143047  14.687  -76.572  9.836 0.6999999881
8211  13.588  -77.006  9.630 0.6000000238
8853  16.279  -75.529  9.840 0.6999999881
145198  17.759  -74.218  9.754 0.6000000238
8835  16.668  -74.766  9.897 0.6000000238
9563  18.649  -73.639  10.183 0.6000000238
9562  19.501  -73.455  10.843 0.6000000238
10373  20.267  -73.355  11.617 0.6999999881
10374  15.217  -73.654  12.522 0.6999999881
11253  13.456  -72.449  10.436 0.5000000000
9546  18.279  -74.942  12.107 0.6999999881
8812  16.428  -75.196  12.364 0.6999999881
4358  18.738  -83.159  11.607 0.5000000000
4343  18.588  -82.665  12.675 0.5000000000
4939  18.353  -81.683  13.134 0.5000000000
3279  18.620  -84.844  12.220 0.6999999881
3794  18.434  -83.686  13.067 0.6000000238
2000  18.418  -88.699  11.972 0.5000000000
138818  18.706  -86.947  11.325 0.6999999881
2766  18.658  -85.941  11.446 0.6999999881
2758  18.161  -85.696  12.381 0.6000000238
151484  18.525  -84.239  12.834 0.6000000238
2334  17.218  -87.938  13.499 0.4000000060
146751  17.749  -88.883  12.477 0.4000000060
1993  17.673  -88.980  12.399 0.5000000000
6900  15.824  -79.157  11.442 0.5000000000
6914  14.721  -79.136  10.128 0.5000000000
6245  15.300  -79.557  10.431 0.5000000000
6901  14.588  -79.052  11.001 0.5000000000
7572  16.431  -77.367  9.541 0.6000000238
6915  13.905  -78.549  10.404 0.5000000000
8209  16.792  -76.391  9.655 0.6999999881
8850  18.772  -74.886  9.545 0.6000000238
8851  17.828  -75.146  9.571 0.6999999881
8210  15.722  -76.728  9.802 0.6999999881
9597  19.246  -73.650  9.476 0.6000000238
8852  17.114  -75.311  9.661 0.6999999881
10396  20.847  -72.541  9.630 0.6999999881
151661  18.615  -73.886  9.603 0.6000000238
9598  18.041  -74.306  9.630 0.6000000238
11249  22.018  -72.400  11.068 0.6000000238
11272  21.382  -72.326  10.190 0.6999999881
10385  19.465  -73.076  9.751 0.6999999881
11229  23.887  -72.262  12.041 0.6000000238
11230  22.704  -72.525  12.017 0.6000000238
11250  21.313  -72.299  11.036 0.6999999881
11234  14.972  -72.797  12.205 0.6000000238
10383  20.800  -72.555  11.227 0.6999999881
9548  15.921  -74.980  12.791 0.6999999881
10375  14.424  -73.132  11.324 0.6000000238
11214  23.257  -72.389  12.877 0.6999999881
11231  21.929  -72.520  11.940 0.6000000238
10372  21.079  -73.259  12.478 0.8000000119
146688  20.221  -74.192  12.846 0.6999999881
133786  19.144  -74.756  12.768 0.6999999881
8810  18.011  -75.171  13.290 0.6999999881
133293  18.613  -82.268  11.981 0.6000000238
2790  19.282  -85.832  10.883 0.6999999881
125644  19.055  -84.619  10.357 0.6999999881
3805  18.702  -83.786  12.401 0.6000000238
2364  19.683  -87.604  11.320 0.5000000000
2777  19.207  -87.045  11.109 0.6999999881
2344  18.163  -88.240  13.024 0.4000000060
1992  18.813  -88.666  12.189 0.5000000000
6244  16.242  -79.760  10.864 0.5000000000
6235  17.794  -79.250  12.340 0.5000000000
6254  15.814  -80.062  9.976 0.5000000000
6931  16.265  -79.020  9.372 0.6000000238
7569  18.496  -77.282  9.706 0.6000000238
7571  16.554  -78.134  9.396 0.6999999881
144220  14.764  -78.759  9.761 0.6999999881
146060  19.101  -76.328  9.748 0.6999999881
7570  17.226  -77.438  9.432 0.6999999881
8849  19.759  -74.495  9.461 0.6000000238
127250  19.648  -75.570  9.675 0.6000000238
8207  18.266  -76.167  9.604 0.6999999881
10414  22.299  -73.056  9.237 0.6999999881
10415  21.326  -72.893  9.407 0.6999999881
9595  20.994  -73.410  9.287 0.6999999881
11217  16.322  -72.452  13.715 0.6000000238
11270  23.358  -72.513  10.199 0.6000000238
11290  22.741  -72.756  9.517 0.6999999881
10416  20.349  -72.876  9.397 0.6999999881
12076  26.160  -71.096  12.536 0.6000000238
12078  24.819  -71.873  11.990 0.6000000238
12091  25.345  -71.811  11.589 0.6000000238
11248  23.868  -72.377  11.012 0.6000000238
11271  22.324  -72.517  10.191 0.6999999881
135093  16.115  -73.352  13.709 0.6000000238
126798  24.771  -71.860  12.729 0.6000000238
9514  19.217  -74.688  14.613 0.6999999881
8787  17.551  -74.962  14.298 0.6000000238
9531  16.734  -74.885  13.862 0.6999999881
10360  15.695  -73.760  13.345 0.6000000238
140228  26.228  -70.861  13.198 0.5000000000
129851  24.640  -71.659  13.642 0.6000000238
148897  23.527  -72.280  13.446 0.8000000119
151518  22.354  -72.631  13.488 0.8000000119
10359  21.442  -73.289  13.630 0.8000000119
146870  20.826  -73.830  13.465 0.8000000119
149415  19.504  -74.611  13.675 0.6999999881
8799  17.172  -75.227  13.542 0.6999999881
11215  22.436  -72.491  12.837 0.8000000119
3816  18.884  -84.202  11.043 0.6999999881
4969  18.227  -81.541  11.584 0.6999999881
4957  18.535  -81.594  12.625 0.6000000238
129785  19.723  -85.668  10.518 0.6999999881
2789  19.772  -86.602  10.849 0.6000000238
6242  18.037  -79.901  12.193 0.5000000000
6243  17.303  -79.835  11.529 0.5000000000
14590  17.407  -68.947  17.366 0.6000000238
6253  16.712  -80.550  10.369 0.5000000000
13702  17.435  -69.964  17.101 0.5000000000
6271  16.168  -79.907  9.362 0.5000000000
12005  17.420  -71.524  17.578 0.6000000238
146115  17.478  -79.230  9.215 0.6999999881
6270  16.812  -79.647  9.164 0.6000000238
6930  17.059  -78.634  9.277 0.6999999881
12023  17.253  -72.079  16.064 0.6000000238
128007  20.452  -75.467  9.755 0.6999999881
10413  23.273  -73.185  9.110 0.6999999881
9594  22.042  -73.451  9.118 0.6999999881
8848  20.715  -74.377  9.406 0.6999999881
10347  17.237  -73.727  15.221 0.6000000238
11191  17.422  -73.150  15.986 0.6000000238
11289  23.794  -72.793  9.576 0.6000000238
9485  17.700  -73.921  15.882 0.6000000238
11204  16.641  -72.239  14.323 0.6000000238
11245  26.063  -72.017  11.048 0.6000000238
11246  25.178  -72.206  10.964 0.6000000238
9483  18.703  -74.076  16.176 0.6999999881
128096  17.622  -74.459  15.160 0.6000000238
10348  16.661  -73.324  14.393 0.6000000238
12954  26.839  -70.913  12.075 0.6000000238
141798  22.477  -72.538  14.985 0.6000000238
11189  21.445  -73.061  15.363 0.6000000238
10346  19.938  -74.238  14.997 0.6999999881
9498  18.945  -74.528  15.473 0.6000000238
9516  16.968  -74.353  14.521 0.6000000238
12035  23.871  -71.775  14.972 0.6000000238
10344  21.457  -73.230  14.583 0.8000000119
12048  23.820  -72.042  14.028 0.6000000238
11201  22.516  -72.661  14.255 0.6999999881
10345  20.799  -73.742  14.364 0.8000000119
130353  18.731  -83.864  9.981 0.6999999881
4368  18.420  -83.374  10.156 0.6999999881
130382  18.116  -82.543  10.651 0.6999999881
3296  20.055  -85.014  10.167 0.6999999881
3297  19.349  -84.750  10.259 0.6999999881
151220  17.735  -81.925  10.560 0.6000000238
4970  17.386  -81.367  10.473 0.6000000238
13669  17.721  -69.039  19.301 0.6000000238
133207  17.512  -68.095  18.116 0.6000000238
140929  17.591  -69.782  18.933 0.6000000238
140639  17.506  -69.017  18.453 0.6000000238
4981  16.835  -81.243  9.452 0.6000000238
12838  17.548  -70.405  18.524 0.5000000000
6269  18.208  -79.302  9.309 0.6999999881
11976  18.118  -71.514  18.964 0.4000000060
12856  17.403  -70.614  17.819 0.5000000000
7568  19.301  -77.465  10.026 0.6999999881
6928  18.747  -78.380  9.686 0.8000000119
11141  17.739  -71.966  18.270 0.5000000000
8206  20.106  -76.566  10.089 0.6000000238
6929  17.898  -78.198  9.386 0.6999999881
11162  17.633  -72.456  17.481 0.6000000238
8847  21.769  -74.345  9.269 0.6999999881
130753  21.417  -75.437  9.675 0.6999999881
10301  19.070  -73.294  17.377 0.6999999881
151246  17.682  -72.965  17.108 0.6000000238
10412  24.327  -73.283  9.100 0.6999999881
10431  23.945  -73.745  8.771 0.6999999881
10300  20.062  -73.226  17.168 0.5000000000
10320  17.783  -73.396  16.638 0.6000000238
11266  27.230  -72.322  10.075 0.6000000238
11268  25.463  -72.428  10.305 0.6000000238
11288  24.862  -72.826  9.665 0.6999999881
10318  19.399  -73.674  16.661 0.6999999881
12107  26.852  -72.040  10.688 0.6000000238
11269  24.438  -72.448  10.398 0.6000000238
11190  21.300  -72.972  16.075 0.5000000000
10317  20.466  -73.360  16.242 0.6000000238
12090  26.097  -71.384  11.794 0.6000000238
11173  23.399  -71.971  15.524 0.6000000238
11188  22.018  -72.620  15.656 0.5000000000
10334  19.692  -73.905  15.835 0.6999999881
143565  24.439  -71.371  15.256 0.6000000238
3842  18.697  -83.341  9.341 0.6999999881
4389  17.952  -82.763  8.926 0.6999999881
4377  17.427  -82.288  8.962 0.6000000238
4996  17.039  -81.730  8.961 0.6000000238
14556  17.941  -68.301  19.509 0.4000000060
15467  17.679  -67.183  18.320 0.5000000000
5622  17.100  -81.226  8.886 0.6000000238
13656  18.668  -69.519  20.419 0.5000000000
144468  17.523  -67.393  17.647 0.6000000238
5621  17.863  -81.208  8.815 0.6999999881
138968  18.435  -80.305  9.184 0.6999999881
130156  16.722  -80.515  9.133 0.6000000238
145691  17.902  -70.631  19.238 0.5000000000
7555  20.216  -77.729  10.261 0.6999999881
11116  19.259  -72.214  19.110 0.4000000060
8846  23.570  -75.285  8.787 0.6999999881
132629  22.575  -75.523  9.318 0.6999999881
8204  21.940  -76.604  9.886 0.6999999881
11140  19.405  -72.496  18.548 0.6000000238
10429  26.036  -74.057  8.693 0.6999999881
9608  24.726  -74.546  8.528 0.6999999881
8205  21.007  -76.240  10.099 0.6999999881
11139  20.270  -72.506  18.423 0.5000000000
11161  18.794  -72.756  17.998 0.5000000000
10411  25.405  -73.411  9.157 0.6000000238
10430  24.992  -73.909  8.714 0.6999999881
9609  23.727  -74.376  8.687 0.6999999881
9610  22.778  -74.289  8.895 0.6999999881
11159  20.614  -72.702  17.663 0.5000000000
12106  27.526  -71.809  10.606 0.5000000000
11286  26.859  -72.892  9.605 0.6000000238
11287  25.893  -72.870  9.684 0.6000000238
4388  18.822  -82.759  9.059 0.6999999881
4994  18.286  -82.068  8.803 0.6999999881
15448  18.223  -67.470  19.696 0.4000000060
4993  19.410  -81.958  9.295 0.6999999881
4995  17.457  -81.988  8.796 0.6999999881
16382  17.994  -66.367  18.528 0.4000000060
5620  18.774  -81.188  9.070 0.6999999881
16407  17.652  -66.537  17.627 0.6000000238
130432  20.160  -79.266  10.075 0.8000000119
139846  19.195  -80.413  9.411 0.6999999881
143876  21.706  -78.543  10.204 0.6000000238
6913  20.382  -78.523  10.266 0.6000000238
18307  17.723  -63.474  16.192 0.6000000238
8203  23.503  -76.306  8.919 0.6999999881
7566  22.746  -77.519  9.512 0.6999999881
7554  21.046  -78.110  10.364 0.6000000238
8865  24.504  -75.338  8.483 0.6000000238
10428  27.074  -74.128  8.584 0.6000000238
19296  15.792  -62.314  15.680 0.5000000000
11285  27.752  -72.847  9.463 0.6000000238
10410  26.460  -73.527  9.164 0.6999999881
142582  19.705  -80.991  9.467 0.6999999881
17306  18.591  -65.477  18.827 0.4000000060
6252  21.113  -79.937  10.216 0.8000000119
16406  18.117  -65.612  17.896 0.5000000000
6926  22.581  -78.609  9.631 0.8000000119
18306  18.405  -63.849  16.821 0.4000000060
17333  18.654  -64.763  17.999 0.4000000060
6912  21.046  -78.957  10.314 0.6999999881
150314  17.581  -62.541  16.457 0.4000000060
17349  18.311  -64.914  17.120 0.5000000000
8864  25.517  -75.566  8.199 0.6000000238
8219  24.291  -76.172  8.531 0.6000000238
7565  23.615  -77.361  8.885 0.6999999881
20256  16.957  -62.057  17.126 0.4000000060
9606  26.731  -74.730  8.307 0.6000000238
9607  25.713  -74.664  8.428 0.6000000238
18318  15.444  -63.559  15.885 0.4000000060
20272  16.477  -62.023  15.912 0.6000000238
10409  27.429  -73.538  9.013 0.6000000238
11284  28.599  -72.705  9.295 0.5000000000
12120  29.906  -71.907  9.720 0.5000000000
5610  20.687  -80.792  9.985 0.8000000119
18296  18.815  -64.077  17.502 0.4000000060
6266  21.968  -79.339  10.089 0.6999999881
19277  18.093  -62.835  16.849 0.4000000060
7583  24.509  -77.709  8.271 0.6000000238
132562  25.059  -76.271  8.102 0.6000000238
8218  24.808  -77.014  8.119 0.6000000238
19263  16.651  -62.539  17.502 0.4000000060
19279  16.509  -62.277  16.786 0.4000000060
10427  27.948  -73.943  8.159 0.6000000238
18308  15.608  -63.935  16.684 0.4000000060
11301  29.091  -73.181  8.446 0.4000000060
17320  19.027  -64.504  18.645 0.4000000060
6265  22.925  -79.703  9.416 0.6999999881
18286  18.976  -63.586  17.954 0.4000000060
6943  24.248  -79.088  8.420 0.6999999881
6925  23.474  -78.308  8.998 0.6000000238
20242  18.077  -62.327  17.469 0.4000000060
8863  26.584  -76.430  7.857 0.6000000238
8217  25.592  -77.231  7.755 0.6000000238
19264  16.178  -63.176  17.107 0.4000000060
9605  27.668  -74.625  7.815 0.6000000238
17335  15.187  -65.054  17.043 0.3000000119
10426  28.757  -73.736  7.836 0.4000000060
11300  29.994  -73.182  8.355 0.4000000060
10425  29.674  -73.762  7.743 0.4000000060
20244  17.122  -62.285  17.917 0.4000000060
18297  16.353  -63.464  17.875 0.4000000060
9618  27.427  -75.604  7.690 0.6000000238
10439  28.537  -74.513  7.512 0.6000000238
9617  28.476  -75.575  7.334 0.6000000238
10424  30.624  -73.886  7.604 0.4000000060
10436  31.336  -74.762  7.330 0.5000000000
11298  31.830  -73.184  8.054 0.4000000060
131142  12.129  -67.868  19.271 0.3000000119
10422  32.496  -74.025  7.413 0.4000000060
21168  18.442  -61.949  19.371 0.4000000060
150159  13.518  -67.653  19.344 0.3000000119
15439  9.607  -67.778  20.523 0.4000000060
21166  19.850  -61.899  19.802 0.4000000060
19216  17.351  -63.534  19.934 0.4000000060
15435  15.145  -67.262  20.381 0.3000000119
17296  16.091  -65.910  20.116 0.3000000119
14559  11.473  -68.008  19.877 0.3000000119
14557  13.281  -68.035  19.921 0.3000000119
15438  10.489  -67.919  20.245 0.3000000119
19214  18.373  -62.603  20.642 0.4000000060
18251  17.538  -63.971  20.821 0.4000000060
138162  16.635  -64.929  19.855 0.4000000060
15437  13.791  -68.104  20.625 0.3000000119
14543  12.958  -68.390  20.669 0.3000000119
17243  7.970  -66.256  24.341 0.4000000060
17218  8.888  -65.521  25.541 0.3000000119
145232  9.288  -64.947  25.761 0.3000000119
14545  11.116  -68.339  20.884 0.3000000119
128899  10.227  -68.235  21.130 0.3000000119
18233  17.148  -64.838  21.333 0.4000000060
127277  16.688  -65.365  20.789 0.4000000060
16357  15.644  -66.781  20.739 0.3000000119
15412  15.070  -67.413  21.249 0.3000000119
14521  13.447  -68.316  21.436 0.3000000119
15392  8.460  -67.134  22.843 0.3000000119
14522  12.603  -68.529  21.530 0.3000000119
17228  8.476  -66.032  25.139 0.3000000119
14524  10.855  -68.440  21.799 0.3000000119
150233  9.939  -65.838  25.029 0.4000000060
17217  9.641  -65.380  25.426 0.3000000119
17226  10.288  -65.200  25.089 0.3000000119
18165  10.018  -64.588  25.638 0.3000000119
16356  16.215  -66.193  21.276 0.4000000060
16336  15.656  -66.840  21.753 0.4000000060
150442  14.720  -67.591  21.803 0.3000000119
16292  8.552  -66.900  23.871 0.4000000060
14503  13.096  -68.306  22.273 0.3000000119
16315  9.076  -67.309  23.531 0.3000000119
16279  8.866  -66.613  24.696 0.4000000060
16291  9.369  -67.077  24.180 0.4000000060
18174  10.561  -64.499  24.964 0.3000000119
16312  16.175  -66.291  22.357 0.4000000060
16313  15.509  -66.747  22.647 0.4000000060
15387  14.356  -67.611  22.364 0.4000000060
15388  13.540  -67.789  22.767 0.4000000060
14504  12.258  -68.451  22.452 0.3000000119
15370  11.427  -67.683  23.799 0.3000000119
137906  10.208  -67.170  24.193 0.3000000119
16290  10.723  -66.658  24.248 0.3000000119
17241  11.345  -65.953  23.866 0.5000000000
17227  9.820  -66.526  24.642 0.4000000060
17242  10.623  -65.699  24.404 0.4000000060
19141  10.740  -63.600  24.539 0.3000000119
150518  15.217  -66.585  23.190 0.4000000060
15367  14.067  -67.257  23.164 0.4000000060
15368  13.197  -67.387  23.429 0.3000000119
16289  11.712  -66.953  24.081 0.3000000119
17240  12.247  -66.130  23.638 0.3000000119
18189  11.851  -65.091  23.299 0.3000000119
14496  11.871  -68.195  23.281 0.3000000119
15369  12.298  -67.532  23.680 0.3000000119
18190  11.277  -65.118  23.743 0.3000000119
151264  10.590  -65.026  24.597 0.3000000119
131777  10.908  -63.036  23.816 0.3000000119
18183  18.061  -64.002  23.115 0.3000000119
17235  16.951  -64.997  23.123 0.3000000119
17236  16.267  -65.396  23.408 0.3000000119
17238  14.807  -65.231  23.718 0.3000000119
18187  14.185  -64.435  23.657 0.3000000119
18188  13.110  -64.417  23.081 0.3000000119
129972  15.083  -66.086  23.516 0.3000000119
136823  14.219  -66.063  23.612 0.3000000119
17239  13.271  -66.149  23.575 0.3000000119
129366  12.722  -65.298  23.315 0.3000000119
18213  12.255  -64.445  22.938 0.3000000119
148473  11.890  -64.412  22.969 0.3000000119
18214  11.550  -64.284  23.246 0.3000000119
18191  10.910  -64.604  24.048 0.3000000119
19157  11.130  -63.673  23.519 0.3000000119
20133  19.675  -62.172  23.537 0.3000000119
18185  16.488  -64.587  23.634 0.3000000119
18186  15.693  -64.860  23.781 0.3000000119
137027  15.083  -64.234  23.986 0.3000000119
19156  13.729  -63.807  23.293 0.3000000119
19175  12.401  -63.703  22.507 0.3000000119
19176  11.904  -63.773  22.555 0.3000000119
19177  11.429  -63.378  22.711 0.3000000119
132668  10.803  -62.325  23.547 0.3000000119
20137  13.832  -63.048  23.122 0.3000000119
19174  13.097  -63.495  22.660 0.3000000119
19194  12.017  -63.126  21.899 0.3000000119
20153  11.162  -62.608  22.268 0.3000000119
20138  11.010  -62.937  23.020 0.3000000119
21073  14.007  -62.059  23.053 0.3000000119
20151  13.236  -62.641  22.450 0.3000000119
20152  12.499  -63.017  22.089 0.3000000119
127822  14.766  -62.004  23.681 0.3000000119
21095  13.968  -61.203  22.737 0.3000000119
21096  13.341  -61.702  22.312 0.3000000119
20171  12.117  -62.582  21.474 0.3000000119
20172  11.759  -62.527  21.375 0.3000000119
20173  11.189  -62.223  21.433 0.3000000119
21098  10.820  -61.937  22.054 0.3000000119
3201  13.069  -84.349  18.553 0.5000000000
3216  14.204  -84.334  17.551 0.5000000000
150055  14.392  -84.538  17.040 0.4000000060
9582  14.713  -74.622  10.424 0.6999999881
9550  14.765  -73.920  11.687 0.6999999881
2335  16.576  -87.127  13.784 0.4000000060
9578  18.976  -73.423  9.576 0.6000000238
6255  15.365  -79.657  9.918 0.5000000000
10397  20.154  -72.717  9.604 0.6000000238
6268  19.177  -79.467  9.620 0.8000000119
134475  17.454  -80.235  8.990 0.6999999881
137884  21.033  -77.171  10.263 0.6000000238
11265  28.054  -72.196  9.992 0.5000000000
148146  16.651  -62.030  16.532 0.4000000060
12121  28.942  -71.908  9.939 0.5000000000
133830  26.451  -75.436  8.132 0.6000000238
11282  30.374  -72.564  9.009 0.4000000060
7582  25.327  -77.992  7.609 0.6000000238
8216  26.452  -77.407  7.526 0.6000000238
18298  15.840  -64.253  17.487 0.3000000119
10438  29.491  -74.595  7.474 0.4000000060
20196  18.049  -62.194  19.817 0.4000000060
17261  16.602  -65.686  22.844 0.3000000119
19151  18.379  -63.384  23.531 0.3000000119
6279  24.966  -80.081  7.643 0.5000000000
6280  24.297  -79.895  8.411 0.5000000000
140819  23.360  -80.578  9.230 0.6999999881
5618  23.277  -81.257  9.322 0.6999999881
150403  20.388  -81.492  9.749 0.6000000238
6942  24.902  -78.829  7.672 0.5000000000
143458  23.548  -79.265  8.946 0.6000000238
5619  22.369  -80.344  9.777 0.6000000238
3829  20.672  -84.080  10.188 0.6000000238
3303  19.403  -84.037  9.803 0.6000000238
4991  22.997  -82.038  9.450 0.6999999881
4386  22.053  -83.125  9.911 0.6000000238
135964  20.722  -83.164  10.028 0.6000000238
136998  22.117  -82.374  9.836 0.6999999881
4387  20.807  -82.294  9.963 0.6000000238
3841  19.557  -83.356  9.520 0.6000000238
133534  25.593  -79.664  7.219 0.5000000000
4384  24.235  -83.443  9.634 0.6999999881
3840  21.882  -83.771  10.163 0.6999999881
3828  22.299  -84.451  10.402 0.6000000238
131510  24.253  -82.675  9.334 0.6000000238
4385  23.273  -83.015  9.589 0.6999999881
4989  25.048  -82.118  8.883 0.6000000238
139407  27.511  -78.999  7.275 0.5000000000
4374  24.647  -83.006  9.562 0.6999999881
144565  23.295  -84.489  10.427 0.6000000238
2788  20.603  -86.079  10.728 0.6000000238
6939  27.837  -79.057  7.637 0.5000000000
7580  27.166  -78.433  7.183 0.5000000000
8215  29.606  -77.750  7.968 0.5000000000
7584  28.138  -78.579  7.499 0.5000000000
8861  30.265  -77.044  7.963 0.4000000060
135179  11.748  -73.887  10.049 0.4000000060
8839  12.359  -75.470  9.757 0.4000000060
8827  11.977  -74.860  10.267 0.4000000060
8174  12.240  -75.939  10.551 0.5000000000
8184  12.135  -76.802  10.136 0.5000000000
8173  12.907  -76.042  11.752 0.5000000000
8221  28.563  -77.807  7.469 0.5000000000
7537  13.302  -77.048  11.783 0.5000000000
141808  15.001  -76.048  16.170 0.6000000238
8214  29.976  -77.441  7.833 0.4000000060
7543  13.525  -77.938  11.336 0.5000000000
7527  14.000  -77.034  12.784 0.5000000000
8154  14.418  -76.302  14.390 0.5000000000
8815  12.273  -75.074  11.189 0.5000000000
8814  13.126  -75.201  12.355 0.5000000000
141749  13.472  -75.845  12.827 0.5000000000
8801  13.639  -75.364  13.416 0.5000000000
8163  13.655  -76.447  12.764 0.5000000000
8155  13.927  -76.051  13.599 0.5000000000
131411  14.452  -75.899  15.196 0.5000000000
8868  29.530  -76.745  7.451 0.5000000000
8162  14.283  -76.673  13.542 0.5000000000
9604  31.114  -75.965  7.975 0.4000000060
8867  30.252  -76.745  7.677 0.4000000060
8859  31.424  -75.679  7.823 0.4000000060
11252  14.431  -72.235  11.350 0.5000000000
143303  13.346  -74.659  13.011 0.5000000000
8869  28.567  -76.767  7.361 0.5000000000
9615  30.375  -75.737  7.480 0.4000000060
135485  15.194  -71.998  12.227 0.5000000000
12080  15.674  -71.049  11.936 0.5000000000
12941  15.485  -70.341  10.660 0.5000000000
8866  31.131  -75.521  7.526 0.4000000060
11233  15.992  -71.702  12.944 0.5000000000
12079  16.481  -70.751  12.634 0.5000000000
12050  16.571  -71.281  13.701 0.5000000000
135927  16.905  -69.983  12.302 0.5000000000
12940  16.413  -70.206  11.470 0.5000000000
12967  15.299  -69.840  10.015 0.4000000060
12910  16.969  -70.495  14.237 0.5000000000
12939  17.152  -69.487  11.426 0.6000000238
12955  16.362  -69.457  10.430 0.6000000238
12049  16.770  -71.538  14.548 0.5000000000
140766  17.247  -70.384  15.087 0.5000000000
127502  17.302  -69.720  13.525 0.5000000000
13776  17.704  -68.755  11.624 0.6000000238
13789  17.390  -68.761  10.596 0.6000000238
14689  16.295  -68.470  9.970 0.6000000238
131289  15.499  -68.489  10.599 0.5000000000
14671  15.576  -68.057  12.101 0.5000000000
137008  15.678  -67.235  12.514 0.5000000000
12036  17.008  -71.336  15.153 0.5000000000
125724  17.174  -71.091  15.797 0.5000000000
130273  17.429  -69.569  14.185 0.5000000000
13765  17.541  -69.079  13.241 0.5000000000
145427  17.621  -68.823  13.671 0.6000000238
14670  18.045  -68.080  10.904 0.6000000238
14688  17.107  -67.876  9.643 0.6000000238
14684  16.088  -68.051  9.983 0.6000000238
132288  15.788  -67.365  10.873 0.5000000000
19344  15.150  -63.019  12.191 0.5000000000
16469  15.241  -66.346  13.532 0.5000000000
127600  17.403  -72.064  16.937 0.5000000000
12880  17.321  -70.343  16.135 0.5000000000
13739  17.408  -69.569  15.210 0.6000000238
131204  17.537  -68.868  14.433 0.6000000238
15533  17.762  -67.325  13.805 0.6000000238
15561  18.315  -67.350  11.302 0.6000000238
15549  17.989  -67.426  12.488 0.6000000238
15571  18.052  -67.315  10.234 0.6000000238
134509  18.262  -66.510  10.621 0.6000000238
15573  16.463  -67.176  9.794 0.6000000238
15562  16.033  -66.284  10.164 0.5000000000
139680  15.718  -66.632  11.543 0.5000000000
16503  15.640  -65.735  11.293 0.5000000000
149574  15.764  -65.287  11.073 0.5000000000
17404  15.335  -65.182  12.104 0.5000000000
17426  14.768  -64.642  12.405 0.5000000000
14624  17.452  -68.731  15.434 0.6000000238
126891  17.592  -68.075  14.683 0.6000000238
125431  17.527  -65.646  13.703 0.6000000238
16487  17.915  -66.448  12.760 0.6000000238
144291  18.184  -66.020  11.079 0.6000000238
17403  17.760  -65.545  12.313 0.6000000238
16511  17.885  -65.599  10.201 0.5000000000
17440  17.396  -65.107  10.875 0.5000000000
16512  17.035  -65.825  9.794 0.5000000000
18382  16.618  -64.845  11.181 0.5000000000
19343  16.175  -63.555  11.929 0.6000000238
138597  15.758  -64.871  11.431 0.5000000000
149466  15.832  -63.212  11.963 0.5000000000
147032  15.551  -62.358  12.222 0.5000000000
21236  14.052  -60.175  12.345 0.5000000000
16468  17.620  -66.465  14.327 0.6000000238
128989  17.158  -64.750  13.150 0.6000000238
18365  17.385  -64.727  11.752 0.6000000238
148522  15.804  -62.636  12.305 0.6000000238
20317  14.993  -61.039  12.331 0.5000000000
133913  17.475  -65.699  14.830 0.6000000238
18352  16.652  -63.792  12.685 0.6000000238
21223  15.450  -61.291  12.849 0.6000000238
21225  14.446  -59.968  12.802 0.5000000000
144761  17.515  -64.325  15.653 0.6000000238
17369  17.503  -65.230  15.651 0.6000000238
18317  17.314  -63.542  15.238 0.6000000238
18335  16.820  -63.814  14.100 0.6000000238
19330  16.146  -62.716  13.135 0.6000000238
21212  15.326  -61.270  13.408 0.5000000000
19278  17.301  -62.621  15.800 0.6000000238
138224  16.880  -62.773  14.867 0.6000000238
149291  16.271  -61.823  15.153 0.6000000238
20303  15.709  -61.934  13.434 0.6000000238
19312  15.390  -62.297  14.837 0.6000000238
19297  14.545  -63.160  14.843 0.5000000000
151090  15.221  -63.128  15.314 0.4000000060
144553  19.788  -82.707  9.460 0.6000000238
4992  21.557  -81.515  10.019 0.6999999881
8222  27.503  -77.652  7.350 0.5000000000
8200  29.078  -78.184  8.055 0.5000000000
7578  28.979  -78.141  7.876 0.5000000000
8788  14.043  -75.603  14.321 0.6000000238
146645  17.673  -68.697  12.461 0.6000000238
14643  17.743  -68.163  13.649 0.6000000238
16518  17.786  -66.542  9.638 0.6000000238
17441  17.151  -65.413  10.386 0.5000000000
17390  17.300  -64.737  14.637 0.6000000238
20286  15.699  -61.896  14.312 0.6000000238
138398  15.316  -61.689  13.999 0.6000000238
141212  12.804  -84.734  20.456 0.4000000060
135800  14.770  -83.827  22.671 0.5000000000
4235  14.471  -82.724  22.009 0.5000000000
3682  13.738  -83.797  21.569 0.4000000060
136595  13.502  -83.757  20.726 0.4000000060
3713  13.860  -83.516  19.750 0.4000000060
3714  13.206  -83.976  19.881 0.4000000060
4221  15.101  -82.460  22.515 0.5000000000
3668  15.241  -83.109  22.913 0.5000000000
4264  14.918  -82.645  20.244 0.5000000000
3712  14.683  -83.191  19.589 0.5000000000
3735  13.467  -83.911  19.114 0.4000000060
4825  15.715  -81.472  21.581 0.5000000000
4253  15.255  -82.079  20.937 0.5000000000
4284  15.346  -82.903  19.529 0.5000000000
3733  15.330  -83.387  18.792 0.5000000000
3751  14.730  -83.885  18.090 0.4000000060
3750  15.687  -83.808  17.885 0.4000000060
4252  15.987  -81.684  20.508 0.5000000000
137209  15.649  -82.358  19.955 0.5000000000
4263  16.408  -82.087  19.552 0.5000000000
4283  16.027  -82.818  19.150 0.5000000000
3732  16.293  -83.286  18.376 0.5000000000
150302  15.010  -84.266  17.214 0.4000000060
2371  20.546  -87.138  11.174 0.5000000000
1999  19.410  -88.405  11.786 0.4000000060
1980  19.606  -88.328  12.318 0.4000000060
2343  19.457  -87.949  12.757 0.4000000060
2333  18.988  -87.150  13.546 0.4000000060
2747  17.473  -86.741  14.125 0.4000000060
3731  17.046  -83.228  18.062 0.5000000000
142102  17.724  -85.656  14.808 0.4000000060
2734  16.821  -85.436  14.944 0.4000000060
3244  15.799  -84.874  15.723 0.4000000060
3749  16.614  -83.713  17.664 0.5000000000
3228  16.411  -84.449  16.294 0.4000000060
3215  16.065  -84.204  17.126 0.4000000060
2354  20.794  -87.862  12.266 0.4000000060
2745  19.455  -86.014  14.230 0.4000000060
2746  18.411  -86.366  14.275 0.4000000060
4298  17.717  -82.725  17.906 0.4000000060
3242  17.390  -84.981  15.407 0.4000000060
3747  18.235  -83.164  17.168 0.4000000060
3748  17.438  -83.488  17.446 0.4000000060
3227  17.395  -84.359  16.043 0.4000000060
3766  17.003  -84.105  16.963 0.4000000060
144050  21.227  -86.736  11.177 0.5000000000
2362  21.158  -87.305  11.554 0.4000000060
149252  21.540  -87.212  12.344 0.4000000060
2341  21.061  -87.067  13.228 0.4000000060
2744  20.489  -86.073  13.842 0.4000000060
3240  19.265  -84.984  15.090 0.4000000060
2733  18.640  -85.524  14.811 0.4000000060
3764  18.645  -83.536  16.472 0.4000000060
3777  19.084  -84.093  15.788 0.4000000060
3241  18.263  -84.802  15.487 0.4000000060
3295  21.318  -85.128  10.584 0.5000000000
2787  21.734  -85.991  10.988 0.5000000000
128026  22.513  -85.090  10.788 0.6000000238
2775  22.207  -86.043  11.701 0.5000000000
3267  21.226  -85.875  13.554 0.4000000060
3255  20.766  -85.199  14.167 0.4000000060
3786  20.650  -84.420  14.718 0.4000000060
130515  19.822  -83.649  15.712 0.4000000060
150624  22.407  -85.625  11.918 0.4000000060
3286  23.188  -84.754  10.679 0.5000000000
3277  22.378  -85.017  12.262 0.4000000060
3254  21.260  -84.592  13.965 0.4000000060
144383  23.024  -84.397  11.308 0.5000000000
129564  22.357  -83.841  12.484 0.4000000060
3793  21.820  -84.234  13.217 0.4000000060
3785  21.474  -83.405  14.144 0.4000000060
3815  23.958  -84.201  10.413 0.6000000238
3838  24.314  -83.903  9.902 0.6000000238
4357  22.814  -83.360  11.811 0.5000000000
148349  22.602  -82.467  12.092 0.4000000060
4999  24.350  -81.355  8.676 0.5000000000
14605  17.449  -68.453  16.406 0.5000000000
15506  17.476  -67.141  16.099 0.5000000000
17350  17.668  -65.532  16.479 0.5000000000
139411  17.454  -67.976  17.166 0.5000000000
16432  17.542  -66.400  16.688 0.5000000000
15518  17.534  -67.229  15.051 0.5000000000
4254  14.564  -82.549  21.201 0.5000000000
3702  13.989  -83.150  21.377 0.5000000000
2342  20.480  -87.842  12.589 0.4000000060
2332  20.097  -87.074  13.329 0.4000000060
3765  17.833  -83.763  16.689 0.4000000060
3278  22.158  -85.991  12.320 0.4000000060
3266  21.814  -85.423  13.061 0.4000000060
3256  20.104  -85.146  14.584 0.4000000060
3239  19.929  -84.304  15.245 0.4000000060
2786  22.346  -85.614  11.183 0.5000000000
149384  21.082  -83.799  14.715 0.4000000060
4367  23.632  -83.775  10.984 0.6000000238
141471  21.839  -83.307  13.290 0.5000000000
4366  24.304  -83.449  10.448 0.5000000000
9559  28.207  -74.487  10.804 0.3000000119
9576  27.469  -74.822  10.909 0.3000000119
8834  27.595  -75.680  9.988 0.3000000119
10395  28.872  -74.294  10.538 0.3000000119
10381  29.375  -73.746  10.829 0.3000000119
11226  29.746  -72.284  12.086 0.3000000119
11242  30.335  -72.566  11.420 0.3000000119
8823  26.175  -76.099  10.646 0.3000000119
8192  26.239  -76.800  10.067 0.4000000060
8202  26.444  -77.610  9.637 0.4000000060
8201  27.192  -77.419  9.294 0.4000000060
6940  27.354  -79.547  7.875 0.4000000060
6944  26.374  -79.664  7.178 0.4000000060
9560  27.717  -74.107  11.708 0.3000000119
8833  28.589  -75.902  9.182 0.3000000119
7562  28.168  -78.381  8.359 0.4000000060
10394  30.796  -73.794  9.950 0.3000000119
9592  29.512  -75.734  8.869 0.3000000119
7552  25.233  -78.070  10.039 0.4000000060
128468  24.875  -80.111  10.031 0.4000000060
6250  25.203  -81.291  9.718 0.4000000060
5617  25.672  -81.412  8.635 0.4000000060
8193  25.401  -76.474  10.797 0.4000000060
6910  24.984  -78.973  10.013 0.4000000060
6263  25.750  -81.081  9.277 0.4000000060
6262  26.289  -80.767  8.664 0.4000000060
8824  25.788  -75.706  11.380 0.3000000119
7564  26.146  -78.225  9.626 0.4000000060
6923  26.566  -79.812  9.056 0.4000000060
5624  24.699  -80.813  8.120 0.4000000060
131325  26.931  -74.625  11.736 0.3000000119
6922  27.164  -79.427  8.579 0.4000000060
5623  25.438  -81.050  7.836 0.4000000060
9541  27.209  -74.233  12.432 0.3000000119
6921  27.909  -79.138  8.129 0.4000000060
8199  29.469  -77.722  8.166 0.4000000060
6240  23.458  -80.448  11.028 0.4000000060
5600  24.111  -81.542  10.633 0.4000000060
147227  23.414  -78.813  11.152 0.4000000060
6911  24.156  -78.893  10.649 0.4000000060
6897  23.800  -79.708  10.773 0.4000000060
5609  24.918  -81.917  9.896 0.4000000060
125721  25.435  -75.409  12.218 0.3000000119
8181  24.542  -76.660  11.286 0.4000000060
9528  26.347  -74.409  13.357 0.3000000119
9542  26.638  -74.551  12.609 0.3000000119
4988  25.499  -81.408  8.335 0.4000000060
10370  27.673  -73.624  12.724 0.3000000119
4967  23.721  -82.269  10.879 0.4000000060
5601  23.147  -81.165  11.330 0.4000000060
8842  30.302  -76.847  8.171 0.3000000119
9590  31.329  -75.389  8.469 0.3000000119
9591  30.520  -75.758  8.511 0.3000000119
4990  24.171  -82.007  9.035 0.4000000060
4979  24.801  -82.600  9.552 0.4000000060
4375  24.657  -83.321  9.876 0.4000000060
4968  22.799  -81.852  11.705 0.4000000060
8845  26.943  -76.312  9.935 0.3000000119
130454  30.075  -73.966  10.129 0.3000000119
10380  30.180  -73.284  10.771 0.3000000119
8194  24.856  -77.240  10.625 0.4000000060
8844  28.216  -77.020  8.810 0.4000000060
134507  26.676  -79.053  9.255 0.4000000060
6261  26.791  -80.100  8.256 0.4000000060
150837  28.993  -76.856  8.592 0.4000000060
7553  24.472  -78.032  10.607 0.4000000060
6251  24.471  -80.844  10.392 0.4000000060
6924  25.867  -80.047  9.523 0.4000000060
8180  24.984  -76.002  11.681 0.3000000119
9561  26.191  -75.038  11.939 0.3000000119
7542  23.663  -77.912  11.221 0.4000000060
8182  23.762  -76.931  11.580 0.3000000119
9543  25.851  -74.819  12.778 0.3000000119
1904  18.766  -87.119  21.243 0.3000000119
1916  18.795  -86.974  20.418 0.3000000119
2251  18.919  -86.671  22.533 0.3000000119
1591  18.815  -87.921  21.743 0.3000000119
2259  17.989  -85.999  21.474 0.3000000119
2275  18.413  -86.495  20.875 0.3000000119
2650  19.197  -85.704  22.564 0.3000000119
143074  19.659  -86.837  22.962 0.3000000119
138617  18.753  -87.314  22.187 0.3000000119
2252  18.364  -85.934  22.242 0.3000000119
2276  17.754  -85.989  20.525 0.3000000119
3162  13.961  -84.654  21.850 0.3000000119
1891  21.179  -87.340  23.229 0.3000000119
2244  20.459  -87.002  23.262 0.3000000119
143503  19.956  -85.465  22.697 0.3000000119
2649  20.171  -86.196  22.905 0.3000000119
131123  19.077  -87.612  23.057 0.3000000119
2660  16.801  -85.192  21.750 0.3000000119
3151  15.565  -83.916  22.805 0.3000000119
2653  15.049  -84.581  22.356 0.3000000119
3148  19.482  -84.801  22.574 0.3000000119
2651  18.069  -85.070  22.359 0.3000000119
134269  18.562  -84.586  22.540 0.3000000119
138256  18.233  -83.861  22.684 0.3000000119
3666  16.899  -83.423  23.024 0.3000000119
3150  16.530  -84.023  22.734 0.3000000119
4219  16.808  -82.513  23.214 0.3000000119
4839  17.045  -80.544  20.632 0.4000000060
4808  16.502  -81.072  22.516 0.4000000060
829  20.034  -91.278  24.206 0.3000000119
823  19.074  -91.607  25.403 0.3000000119
1899  18.776  -88.042  22.545 0.3000000119
1585  18.674  -88.733  22.371 0.3000000119
129071  21.563  -89.521  23.458 0.3000000119
150821  21.157  -89.688  23.682 0.3000000119
1066  20.814  -90.322  23.864 0.3000000119
1054  20.319  -90.899  23.653 0.3000000119
830  19.263  -91.601  24.423 0.3000000119
1584  22.115  -88.864  22.419 0.3000000119
1576  20.780  -89.056  23.736 0.3000000119
1067  19.973  -90.253  23.530 0.3000000119
130994  19.477  -90.919  23.010 0.3000000119
131394  19.713  -91.216  23.420 0.3000000119
1892  20.614  -87.923  23.521 0.3000000119
1577  19.658  -88.478  23.553 0.3000000119
1068  19.015  -90.109  23.173 0.3000000119
1077  18.831  -90.308  22.459 0.3000000119
1578  18.830  -88.635  23.106 0.3000000119
132130  18.686  -89.537  21.958 0.3000000119
2659  17.577  -85.449  21.971 0.3000000119
2678  16.172  -85.367  21.238 0.3000000119
3149  17.555  -84.122  22.654 0.3000000119
1043  20.850  -90.760  25.517 0.3000000119
1084  18.957  -90.523  21.285 0.3000000119
1575  21.506  -88.546  23.224 0.3000000119
1065  21.535  -90.254  24.066 0.3000000119
1334  20.003  -89.434  23.723 0.3000000119
1076  19.034  -91.232  22.000 0.3000000119
131292  16.502  -81.625  22.977 0.3000000119
6164  21.367  -79.548  18.346 0.3000000119
6147  20.442  -78.993  18.946 0.3000000119
6148  19.792  -79.365  18.900 0.3000000119
5503  19.492  -80.233  18.526 0.4000000060
4864  18.708  -80.994  18.423 0.4000000060
4865  17.857  -81.306  18.730 0.3000000119
146586  17.566  -82.062  18.480 0.3000000119
5517  21.215  -80.531  17.739 0.3000000119
4879  20.846  -81.243  17.391 0.4000000060
4880  19.979  -81.526  17.556 0.4000000060
4896  20.418  -81.937  16.841 0.4000000060
4297  18.614  -82.417  17.460 0.3000000119
4322  20.752  -82.738  15.697 0.4000000060
4311  19.827  -82.641  16.541 0.4000000060
3763  19.426  -83.316  16.232 0.3000000119
3776  21.146  -83.049  15.060 0.3000000119
6784  23.056  -78.694  18.960 0.3000000119
6785  22.321  -78.721  19.284 0.3000000119
6787  20.455  -78.654  19.525 0.4000000060
6149  19.117  -79.552  19.258 0.4000000060
5504  18.737  -80.234  18.950 0.3000000119
5505  18.186  -80.597  19.023 0.3000000119
4847  17.521  -80.709  19.616 0.3000000119
6145  22.703  -78.795  18.293 0.3000000119
6146  22.093  -79.114  18.223 0.3000000119
6163  21.751  -79.924  17.646 0.3000000119
6181  21.712  -80.075  16.954 0.3000000119
149007  21.248  -81.013  17.298 0.3000000119
6200  21.178  -79.871  16.082 0.3000000119
5545  21.014  -80.414  15.406 0.3000000119
5532  21.284  -80.801  16.336 0.3000000119
4895  21.129  -81.363  16.780 0.4000000060
4309  20.884  -82.055  16.150 0.4000000060
5561  20.886  -80.100  14.587 0.3000000119
4908  21.316  -81.699  15.069 0.4000000060
4332  21.424  -82.441  14.650 0.4000000060
5594  21.733  -80.665  12.887 0.3000000119
4938  21.672  -81.264  13.515 0.4000000060
4920  21.581  -81.698  14.197 0.4000000060
133949  22.029  -79.809  12.288 0.3000000119
4937  22.115  -81.654  12.655 0.4000000060
5593  22.372  -80.882  12.089 0.3000000119
3728  25.595  -83.726  18.269 0.3000000119
151183  24.696  -82.422  19.272 0.3000000119
4260  23.482  -82.708  19.795 0.3000000119
4835  22.857  -81.135  20.330 0.3000000119
6129  24.330  -79.654  19.131 0.3000000119
5487  23.937  -80.243  19.684 0.3000000119
5472  23.227  -80.087  20.123 0.3000000119
139450  21.471  -80.433  20.831 0.3000000119
6802  23.979  -78.859  17.766 0.3000000119
6144  23.811  -78.993  18.667 0.3000000119
6130  23.448  -79.298  19.541 0.3000000119
6114  22.133  -78.984  20.136 0.3000000119
142192  20.843  -78.654  20.216 0.3000000119
6117  19.542  -79.077  20.702 0.3000000119
6118  18.742  -79.261  20.777 0.3000000119
5475  17.331  -80.031  21.251 0.3000000119
5461  17.009  -80.254  21.888 0.3000000119
5446  16.831  -80.588  22.312 0.3000000119
6818  22.792  -78.416  17.142 0.3000000119
6213  20.972  -79.810  13.871 0.3000000119
150962  21.478  -81.118  14.071 0.3000000119
6224  20.940  -79.149  13.559 0.3000000119
131357  21.358  -79.830  13.163 0.3000000119
6886  22.117  -78.707  12.165 0.3000000119
6241  22.843  -79.405  11.488 0.3000000119
131713  22.720  -80.304  11.636 0.3000000119
3746  26.057  -84.397  17.380 0.3000000119
4280  25.834  -82.763  18.522 0.3000000119
4844  24.735  -81.597  19.346 0.3000000119
4846  23.531  -81.762  19.986 0.3000000119
5501  25.021  -80.157  18.654 0.3000000119
4845  24.122  -81.224  19.702 0.3000000119
135049  17.266  -81.706  23.074 0.3000000119
3212  26.291  -85.039  16.120 0.3000000119
3727  26.323  -83.421  17.877 0.3000000119
4279  26.408  -82.588  18.088 0.3000000119
4861  26.044  -81.730  18.421 0.3000000119
5485  25.317  -81.114  18.921 0.3000000119
6143  24.534  -79.353  18.232 0.3000000119
3745  26.715  -83.904  16.760 0.3000000119
3744  27.212  -82.909  16.834 0.3000000119
4878  26.759  -82.048  17.599 0.3000000119
5500  25.740  -80.640  18.244 0.3000000119
4824  16.344  -80.822  21.978 0.3000000119
4848  16.705  -81.257  20.046 0.3000000119
4262  17.135  -81.664  19.131 0.3000000119
4281  18.235  -81.861  18.081 0.3000000119
4312  19.026  -82.871  16.828 0.4000000060
4342  21.727  -82.557  13.784 0.4000000060
6898  22.822  -78.294  11.643 0.3000000119
6804  21.251  -78.781  19.133 0.3000000119
5502  20.460  -79.884  18.395 0.3000000119
5518  20.319  -80.812  17.979 0.4000000060
4863  19.525  -81.075  18.072 0.4000000060
4296  19.487  -82.187  17.160 0.4000000060
4321  21.162  -82.280  15.445 0.4000000060
6767  22.028  -78.702  19.773 0.3000000119
6769  20.137  -78.613  20.097 0.3000000119
136638  20.943  -78.559  19.809 0.3000000119
6133  18.874  -79.146  19.986 0.4000000060
135067  17.703  -79.940  20.448 0.3000000119
6819  22.409  -78.760  17.158 0.3000000119
147886  21.994  -79.262  17.211 0.3000000119
129974  21.439  -79.162  16.486 0.3000000119
140456  21.176  -81.139  15.481 0.4000000060
5473  22.315  -79.968  20.461 0.3000000119
5474  20.658  -79.895  21.074 0.3000000119
6887  21.636  -78.091  12.779 0.3000000119
1333  20.727  -89.866  23.733 0.3000000119
1335  19.133  -89.390  23.437 0.3000000119
1341  18.669  -89.454  22.888 0.3000000119
1657  17.101  -89.468  12.796 0.4000000060
1658  16.949  -89.355  12.851 0.5000000000
1893  19.877  -87.534  23.360 0.3000000119
1981  18.800  -88.542  12.417 0.4000000060
1982  17.034  -89.192  13.111 0.4000000060
1991  19.993  -88.203  12.188 0.4000000060
1994  16.995  -89.288  12.489 0.5000000000
2001  17.534  -88.579  12.020 0.5000000000
2258  18.494  -86.593  21.808 0.3000000119
2260  17.198  -85.568  21.226 0.3000000119
2353  21.352  -87.484  12.060 0.4000000060
2363  20.532  -87.891  11.795 0.5000000000
2365  18.675  -87.982  11.494 0.5000000000
2652  17.092  -84.739  22.256 0.3000000119
2757  21.606  -86.658  12.758 0.4000000060
2765  21.840  -86.787  12.108 0.5000000000
2767  17.572  -86.635  12.136 0.6999999881
2776  21.711  -86.639  11.568 0.4000000060
3152  14.339  -84.377  22.268 0.3000000119
3153  13.889  -84.102  22.000 0.4000000060
3226  18.243  -84.074  16.093 0.4000000060
3230  14.553  -84.795  16.455 0.4000000060
3243  16.643  -84.851  15.572 0.4000000060
3287  18.940  -85.164  11.073 0.6999999881
3294  23.988  -84.270  10.165 0.6000000238
3667  16.065  -83.180  23.143 0.3000000119
3669  14.601  -83.190  22.499 0.5000000000
3681  14.062  -83.425  22.057 0.4000000060
3734  14.315  -83.614  18.910 0.4000000060
3762  20.149  -83.065  15.969 0.4000000060
3795  17.702  -84.374  13.287 0.6000000238
3806  16.627  -84.815  12.875 0.6000000238
3826  24.538  -83.548  9.842 0.6999999881
3827  24.444  -83.880  9.985 0.6000000238
3830  18.875  -83.912  9.782 0.6999999881
3839  23.390  -83.984  9.914 0.6000000238
4220  15.826  -82.351  23.030 0.3000000119
4234  14.989  -82.020  21.920 0.5000000000
4259  25.076  -83.042  18.912 0.3000000119
4265  14.207  -83.078  20.456 0.5000000000
4282  16.895  -82.582  18.653 0.3000000119
4295  26.768  -82.985  17.547 0.3000000119
4310  20.441  -82.483  16.239 0.4000000060
4341  22.122  -82.699  12.799 0.5000000000
4376  17.847  -82.784  9.370 0.6999999881
4807  17.194  -80.904  22.761 0.3000000119
4809  15.787  -81.622  22.439 0.4000000060
4840  16.384  -80.998  21.080 0.4000000060
4862  25.314  -82.090  18.969 0.3000000119
4881  19.067  -81.664  17.754 0.4000000060
4980  24.682  -82.661  10.187 0.4000000060
4982  16.793  -81.087  9.094 0.6000000238
4998  25.118  -81.445  8.258 0.4000000060
5445  17.409  -80.231  22.274 0.3000000119
5460  17.629  -79.816  21.775 0.3000000119
5476  16.798  -80.490  21.422 0.4000000060
5486  24.628  -80.619  19.301 0.3000000119
5488  18.315  -79.887  19.667 0.3000000119
5516  21.457  -80.687  17.184 0.3000000119
5581  21.333  -80.549  13.828 0.3000000119
5602  17.763  -80.611  11.505 0.5000000000
5608  25.275  -81.827  9.230 0.4000000060
5611  16.345  -80.506  9.446 0.6000000238
5612  15.820  -79.905  9.646 0.5000000000
5616  26.031  -81.185  8.026 0.4000000060
6113  22.790  -79.356  20.047 0.3000000119
6115  21.331  -79.259  20.514 0.3000000119
6116  20.366  -79.062  20.628 0.3000000119
6119  17.955  -79.539  21.107 0.3000000119
6131  22.616  -78.868  19.641 0.3000000119
6132  19.698  -78.868  19.570 0.3000000119
6134  18.305  -79.490  20.421 0.3000000119
6233  21.427  -78.975  12.801 0.3000000119
6264  23.859  -80.294  8.795 0.6999999881
6267  19.976  -80.132  9.744 0.6999999881
6272  15.455  -79.338  9.656 0.6000000238
6276  27.147  -79.404  7.407 0.5000000000
6277  26.715  -80.038  7.648 0.4000000060
6278  25.999  -80.532  7.420 0.4000000060
6768  21.498  -78.627  20.046 0.3000000119
6770  19.364  -78.869  20.202 0.3000000119
6786  21.646  -78.651  19.571 0.3000000119
6803  23.333  -78.682  17.917 0.3000000119
6899  16.939  -79.128  11.835 0.5000000000
6903  13.274  -78.068  10.462 0.6000000238
6909  25.906  -79.011  9.624 0.4000000060
6927  19.594  -78.491  10.034 0.6999999881
6932  15.551  -78.172  9.570 0.6000000238
6933  13.940  -78.381  9.933 0.6999999881
6941  25.828  -78.930  7.073 0.5000000000
7526  15.548  -77.511  13.587 0.5000000000
7535  14.949  -77.993  12.747 0.5000000000
7541  24.236  -77.318  11.073 0.4000000060
7544  12.639  -77.396  10.462 0.6000000238
7545  12.227  -77.301  9.970 0.5000000000
7557  12.292  -77.421  9.920 0.6000000238
7563  27.203  -78.577  8.990 0.4000000060
7567  21.861  -77.749  10.116 0.6000000238
7574  12.995  -77.749  9.792 0.6000000238
7579  28.395  -78.592  7.863 0.5000000000
7581  26.177  -78.211  7.175 0.5000000000
7585  26.757  -79.017  7.024 0.5000000000
8183  12.489  -76.676  10.818 0.5000000000
8195  12.153  -76.907  9.924 0.5000000000
8208  17.550  -76.243  9.583 0.6999999881
8212  12.536  -76.977  9.687 0.6000000238
8220  29.417  -77.656  7.687 0.4000000060
8800  16.562  -75.198  13.187 0.6999999881
8811  17.274  -75.270  12.601 0.6999999881
8813  15.785  -74.981  11.844 0.6999999881
8825  16.961  -75.128  11.717 0.6999999881
8836  15.622  -75.031  10.145 0.6999999881
8843  29.592  -76.850  8.427 0.4000000060
8857  12.318  -76.320  9.763 0.6000000238
8858  32.064  -75.439  7.858 0.4000000060
8860  30.756  -76.266  7.863 0.4000000060
8862  30.042  -77.523  7.994 0.5000000000
8870  27.598  -76.685  7.460 0.5000000000
9484  18.030  -73.970  16.294 0.6000000238
9499  18.135  -74.398  15.725 0.6000000238
9513  20.146  -74.304  14.024 0.8000000119
9515  18.277  -74.827  14.992 0.6000000238
9517  16.226  -74.204  13.834 0.6000000238
9518  14.169  -75.094  15.024 0.6000000238
9530  18.611  -74.934  14.000 0.6999999881
9532  16.185  -74.795  13.417 0.6999999881
9533  15.687  -74.391  13.132 0.6999999881
9549  15.329  -74.497  12.265 0.6999999881
9552  11.876  -74.057  10.629 0.4000000060
9564  18.275  -74.402  11.016 0.6000000238
9565  16.973  -74.822  10.622 0.6999999881
9566  16.043  -74.864  10.715 0.6999999881
9577  26.668  -75.395  10.928 0.3000000119
9579  18.307  -73.915  9.757 0.6000000238
9580  17.272  -74.457  9.852 0.6000000238
9585  12.074  -74.388  9.805 0.4000000060
9593  22.956  -73.587  8.891 0.6999999881
9596  20.000  -73.415  9.292 0.6999999881
9599  17.446  -74.509  9.702 0.6000000238
9603  31.832  -75.607  7.998 0.4000000060
9614  31.815  -75.287  7.587 0.4000000060
9616  29.468  -75.660  7.390 0.6000000238
10302  18.089  -73.082  17.404 0.6000000238
10303  17.508  -72.747  16.761 0.6000000238
10319  18.432  -73.644  16.802 0.6999999881
10333  20.710  -73.519  15.307 0.6999999881
10371  27.065  -74.170  13.176 0.3000000119
10382  28.539  -73.877  11.296 0.3000000119
10384  20.124  -72.747  10.421 0.6999999881
10408  28.269  -73.357  8.711 0.6000000238
10417  19.641  -73.063  9.391 0.6000000238
10423  31.552  -73.981  7.476 0.4000000060
10437  30.448  -74.732  7.424 0.4000000060
11117  18.528  -72.243  18.667 0.4000000060
11160  19.715  -72.807  17.862 0.5000000000
11187  22.763  -72.302  15.548 0.5000000000
11200  23.125  -72.282  14.707 0.6000000238
11202  22.020  -72.919  13.926 0.8000000119
11203  17.042  -72.532  15.103 0.6000000238
11216  21.830  -72.689  12.882 0.8000000119
11218  15.626  -72.832  13.035 0.6000000238
11232  21.447  -72.632  11.868 0.6999999881
11247  24.587  -72.148  11.339 0.6000000238
11251  20.706  -72.325  10.230 0.6999999881
11264  31.108  -72.949  10.713 0.3000000119
11267  26.379  -72.362  10.195 0.6000000238
11283  29.475  -72.618  9.160 0.4000000060
11291  21.737  -72.643  9.592 0.6999999881
11989  17.613  -71.148  18.446 0.4000000060
12034  25.056  -71.034  15.027 0.6000000238
12065  25.517  -71.299  13.208 0.5000000000
12066  24.019  -72.152  13.150 0.6999999881
12077  25.448  -71.497  12.273 0.6000000238
12105  28.241  -71.560  10.537 0.5000000000
12926  17.375  -69.407  12.573 0.6000000238
12927  16.937  -70.203  13.226 0.5000000000
13668  18.009  -69.745  19.735 0.5000000000
13686  17.453  -69.790  18.042 0.5000000000
13721  17.417  -69.341  16.265 0.6000000238
13800  16.807  -68.608  9.945 0.6000000238
13801  15.894  -69.103  10.123 0.6000000238
14523  11.708  -68.552  21.652 0.3000000119
14544  12.057  -68.453  20.731 0.3000000119
14558  12.462  -68.146  19.933 0.3000000119
14576  17.640  -68.437  18.881 0.6000000238
14657  18.028  -68.081  11.902 0.6000000238
14658  15.508  -67.794  13.281 0.5000000000
14683  17.552  -67.969  10.039 0.6000000238
15371  10.588  -67.697  23.733 0.3000000119
15372  9.781  -67.521  23.632 0.3000000119
15386  15.071  -67.277  22.148 0.4000000060
15389  12.736  -68.028  23.087 0.4000000060
15413  14.284  -67.907  21.440 0.3000000119
15436  14.557  -67.690  20.539 0.3000000119
15449  17.770  -67.744  18.936 0.5000000000
15450  14.741  -67.319  19.770 0.3000000119
15451  14.028  -67.722  19.860 0.3000000119
15452  12.852  -67.817  19.262 0.3000000119
15466  17.954  -67.039  18.993 0.5000000000
15490  17.482  -67.198  16.964 0.6000000238
15572  16.946  -66.574  9.591 0.6000000238
15578  17.611  -67.343  9.622 0.6000000238
15579  17.226  -67.213  9.485 0.6000000238
15580  16.687  -67.754  9.671 0.6000000238
16274  9.267  -66.079  25.200 0.4000000060
16285  15.919  -66.185  23.220 0.4000000060
16286  14.551  -66.663  23.388 0.4000000060
16314  14.834  -67.066  22.888 0.4000000060
17219  8.263  -65.456  25.456 0.3000000119
17237  15.588  -65.590  23.590 0.3000000119
17278  16.694  -65.613  21.850 0.4000000060
17334  17.810  -65.781  17.184 0.5000000000
17425  17.841  -65.519  11.178 0.5000000000
17442  16.198  -65.416  10.483 0.5000000000
18184  17.279  -64.306  23.396 0.3000000119
18252  17.085  -64.471  20.381 0.4000000060
18366  16.805  -64.279  11.663 0.6000000238
18367  15.876  -63.933  11.727 0.5000000000
19152  17.592  -63.656  23.766 0.3000000119
19195  11.623  -62.909  21.971 0.3000000119
19215  17.826  -63.003  20.275 0.4000000060
19262  18.623  -63.111  17.494 0.4000000060
19280  15.932  -62.847  16.361 0.4000000060
19295  16.748  -62.120  15.488 0.6000000238
19310  16.474  -63.050  13.843 0.6000000238
19311  16.284  -62.216  14.384 0.6000000238
19342  16.232  -63.214  12.286 0.6000000238
20134  19.094  -62.812  23.283 0.3000000119
20136  14.424  -62.647  23.599 0.3000000119
20195  18.684  -61.924  20.197 0.4000000060
20197  11.944  -62.197  20.981 0.3000000119
20198  11.572  -62.058  20.813 0.3000000119
20243  17.509  -62.172  17.666 0.4000000060
20255  17.491  -62.245  17.025 0.4000000060
20257  16.311  -62.056  16.129 0.4000000060
20315  15.759  -62.243  12.653 0.6000000238
20316  15.387  -61.710  12.481 0.5000000000
21097  12.648  -62.269  21.813 0.3000000119
21144  19.246  -61.815  19.876 0.4000000060
21167  19.015  -62.034  19.247 0.4000000060
21213  14.879  -60.582  13.346 0.5000000000
21224  15.099  -60.470  12.919 0.5000000000
21235  15.092  -60.715  12.605 0.5000000000
21237  12.954  -59.587  12.061 0.5000000000
22154  14.690  -60.176  12.711 0.5000000000
22155  13.452  -59.405  12.232 0.5000000000
126527  23.015  -72.487  13.664 0.8000000119
126593  12.213  -75.892  9.964 0.5000000000
126684  28.067  -75.102  10.181 0.3000000119
126829  17.082  -62.117  16.412 0.4000000060
126898  17.350  -70.762  17.052 0.5000000000
126907  22.364  -81.141  9.751 0.6999999881
127203  18.386  -83.284  9.447 0.6999999881
127879  22.001  -72.816  14.798 0.8000000119
128281  17.300  -71.328  16.605 0.5000000000
128983  21.336  -89.954  23.714 0.3000000119
129902  17.837  -64.606  16.324 0.6000000238
130184  10.953  -67.234  24.098 0.3000000119
130261  25.800  -76.555  7.943 0.6000000238
130844  24.145  -82.169  19.609 0.3000000119
130982  20.550  -83.566  15.332 0.4000000060
131440  17.507  -67.917  15.706 0.5000000000
131615  25.645  -77.325  10.109 0.4000000060
131986  16.004  -61.734  15.217 0.6000000238
132432  21.229  -80.970  14.676 0.3000000119
132440  19.738  -91.448  24.992 0.3000000119
132592  24.163  -78.233  8.492 0.6999999881
133471  18.043  -72.527  18.009 0.6000000238
134223  23.018  -72.552  11.098 0.6000000238
134292  18.051  -87.256  13.662 0.4000000060
134572  22.602  -85.294  11.409 0.4000000060
134890  13.739  -65.314  23.566 0.3000000119
135751  21.808  -81.952  13.395 0.4000000060
136134  22.005  -78.770  19.016 0.3000000119
137167  18.320  -66.584  11.655 0.6000000238
137613  13.775  -68.066  22.081 0.3000000119
138625  19.404  -64.139  19.077 0.4000000060
138710  15.548  -66.496  12.684 0.5000000000
138812  17.900  -77.091  9.569 0.6999999881
138964  21.122  -81.581  15.891 0.4000000060
139782  22.086  -81.015  20.623 0.3000000119
139939  23.320  -82.892  11.298 0.5000000000
140249  17.737  -68.341  12.901 0.6000000238
140504  17.875  -83.497  13.390 0.6000000238
140712  10.869  -62.310  22.723 0.3000000119
141313  17.466  -66.266  15.620 0.6000000238
142755  21.223  -87.528  12.544 0.4000000060
143347  21.616  -80.727  10.105 0.8000000119
143579  14.753  -62.145  14.434 0.5000000000
143792  18.312  -68.201  20.127 0.4000000060
144380  18.609  -62.901  23.937 0.3000000119
145058  24.148  -76.907  8.576 0.6000000238
145936  23.560  -80.900  19.996 0.3000000119
146063  17.357  -82.060  9.555 0.6000000238
146066  14.113  -59.821  12.558 0.5000000000
146117  16.839  -88.683  12.170 0.4000000060
146621  18.497  -71.177  19.561 0.5000000000
147230  14.265  -83.776  22.376 0.5000000000
147260  22.883  -76.646  9.355 0.6999999881
147600  26.991  -75.989  7.919 0.6000000238
147613  26.402  -80.642  7.955 0.4000000060
147624  15.354  -65.888  12.638 0.5000000000
148251  18.169  -66.063  11.733 0.6000000238
148910  14.647  -60.284  12.540 0.5000000000
149096  17.474  -67.748  16.479 0.5000000000
150782  19.019  -64.114  18.077 0.4000000060
151322  21.011  -73.229  15.743 0.6999999881
151446  16.575  -74.708  10.048 0.6999999881
151609  30.659  -76.574  7.982 0.3000000119
