#!ascii label  , from subject sub-v1s9x0051329_ses-1 vox2ras=TkReg
2235
6219  33.956  -79.342  12.900 0.2000000030
6195  35.042  -78.923  14.111 0.2000000030
6872  33.589  -78.746  12.928 0.2000000030
5577  34.313  -79.747  13.253 0.2000000030
6862  31.560  -77.882  13.556 0.1000000015
6176  35.318  -78.963  15.100 0.3000000119
6209  34.241  -78.927  13.383 0.2000000030
6873  32.804  -78.376  12.915 0.1000000015
138453  33.280  -79.000  12.652 0.2000000030
6861  32.794  -78.229  13.670 0.1000000015
7520  32.229  -77.849  13.281 0.1000000015
7508  32.103  -77.205  13.628 0.1000000015
7491  32.071  -76.415  14.064 0.1000000015
7509  31.309  -77.153  14.047 0.1000000015
8772  31.340  -75.474  14.841 0.1000000015
146979  31.487  -76.351  14.314 0.1000000015
8142  30.653  -76.131  15.020 0.1000000015
9478  31.254  -74.363  15.631 0.2000000030
9479  30.425  -74.721  16.176 0.1000000015
6829  32.017  -78.505  16.027 0.1000000015
131157  31.973  -77.719  15.256 0.1000000015
6196  34.000  -78.793  13.943 0.2000000030
7490  32.204  -76.669  14.298 0.1000000015
6846  32.392  -78.089  14.572 0.1000000015
134293  32.205  -77.200  13.774 0.1000000015
8140  32.092  -75.898  14.434 0.1000000015
9494  31.789  -74.867  15.242 0.1000000015
10313  32.056  -73.693  16.034 0.2000000030
10330  31.847  -74.279  15.661 0.2000000030
11170  32.320  -73.092  16.411 0.1000000015
10314  31.368  -73.746  16.117 0.2000000030
11151  32.550  -72.419  16.626 0.2000000030
11998  32.598  -71.661  16.918 0.1000000015
11997  33.275  -71.475  16.759 0.1000000015
8126  32.042  -76.405  15.256 0.1000000015
8771  31.904  -75.435  14.770 0.1000000015
10311  33.015  -72.940  16.582 0.2000000030
11169  33.750  -72.541  16.861 0.2000000030
11168  34.433  -72.355  16.902 0.2000000030
12017  33.228  -72.216  16.556 0.2000000030
12873  34.332  -71.553  16.695 0.1000000015
133904  33.432  -70.692  17.197 0.2000000030
138010  32.182  -75.564  14.862 0.1000000015
8753  32.119  -75.535  15.501 0.1000000015
8770  32.117  -75.183  15.167 0.1000000015
8752  32.187  -74.657  15.591 0.2000000030
10295  32.901  -73.650  16.839 0.2000000030
10312  32.583  -73.668  16.446 0.3000000119
11996  35.687  -72.229  16.941 0.3000000119
12872  34.954  -71.463  16.656 0.2000000030
13716  35.090  -70.600  16.721 0.2000000030
13679  33.104  -68.962  18.183 0.2000000030
10276  33.330  -73.168  17.301 0.3000000119
10329  32.306  -74.159  15.884 0.2000000030
11129  35.067  -72.327  17.341 0.3000000119
11979  35.715  -71.997  17.388 0.3000000119
12828  36.464  -71.186  17.718 0.3000000119
11995  36.360  -71.867  16.849 0.3000000119
12871  35.849  -71.419  16.525 0.2000000030
13695  34.530  -69.647  17.350 0.2000000030
14584  34.783  -68.515  17.549 0.2000000030
13663  35.856  -70.436  18.641 0.4000000060
12830  34.860  -71.632  18.501 0.3000000119
12829  35.522  -71.396  18.220 0.3000000119
11150  33.838  -72.706  17.234 0.2000000030
11149  34.491  -72.507  17.112 0.2000000030
12848  37.132  -71.538  16.722 0.3000000119
13715  35.772  -70.504  16.542 0.2000000030
142039  36.733  -71.498  16.503 0.2000000030
13694  35.336  -69.578  17.010 0.2000000030
14552  36.715  -69.153  19.422 0.3000000119
136147  36.534  -70.246  18.533 0.3000000119
148908  37.543  -71.570  16.245 0.2000000030
12869  38.220  -71.370  15.754 0.2000000030
11993  38.029  -71.644  15.997 0.2000000030
12892  38.417  -70.530  15.608 0.1000000015
13714  36.614  -70.910  16.305 0.2000000030
14599  36.511  -68.688  16.721 0.2000000030
126637  36.875  -69.878  16.339 0.2000000030
14583  35.687  -68.515  17.173 0.2000000030
14551  37.510  -69.061  19.621 0.3000000119
13661  38.178  -69.671  19.166 0.3000000119
13678  37.058  -70.393  18.219 0.3000000119
13660  39.321  -70.163  19.501 0.2000000030
12826  38.440  -70.637  17.685 0.3000000119
139236  39.415  -70.639  18.074 0.2000000030
12827  37.466  -70.877  17.498 0.3000000119
12847  38.039  -71.349  16.514 0.1000000015
128849  38.982  -71.422  16.087 0.1000000015
12891  38.911  -71.121  15.575 0.1000000015
12868  38.870  -71.379  15.759 0.1000000015
12846  40.027  -70.989  16.754 0.1000000015
135351  37.576  -69.170  16.226 0.1000000015
14533  37.775  -68.514  20.447 0.3000000119
14550  38.562  -69.421  20.012 0.2000000030
13648  39.831  -70.120  20.301 0.2000000030
13639  41.378  -70.385  20.966 0.2000000030
13638  41.949  -70.194  21.299 0.1000000015
13659  40.606  -70.751  19.715 0.1000000015
13647  41.064  -70.673  20.420 0.1000000015
13675  40.013  -70.700  18.900 0.1000000015
137196  39.232  -70.798  17.038 0.1000000015
12867  39.762  -71.243  15.926 0.1000000015
12889  40.438  -70.638  15.697 0.1000000015
14532  39.087  -69.141  20.746 0.2000000030
13646  41.790  -70.551  20.542 0.1000000015
138694  41.554  -70.602  19.790 0.1000000015
12805  41.342  -70.891  19.848 0.1000000015
13658  41.166  -70.830  19.147 0.1000000015
12824  41.005  -70.973  18.465 0.1000000015
13674  41.154  -70.598  18.198 0.1000000015
13693  41.083  -70.326  17.031 0.1000000015
12845  40.777  -70.780  17.557 0.1000000015
15444  41.534  -69.187  20.152 0.1000000015
14581  41.284  -69.901  17.857 0.1000000015
13712  41.041  -70.206  15.971 0.1000000015
15424  42.297  -69.545  20.843 0.1000000015
8141  31.823  -75.848  14.412 0.1000000015
11152  31.785  -72.458  16.891 0.1000000015
16192  42.092  -66.070  32.639 0.5000000000
16176  41.883  -66.317  34.506 0.5000000000
126208  41.333  -66.247  33.656 0.5000000000
143108  40.644  -66.463  32.970 0.5000000000
16207  40.918  -66.292  32.098 0.5000000000
17077  41.647  -65.996  38.094 0.2000000030
16142  42.283  -66.017  37.390 0.2000000030
16143  41.221  -66.197  37.246 0.3000000119
16149  41.987  -66.177  36.536 0.3000000119
130145  41.837  -66.344  35.608 0.5000000000
126209  40.760  -66.545  34.461 0.5000000000
16177  39.726  -66.832  34.886 0.5000000000
126207  40.226  -66.734  33.865 0.5000000000
128902  39.210  -67.035  34.041 0.5000000000
130937  41.080  -66.258  31.276 0.5000000000
16220  40.026  -66.320  31.822 0.5000000000
16218  41.787  -66.588  30.466 0.5000000000
14437  41.688  -68.238  28.961 0.5000000000
17078  40.530  -65.928  37.900 0.3000000119
16144  40.103  -66.218  37.099 0.3000000119
16164  40.634  -66.647  35.406 0.5000000000
16193  39.636  -66.845  33.162 0.5000000000
126683  40.009  -66.606  32.494 0.5000000000
16228  41.429  -66.532  29.693 0.5000000000
13565  36.611  -69.744  30.224 0.4000000060
14426  37.042  -69.171  30.264 0.5000000000
14439  38.685  -68.515  29.659 0.5000000000
15313  40.030  -68.322  28.849 0.5000000000
15312  41.333  -67.745  28.495 0.5000000000
12702  36.242  -70.239  29.987 0.4000000060
17073  40.946  -65.629  38.697 0.3000000119
17079  39.500  -65.770  37.701 0.4000000060
17089  39.093  -66.035  36.961 0.4000000060
150593  39.719  -66.679  35.605 0.5000000000
16167  37.944  -66.272  35.304 0.5000000000
16178  38.635  -66.744  34.803 0.5000000000
135656  38.377  -66.934  34.064 0.5000000000
16179  37.758  -66.556  34.463 0.5000000000
16195  37.769  -66.727  33.546 0.5000000000
16209  38.051  -66.577  32.657 0.5000000000
16208  39.124  -66.560  32.460 0.5000000000
16219  40.778  -66.138  30.831 0.5000000000
16234  41.546  -67.272  28.883 0.6000000238
14453  40.950  -68.055  28.269 0.5000000000
15326  40.714  -67.409  27.962 0.5000000000
11859  35.554  -71.247  29.070 0.4000000060
12715  36.314  -70.948  29.704 0.4000000060
14427  36.306  -69.194  30.221 0.5000000000
19901  40.826  -62.587  43.895 0.1000000015
19912  39.727  -62.025  42.865 0.1000000015
20822  38.527  -61.465  41.864 0.1000000015
18934  40.506  -63.052  41.786 0.1000000015
19919  39.099  -62.152  41.594 0.1000000015
20844  38.369  -61.872  41.240 0.1000000015
147089  39.762  -62.828  41.300 0.1000000015
19935  38.954  -62.575  40.985 0.1000000015
129475  38.116  -62.379  40.638 0.1000000015
18011  40.322  -65.043  39.148 0.2000000030
17986  40.160  -63.899  40.240 0.1000000015
17074  39.937  -65.453  38.459 0.3000000119
16151  38.760  -66.150  36.367 0.5000000000
17075  39.011  -65.186  38.289 0.4000000060
17080  38.609  -65.527  37.440 0.4000000060
17102  38.094  -65.963  36.033 0.4000000060
135024  37.137  -66.053  34.830 0.5000000000
17111  37.007  -66.363  33.928 0.5000000000
16196  37.120  -66.372  32.951 0.5000000000
17136  37.462  -66.094  32.102 0.5000000000
15314  39.111  -67.742  28.672 0.5000000000
14440  37.533  -68.484  30.008 0.5000000000
12716  35.610  -70.411  29.655 0.4000000060
143411  35.671  -72.395  27.083 0.5000000000
18915  38.129  -63.147  43.832 0.1000000015
18907  38.955  -63.211  45.395 0.1000000015
19877  39.621  -62.619  45.603 0.1000000015
20790  39.800  -61.931  44.682 0.1000000015
19902  40.168  -62.115  43.789 0.1000000015
150936  39.163  -61.593  42.972 0.1000000015
21750  37.930  -60.760  42.233 0.1000000015
138825  38.506  -61.540  45.064 0.1000000015
20791  39.049  -61.519  44.582 0.1000000015
20823  37.833  -61.205  41.463 0.1000000015
18981  35.342  -63.422  37.830 0.2000000030
18982  34.546  -63.339  37.435 0.2000000030
18949  40.554  -63.472  40.966 0.1000000015
18950  39.597  -63.251  40.650 0.1000000015
18951  38.680  -63.103  40.370 0.1000000015
19945  37.828  -63.001  40.043 0.1000000015
18980  36.212  -63.635  38.278 0.2000000030
18960  39.224  -63.778  39.988 0.2000000030
18000  37.981  -64.153  39.068 0.1000000015
18014  37.642  -64.469  38.378 0.2000000030
18021  35.887  -64.328  36.847 0.2000000030
18992  35.187  -63.816  37.052 0.2000000030
145402  33.710  -63.544  36.293 0.2000000030
18013  38.429  -64.648  38.653 0.2000000030
18019  38.092  -65.039  37.949 0.2000000030
17081  37.737  -65.310  37.153 0.3000000119
17092  36.699  -65.331  35.880 0.3000000119
149383  36.042  -65.204  35.445 0.4000000060
142605  36.536  -65.904  34.309 0.5000000000
149996  41.080  -67.174  28.165 0.5000000000
17122  36.371  -65.850  33.395 0.4000000060
16247  38.659  -66.632  27.747 0.5000000000
146945  39.401  -66.640  27.443 0.5000000000
16245  40.420  -66.660  27.816 0.5000000000
15329  38.328  -67.152  28.501 0.5000000000
15328  39.381  -67.128  27.832 0.5000000000
130506  40.031  -67.005  27.575 0.5000000000
17151  38.847  -65.682  31.544 0.5000000000
17135  38.399  -66.212  31.956 0.5000000000
128962  37.037  -67.882  29.717 0.5000000000
16235  37.149  -67.116  29.192 0.5000000000
17180  40.879  -66.410  28.896 0.5000000000
13566  35.869  -69.713  30.063 0.5000000000
14441  36.552  -68.532  30.102 0.5000000000
15327  40.156  -67.613  28.028 0.5000000000
15315  37.960  -67.780  29.343 0.5000000000
11876  35.270  -71.636  28.185 0.4000000060
19914  36.475  -62.475  42.869 0.1000000015
19903  38.323  -62.820  44.860 0.1000000015
19893  37.736  -62.108  44.981 0.1000000015
20782  36.861  -61.108  45.150 0.1000000015
21731  34.578  -60.200  45.059 0.1000000015
19879  38.306  -62.012  45.112 0.1000000015
20781  37.619  -61.390  45.108 0.1000000015
21727  38.278  -60.857  44.490 0.1000000015
133767  37.599  -60.406  43.010 0.1000000015
133667  37.236  -60.642  41.563 0.1000000015
21760  37.246  -61.071  41.086 0.1000000015
20857  35.589  -61.534  39.952 0.1000000015
146095  37.189  -62.284  40.269 0.1000000015
20863  35.144  -61.847  39.447 0.2000000030
18974  34.761  -62.875  38.186 0.2000000030
19946  36.505  -62.708  39.652 0.1000000015
127105  35.483  -62.994  38.633 0.2000000030
18030  35.948  -64.879  36.109 0.3000000119
18031  35.077  -64.265  36.134 0.3000000119
18038  35.406  -64.797  35.373 0.3000000119
19002  34.182  -63.857  35.800 0.2000000030
17112  35.998  -65.519  34.150 0.4000000060
18047  34.730  -64.378  34.129 0.3000000119
17123  35.778  -65.350  33.424 0.4000000060
18046  35.357  -64.946  33.920 0.4000000060
17201  39.372  -65.530  27.193 0.5000000000
17189  39.981  -65.731  27.690 0.5000000000
17188  40.405  -65.786  28.504 0.5000000000
17138  35.942  -65.368  32.688 0.5000000000
19091  39.538  -63.890  27.578 0.5000000000
139732  39.984  -64.084  28.552 0.5000000000
18113  40.151  -64.155  29.628 0.5000000000
18128  40.207  -64.939  28.597 0.5000000000
18096  40.540  -65.259  29.626 0.6000000238
17137  36.630  -65.781  32.380 0.5000000000
149236  39.861  -63.528  29.742 0.5000000000
19064  39.557  -63.693  30.180 0.5000000000
18097  39.941  -64.609  30.465 0.6000000238
17166  40.905  -65.926  30.014 0.5000000000
17150  39.741  -65.921  31.413 0.5000000000
17167  40.273  -65.507  30.709 0.5000000000
11063  36.702  -73.383  24.897 0.4000000060
11039  35.945  -72.591  26.366 0.4000000060
11011  35.832  -72.375  27.820 0.4000000060
23635  32.430  -58.649  44.657 0.1000000015
22658  34.444  -59.507  45.112 0.1000000015
23646  34.295  -58.624  43.514 0.1000000015
21728  37.487  -60.473  44.761 0.1000000015
21730  36.009  -60.376  45.228 0.1000000015
22674  35.748  -59.324  43.916 0.1000000015
23645  35.086  -59.018  43.052 0.1000000015
147328  36.600  -59.862  44.696 0.1000000015
22692  35.756  -59.385  42.567 0.1000000015
23662  35.296  -59.044  42.083 0.1000000015
21761  36.577  -60.242  41.552 0.1000000015
21762  35.857  -60.318  40.865 0.1000000015
21787  35.391  -60.760  40.301 0.1000000015
20865  33.823  -61.532  38.829 0.2000000030
19952  33.424  -62.098  38.035 0.2000000030
129975  32.871  -62.359  37.488 0.2000000030
18983  33.671  -63.228  37.037 0.2000000030
18993  33.059  -63.215  36.355 0.2000000030
26107  37.855  -57.040  27.197 0.2000000030
19013  33.433  -63.497  34.575 0.2000000030
23895  38.519  -58.300  27.835 0.2000000030
23878  37.786  -58.510  28.207 0.2000000030
22920  37.027  -59.222  28.899 0.2000000030
21920  36.725  -60.338  29.559 0.2000000030
19012  34.115  -63.875  34.341 0.2000000030
23877  39.171  -58.922  28.206 0.2000000030
22918  38.761  -59.450  28.638 0.2000000030
21919  37.653  -60.493  29.493 0.2000000030
20974  37.059  -61.113  29.843 0.2000000030
21900  36.140  -60.969  29.918 0.3000000119
20960  36.453  -61.740  30.183 0.2000000030
20043  35.856  -62.358  30.533 0.4000000060
21917  39.575  -60.796  29.370 0.2000000030
138253  39.161  -60.083  29.083 0.3000000119
21918  38.600  -60.636  29.439 0.3000000119
20973  38.005  -61.278  29.767 0.4000000060
20959  37.390  -61.901  30.156 0.3000000119
20042  36.732  -62.530  30.418 0.4000000060
19067  36.151  -63.126  30.784 0.5000000000
19035  35.261  -64.144  31.959 0.4000000060
18070  35.603  -64.790  32.259 0.5000000000
20053  40.101  -62.706  29.127 0.5000000000
20971  39.902  -62.065  29.383 0.4000000060
131765  39.318  -62.130  29.804 0.4000000060
127933  38.321  -62.951  30.348 0.4000000060
19066  37.820  -63.470  30.563 0.5000000000
127398  36.988  -63.316  30.620 0.5000000000
18069  36.235  -65.154  31.921 0.5000000000
20039  39.695  -62.900  29.695 0.5000000000
17168  39.383  -65.164  31.056 0.5000000000
143735  38.486  -64.909  31.175 0.5000000000
17152  37.946  -65.543  31.575 0.5000000000
23650  30.400  -57.698  44.091 0.1000000015
145853  31.912  -58.527  44.436 0.1000000015
141381  31.839  -58.117  44.457 0.1000000015
24729  31.605  -57.138  43.245 0.1000000015
23664  33.793  -58.161  42.697 0.1000000015
24727  33.378  -57.577  41.973 0.1000000015
23675  34.035  -57.970  41.512 0.1000000015
22718  34.837  -59.176  40.813 0.1000000015
22733  33.758  -59.093  40.156 0.1000000015
21777  35.127  -59.964  40.564 0.1000000015
21789  33.452  -60.669  39.213 0.2000000030
21790  32.814  -59.936  39.356 0.2000000030
20866  33.012  -61.306  38.442 0.2000000030
19973  32.896  -62.794  36.997 0.2000000030
19003  33.363  -63.476  35.527 0.2000000030
27216  37.319  -56.515  27.171 0.1000000015
24955  37.109  -58.039  28.099 0.2000000030
128099  37.082  -58.664  28.567 0.2000000030
22895  36.377  -59.534  29.245 0.2000000030
19022  33.590  -63.498  33.711 0.2000000030
27217  36.657  -55.800  27.103 0.1000000015
26108  36.578  -56.637  27.590 0.1000000015
26093  36.459  -57.393  28.075 0.1000000015
126114  36.270  -58.195  28.599 0.1000000015
23855  35.815  -58.851  29.076 0.1000000015
20961  35.558  -61.588  30.279 0.2000000030
18058  34.939  -64.370  33.296 0.3000000119
19021  34.312  -63.888  33.475 0.2000000030
21901  35.250  -60.845  30.008 0.1000000015
20044  35.002  -62.176  30.712 0.1000000015
19068  35.320  -62.938  31.007 0.3000000119
19036  34.622  -63.848  32.531 0.2000000030
143405  38.127  -64.189  30.789 0.5000000000
143308  37.279  -64.043  30.897 0.5000000000
19049  36.459  -63.854  31.104 0.5000000000
17153  37.050  -65.390  31.688 0.5000000000
19065  38.651  -63.600  30.443 0.5000000000
18080  37.609  -64.757  31.251 0.5000000000
18098  39.006  -64.359  30.670 0.5000000000
23665  29.606  -57.634  43.630 0.1000000015
25859  29.440  -56.483  43.292 0.1000000015
25858  30.234  -56.641  43.446 0.1000000015
24730  30.834  -56.975  43.705 0.1000000015
25857  31.154  -56.589  42.580 0.1000000015
150368  30.562  -56.304  42.604 0.1000000015
24728  32.541  -57.332  42.578 0.1000000015
24767  32.954  -57.281  39.981 0.1000000015
25880  32.643  -56.597  40.644 0.1000000015
23695  33.443  -58.256  40.269 0.1000000015
127643  33.073  -59.126  39.835 0.2000000030
20867  32.145  -61.151  38.155 0.2000000030
20872  31.717  -61.664  37.572 0.2000000030
19961  32.148  -62.318  37.136 0.2000000030
19962  31.379  -62.011  37.058 0.2000000030
19975  31.597  -62.311  36.371 0.2000000030
19004  32.558  -63.073  35.699 0.2000000030
128920  32.197  -62.750  34.303 0.2000000030
19023  32.854  -63.171  33.993 0.2000000030
26109  35.916  -56.045  27.586 0.1000000015
148174  35.810  -56.747  28.031 0.1000000015
23879  35.206  -58.170  28.920 0.1000000015
141627  35.079  -58.881  29.292 0.1000000015
21922  34.915  -60.128  29.763 0.1000000015
20013  33.382  -62.779  32.337 0.1000000015
19037  33.825  -63.400  32.836 0.2000000030
20000  33.103  -63.009  33.155 0.2000000030
22873  34.177  -60.060  29.925 0.1000000015
21902  34.430  -60.682  30.186 0.1000000015
20962  34.714  -61.406  30.458 0.1000000015
20024  34.515  -62.708  31.297 0.2000000030
20012  34.087  -63.190  31.969 0.2000000030
25860  27.956  -56.183  42.705 0.1000000015
136693  28.730  -56.317  42.953 0.1000000015
151222  26.905  -53.910  42.489 0.1000000015
25874  29.994  -55.984  42.539 0.1000000015
28078  29.251  -54.631  41.260 0.1000000015
134846  30.262  -55.594  41.510 0.1000000015
25892  32.566  -56.564  39.969 0.1000000015
25873  31.782  -56.365  41.211 0.1000000015
22735  31.230  -58.926  39.217 0.1000000015
22750  31.455  -59.715  38.826 0.1000000015
22751  30.668  -59.378  38.580 0.1000000015
21805  30.612  -60.594  37.533 0.1000000015
20873  30.968  -61.435  37.273 0.2000000030
131899  31.057  -61.974  35.896 0.2000000030
19987  31.512  -62.333  35.489 0.2000000030
19995  31.542  -62.334  34.638 0.2000000030
20002  31.697  -62.298  33.772 0.2000000030
20910  31.907  -62.123  32.960 0.1000000015
20001  32.391  -62.647  33.460 0.2000000030
29333  35.397  -53.611  27.298 0.1000000015
27206  34.620  -55.491  28.206 0.1000000015
26094  34.624  -56.259  28.451 0.1000000015
23856  34.449  -58.548  29.347 0.1000000015
20014  32.654  -62.428  32.652 0.2000000030
24937  33.577  -57.427  29.326 0.1000000015
23857  33.725  -58.205  29.471 0.1000000015
22897  34.473  -59.378  29.598 0.1000000015
21903  33.660  -60.424  30.360 0.1000000015
20963  33.919  -61.168  30.690 0.1000000015
20025  33.746  -62.411  31.613 0.2000000030
29168  28.255  -53.343  41.629 0.1000000015
28092  29.676  -54.254  40.369 0.1000000015
27019  30.736  -55.210  40.001 0.1000000015
130582  32.176  -56.846  39.597 0.1000000015
22736  30.572  -58.543  38.846 0.1000000015
21806  29.939  -60.206  37.191 0.1000000015
20882  30.342  -60.917  36.665 0.2000000030
21827  29.869  -60.831  35.782 0.1000000015
141796  30.235  -61.289  35.220 0.2000000030
20891  30.854  -61.850  35.091 0.2000000030
144368  30.228  -60.480  33.236 0.1000000015
20902  30.392  -61.311  34.440 0.2000000030
129041  32.630  -55.820  29.497 0.1000000015
26078  32.348  -56.497  29.772 0.1000000015
24918  32.056  -57.282  30.101 0.1000000015
23841  31.712  -58.109  30.435 0.1000000015
22837  30.819  -59.785  31.921 0.1000000015
21881  31.469  -60.563  31.882 0.1000000015
21850  30.729  -61.168  33.459 0.1000000015
145681  34.940  -54.870  27.804 0.1000000015
27207  33.853  -55.090  28.597 0.1000000015
24938  32.799  -57.276  29.651 0.1000000015
23840  32.482  -58.003  29.917 0.1000000015
150173  32.299  -58.662  30.187 0.1000000015
143403  32.190  -59.825  30.761 0.1000000015
21880  32.257  -60.560  31.229 0.1000000015
20944  31.978  -61.169  31.839 0.1000000015
20923  32.255  -61.785  32.223 0.1000000015
23858  33.122  -57.920  29.627 0.1000000015
23839  33.053  -58.672  29.819 0.1000000015
21904  32.855  -60.131  30.537 0.1000000015
21879  33.135  -60.882  30.946 0.1000000015
20922  33.000  -62.093  31.918 0.1000000015
29184  29.357  -53.449  40.571 0.1000000015
28091  30.375  -54.669  39.819 0.1000000015
130256  31.237  -55.164  38.575 0.1000000015
24779  30.993  -56.248  38.652 0.1000000015
23730  29.728  -58.433  37.529 0.1000000015
21828  29.284  -60.036  35.467 0.1000000015
27154  30.651  -55.570  31.867 0.1000000015
26034  30.339  -56.251  32.220 0.1000000015
23797  29.493  -58.116  33.346 0.1000000015
22826  29.356  -59.001  33.565 0.1000000015
29290  31.811  -54.064  30.810 0.1000000015
134759  31.086  -54.903  31.536 0.1000000015
26033  30.670  -56.369  31.425 0.1000000015
24885  30.112  -57.614  32.302 0.1000000015
144192  29.792  -59.379  32.974 0.1000000015
21860  30.213  -59.916  32.743 0.1000000015
28238  32.113  -54.568  30.164 0.1000000015
27173  31.934  -55.560  30.087 0.1000000015
26056  31.059  -56.587  30.837 0.1000000015
23821  30.583  -57.926  31.538 0.1000000015
22854  30.662  -58.862  31.701 0.1000000015
21859  30.806  -60.557  32.616 0.1000000015
25904  30.569  -56.555  37.946 0.1000000015
25917  30.453  -56.954  37.117 0.1000000015
23760  29.011  -58.610  35.899 0.1000000015
24833  29.737  -57.350  35.604 0.1000000015
24816  29.398  -57.982  36.241 0.1000000015
136007  28.943  -59.203  35.504 0.1000000015
28203  30.860  -54.902  32.492 0.1000000015
147909  30.120  -56.231  32.932 0.1000000015
25996  29.761  -56.585  34.010 0.1000000015
24849  29.285  -57.700  34.815 0.1000000015
138870  29.036  -58.944  34.325 0.1000000015
29281  31.718  -53.853  31.502 0.1000000015
26016  29.837  -56.671  33.381 0.1000000015
16150  40.882  -66.510  36.391 0.4000000060
16221  39.189  -66.233  31.831 0.5000000000
16165  39.689  -66.467  36.260 0.4000000060
17090  38.290  -65.739  36.697 0.4000000060
19911  40.529  -62.591  42.781 0.1000000015
20845  37.616  -61.659  40.879 0.1000000015
17998  39.681  -64.447  39.485 0.2000000030
17091  37.501  -65.510  36.335 0.4000000060
17103  37.320  -65.749  35.592 0.4000000060
19905  36.762  -62.117  43.874 0.1000000015
21740  38.222  -60.711  43.311 0.1000000015
146126  35.838  -63.871  37.482 0.3000000119
19959  33.986  -62.796  37.806 0.2000000030
18973  37.251  -63.967  38.782 0.2000000030
18015  36.934  -64.134  38.166 0.2000000030
133838  37.246  -64.739  37.674 0.2000000030
18029  36.745  -65.005  36.825 0.3000000119
131286  34.386  -63.695  36.633 0.2000000030
128638  35.143  -64.755  34.652 0.3000000119
16246  39.674  -66.339  27.418 0.5000000000
20804  36.261  -61.544  44.560 0.1000000015
148745  35.768  -61.168  44.886 0.1000000015
139862  35.270  -59.485  44.853 0.1000000015
21741  37.672  -60.342  43.948 0.1000000015
21751  37.023  -60.231  42.346 0.1000000015
22690  37.069  -60.045  43.452 0.1000000015
20847  36.102  -61.080  40.500 0.1000000015
20846  36.864  -61.393  40.632 0.1000000015
19947  35.692  -62.386  39.440 0.1000000015
20858  34.948  -61.225  39.736 0.1000000015
19951  34.265  -62.229  38.480 0.2000000030
18039  34.618  -64.303  35.079 0.3000000119
18071  35.167  -64.397  32.619 0.4000000060
18129  39.692  -64.823  27.670 0.5000000000
18146  39.148  -64.683  27.098 0.5000000000
19081  40.030  -63.412  29.320 0.5000000000
23633  33.936  -58.844  44.694 0.1000000015
23647  33.418  -58.396  44.000 0.1000000015
22675  34.806  -59.091  44.277 0.1000000015
23663  34.646  -58.553  42.133 0.1000000015
147975  36.007  -59.953  41.374 0.1000000015
22717  35.461  -59.608  41.077 0.1000000015
22707  35.103  -59.018  41.412 0.1000000015
21788  34.697  -60.492  40.044 0.1000000015
20871  32.556  -61.825  37.800 0.2000000030
148004  37.759  -57.998  27.777 0.2000000030
24984  38.488  -57.173  27.006 0.2000000030
129650  38.419  -58.854  28.328 0.2000000030
22919  37.803  -59.205  28.684 0.2000000030
22894  37.303  -59.780  29.177 0.2000000030
21921  35.799  -60.224  29.634 0.1000000015
22893  38.218  -59.938  29.079 0.2000000030
19050  35.659  -63.660  31.350 0.4000000060
145484  39.604  -61.525  29.503 0.5000000000
20972  38.928  -61.405  29.674 0.4000000060
22917  39.779  -59.637  28.648 0.2000000030
20054  38.409  -62.156  30.096 0.4000000060
20041  37.610  -62.714  30.369 0.5000000000
18082  35.948  -64.412  31.633 0.5000000000
125322  34.867  -63.464  31.639 0.3000000119
20970  40.433  -62.008  28.844 0.5000000000
137041  40.208  -61.330  29.264 0.5000000000
20040  39.052  -62.879  30.157 0.5000000000
24710  29.783  -57.071  43.916 0.1000000015
24708  31.116  -57.551  44.147 0.1000000015
24707  32.048  -57.674  43.885 0.1000000015
23683  34.548  -58.466  41.118 0.1000000015
24747  33.043  -56.997  41.272 0.1000000015
23684  33.924  -57.979  40.785 0.1000000015
22732  34.354  -59.635  40.250 0.1000000015
132829  33.602  -59.811  39.781 0.2000000030
22749  32.150  -59.988  38.935 0.2000000030
24956  35.636  -57.443  28.488 0.1000000015
24731  28.979  -57.030  43.362 0.1000000015
142596  28.355  -56.732  42.836 0.1000000015
25856  32.178  -56.795  41.888 0.1000000015
23696  32.643  -58.334  39.824 0.1000000015
22734  32.133  -59.248  39.419 0.2000000030
21804  31.315  -60.961  37.889 0.2000000030
20881  30.925  -61.762  36.592 0.2000000030
28277  36.353  -54.935  26.875 0.1000000015
132026  35.371  -55.433  27.699 0.1000000015
126040  35.088  -56.803  28.462 0.1000000015
143277  34.897  -57.424  28.730 0.1000000015
20941  34.210  -61.921  30.997 0.1000000015
26988  28.319  -55.586  42.596 0.1000000015
134332  26.576  -55.048  42.529 0.1000000015
28059  27.137  -54.551  42.456 0.1000000015
29149  27.042  -53.239  42.468 0.1000000015
28080  27.632  -53.840  42.153 0.1000000015
28058  27.969  -54.747  42.330 0.1000000015
27010  29.533  -55.357  41.804 0.1000000015
28079  28.479  -54.177  41.629 0.1000000015
27020  30.049  -55.062  40.732 0.1000000015
27008  31.476  -55.948  40.660 0.1000000015
27009  30.832  -55.578  40.715 0.1000000015
25881  32.118  -56.122  40.133 0.1000000015
23697  32.246  -57.704  39.674 0.1000000015
23698  31.304  -57.927  39.383 0.1000000015
22752  30.047  -58.956  38.119 0.1000000015
20911  31.352  -61.780  33.365 0.2000000030
20924  31.484  -61.324  32.601 0.1000000015
28278  35.579  -54.618  27.343 0.1000000015
26095  33.936  -55.965  28.695 0.1000000015
24936  34.344  -57.780  29.103 0.1000000015
22898  33.825  -58.882  29.622 0.1000000015
20942  33.448  -61.632  31.295 0.1000000015
29185  28.781  -53.573  41.158 0.1000000015
27027  31.071  -55.031  39.197 0.1000000015
27018  31.381  -55.652  39.884 0.1000000015
25893  31.550  -55.887  39.293 0.1000000015
24768  31.119  -56.990  39.157 0.1000000015
23729  30.132  -58.071  38.326 0.1000000015
22763  29.595  -59.400  37.215 0.1000000015
21815  29.565  -60.170  36.489 0.1000000015
21851  29.935  -60.697  33.954 0.1000000015
26055  31.626  -56.484  30.357 0.1000000015
27195  32.603  -55.044  29.567 0.1000000015
27194  33.245  -55.495  29.108 0.1000000015
26077  33.241  -56.489  29.252 0.1000000015
146182  31.072  -57.807  30.885 0.1000000015
24919  31.373  -57.245  30.599 0.1000000015
137436  31.206  -59.237  31.319 0.1000000015
22876  31.776  -59.113  30.689 0.1000000015
22853  31.609  -59.860  31.277 0.1000000015
20943  32.665  -61.371  31.557 0.1000000015
29198  29.866  -53.695  39.982 0.1000000015
28104  30.672  -54.262  39.168 0.1000000015
25903  31.141  -55.737  38.252 0.1000000015
24780  30.474  -57.164  38.506 0.1000000015
24793  29.646  -58.000  36.963 0.1000000015
23749  29.343  -58.631  36.712 0.1000000015
27120  30.669  -55.309  33.441 0.1000000015
23780  29.184  -58.260  34.155 0.1000000015
23811  30.179  -58.399  32.224 0.1000000015
24866  29.494  -57.327  33.918 0.1000000015
21852  29.649  -59.933  33.527 0.1000000015
28239  31.527  -54.835  30.773 0.1000000015
24815  29.897  -57.500  36.660 0.1000000015
129630  28.939  -58.579  35.005 0.1000000015
25976  29.672  -56.956  34.649 0.1000000015
25962  30.308  -56.906  35.611 0.1000000015
28184  31.158  -54.819  33.255 0.1000000015
28202  31.426  -54.390  32.692 0.1000000015
25995  30.146  -56.008  33.631 0.1000000015
14334  44.275  -67.889  37.283 0.1000000015
14351  44.184  -68.208  36.505 0.1000000015
15240  44.594  -67.252  36.625 0.1000000015
16147  44.226  -66.121  36.652 0.1000000015
16148  43.619  -65.839  36.584 0.1000000015
16137  43.869  -66.236  38.542 0.1000000015
133453  43.665  -65.873  37.931 0.1000000015
14335  43.630  -68.660  37.229 0.2000000030
16138  42.817  -65.872  38.202 0.1000000015
14366  43.976  -68.489  35.604 0.2000000030
15253  44.545  -67.512  35.772 0.1000000015
14367  43.440  -68.887  35.127 0.2000000030
15266  44.648  -66.871  35.158 0.1000000015
131638  42.822  -65.888  36.745 0.1000000015
13504  42.824  -69.178  34.792 0.2000000030
133085  44.074  -68.316  34.680 0.2000000030
16162  44.053  -65.986  35.802 0.2000000030
14365  44.474  -67.634  34.878 0.2000000030
16174  44.359  -66.347  34.977 0.2000000030
16163  43.021  -65.904  35.850 0.3000000119
128870  43.735  -65.877  34.896 0.3000000119
143256  42.774  -65.956  34.957 0.3000000119
14379  44.452  -67.644  33.937 0.2000000030
15279  44.651  -66.869  33.291 0.2000000030
13521  41.837  -69.291  33.335 0.2000000030
145092  44.273  -66.210  33.887 0.2000000030
13537  42.756  -68.715  32.670 0.2000000030
10978  37.974  -73.592  31.877 0.1000000015
13505  41.946  -69.406  34.462 0.2000000030
14380  43.707  -68.464  34.016 0.2000000030
13520  42.765  -68.896  33.730 0.2000000030
16175  43.357  -65.811  33.977 0.3000000119
128903  42.485  -65.907  33.519 0.4000000060
11811  39.633  -71.501  32.943 0.1000000015
12652  40.929  -70.012  32.860 0.1000000015
14389  44.305  -67.651  32.892 0.2000000030
15288  44.469  -66.976  32.462 0.2000000030
130864  39.296  -72.227  32.634 0.1000000015
16191  43.547  -65.990  32.927 0.4000000060
149890  40.150  -71.581  32.369 0.2000000030
14390  43.515  -68.355  33.071 0.2000000030
10977  38.658  -73.290  31.791 0.1000000015
10985  38.522  -73.450  31.186 0.2000000030
10968  39.222  -72.804  32.177 0.1000000015
148360  39.185  -72.857  31.877 0.1000000015
13538  41.894  -69.281  32.221 0.2000000030
14401  43.673  -68.123  32.199 0.2000000030
14400  44.127  -67.481  32.087 0.2000000030
15289  43.958  -67.226  31.787 0.4000000060
11821  39.827  -72.192  32.263 0.1000000015
14411  43.556  -67.932  31.324 0.4000000060
127227  43.238  -66.298  32.077 0.4000000060
12666  41.130  -69.991  31.806 0.3000000119
13551  42.026  -69.204  31.270 0.3000000119
12667  40.532  -70.935  32.180 0.2000000030
12683  40.561  -70.759  31.591 0.4000000060
15297  43.234  -67.647  30.854 0.4000000060
16206  42.225  -66.412  31.376 0.4000000060
13550  42.856  -68.616  31.673 0.3000000119
12698  40.596  -70.428  30.975 0.4000000060
28295  38.405  -54.631  25.551 0.1000000015
26120  38.011  -56.523  26.790 0.1000000015
16205  43.453  -66.883  31.457 0.4000000060
14422  42.599  -68.383  30.142 0.4000000060
15304  42.682  -67.793  29.960 0.5000000000
13561  41.216  -69.368  30.275 0.4000000060
13552  41.276  -69.801  31.054 0.3000000119
13560  42.061  -69.003  30.497 0.4000000060
27227  38.518  -55.364  25.867 0.1000000015
27239  39.254  -55.236  25.464 0.1000000015
130650  38.754  -56.638  26.503 0.1000000015
16217  42.692  -67.159  30.579 0.4000000060
15311  42.129  -67.896  29.229 0.5000000000
14436  42.380  -68.178  29.569 0.5000000000
16227  42.130  -67.271  29.693 0.5000000000
26119  39.594  -56.761  26.308 0.1000000015
24983  39.253  -57.336  26.830 0.1000000015
26118  40.527  -56.811  26.123 0.1000000015
130350  40.312  -58.450  27.474 0.1000000015
135254  43.609  -68.340  38.433 0.1000000015
16140  44.229  -66.271  37.555 0.1000000015
16141  43.213  -65.829  37.358 0.1000000015
149218  43.903  -65.875  37.229 0.1000000015
16136  44.389  -66.827  38.212 0.1000000015
17070  43.420  -65.816  39.151 0.1000000015
17072  42.014  -65.726  38.911 0.1000000015
23894  39.440  -58.383  27.692 0.1000000015
13455  42.960  -69.319  37.284 0.1000000015
16190  44.351  -66.383  32.971 0.3000000119
16204  44.095  -66.567  32.232 0.4000000060
14412  42.802  -68.539  30.818 0.3000000119
14435  42.822  -68.032  30.075 0.4000000060
26136  39.014  -56.050  25.963 0.1000000015
24982  40.185  -57.619  26.754 0.1000000015
17056  43.485  -65.782  39.992 0.1000000015
131381  27.847  -73.111  25.018 0.1000000015
10220  27.837  -73.745  23.783 0.1000000015
9393  29.307  -74.599  23.541 0.1000000015
10200  27.418  -73.345  24.470 0.1000000015
9376  29.794  -73.833  25.065 0.1000000015
10181  27.090  -73.019  25.197 0.1000000015
10201  26.614  -73.453  24.701 0.1000000015
9386  25.562  -74.482  24.655 0.1000000015
9396  26.476  -74.342  23.446 0.1000000015
4715  28.595  -81.323  29.564 0.1000000015
7326  26.236  -77.368  26.824 0.1000000015
7994  25.713  -76.733  26.379 0.1000000015
10164  29.326  -72.962  26.154 0.1000000015
7995  25.383  -75.921  25.881 0.1000000015
10180  28.643  -73.057  25.349 0.1000000015
8646  25.417  -75.032  26.117 0.1000000015
10178  29.991  -73.609  25.792 0.1000000015
8656  25.225  -75.145  25.228 0.1000000015
9382  30.243  -74.532  24.596 0.1000000015
5334  27.746  -80.190  30.930 0.1000000015
129334  29.711  -81.891  29.212 0.1000000015
4118  30.802  -82.682  28.320 0.1000000015
5314  27.965  -80.016  32.846 0.1000000015
150390  28.028  -80.017  32.135 0.1000000015
5347  28.438  -80.665  30.404 0.1000000015
4695  29.297  -81.170  30.040 0.1000000015
4143  31.830  -82.425  27.222 0.1000000015
6011  28.366  -79.969  27.224 0.1000000015
7325  26.754  -77.969  27.354 0.1000000015
10165  28.440  -72.724  26.035 0.1000000015
11042  27.743  -72.534  26.548 0.1000000015
10182  26.421  -73.252  25.513 0.1000000015
10152  29.782  -73.014  26.869 0.1000000015
9375  30.468  -74.251  25.465 0.1000000015
9392  30.147  -74.981  23.813 0.1000000015
4694  30.276  -81.478  30.106 0.1000000015
4714  31.073  -82.083  29.270 0.1000000015
5297  27.903  -80.152  33.525 0.1000000015
5313  28.721  -80.308  32.498 0.1000000015
5333  28.536  -80.328  31.483 0.1000000015
4713  32.153  -81.760  29.165 0.1000000015
4117  31.788  -82.373  28.334 0.1000000015
5378  31.739  -81.156  27.665 0.1000000015
5379  30.505  -80.781  27.636 0.1000000015
5380  29.297  -80.417  27.532 0.1000000015
6010  29.854  -79.999  28.287 0.1000000015
144745  28.777  -79.689  28.141 0.1000000015
6652  27.838  -78.193  28.982 0.1000000015
6012  27.497  -78.606  27.844 0.1000000015
7321  27.124  -77.666  28.430 0.1000000015
7322  26.508  -77.087  27.845 0.1000000015
149429  25.655  -73.801  27.538 0.1000000015
11040  29.198  -72.630  26.955 0.1000000015
11029  27.523  -72.275  27.430 0.1000000015
11056  26.897  -72.747  25.998 0.1000000015
10154  25.911  -73.287  27.193 0.1000000015
9372  25.591  -74.219  26.358 0.1000000015
10163  30.165  -73.439  26.480 0.1000000015
4691  33.030  -80.792  28.993 0.1000000015
5923  27.500  -80.122  34.058 0.1000000015
5296  28.647  -80.391  33.361 0.1000000015
5332  29.591  -80.554  32.033 0.1000000015
133028  29.634  -80.822  30.920 0.1000000015
4693  31.337  -81.564  30.148 0.1000000015
4692  32.808  -81.166  29.449 0.1000000015
5361  32.794  -81.122  28.354 0.1000000015
5995  31.880  -80.022  28.942 0.1000000015
5997  29.248  -79.313  28.893 0.1000000015
6643  28.349  -77.821  29.740 0.1000000015
127843  28.345  -80.531  34.142 0.1000000015
135172  29.526  -80.562  33.041 0.1000000015
5331  30.543  -80.880  31.611 0.1000000015
4684  31.426  -81.203  31.062 0.1000000015
6651  28.742  -78.561  29.333 0.1000000015
7982  26.393  -76.052  29.240 0.1000000015
8624  26.077  -75.279  29.682 0.1000000015
7986  26.134  -76.223  28.321 0.1000000015
8630  25.612  -74.796  28.426 0.1000000015
133626  25.812  -75.387  28.800 0.1000000015
11018  26.647  -72.447  28.458 0.1000000015
10127  25.731  -73.772  28.812 0.1000000015
8629  25.626  -75.416  27.797 0.1000000015
11016  28.319  -71.962  27.927 0.1000000015
11030  26.849  -72.355  27.767 0.1000000015
10153  26.277  -72.826  27.850 0.1000000015
11027  29.837  -72.630  27.488 0.1000000015
11026  30.800  -72.878  27.664 0.1000000015
9370  31.313  -74.257  26.461 0.1000000015
10162  30.777  -73.723  26.668 0.1000000015
9363  32.008  -74.255  26.911 0.1000000015
10150  31.326  -73.613  27.173 0.1000000015
5993  33.207  -80.277  29.486 0.1000000015
5994  33.020  -80.381  28.959 0.1000000015
5277  27.789  -80.601  34.830 0.1000000015
5276  28.900  -80.992  35.068 0.1000000015
133727  29.395  -80.685  34.063 0.1000000015
5295  30.251  -80.663  33.610 0.1000000015
5330  32.221  -80.884  31.222 0.1000000015
4683  32.177  -81.325  30.232 0.1000000015
5346  32.759  -80.915  30.255 0.1000000015
5983  32.474  -79.599  29.607 0.1000000015
6649  30.997  -79.265  29.688 0.1000000015
7305  29.523  -77.699  30.565 0.1000000015
5312  30.430  -80.710  32.614 0.1000000015
7974  28.897  -77.069  30.721 0.1000000015
7306  28.178  -77.181  30.262 0.1000000015
7314  27.483  -77.280  29.507 0.1000000015
7976  27.522  -76.488  30.306 0.1000000015
7981  26.948  -76.538  29.622 0.1000000015
8620  27.246  -75.641  30.697 0.1000000015
8623  26.740  -75.901  30.038 0.1000000015
10992  26.494  -72.846  30.172 0.1000000015
10120  26.383  -73.716  30.537 0.1000000015
11880  28.790  -71.357  28.624 0.1000000015
11864  29.440  -70.853  29.103 0.1000000015
139069  28.197  -71.185  29.132 0.1000000015
138051  26.862  -72.176  29.720 0.1000000015
10138  26.056  -73.088  28.689 0.1000000015
12719  30.017  -70.399  29.640 0.1000000015
11017  27.361  -72.060  28.191 0.1000000015
11879  29.809  -71.498  28.566 0.1000000015
11863  30.356  -71.040  29.066 0.1000000015
11014  30.259  -72.257  28.166 0.1000000015
10149  32.258  -73.732  27.536 0.1000000015
4633  27.796  -81.538  37.015 0.1000000015
5243  27.287  -81.209  36.293 0.1000000015
5274  30.748  -80.528  34.376 0.1000000015
5982  33.288  -79.880  29.727 0.1000000015
4645  28.148  -81.399  36.429 0.1000000015
150188  30.100  -80.696  34.247 0.1000000015
5294  31.162  -80.588  33.185 0.1000000015
148342  32.666  -80.433  31.754 0.1000000015
5981  33.410  -79.692  30.676 0.1000000015
6640  32.803  -79.256  30.308 0.1000000015
6641  31.469  -78.771  30.455 0.1000000015
7304  30.465  -77.894  30.859 0.1000000015
6628  32.237  -78.553  31.058 0.1000000015
7966  30.494  -76.598  31.739 0.1000000015
7968  28.885  -76.318  31.244 0.1000000015
7975  28.270  -76.637  30.739 0.1000000015
8619  27.963  -76.041  31.041 0.1000000015
8612  28.454  -75.549  31.521 0.1000000015
146787  27.488  -74.611  31.440 0.1000000015
9333  27.718  -74.064  31.827 0.1000000015
9334  26.913  -73.999  31.280 0.1000000015
10991  27.020  -72.033  30.545 0.1000000015
10112  26.753  -73.028  31.059 0.1000000015
141350  28.723  -70.894  29.253 0.1000000015
11849  27.651  -71.234  30.427 0.1000000015
12707  29.657  -69.929  30.373 0.1000000015
12718  31.082  -70.729  29.624 0.1000000015
141392  31.095  -71.363  29.098 0.1000000015
11013  31.187  -72.429  28.295 0.1000000015
10137  31.698  -73.118  27.929 0.1000000015
5934  33.948  -79.294  33.357 0.1000000015
150090  34.196  -78.717  32.600 0.1000000015
4619  28.274  -81.419  37.689 0.1000000015
5257  28.924  -81.246  36.172 0.1000000015
5256  29.895  -80.834  35.948 0.1000000015
5255  30.684  -80.475  35.477 0.1000000015
5293  31.897  -80.420  33.207 0.1000000015
5950  33.435  -79.644  32.764 0.1000000015
140515  33.890  -78.938  31.872 0.1000000015
7274  33.491  -77.912  32.223 0.1000000015
5275  29.963  -80.762  34.875 0.1000000015
5311  32.669  -80.178  32.754 0.1000000015
5328  33.439  -79.882  30.836 0.1000000015
7292  32.914  -78.225  31.595 0.1000000015
7950  31.005  -76.253  32.276 0.1000000015
8594  30.603  -75.608  32.555 0.1000000015
7293  31.792  -77.757  31.566 0.1000000015
7965  31.386  -76.945  31.905 0.1000000015
8596  28.922  -75.057  31.998 0.1000000015
10103  27.996  -73.408  32.299 0.1000000015
10111  27.363  -73.255  31.715 0.1000000015
11835  27.892  -70.887  31.540 0.1000000015
10982  27.268  -72.351  31.450 0.1000000015
12688  29.301  -69.704  31.138 0.1000000015
141778  28.916  -70.072  30.613 0.1000000015
149141  27.754  -71.027  30.946 0.1000000015
13555  30.223  -69.496  31.027 0.1000000015
12706  30.613  -70.032  30.278 0.1000000015
6584  32.036  -79.067  35.723 0.1000000015
5232  29.574  -80.557  37.495 0.1000000015
5902  31.198  -79.556  36.133 0.1000000015
5911  32.515  -79.251  35.334 0.1000000015
5921  32.853  -79.483  34.728 0.1000000015
148831  34.566  -78.498  33.573 0.1000000015
4603  28.157  -81.419  38.427 0.1000000015
5233  28.966  -80.912  38.055 0.1000000015
5242  30.208  -80.310  36.825 0.1000000015
5913  31.183  -80.082  35.976 0.1000000015
5922  32.228  -79.946  34.442 0.1000000015
5935  33.026  -79.722  33.744 0.1000000015
7273  34.154  -78.341  32.530 0.1000000015
7947  34.084  -77.596  32.938 0.1000000015
7949  31.934  -76.608  32.538 0.1000000015
7948  33.060  -77.083  32.739 0.1000000015
8578  30.949  -75.190  33.176 0.1000000015
9319  30.188  -74.979  32.834 0.1000000015
9306  29.879  -74.337  33.219 0.1000000015
145148  28.581  -73.484  32.731 0.1000000015
10971  28.272  -72.688  32.779 0.1000000015
10972  27.688  -72.602  32.157 0.1000000015
12661  28.401  -70.642  32.867 0.1000000015
148038  30.280  -69.218  31.608 0.1000000015
12689  28.558  -70.174  31.330 0.1000000015
13554  31.860  -69.529  31.491 0.1000000015
12687  31.918  -70.041  30.875 0.1000000015
5903  30.526  -79.787  36.719 0.1000000015
6583  32.969  -78.707  35.453 0.1000000015
6592  34.430  -78.558  34.631 0.1000000015
6593  33.444  -78.979  35.006 0.1000000015
146852  34.556  -77.345  33.642 0.1000000015
8575  33.565  -76.083  33.961 0.1000000015
7932  32.563  -76.192  33.293 0.1000000015
8577  31.820  -75.368  33.516 0.1000000015
9304  31.260  -74.609  33.800 0.1000000015
133542  29.266  -72.836  33.777 0.1000000015
10101  29.168  -73.911  32.958 0.1000000015
11815  28.881  -71.365  33.991 0.1000000015
10102  28.915  -73.145  33.258 0.1000000015
13528  29.324  -69.574  33.541 0.1000000015
12660  28.737  -70.505  33.507 0.1000000015
13527  30.196  -68.892  33.963 0.1000000015
13529  28.753  -69.917  32.779 0.1000000015
14403  30.854  -68.593  33.080 0.1000000015
125687  30.306  -68.947  32.221 0.1000000015
13542  29.427  -69.293  32.534 0.1000000015
13541  31.348  -68.898  32.176 0.1000000015
13553  32.769  -69.743  31.738 0.1000000015
12671  34.212  -70.483  31.916 0.1000000015
6571  30.612  -79.081  36.318 0.1000000015
6585  31.309  -78.628  35.832 0.1000000015
6581  34.798  -78.116  35.036 0.1000000015
7930  35.066  -77.442  34.205 0.1000000015
7922  34.804  -76.735  34.188 0.1000000015
6555  29.516  -79.064  37.127 0.1000000015
7262  34.885  -78.105  34.029 0.1000000015
8566  33.333  -75.265  34.419 0.1000000015
9291  31.091  -73.818  34.341 0.1000000015
9292  30.313  -73.518  34.131 0.1000000015
10076  30.569  -73.091  34.586 0.1000000015
10944  30.022  -72.338  34.741 0.1000000015
14385  30.945  -68.622  34.714 0.1000000015
12644  29.253  -70.483  34.263 0.1000000015
14402  31.894  -68.646  32.836 0.1000000015
13526  32.863  -68.883  32.858 0.1000000015
139702  33.003  -69.401  32.245 0.1000000015
12658  35.159  -70.026  32.995 0.1000000015
12669  36.476  -71.093  32.834 0.1000000015
7232  30.407  -78.052  35.843 0.1000000015
6572  29.853  -78.578  36.383 0.1000000015
7249  32.241  -78.161  35.579 0.1000000015
7247  34.531  -77.819  35.370 0.1000000015
143393  36.148  -76.779  35.336 0.1000000015
8564  35.605  -76.301  34.934 0.1000000015
7248  33.342  -77.903  35.518 0.1000000015
7256  35.486  -77.453  34.713 0.1000000015
9279  33.548  -74.692  35.009 0.1000000015
9290  32.611  -74.466  34.611 0.1000000015
10075  31.983  -73.796  34.842 0.1000000015
10064  30.880  -72.590  35.192 0.1000000015
11786  30.608  -70.964  35.761 0.1000000015
12643  29.901  -70.487  35.085 0.1000000015
14339  37.875  -68.444  37.285 0.1000000015
14340  36.886  -68.082  37.100 0.1000000015
14355  35.825  -68.172  36.154 0.1000000015
14370  34.434  -67.738  36.151 0.1000000015
15268  33.048  -67.925  35.265 0.1000000015
13478  30.821  -69.065  35.622 0.1000000015
13511  30.246  -69.374  34.951 0.1000000015
14353  37.485  -68.686  36.577 0.1000000015
14354  36.584  -68.387  36.361 0.1000000015
136636  35.238  -67.867  36.365 0.1000000015
14372  31.521  -68.454  35.556 0.1000000015
14338  38.896  -68.956  37.386 0.1000000015
14352  38.369  -69.102  36.729 0.1000000015
14368  37.173  -68.990  35.919 0.1000000015
14381  35.559  -68.804  34.886 0.1000000015
14382  33.663  -68.177  34.777 0.1000000015
130901  32.164  -68.319  34.041 0.1000000015
13459  39.786  -69.622  37.492 0.1000000015
13460  39.204  -69.665  36.867 0.1000000015
13491  36.945  -69.294  35.232 0.1000000015
14391  34.171  -68.705  34.009 0.1000000015
13508  36.737  -69.573  34.527 0.1000000015
13525  33.805  -69.044  33.177 0.1000000015
12641  38.985  -70.501  34.801 0.1000000015
13522  36.433  -69.886  33.834 0.1000000015
11813  37.838  -71.076  33.486 0.1000000015
141200  30.631  -76.592  35.675 0.1000000015
7250  31.183  -77.400  35.571 0.1000000015
7907  32.348  -77.003  35.508 0.1000000015
8548  32.888  -76.504  35.735 0.1000000015
7905  35.273  -77.183  35.762 0.1000000015
7906  33.713  -77.170  35.645 0.1000000015
7889  36.180  -76.856  36.309 0.1000000015
9277  35.523  -75.698  35.580 0.1000000015
9289  34.526  -75.447  34.946 0.1000000015
9278  34.440  -75.000  35.491 0.1000000015
144288  32.864  -74.089  35.081 0.1000000015
10063  31.698  -73.153  35.335 0.1000000015
10934  31.477  -72.573  35.693 0.1000000015
14343  31.821  -68.778  37.059 0.1000000015
12629  30.507  -69.981  35.682 0.1000000015
15241  35.895  -67.761  36.862 0.1000000015
15242  34.153  -67.575  36.801 0.1000000015
15243  33.601  -67.653  36.379 0.1000000015
15233  37.209  -67.782  37.866 0.1000000015
13443  41.995  -69.690  38.004 0.1000000015
13458  40.638  -69.935  37.467 0.1000000015
8550  30.863  -75.934  35.905 0.1000000015
8535  32.898  -75.900  36.201 0.1000000015
8549  31.986  -76.167  35.709 0.1000000015
7877  35.430  -76.614  36.641 0.1000000015
7876  36.134  -76.446  37.145 0.1000000015
8534  34.056  -76.582  36.026 0.1000000015
7888  36.312  -76.428  36.572 0.1000000015
8533  36.173  -75.833  36.319 0.1000000015
9264  35.040  -74.996  36.241 0.1000000015
10061  33.669  -74.182  35.663 0.1000000015
10933  32.168  -72.933  35.909 0.1000000015
11785  31.330  -71.268  36.384 0.1000000015
10922  31.724  -72.220  36.235 0.1000000015
13461  31.979  -69.446  37.542 0.1000000015
12605  31.784  -70.201  37.311 0.1000000015
12616  31.328  -70.367  36.710 0.1000000015
15225  36.544  -67.497  38.517 0.1000000015
15226  35.573  -67.560  38.328 0.1000000015
15237  32.734  -68.073  37.132 0.1000000015
12617  30.910  -70.465  36.179 0.1000000015
14302  40.234  -68.327  39.330 0.1000000015
15224  37.376  -67.541  38.584 0.1000000015
14357  32.180  -68.178  36.408 0.1000000015
14321  40.075  -68.737  38.592 0.1000000015
14337  39.476  -68.841  38.072 0.1000000015
151673  33.293  -75.698  36.955 0.1000000015
125738  34.149  -76.077  36.824 0.1000000015
8518  35.267  -76.118  37.570 0.1000000015
9262  36.377  -75.897  37.069 0.1000000015
9263  35.948  -75.342  36.824 0.1000000015
10047  35.330  -74.575  36.977 0.1000000015
10048  34.214  -73.955  36.495 0.1000000015
10920  33.552  -73.124  36.865 0.1000000015
10921  32.588  -72.617  36.540 0.1000000015
11766  32.706  -70.878  37.879 0.1000000015
11776  31.832  -70.978  37.052 0.1000000015
14324  32.921  -68.829  38.262 0.1000000015
13447  32.557  -69.436  38.107 0.1000000015
15227  34.079  -67.778  38.025 0.1000000015
14322  38.294  -68.117  38.160 0.1000000015
14320  41.034  -68.958  38.640 0.1000000015
14336  42.621  -69.410  37.977 0.1000000015
8519  33.786  -75.596  37.720 0.1000000015
8505  35.951  -76.003  38.083 0.1000000015
9231  35.975  -75.364  38.732 0.1000000015
8504  36.180  -75.808  37.816 0.1000000015
10031  35.605  -74.341  37.674 0.1000000015
9246  36.074  -75.217  37.430 0.1000000015
10032  34.627  -73.709  37.234 0.1000000015
10903  33.977  -72.934  37.611 0.1000000015
10904  32.995  -72.247  37.318 0.1000000015
11775  32.456  -71.378  37.409 0.1000000015
13446  33.213  -69.477  38.603 0.1000000015
148149  34.816  -67.721  38.385 0.1000000015
143655  34.463  -68.106  38.757 0.1000000015
15207  39.452  -67.665  40.039 0.1000000015
15209  36.942  -67.405  39.317 0.1000000015
14318  42.398  -69.185  38.651 0.1000000015
144520  43.248  -68.955  37.908 0.1000000015
10007  36.146  -74.742  39.059 0.1000000015
10030  36.124  -75.061  38.230 0.1000000015
10008  35.851  -74.124  38.434 0.1000000015
10884  35.237  -73.173  38.608 0.1000000015
10902  34.999  -73.472  37.913 0.1000000015
126120  34.410  -72.771  38.177 0.1000000015
10885  33.646  -72.162  38.022 0.1000000015
11765  33.435  -71.218  38.384 0.1000000015
12596  33.581  -70.340  38.849 0.1000000015
14279  42.106  -68.483  39.919 0.1000000015
15210  36.054  -67.612  39.217 0.1000000015
14299  42.561  -68.685  39.392 0.1000000015
10883  36.119  -73.870  39.233 0.1000000015
11748  35.944  -72.434  40.098 0.1000000015
10870  35.523  -72.784  39.339 0.1000000015
13419  35.109  -70.208  40.058 0.1000000015
11738  35.485  -71.437  40.151 0.1000000015
11764  34.428  -72.112  38.700 0.1000000015
13418  35.517  -69.803  40.300 0.1000000015
12587  34.271  -70.479  39.384 0.1000000015
13433  33.905  -69.536  39.130 0.1000000015
14280  41.418  -68.246  40.199 0.1000000015
15181  40.848  -67.622  41.265 0.1000000015
15208  38.466  -67.462  39.890 0.1000000015
150552  36.481  -67.602  39.657 0.1000000015
148378  34.737  -68.314  39.205 0.1000000015
14298  43.282  -68.127  39.724 0.1000000015
13417  36.472  -69.731  40.958 0.1000000015
12586  34.919  -70.674  39.886 0.1000000015
11749  34.889  -71.577  39.514 0.1000000015
149860  36.733  -68.618  40.788 0.1000000015
13432  34.692  -69.724  39.679 0.1000000015
15183  38.799  -67.436  40.812 0.1000000015
15184  37.402  -67.905  40.781 0.1000000015
14281  35.856  -68.806  40.253 0.1000000015
145348  38.040  -67.516  40.571 0.1000000015
14304  36.166  -67.939  40.013 0.1000000015
6680  26.558  -78.833  26.128 0.1000000015
7990  25.930  -76.455  27.306 0.1000000015
10199  28.432  -73.439  24.456 0.1000000015
7991  25.578  -75.753  26.725 0.1000000015
10198  29.162  -73.448  24.872 0.1000000015
10166  26.244  -73.137  26.340 0.1000000015
8637  25.497  -74.815  26.995 0.1000000015
10202  25.965  -73.779  25.052 0.1000000015
9385  26.155  -74.039  24.235 0.1000000015
9377  25.585  -74.335  25.533 0.1000000015
5363  27.841  -81.007  29.806 0.1000000015
7335  25.931  -77.639  26.110 0.1000000015
6668  26.427  -78.179  26.443 0.1000000015
4740  32.221  -82.044  27.383 0.1000000015
149528  28.064  -79.340  27.808 0.1000000015
6022  27.641  -79.375  26.898 0.1000000015
11028  28.412  -72.411  27.168 0.1000000015
11043  26.687  -72.588  26.984 0.1000000015
148728  30.667  -81.229  30.818 0.1000000015
4712  32.705  -81.402  28.585 0.1000000015
6009  31.148  -80.395  28.319 0.1000000015
5390  31.162  -81.669  27.093 0.1000000015
5362  32.432  -80.790  28.247 0.1000000015
5996  30.443  -79.635  28.987 0.1000000015
7985  26.739  -76.835  28.859 0.1000000015
9364  25.565  -74.388  27.784 0.1000000015
11015  29.331  -72.011  28.053 0.1000000015
11881  27.842  -71.592  28.685 0.1000000015
125752  30.172  -78.488  30.249 0.1000000015
137165  31.302  -80.805  32.028 0.1000000015
9345  26.021  -74.454  30.112 0.1000000015
9339  26.526  -74.433  30.716 0.1000000015
10126  25.981  -73.545  29.586 0.1000000015
11865  27.507  -71.527  29.583 0.1000000015
5329  33.087  -80.358  30.740 0.1000000015
5258  28.011  -81.090  35.695 0.1000000015
138549  31.970  -80.598  32.373 0.1000000015
7295  29.803  -77.012  31.194 0.1000000015
9338  27.039  -74.864  31.003 0.1000000015
141188  28.202  -70.920  29.772 0.1000000015
5273  31.606  -80.321  34.008 0.1000000015
6627  33.254  -78.942  30.959 0.1000000015
6626  33.457  -79.257  31.107 0.1000000015
7291  33.640  -78.664  31.682 0.1000000015
7967  29.740  -76.157  31.666 0.1000000015
8595  29.771  -75.436  32.175 0.1000000015
9332  28.124  -74.818  31.763 0.1000000015
11836  27.475  -71.510  31.141 0.1000000015
12705  31.547  -70.315  30.344 0.1000000015
11862  31.798  -71.410  29.352 0.1000000015
10999  31.552  -71.913  28.815 0.1000000015
6597  34.420  -78.784  33.846 0.1000000015
5949  33.920  -79.217  32.344 0.1000000015
125646  29.598  -80.960  36.790 0.1000000015
5254  31.527  -80.167  35.086 0.1000000015
144469  32.259  -80.158  33.655 0.1000000015
7275  32.408  -77.408  32.102 0.1000000015
7933  31.451  -75.855  32.886 0.1000000015
9321  28.545  -74.215  32.329 0.1000000015
11828  27.622  -71.751  31.916 0.1000000015
139428  30.859  -69.226  31.536 0.1000000015
12704  32.348  -70.599  30.578 0.1000000015
5912  31.756  -79.629  35.622 0.1000000015
7263  34.622  -77.884  33.410 0.1000000015
7931  33.811  -76.837  33.434 0.1000000015
10090  29.676  -73.561  33.633 0.1000000015
135465  28.189  -71.902  32.968 0.1000000015
10959  28.700  -72.226  33.503 0.1000000015
13540  32.289  -69.164  32.222 0.1000000015
12685  33.343  -70.377  31.458 0.1000000015
6582  34.003  -78.447  35.209 0.1000000015
8565  34.424  -75.946  34.469 0.1000000015
130383  31.821  -74.303  34.339 0.1000000015
10958  29.313  -72.208  34.204 0.1000000015
11803  29.535  -71.422  34.655 0.1000000015
148563  31.488  -68.403  34.183 0.1000000015
132521  33.917  -69.882  32.234 0.1000000015
12659  34.322  -69.797  32.657 0.1000000015
131671  34.851  -70.448  32.483 0.1000000015
7921  35.759  -76.970  34.758 0.1000000015
129324  31.245  -73.304  34.852 0.1000000015
11802  30.253  -71.631  35.276 0.1000000015
125187  33.107  -68.484  33.816 0.1000000015
126715  36.001  -70.317  33.224 0.1000000015
13524  34.664  -69.388  33.458 0.1000000015
13523  35.535  -69.650  33.659 0.1000000015
12657  36.907  -70.655  33.422 0.1000000015
7246  36.071  -77.113  35.277 0.1000000015
10062  32.580  -73.551  35.457 0.1000000015
11792  30.991  -71.905  35.799 0.1000000015
131378  34.307  -68.046  35.391 0.1000000015
14383  32.680  -68.141  34.654 0.1000000015
14384  31.826  -68.287  34.758 0.1000000015
14371  32.331  -68.044  35.417 0.1000000015
132192  31.360  -68.876  36.352 0.1000000015
14369  36.227  -68.698  35.566 0.1000000015
143957  34.652  -68.493  34.809 0.1000000015
13445  40.399  -69.380  38.039 0.1000000015
13475  38.598  -69.702  36.229 0.1000000015
13510  35.065  -69.079  34.206 0.1000000015
13492  36.270  -69.141  34.909 0.1000000015
13444  41.265  -69.615  37.977 0.1000000015
13490  37.871  -69.599  35.550 0.1000000015
13507  37.444  -69.702  34.817 0.1000000015
12656  38.423  -70.720  34.047 0.1000000015
12642  37.433  -70.183  34.102 0.1000000015
13462  31.454  -69.522  36.921 0.1000000015
15235  35.487  -67.566  37.527 0.1000000015
127483  34.842  -67.570  37.777 0.1000000015
15236  33.549  -67.724  37.177 0.1000000015
14319  41.749  -69.346  38.479 0.1000000015
10049  33.126  -73.346  36.107 0.1000000015
11784  32.103  -71.812  36.856 0.1000000015
144221  41.698  -68.602  39.639 0.1000000015
14300  41.848  -68.933  39.170 0.1000000015
14306  34.371  -68.797  39.236 0.1000000015
11750  34.063  -71.147  38.985 0.1000000015
14423  41.981  -68.631  29.736 0.4000000060
12699  39.618  -70.835  30.865 0.3000000119
13562  40.072  -69.712  30.444 0.3000000119
13573  40.594  -69.020  29.720 0.4000000060
14438  40.894  -68.518  28.978 0.4000000060
141241  39.017  -69.694  30.411 0.3000000119
150184  40.283  -68.717  29.331 0.4000000060
6105  36.019  -78.399  19.322 0.1000000015
6760  36.169  -77.841  19.631 0.1000000015
8687  36.412  -75.949  21.763 0.2000000030
128784  36.502  -73.571  24.255 0.3000000119
15316  35.958  -67.719  29.779 0.4000000060
12684  40.145  -71.470  31.487 0.3000000119
11897  35.282  -71.929  26.433 0.4000000060
11877  34.749  -70.928  28.485 0.4000000060
9389  36.652  -74.647  23.122 0.2000000030
11064  35.976  -72.820  24.702 0.3000000119
11888  34.608  -71.206  27.623 0.4000000060
12717  34.903  -70.436  29.181 0.4000000060
6106  35.078  -79.262  20.079 0.1000000015
9399  36.511  -75.256  22.614 0.3000000119
13574  35.083  -69.757  29.742 0.4000000060
136605  34.629  -69.042  29.667 0.4000000060
6127  35.718  -78.967  18.973 0.1000000015
8688  36.179  -75.867  21.491 0.2000000030
144447  36.236  -73.906  23.614 0.3000000119
11905  35.524  -72.146  25.718 0.3000000119
148824  34.374  -70.292  28.670 0.4000000060
16248  37.675  -66.555  28.283 0.4000000060
16263  38.893  -66.085  27.178 0.4000000060
11898  34.638  -71.349  26.672 0.4000000060
14444  34.199  -68.327  29.539 0.4000000060
6141  36.097  -78.655  17.972 0.2000000030
7425  36.005  -77.387  19.645 0.2000000030
9400  36.108  -74.948  22.520 0.2000000030
8078  36.089  -76.805  20.528 0.2000000030
11054  35.432  -72.102  25.078 0.3000000119
11906  34.813  -71.505  25.636 0.3000000119
127731  34.866  -79.968  17.513 0.1000000015
12735  34.158  -70.531  27.965 0.4000000060
12726  33.762  -69.795  28.452 0.4000000060
16236  36.208  -66.856  29.320 0.5000000000
16249  36.701  -66.391  28.764 0.5000000000
16264  38.083  -66.175  27.633 0.4000000060
12746  34.113  -70.698  27.028 0.4000000060
13576  33.893  -69.061  29.156 0.4000000060
15317  34.769  -67.633  29.682 0.5000000000
16250  35.792  -66.320  29.102 0.5000000000
17190  37.155  -65.904  27.914 0.4000000060
6779  36.126  -77.828  18.880 0.2000000030
8063  36.006  -76.262  20.907 0.2000000030
8689  35.415  -75.834  21.486 0.2000000030
9390  35.723  -74.306  23.071 0.4000000060
9401  35.104  -74.780  22.599 0.2000000030
10196  35.532  -73.150  24.090 0.3000000119
9391  34.490  -74.019  23.167 0.4000000060
11065  35.136  -72.320  24.551 0.3000000119
15318  33.791  -67.465  29.434 0.5000000000
147726  36.199  -65.784  28.519 0.5000000000
17204  37.157  -65.199  27.484 0.4000000060
17203  37.987  -65.611  27.332 0.4000000060
10216  34.598  -73.232  23.685 0.4000000060
12755  34.158  -70.778  26.045 0.4000000060
12736  33.577  -70.126  27.459 0.4000000060
149865  34.539  -67.007  29.517 0.5000000000
7442  35.954  -77.584  18.883 0.2000000030
6798  36.081  -78.071  17.758 0.2000000030
8079  35.827  -76.740  20.266 0.2000000030
132009  37.907  -64.928  27.121 0.4000000060
11914  34.628  -71.593  24.850 0.3000000119
12747  33.580  -70.236  26.499 0.4000000060
13583  33.230  -69.009  28.578 0.4000000060
5512  35.513  -79.386  16.778 0.2000000030
7426  35.435  -77.258  19.695 0.2000000030
8677  34.587  -75.311  22.091 0.3000000119
17202  38.675  -65.255  27.040 0.4000000060
11066  34.236  -72.024  24.292 0.3000000119
14454  33.399  -68.310  29.153 0.5000000000
142134  35.299  -65.786  28.876 0.5000000000
19090  40.029  -63.345  28.463 0.4000000060
6160  35.933  -78.492  17.064 0.2000000030
12756  33.531  -70.311  25.628 0.4000000060
134037  33.109  -69.482  27.819 0.4000000060
18130  35.637  -65.130  28.384 0.5000000000
18148  37.203  -64.471  27.353 0.4000000060
21916  40.428  -60.610  29.154 0.4000000060
5526  35.315  -79.557  15.781 0.2000000030
6781  35.781  -77.736  18.270 0.2000000030
8080  34.501  -76.849  20.554 0.2000000030
8690  34.135  -75.844  21.577 0.2000000030
11915  33.673  -71.314  24.580 0.4000000060
15330  32.895  -67.547  29.049 0.5000000000
16251  34.390  -65.890  29.068 0.5000000000
145325  34.371  -80.354  15.470 0.2000000030
11073  33.914  -72.634  23.815 0.4000000060
11907  34.045  -70.916  25.208 0.3000000119
14455  32.741  -68.315  28.554 0.5000000000
15319  33.116  -66.755  29.213 0.5000000000
151120  36.490  -65.355  27.961 0.5000000000
5540  35.115  -79.644  14.697 0.2000000030
18147  38.505  -64.511  27.001 0.4000000060
135345  35.839  -78.240  17.121 0.2000000030
9402  33.897  -74.625  22.557 0.4000000060
17205  36.339  -64.645  27.801 0.4000000060
140643  37.877  -64.307  27.129 0.4000000060
6813  35.592  -78.498  16.574 0.2000000030
7443  34.893  -77.616  19.136 0.2000000030
8065  33.815  -76.375  21.143 0.2000000030
6799  35.417  -78.001  17.604 0.2000000030
137996  39.277  -63.209  27.246 0.4000000060
19105  38.274  -63.799  27.076 0.4000000060
19106  37.369  -63.673  27.286 0.4000000060
13603  33.058  -69.757  26.027 0.3000000119
145497  34.804  -65.342  28.728 0.5000000000
18149  36.551  -63.886  27.555 0.4000000060
10234  33.277  -73.880  22.876 0.4000000060
12766  33.130  -70.475  24.910 0.4000000060
134809  32.958  -69.934  25.416 0.3000000119
13594  32.561  -69.108  27.321 0.4000000060
129042  33.142  -72.754  23.578 0.4000000060
140421  32.375  -66.834  28.757 0.5000000000
6782  34.288  -78.008  18.507 0.2000000030
19119  38.692  -63.178  27.059 0.4000000060
146185  35.498  -64.428  28.171 0.5000000000
18131  34.659  -64.659  28.449 0.5000000000
13604  32.474  -69.301  26.472 0.4000000060
15331  32.279  -67.608  28.363 0.5000000000
17191  33.974  -65.305  28.784 0.5000000000
15332  31.780  -66.946  28.135 0.5000000000
14473  32.010  -68.663  26.825 0.5000000000
14424  39.593  -68.990  29.876 0.4000000060
14442  35.556  -68.906  30.097 0.4000000060
19104  39.783  -63.046  27.832 0.4000000060
127937  38.957  -63.912  26.989 0.4000000060
17192  32.991  -65.312  28.796 0.5000000000
11857  37.649  -72.556  29.726 0.3000000119
11843  37.268  -71.446  29.889 0.3000000119
12700  37.869  -70.923  30.319 0.2000000030
13564  37.437  -69.925  30.330 0.2000000030
10131  38.050  -74.812  28.998 0.2000000030
10995  37.151  -72.846  29.069 0.3000000119
11010  36.811  -73.064  28.319 0.3000000119
11875  36.118  -72.162  28.625 0.3000000119
10147  37.242  -74.036  27.006 0.2000000030
11025  36.486  -73.130  27.305 0.2000000030
8674  36.506  -75.750  22.336 0.2000000030
4916  32.854  -80.887  13.000 0.1000000015
4932  32.304  -80.698  12.739 0.1000000015
145557  30.753  -76.760  18.394 0.1000000015
11830  39.063  -72.719  31.446 0.1000000015
11841  38.848  -71.694  30.814 0.2000000030
10986  38.258  -73.424  30.393 0.2000000030
11842  38.183  -72.146  30.322 0.2000000030
10116  38.014  -74.044  30.743 0.1000000015
139842  37.856  -74.785  29.284 0.1000000015
130231  37.869  -74.218  29.823 0.2000000030
9342  37.641  -74.441  29.850 0.1000000015
9347  37.957  -75.099  28.769 0.1000000015
5541  34.235  -80.348  14.346 0.1000000015
6800  33.538  -78.348  17.802 0.1000000015
6783  32.618  -78.220  18.642 0.1000000015
8082  31.718  -76.520  20.395 0.1000000015
6815  32.601  -78.492  17.061 0.1000000015
7455  31.582  -78.007  18.388 0.1000000015
7429  31.361  -76.961  19.694 0.1000000015
9418  31.155  -74.578  21.413 0.1000000015
7446  31.088  -77.280  18.858 0.1000000015
9428  30.573  -74.534  20.207 0.1000000015
11084  30.419  -72.392  22.041 0.1000000015
145690  30.420  -72.650  21.424 0.1000000015
11089  30.381  -72.020  21.503 0.1000000015
9403  32.732  -74.445  22.352 0.1000000015
12757  32.287  -69.962  25.075 0.3000000119
6814  34.794  -78.350  16.828 0.1000000015
7427  33.814  -77.397  20.069 0.1000000015
8691  32.792  -75.812  21.402 0.1000000015
10235  32.196  -73.746  22.641 0.2000000030
11916  32.568  -71.189  24.369 0.3000000119
13613  31.514  -69.385  25.246 0.3000000119
14474  31.437  -68.204  26.281 0.3000000119
5578  33.538  -80.204  12.827 0.1000000015
6177  35.054  -78.728  14.966 0.1000000015
8703  31.981  -76.043  20.913 0.1000000015
9404  31.676  -74.207  22.043 0.1000000015
11926  31.918  -71.817  23.819 0.2000000030
12767  31.420  -70.128  24.660 0.3000000119
6828  33.237  -78.840  15.177 0.1000000015
10236  31.207  -73.535  22.300 0.1000000015
11918  30.629  -70.947  23.602 0.2000000030
14491  30.551  -68.825  24.322 0.3000000119
131883  30.386  -70.805  22.808 0.1000000015
138184  30.423  -70.177  23.355 0.2000000030
133867  30.425  -68.157  24.044 0.4000000060
138660  30.420  -72.454  21.027 0.1000000015
137117  30.373  -70.032  22.525 0.1000000015
14502  30.525  -68.550  22.688 0.3000000119
13471  42.672  -69.577  36.550 0.1000000015
12624  41.359  -69.914  35.165 0.1000000015
18132  33.559  -64.624  28.512 0.4000000060
16254  31.815  -66.135  28.470 0.4000000060
13605  31.834  -68.941  26.003 0.3000000119
15341  31.419  -67.128  27.368 0.4000000060
16265  31.368  -66.327  27.711 0.4000000060
16271  30.776  -66.850  25.943 0.4000000060
17212  30.926  -65.868  26.543 0.4000000060
15359  30.629  -67.238  25.093 0.4000000060
16278  30.589  -66.672  24.538 0.5000000000
14495  30.398  -68.694  23.530 0.3000000119
16284  30.628  -66.820  23.651 0.5000000000
126082  30.559  -71.843  20.913 0.2000000030
11945  30.470  -71.236  21.465 0.1000000015
138021  30.504  -67.755  23.310 0.4000000060
11112  31.064  -73.026  19.749 0.1000000015
11957  31.115  -71.734  20.308 0.1000000015
12798  30.676  -70.374  21.289 0.2000000030
13641  30.521  -69.292  22.182 0.2000000030
9445  31.513  -74.552  17.901 0.1000000015
10264  31.094  -73.594  19.291 0.1000000015
13651  31.309  -70.187  20.666 0.2000000030
9460  32.201  -74.747  16.738 0.1000000015
147743  32.048  -73.726  18.273 0.1000000015
18150  34.927  -63.916  28.117 0.4000000060
136475  35.762  -63.885  27.888 0.3000000119
19092  34.027  -63.940  28.244 0.4000000060
17206  31.425  -65.362  27.922 0.4000000060
18133  32.602  -64.606  28.441 0.4000000060
136676  31.100  -65.827  27.234 0.4000000060
150905  32.318  -63.987  28.148 0.4000000060
16273  30.671  -66.596  25.269 0.4000000060
17224  31.185  -65.459  24.709 0.4000000060
17215  31.079  -65.349  26.020 0.4000000060
16277  30.922  -65.985  24.067 0.5000000000
16283  31.153  -66.271  23.170 0.4000000060
14515  30.848  -68.555  21.881 0.3000000119
15383  30.818  -67.813  22.418 0.4000000060
16309  30.849  -67.048  22.815 0.4000000060
128815  32.901  -71.587  19.197 0.2000000030
11969  31.992  -71.622  19.730 0.2000000030
14514  31.450  -68.593  21.242 0.2000000030
11110  32.867  -72.995  18.214 0.1000000015
10263  31.925  -73.076  19.142 0.2000000030
19108  35.115  -63.247  27.826 0.4000000060
19107  35.930  -63.252  27.587 0.4000000060
20081  33.073  -62.417  27.445 0.4000000060
19122  31.833  -63.454  26.973 0.4000000060
19111  32.259  -62.955  27.260 0.4000000060
19130  31.771  -63.713  26.219 0.4000000060
18173  31.615  -64.821  24.517 0.4000000060
18163  31.792  -64.111  25.185 0.4000000060
18182  31.898  -64.933  23.824 0.3000000119
16308  31.625  -66.624  22.357 0.4000000060
17234  31.574  -65.574  23.521 0.4000000060
14538  32.215  -68.550  20.849 0.3000000119
15406  31.404  -67.832  21.736 0.3000000119
15382  31.261  -67.302  22.246 0.4000000060
11109  33.350  -72.321  18.565 0.2000000030
12818  33.417  -70.924  19.364 0.2000000030
126153  32.192  -69.980  20.279 0.2000000030
14539  31.734  -69.283  20.720 0.2000000030
10278  29.599  -73.621  18.036 0.1000000015
9462  29.632  -74.461  17.367 0.1000000015
10297  30.671  -73.271  17.212 0.1000000015
20078  36.163  -62.623  27.321 0.4000000060
20077  37.030  -62.804  27.273 0.3000000119
21005  34.714  -62.004  27.179 0.4000000060
21030  33.498  -61.341  26.351 0.4000000060
20098  33.087  -61.769  26.820 0.4000000060
20108  32.529  -62.396  25.881 0.4000000060
20099  32.578  -62.273  26.727 0.4000000060
19137  32.385  -63.474  24.628 0.4000000060
19129  32.184  -63.199  25.551 0.4000000060
18181  32.533  -64.538  23.548 0.4000000060
18172  32.091  -64.221  24.177 0.3000000119
15403  34.161  -67.270  21.173 0.3000000119
16328  33.741  -66.517  21.608 0.3000000119
139148  32.992  -66.497  21.745 0.3000000119
17259  32.827  -65.506  22.611 0.3000000119
18210  33.073  -64.903  23.035 0.3000000119
12817  34.243  -71.187  18.987 0.2000000030
13665  34.025  -70.301  19.504 0.2000000030
14537  33.598  -68.610  20.448 0.3000000119
15429  33.428  -67.879  20.857 0.2000000030
15405  32.172  -67.491  21.493 0.3000000119
16329  32.329  -66.823  21.772 0.3000000119
11968  33.767  -71.733  18.842 0.2000000030
13650  32.798  -69.188  20.412 0.2000000030
11131  33.752  -72.763  17.823 0.2000000030
20094  39.139  -62.561  26.999 0.3000000119
21024  39.696  -61.981  26.952 0.3000000119
20095  38.382  -62.402  26.998 0.3000000119
20096  37.501  -62.192  27.073 0.4000000060
19120  37.904  -63.022  27.171 0.3000000119
21973  35.636  -60.526  26.235 0.3000000119
21972  36.634  -60.482  26.367 0.4000000060
21994  34.488  -60.373  25.428 0.4000000060
21993  35.182  -60.084  25.669 0.4000000060
134081  34.069  -61.114  26.450 0.4000000060
21995  33.947  -60.801  25.167 0.4000000060
21042  33.437  -61.284  25.628 0.4000000060
21067  33.802  -61.727  24.042 0.3000000119
20114  33.229  -62.176  24.504 0.4000000060
20107  33.014  -61.895  25.339 0.4000000060
17257  35.508  -65.254  22.254 0.3000000119
17258  34.716  -65.204  22.345 0.2000000030
18208  34.329  -64.528  22.665 0.2000000030
19148  34.163  -63.124  23.206 0.2000000030
19149  33.439  -63.428  23.532 0.3000000119
19136  33.015  -63.015  24.207 0.3000000119
16327  34.651  -66.486  21.539 0.3000000119
17270  34.221  -65.817  21.914 0.3000000119
128245  33.752  -65.206  22.483 0.2000000030
18209  33.658  -64.555  22.869 0.2000000030
18180  33.220  -64.188  23.287 0.2000000030
12816  34.949  -70.623  19.031 0.2000000030
14554  35.226  -68.901  19.843 0.3000000119
14536  34.413  -68.788  20.147 0.3000000119
15428  34.237  -68.035  20.605 0.3000000119
21004  40.373  -61.885  27.500 0.3000000119
20075  40.246  -62.348  28.028 0.3000000119
20076  39.718  -62.521  27.401 0.3000000119
22011  35.025  -59.985  24.349 0.3000000119
127596  36.284  -62.291  22.558 0.2000000030
21085  35.765  -61.575  22.776 0.2000000030
21065  35.247  -60.975  23.316 0.2000000030
22030  34.752  -60.549  23.975 0.2000000030
19168  36.166  -63.964  22.478 0.2000000030
19169  35.386  -63.607  22.596 0.2000000030
20148  34.981  -62.826  22.823 0.2000000030
21086  35.061  -61.879  23.100 0.2000000030
20985  41.040  -61.116  28.933 0.2000000030
9476  32.472  -74.304  16.308 0.1000000015
10277  32.841  -73.529  17.466 0.1000000015
130588  35.477  -69.697  19.327 0.3000000119
150611  34.393  -71.911  18.579 0.2000000030
14425  38.061  -69.300  30.273 0.3000000119
12701  36.922  -70.477  30.139 0.3000000119
11038  36.632  -73.326  26.277 0.2000000030
13488  42.762  -69.439  35.712 0.1000000015
11840  39.630  -71.973  31.314 0.2000000030
13563  38.453  -70.348  30.480 0.2000000030
8678  33.348  -75.178  21.997 0.1000000015
11067  33.104  -72.059  24.027 0.3000000119
21003  41.002  -61.517  28.253 0.3000000119
8081  32.931  -76.699  20.753 0.1000000015
141020  36.618  -63.265  27.428 0.3000000119
10218  32.711  -73.224  23.163 0.3000000119
13612  32.377  -69.520  25.689 0.2000000030
11074  32.301  -72.576  23.497 0.2000000030
7444  33.214  -77.848  19.411 0.1000000015
10994  37.862  -73.525  29.664 0.2000000030
11858  36.597  -71.882  29.346 0.3000000119
10132  37.629  -74.156  28.116 0.1000000015
8083  30.886  -76.115  19.873 0.1000000015
127094  38.665  -72.755  30.839 0.2000000030
6827  34.944  -78.506  15.896 0.1000000015
6801  32.169  -78.413  17.926 0.1000000015
7428  32.402  -77.345  20.085 0.1000000015
9417  32.155  -74.958  21.786 0.1000000015
8704  31.190  -75.699  20.527 0.1000000015
10252  30.914  -73.923  21.694 0.1000000015
11076  30.621  -72.053  22.807 0.1000000015
127824  32.158  -70.531  24.638 0.3000000119
11075  31.313  -72.385  23.254 0.2000000030
11917  31.361  -70.994  24.193 0.3000000119
14483  31.153  -68.562  25.529 0.4000000060
16270  31.019  -66.540  26.823 0.4000000060
11927  30.948  -71.664  23.551 0.3000000119
12768  30.751  -70.284  24.143 0.3000000119
13628  30.468  -69.508  23.865 0.3000000119
19093  33.075  -63.912  28.263 0.4000000060
18155  31.524  -64.152  26.972 0.4000000060
11111  31.490  -72.404  19.736 0.2000000030
12808  31.568  -70.957  20.270 0.2000000030
20080  34.266  -62.611  27.597 0.4000000060
18152  31.529  -64.561  27.600 0.4000000060
12807  32.425  -70.767  19.808 0.2000000030
21028  35.557  -61.835  27.030 0.4000000060
15430  32.626  -67.926  21.079 0.3000000119
13649  33.758  -69.408  19.970 0.2000000030
127114  36.129  -61.208  26.706 0.4000000060
21027  37.059  -61.370  26.822 0.4000000060
146869  35.336  -61.112  26.594 0.4000000060
13664  34.637  -69.613  19.647 0.2000000030
21026  37.976  -61.577  26.821 0.4000000060
21050  34.143  -61.004  24.401 0.4000000060
20130  34.328  -62.231  23.405 0.2000000030
132845  36.192  -64.910  22.345 0.2000000030
18207  35.280  -64.479  22.514 0.2000000030
19170  34.667  -63.740  22.761 0.2000000030
21971  37.517  -60.861  26.585 0.3000000119
21025  38.889  -61.804  26.787 0.2000000030
21969  39.180  -60.351  26.300 0.3000000119
146675  40.348  -61.433  26.944 0.2000000030
10161  37.143  -73.974  26.080 0.1000000015
9374  37.247  -74.695  25.782 0.1000000015
9380  37.296  -74.413  25.107 0.1000000015
11829  39.715  -72.377  31.842 0.1000000015
11052  36.790  -73.480  25.540 0.1000000015
8665  36.812  -75.398  23.096 0.1000000015
10195  37.138  -73.982  24.550 0.1000000015
128531  37.105  -74.815  23.634 0.1000000015
21935  41.114  -60.326  28.930 0.1000000015
22937  42.206  -59.803  28.260 0.1000000015
21934  41.809  -60.668  28.751 0.1000000015
139225  41.756  -61.126  28.587 0.1000000015
20984  42.400  -60.965  28.506 0.1000000015
21023  41.215  -61.484  27.519 0.1000000015
21002  42.014  -61.352  28.242 0.1000000015
21022  42.060  -61.400  27.413 0.1000000015
136419  39.454  -61.198  26.666 0.1000000015
142246  41.045  -60.999  26.815 0.1000000015
21966  42.448  -61.212  26.705 0.2000000030
22961  36.726  -59.693  25.907 0.2000000030
21990  40.810  -60.183  26.174 0.2000000030
21991  39.764  -59.885  26.040 0.2000000030
22960  37.489  -60.102  26.236 0.2000000030
21989  41.894  -60.296  26.032 0.2000000030
22958  39.005  -59.659  25.944 0.2000000030
21992  35.967  -59.854  25.815 0.2000000030
130422  35.554  -59.607  25.232 0.2000000030
22979  34.970  -59.858  24.969 0.2000000030
23018  36.083  -59.239  23.663 0.1000000015
21988  42.977  -61.026  26.173 0.2000000030
22976  38.425  -59.072  25.572 0.2000000030
23940  37.789  -58.379  24.870 0.2000000030
23941  36.904  -58.640  24.842 0.1000000015
23965  37.897  -58.025  23.938 0.1000000015
23001  36.393  -58.844  24.282 0.1000000015
22916  40.821  -59.648  28.568 0.1000000015
22915  41.711  -60.023  28.669 0.1000000015
22938  41.452  -59.416  28.164 0.1000000015
22936  42.856  -60.295  28.265 0.1000000015
21951  43.173  -60.906  28.265 0.1000000015
21968  40.103  -60.671  26.490 0.2000000030
22974  40.188  -59.357  25.592 0.2000000030
14535  35.885  -68.338  20.165 0.2000000030
141983  34.842  -67.619  20.814 0.2000000030
15427  35.702  -67.610  20.769 0.2000000030
14553  36.029  -68.971  19.550 0.2000000030
15426  36.685  -67.949  20.554 0.2000000030
16326  35.554  -66.476  21.556 0.2000000030
15401  36.565  -67.316  21.123 0.2000000030
146772  35.857  -67.045  21.278 0.2000000030
14534  36.760  -68.576  19.924 0.2000000030
17269  35.136  -65.794  21.858 0.2000000030
16324  37.352  -67.037  21.481 0.1000000015
15400  37.458  -67.705  21.022 0.2000000030
16305  36.981  -66.328  21.782 0.2000000030
17268  36.195  -65.812  21.975 0.2000000030
15399  38.410  -67.365  21.641 0.1000000015
16304  37.780  -66.491  21.891 0.1000000015
15398  40.232  -68.695  21.811 0.1000000015
14511  40.916  -69.695  21.469 0.1000000015
21965  43.447  -61.602  27.059 0.1000000015
127947  36.988  -64.891  22.315 0.1000000015
17255  39.057  -65.930  22.317 0.1000000015
17256  37.187  -65.699  22.118 0.1000000015
15381  39.478  -67.657  21.905 0.1000000015
16303  38.735  -66.699  22.049 0.1000000015
15380  40.582  -68.145  22.179 0.1000000015
14509  42.497  -69.757  21.638 0.1000000015
147915  44.033  -61.680  26.502 0.1000000015
22955  45.953  -61.480  26.968 0.1000000015
21019  45.224  -62.014  27.172 0.1000000015
20147  35.864  -63.015  22.558 0.1000000015
126630  36.998  -64.109  22.395 0.1000000015
147005  38.122  -65.827  22.215 0.1000000015
133682  38.456  -64.972  22.391 0.1000000015
16302  39.749  -66.963  22.212 0.1000000015
14501  42.467  -69.312  22.181 0.1000000015
15379  41.725  -68.569  22.392 0.1000000015
21040  45.432  -62.074  26.702 0.1000000015
149233  41.777  -59.589  25.412 0.1000000015
19166  38.572  -63.351  22.431 0.1000000015
20145  37.782  -62.829  22.475 0.1000000015
19164  40.452  -63.593  22.368 0.1000000015
18205  39.033  -64.210  22.427 0.1000000015
143966  38.283  -64.134  22.443 0.1000000015
19167  37.699  -63.678  22.461 0.1000000015
18203  40.888  -64.472  22.451 0.1000000015
18204  39.951  -64.320  22.445 0.1000000015
136639  41.445  -65.509  22.481 0.1000000015
131269  40.438  -65.265  22.461 0.1000000015
17254  40.048  -66.124  22.410 0.1000000015
131427  39.465  -65.107  22.428 0.1000000015
17251  43.773  -66.581  22.725 0.1000000015
17252  42.155  -66.740  22.580 0.1000000015
17253  41.078  -66.390  22.491 0.1000000015
150224  43.129  -67.094  22.728 0.1000000015
21041  44.716  -61.770  26.220 0.1000000015
22971  43.661  -60.826  25.622 0.1000000015
127051  37.133  -62.225  22.478 0.1000000015
18201  42.949  -65.114  22.450 0.1000000015
18202  41.870  -64.722  22.421 0.1000000015
137362  42.523  -65.902  22.556 0.1000000015
143170  37.321  -61.520  22.447 0.1000000015
14513  38.486  -68.153  21.191 0.1000000015
16301  40.800  -67.325  22.424 0.1000000015
15378  42.790  -68.766  22.501 0.1000000015
148217  38.459  -62.522  22.394 0.1000000015
15463  30.873  -67.830  17.920 0.1000000015
15485  31.444  -67.335  17.577 0.1000000015
15502  30.840  -67.698  17.230 0.1000000015
14603  29.795  -68.785  17.265 0.1000000015
12874  28.821  -70.108  16.193 0.1000000015
12894  28.561  -70.773  15.673 0.1000000015
12032  28.208  -71.436  15.211 0.1000000015
14571  30.650  -68.881  18.472 0.1000000015
15462  31.558  -67.660  18.154 0.1000000015
14602  30.357  -68.295  16.802 0.1000000015
13718  29.187  -69.448  16.910 0.1000000015
15483  32.903  -67.278  17.878 0.1000000015
14568  33.126  -68.039  18.155 0.1000000015
13697  32.880  -69.904  17.944 0.1000000015
13681  31.015  -69.487  18.615 0.1000000015
14572  30.062  -68.967  18.324 0.1000000015
15501  31.471  -67.242  16.817 0.1000000015
13696  33.701  -69.766  17.635 0.1000000015
12851  32.650  -70.803  17.457 0.1000000015
16400  33.353  -66.703  17.461 0.1000000015
15482  33.966  -67.484  17.870 0.1000000015
15480  36.023  -67.732  17.113 0.1000000015
16399  34.287  -66.604  17.256 0.1000000015
15499  35.788  -66.890  16.873 0.1000000015
14569  32.530  -68.377  18.317 0.1000000015
12045  28.525  -71.687  14.341 0.1000000015
4116  32.381  -81.955  28.266 0.1000000015
4132  32.148  -82.258  27.678 0.1000000015
4144  31.361  -82.751  26.832 0.1000000015
4632  28.877  -81.290  37.161 0.1000000015
4731  32.505  -81.711  27.930 0.1000000015
5241  30.617  -80.354  36.235 0.1000000015
5310  33.322  -79.874  31.720 0.1000000015
5344  33.455  -80.017  30.126 0.1000000015
5345  33.183  -80.562  29.754 0.1000000015
5377  32.419  -81.504  27.784 0.1000000015
5496  35.581  -79.341  17.631 0.1000000015
5539  35.153  -79.203  14.205 0.2000000030
5557  34.789  -79.709  13.837 0.2000000030
5558  33.902  -80.281  13.433 0.2000000030
5592  31.490  -80.907  12.552 0.1000000015
5920  33.757  -79.211  34.276 0.1000000015
5933  34.342  -78.823  33.146 0.1000000015
5967  33.526  -79.451  31.340 0.1000000015
6126  36.244  -78.183  18.413 0.2000000030
6142  35.154  -79.545  18.629 0.1000000015
6208  34.730  -79.223  13.613 0.2000000030
6220  32.435  -79.174  12.637 0.2000000030
6230  33.082  -79.798  12.486 0.1000000015
6591  35.085  -77.921  34.736 0.1000000015
6612  34.489  -78.375  33.209 0.1000000015
6629  31.288  -78.079  31.122 0.1000000015
6639  33.320  -79.609  30.430 0.1000000015
6642  29.186  -78.181  29.988 0.1000000015
6650  29.741  -78.930  29.588 0.1000000015
6660  28.316  -78.949  28.558 0.1000000015
6743  36.163  -77.513  20.484 0.1000000015
6780  36.135  -77.888  18.335 0.2000000030
6860  33.307  -78.525  13.223 0.2000000030
7233  29.571  -77.584  36.021 0.1000000015
7294  30.836  -77.344  31.389 0.1000000015
7445  31.928  -77.774  19.315 0.1000000015
7474  31.616  -77.819  16.192 0.1000000015
7507  32.379  -77.918  13.341 0.1000000015
7903  36.279  -76.870  35.862 0.1000000015
7904  35.453  -77.495  35.192 0.1000000015
7908  31.379  -76.565  35.607 0.1000000015
7951  30.319  -75.990  32.059 0.1000000015
8035  36.605  -76.143  22.674 0.1000000015
8062  36.268  -76.360  21.305 0.2000000030
8064  35.007  -76.366  21.031 0.2000000030
8097  30.708  -76.488  19.111 0.1000000015
8517  36.274  -76.183  37.337 0.1000000015
8547  36.226  -76.396  35.748 0.1000000015
8576  32.665  -75.532  33.847 0.1000000015
8611  29.158  -75.700  31.714 0.1000000015
8613  27.708  -75.277  31.271 0.1000000015
8621  26.551  -75.133  30.416 0.1000000015
8625  25.716  -74.503  29.157 0.1000000015
8675  36.313  -75.535  22.081 0.3000000119
8676  35.725  -75.377  22.004 0.2000000030
8692  31.595  -75.356  21.171 0.1000000015
8693  30.807  -74.908  20.713 0.1000000015
8705  30.624  -75.294  19.986 0.1000000015
8754  31.265  -74.960  15.186 0.1000000015
9303  32.222  -74.904  34.095 0.1000000015
9305  30.448  -74.094  33.766 0.1000000015
9320  29.412  -74.658  32.576 0.1000000015
9352  25.613  -74.213  28.465 0.1000000015
9371  30.619  -73.985  26.140 0.1000000015
9381  37.248  -74.601  24.328 0.1000000015
9383  29.372  -73.980  24.291 0.1000000015
9384  28.666  -73.942  23.784 0.1000000015
9461  30.525  -74.008  16.664 0.1000000015
10077  29.821  -72.949  34.222 0.1000000015
10109  38.188  -73.759  31.454 0.1000000015
10139  25.752  -73.585  28.058 0.1000000015
10151  30.430  -73.264  27.086 0.1000000015
10167  25.802  -73.613  26.562 0.1000000015
10176  37.255  -74.418  25.906 0.1000000015
10177  37.165  -73.926  25.280 0.1000000015
10179  29.410  -73.326  25.426 0.1000000015
10183  25.892  -73.647  25.867 0.1000000015
10197  34.686  -72.653  24.107 0.4000000060
10215  36.981  -74.211  23.833 0.2000000030
10217  33.679  -73.290  23.388 0.4000000060
10219  31.708  -73.080  22.941 0.2000000030
10237  30.565  -73.228  21.706 0.1000000015
10253  30.565  -74.032  21.010 0.1000000015
10294  33.226  -73.123  16.836 0.2000000030
10296  32.537  -74.132  17.172 0.1000000015
10969  38.340  -73.045  32.269 0.1000000015
11000  27.087  -72.021  28.969 0.1000000015
11001  26.462  -72.647  29.282 0.1000000015
11009  37.752  -73.903  29.056 0.2000000030
11041  28.649  -72.602  26.561 0.1000000015
11053  36.191  -72.756  25.424 0.4000000060
11055  27.748  -72.816  25.677 0.1000000015
11083  30.836  -72.818  22.550 0.1000000015
11130  34.412  -72.562  17.626 0.2000000030
11148  35.048  -72.324  16.991 0.3000000119
11816  28.428  -71.307  33.261 0.1000000015
11820  40.232  -71.724  31.959 0.2000000030
11822  38.629  -72.413  32.666 0.1000000015
11827  28.019  -71.238  32.503 0.1000000015
11847  32.062  -70.935  29.929 0.1000000015
11848  28.246  -70.621  30.619 0.1000000015
11878  30.710  -71.748  28.660 0.1000000015
11887  35.172  -71.814  27.308 0.4000000060
11928  30.514  -71.418  23.030 0.1000000015
11935  30.370  -71.514  22.236 0.1000000015
11958  30.864  -71.038  20.799 0.2000000030
11980  34.754  -72.303  18.080 0.3000000119
11981  34.168  -72.399  18.293 0.2000000030
11994  37.138  -71.551  16.478 0.2000000030
12014  35.474  -72.034  16.823 0.2000000030
12015  34.723  -72.050  16.777 0.3000000119
12016  33.945  -72.000  16.606 0.2000000030
12574  35.562  -70.767  40.383 0.1000000015
12597  32.907  -70.244  38.330 0.1000000015
12604  32.316  -70.142  37.816 0.1000000015
12670  35.597  -70.727  32.636 0.1000000015
12672  33.489  -69.868  31.980 0.1000000015
12673  28.355  -70.382  32.177 0.1000000015
12686  32.563  -70.202  31.170 0.1000000015
12708  28.991  -70.392  29.829 0.1000000015
12787  30.374  -70.643  22.012 0.1000000015
12806  33.088  -70.053  19.821 0.2000000030
12815  40.938  -70.981  19.103 0.1000000015
12825  40.398  -70.816  18.030 0.1000000015
12849  34.253  -70.721  16.937 0.2000000030
12850  33.827  -71.311  16.772 0.1000000015
12866  40.561  -70.753  16.468 0.1000000015
12870  37.462  -71.457  16.131 0.2000000030
12875  28.516  -70.121  17.125 0.1000000015
12890  39.651  -71.014  15.530 0.1000000015
13431  35.085  -68.747  39.661 0.1000000015
13476  37.921  -69.218  36.195 0.1000000015
13477  31.006  -69.679  36.257 0.1000000015
13509  35.925  -69.345  34.330 0.1000000015
13512  29.702  -69.708  34.403 0.1000000015
13539  33.571  -69.461  32.510 0.1000000015
13556  29.724  -69.327  31.720 0.1000000015
13557  28.943  -69.715  31.945 0.1000000015
13567  31.170  -69.714  30.895 0.1000000015
13572  41.355  -68.710  29.477 0.4000000060
13575  34.391  -69.756  29.199 0.4000000060
13584  32.729  -68.892  28.033 0.5000000000
13593  33.045  -69.695  26.929 0.3000000119
13622  30.855  -69.543  24.585 0.3000000119
13633  30.353  -69.360  23.004 0.2000000030
13640  30.892  -69.418  21.316 0.2000000030
13662  37.128  -69.695  18.925 0.3000000119
13676  38.851  -70.235  18.622 0.3000000119
13677  37.818  -70.201  18.392 0.3000000119
13680  32.300  -69.072  18.364 0.1000000015
13683  29.442  -69.428  18.261 0.1000000015
13698  29.379  -69.190  17.680 0.1000000015
13713  37.539  -70.790  15.933 0.2000000030
13733  41.038  -69.936  15.331 0.1000000015
14278  42.711  -68.345  40.015 0.1000000015
14301  41.178  -68.551  39.494 0.1000000015
14303  39.138  -68.030  39.010 0.1000000015
14305  35.620  -68.098  39.652 0.1000000015
14317  43.805  -68.353  37.801 0.2000000030
14323  33.681  -68.603  38.619 0.1000000015
14341  33.191  -68.200  37.842 0.1000000015
14342  32.421  -68.690  37.641 0.1000000015
14356  34.907  -67.590  36.971 0.1000000015
14392  32.328  -68.525  33.403 0.1000000015
14393  31.617  -68.475  33.556 0.1000000015
14394  30.980  -68.516  33.896 0.1000000015
14421  43.106  -68.104  30.563 0.4000000060
14443  34.958  -68.331  29.869 0.4000000060
14463  32.234  -68.327  27.717 0.5000000000
14464  31.643  -67.905  27.093 0.4000000060
14484  30.644  -68.116  24.841 0.4000000060
14490  30.874  -68.902  24.944 0.3000000119
14512  39.663  -68.991  21.404 0.1000000015
14530  41.988  -70.202  20.358 0.1000000015
14531  40.352  -69.894  20.937 0.2000000030
14570  31.847  -68.275  18.401 0.1000000015
14585  33.912  -68.707  17.954 0.2000000030
14586  30.439  -68.448  18.143 0.1000000015
14587  29.860  -68.796  17.948 0.1000000015
14600  36.107  -69.680  16.627 0.2000000030
15178  43.757  -67.344  40.199 0.1000000015
15180  41.866  -67.993  40.828 0.1000000015
15185  36.804  -67.635  40.131 0.1000000015
15206  40.489  -67.928  40.212 0.1000000015
15211  35.154  -67.856  39.061 0.1000000015
15221  44.235  -67.657  37.988 0.1000000015
15222  44.116  -67.496  38.578 0.1000000015
15223  37.952  -67.492  39.131 0.1000000015
15232  44.557  -66.998  37.426 0.1000000015
15234  36.256  -67.602  37.698 0.1000000015
15244  32.984  -67.808  36.599 0.1000000015
15254  33.651  -67.796  35.635 0.1000000015
15255  32.941  -67.784  35.939 0.1000000015
15267  44.622  -66.828  34.296 0.2000000030
15340  31.845  -67.595  27.751 0.5000000000
15351  31.158  -67.387  26.538 0.3000000119
15358  30.910  -67.713  25.696 0.4000000060
15362  30.478  -67.444  24.236 0.4000000060
15402  35.123  -67.097  21.222 0.2000000030
15404  33.073  -67.207  21.404 0.3000000119
15461  32.314  -67.723  18.209 0.1000000015
15481  35.110  -67.371  17.362 0.1000000015
15484  32.120  -67.174  17.875 0.1000000015
16146  44.546  -66.541  36.832 0.1000000015
16161  44.577  -66.536  35.960 0.1000000015
16166  38.908  -66.480  35.668 0.5000000000
16194  38.676  -66.894  33.301 0.5000000000
16237  34.887  -66.415  29.277 0.5000000000
16238  33.979  -66.596  29.361 0.5000000000
16252  33.444  -65.994  29.113 0.5000000000
16253  32.569  -66.067  28.897 0.5000000000
16299  43.058  -68.039  22.774 0.1000000015
16300  41.924  -67.696  22.562 0.1000000015
16306  33.337  -65.910  22.013 0.3000000119
16307  32.505  -66.166  22.163 0.3000000119
16325  36.405  -66.659  21.528 0.2000000030
16330  31.735  -67.189  21.882 0.3000000119
16398  35.038  -66.530  16.945 0.1000000015
16401  32.611  -66.828  17.512 0.1000000015
16402  32.049  -66.865  17.233 0.1000000015
16425  33.636  -66.321  16.654 0.1000000015
16426  32.732  -66.502  16.942 0.1000000015
17104  36.496  -65.577  35.013 0.5000000000
17105  35.715  -65.185  34.767 0.3000000119
17193  32.116  -65.325  28.537 0.4000000060
17211  31.107  -65.047  26.976 0.4000000060
17216  30.802  -66.101  25.783 0.4000000060
17225  30.786  -66.055  24.947 0.4000000060
17233  32.310  -65.221  23.240 0.4000000060
17260  31.950  -65.838  22.795 0.4000000060
17997  40.668  -64.543  39.859 0.2000000030
17999  38.792  -64.251  39.308 0.2000000030
18012  39.579  -64.939  38.867 0.2000000030
18020  36.483  -64.267  37.526 0.2000000030
18057  35.424  -64.897  33.029 0.4000000060
18081  36.746  -64.607  31.399 0.5000000000
18134  31.853  -64.544  28.166 0.4000000060
18151  31.901  -63.796  27.647 0.4000000060
18164  31.415  -64.550  26.106 0.4000000060
18206  37.680  -64.488  22.395 0.1000000015
18896  39.235  -62.951  45.623 0.1000000015
18961  38.336  -63.666  39.717 0.1000000015
18962  37.539  -63.560  39.413 0.1000000015
18963  36.748  -63.455  39.107 0.2000000030
19014  32.718  -63.169  34.868 0.2000000030
19109  34.384  -63.366  27.999 0.4000000060
19110  32.599  -63.291  27.903 0.4000000060
19121  32.143  -62.962  26.453 0.4000000060
19150  32.726  -63.772  23.831 0.3000000119
19171  33.906  -63.919  23.014 0.2000000030
19878  38.998  -62.334  45.356 0.1000000015
19891  40.079  -62.362  45.272 0.1000000015
19892  38.634  -62.651  45.230 0.1000000015
19894  37.021  -61.940  44.633 0.1000000015
19904  37.553  -62.419  44.301 0.1000000015
19913  37.325  -62.797  43.253 0.1000000015
19918  39.799  -62.431  42.025 0.1000000015
19960  33.360  -62.679  37.477 0.2000000030
19974  32.366  -62.752  36.409 0.2000000030
19994  32.059  -62.766  35.137 0.2000000030
20079  35.292  -62.587  27.436 0.4000000060
20097  36.573  -61.994  27.086 0.4000000060
20115  32.675  -62.654  25.007 0.4000000060
20131  33.619  -62.586  23.771 0.2000000030
20146  36.855  -63.159  22.504 0.2000000030
20780  39.380  -62.042  45.185 0.1000000015
20792  36.923  -61.546  45.010 0.1000000015
20793  36.201  -61.045  45.107 0.1000000015
20794  35.384  -60.707  45.105 0.1000000015
20802  39.471  -61.692  43.763 0.1000000015
20803  38.823  -61.232  43.623 0.1000000015
20812  38.648  -61.238  42.643 0.1000000015
20821  39.155  -61.813  42.254 0.1000000015
20856  36.302  -61.905  40.127 0.1000000015
20859  34.269  -61.007  39.465 0.1000000015
20864  34.556  -61.728  39.175 0.1000000015
20892  30.498  -61.486  35.889 0.2000000030
20901  31.034  -61.863  34.100 0.2000000030
21006  33.843  -61.708  27.015 0.4000000060
21020  44.491  -61.770  27.226 0.1000000015
21029  34.690  -61.390  26.747 0.4000000060
21031  32.955  -61.742  26.169 0.4000000060
21039  45.650  -61.896  27.054 0.1000000015
21051  33.533  -61.418  24.828 0.4000000060
21066  34.517  -61.365  23.681 0.2000000030
21083  37.915  -61.995  22.390 0.1000000015
21084  36.576  -61.495  22.544 0.2000000030
21717  37.871  -60.904  45.086 0.1000000015
21718  37.185  -60.780  45.112 0.1000000015
21719  36.569  -60.706  45.166 0.1000000015
21729  36.725  -60.216  45.027 0.1000000015
21776  36.613  -60.676  41.021 0.1000000015
21797  32.564  -60.586  38.741 0.2000000030
21798  31.763  -60.439  38.448 0.2000000030
21799  30.972  -60.177  38.214 0.1000000015
21842  29.772  -60.777  34.873 0.2000000030
21843  29.409  -60.115  34.432 0.1000000015
21967  41.644  -60.793  26.577 0.2000000030
21970  38.414  -60.819  26.528 0.3000000119
21974  34.700  -60.677  26.181 0.4000000060
21975  33.916  -60.793  25.895 0.4000000060
21987  45.443  -61.819  26.028 0.1000000015
22012  34.520  -60.387  24.709 0.4000000060
22029  35.455  -59.973  23.619 0.1000000015
22656  37.040  -60.047  44.381 0.1000000015
22657  36.057  -59.730  44.947 0.1000000015
22673  36.537  -59.676  44.144 0.1000000015
22677  31.582  -58.910  44.183 0.1000000015
22691  36.420  -59.707  43.033 0.1000000015
22705  36.272  -59.783  42.016 0.1000000015
22706  35.664  -59.455  41.680 0.1000000015
22719  34.191  -58.713  40.560 0.1000000015
22762  30.254  -59.787  37.820 0.1000000015
22779  29.164  -59.367  36.256 0.1000000015
22796  29.043  -59.414  34.805 0.1000000015
22815  29.248  -59.505  34.118 0.1000000015
22838  30.225  -59.193  32.379 0.1000000015
22839  29.760  -58.701  32.833 0.1000000015
22874  33.490  -59.582  29.961 0.1000000015
22875  32.590  -59.348  30.293 0.1000000015
22892  39.917  -60.198  29.120 0.2000000030
22896  35.413  -59.496  29.434 0.1000000015
22914  42.394  -60.464  28.528 0.1000000015
22959  38.317  -59.832  26.097 0.2000000030
22972  42.541  -60.097  25.487 0.1000000015
22973  41.081  -59.509  25.567 0.1000000015
22977  37.378  -59.171  25.600 0.2000000030
22978  36.292  -59.200  25.196 0.2000000030
23002  35.615  -59.438  24.459 0.2000000030
23634  33.112  -58.711  44.883 0.1000000015
23648  32.555  -58.264  44.366 0.1000000015
23649  31.268  -58.175  44.300 0.1000000015
23812  29.802  -58.051  32.714 0.1000000015
23820  31.143  -58.524  31.052 0.1000000015
23854  36.513  -58.891  28.869 0.2000000030
23966  37.144  -58.433  24.126 0.1000000015
24706  32.938  -57.892  43.285 0.1000000015
24709  30.408  -57.159  44.062 0.1000000015
24746  33.585  -57.386  40.982 0.1000000015
24756  33.399  -57.511  40.502 0.1000000015
24757  33.134  -56.962  40.438 0.1000000015
24769  30.638  -57.778  38.923 0.1000000015
24886  29.741  -57.410  33.037 0.1000000015
24899  30.801  -57.162  31.126 0.1000000015
24900  30.389  -57.029  31.829 0.1000000015
24968  39.625  -57.901  27.233 0.1000000015
24969  38.920  -57.766  27.362 0.2000000030
24970  37.308  -57.324  27.605 0.2000000030
26015  30.078  -56.852  32.612 0.1000000015
26076  34.222  -56.890  28.823 0.1000000015
26987  29.119  -55.777  42.656 0.1000000015
26989  27.352  -55.449  42.535 0.1000000015
27011  28.739  -55.044  42.075 0.1000000015
27136  30.428  -55.658  32.769 0.1000000015
27174  31.123  -55.725  30.924 0.1000000015
27205  35.222  -56.147  28.043 0.1000000015
28093  29.077  -54.031  40.948 0.1000000015
28105  30.149  -54.100  39.712 0.1000000015
28224  31.294  -54.294  31.949 0.1000000015
28253  32.662  -54.301  29.702 0.1000000015
125558  30.569  -75.691  19.216 0.1000000015
125573  39.089  -64.708  38.928 0.2000000030
126109  33.021  -71.577  37.801 0.1000000015
126117  27.665  -81.771  38.970 0.1000000015
127093  31.014  -74.486  25.861 0.1000000015
127569  33.543  -63.204  27.993 0.4000000060
128223  31.429  -65.350  24.117 0.3000000119
128329  37.153  -63.013  39.718 0.1000000015
128924  35.266  -59.992  45.266 0.1000000015
129971  34.973  -62.352  38.893 0.2000000030
130085  32.468  -72.353  19.127 0.2000000030
130108  43.882  -67.446  39.592 0.1000000015
130115  38.247  -55.891  26.323 0.1000000015
130651  38.143  -57.607  27.453 0.2000000030
131234  36.268  -69.655  19.062 0.4000000060
131605  34.090  -60.324  39.750 0.1000000015
132767  29.914  -68.856  33.064 0.1000000015
133583  27.867  -72.038  32.528 0.1000000015
133612  30.607  -76.103  18.372 0.1000000015
133616  35.338  -73.705  23.537 0.3000000119
133754  31.344  -64.964  25.298 0.4000000060
133756  26.217  -78.345  26.086 0.1000000015
134234  41.184  -69.836  16.182 0.1000000015
134434  35.172  -68.265  35.621 0.1000000015
134799  37.565  -67.402  39.955 0.1000000015
135442  33.261  -78.667  16.201 0.1000000015
136108  33.971  -63.753  35.066 0.2000000030
136476  30.490  -69.935  21.830 0.2000000030
136695  29.178  -58.003  35.529 0.1000000015
136774  43.368  -65.832  38.529 0.1000000015
136777  30.358  -68.288  17.602 0.1000000015
136845  35.557  -78.779  16.209 0.2000000030
137483  36.256  -71.827  16.786 0.2000000030
137571  39.238  -68.142  21.598 0.1000000015
138472  31.447  -68.951  18.528 0.1000000015
138546  32.930  -68.414  20.710 0.2000000030
139672  37.676  -65.176  22.309 0.1000000015
140233  25.598  -74.001  27.079 0.1000000015
141012  28.805  -77.585  30.269 0.1000000015
141216  31.066  -68.239  18.340 0.1000000015
141411  30.887  -56.042  41.693 0.1000000015
141646  31.009  -65.577  25.352 0.4000000060
143465  35.226  -72.064  17.923 0.3000000119
143934  29.032  -72.301  27.507 0.1000000015
144330  32.165  -79.694  35.121 0.1000000015
144392  35.577  -62.309  22.728 0.2000000030
144483  35.984  -55.367  27.321 0.1000000015
144810  30.791  -80.030  36.455 0.1000000015
145003  32.013  -71.899  17.148 0.1000000015
145588  35.408  -78.711  15.874 0.3000000119
145720  35.362  -66.972  29.474 0.5000000000
145776  40.372  -62.314  44.626 0.1000000015
146005  31.863  -58.465  39.540 0.1000000015
146300  31.454  -54.362  31.309 0.1000000015
146497  32.004  -62.672  35.829 0.2000000030
146779  31.959  -68.065  21.256 0.3000000119
147362  40.167  -62.732  28.438 0.4000000060
147440  32.216  -70.714  37.492 0.1000000015
147556  44.862  -62.022  26.781 0.1000000015
147621  30.037  -57.499  37.620 0.1000000015
147864  34.297  -67.590  37.356 0.1000000015
147995  35.041  -68.205  20.395 0.2000000030
148007  29.793  -74.505  24.039 0.1000000015
148247  36.065  -63.133  39.107 0.1000000015
148328  36.633  -65.338  22.212 0.1000000015
148347  36.097  -77.139  35.700 0.1000000015
148477  32.255  -68.395  37.076 0.1000000015
148595  44.023  -65.963  33.387 0.2000000030
148703  30.075  -79.411  36.768 0.1000000015
148719  36.589  -64.478  22.392 0.1000000015
148934  42.962  -68.997  38.430 0.1000000015
149125  42.554  -68.042  29.685 0.5000000000
149131  37.920  -67.522  21.330 0.2000000030
149307  38.774  -69.098  30.144 0.3000000119
149345  36.256  -60.291  41.197 0.1000000015
149732  36.781  -63.810  38.555 0.2000000030
149842  30.845  -66.350  26.282 0.4000000060
150157  32.930  -78.697  14.395 0.2000000030
151372  43.277  -69.176  35.892 0.1000000015
151473  31.860  -70.460  20.256 0.2000000030
151596  30.532  -74.650  33.366 0.1000000015
