#!ascii label  , from subject sub-v1s9x0051350_ses-1 vox2ras=TkReg
1779
79806  -50.224  0.948  47.067 0.0000000000
116739  -52.897  -6.218  30.564 0.0000000000
85784  -59.912  8.201  48.277 0.0000000000
75956  -52.586  -4.851  39.557 0.0000000000
74939  -54.189  -5.390  49.409 0.0000000000
80690  -54.697  1.648  36.576 0.0000000000
83822  -52.379  5.069  36.586 0.0000000000
89450  -53.035  14.568  36.777 0.0000000000
82092  -50.351  4.011  52.640 0.0000000000
129548  -48.582  -2.121  42.365 0.0000000000
78352  -50.560  -1.697  36.946 0.0000000000
81398  -51.782  2.340  41.705 0.0000000000
88160  -54.251  12.373  46.254 0.0000000000
85191  -56.030  7.698  41.893 0.0000000000
87007  -50.367  10.331  41.437 0.0000000000
87041  -57.068  10.609  36.096 0.0000000000
90009  -56.451  14.393  41.112 0.0000000000
76896  -52.623  -3.568  28.199 0.0000000000
85132  -50.575  7.457  47.708 0.0000000000
82931  -54.986  3.974  47.669 0.0000000000
76814  -59.037  -2.578  39.457 0.0000000000
115970  -53.219  -4.498  44.303 0.0000000000
120156  -47.412  -4.847  48.113 0.0000000000
129285  -48.087  -1.476  52.442 0.0000000000
77655  -52.392  -2.275  31.368 0.0000000000
80767  -56.399  1.101  29.388 0.0000000000
83772  -57.486  5.143  41.675 0.0000000000
83817  -59.584  5.500  36.113 0.0000000000
83101  -56.168  5.162  28.757 0.0000000000
86532  -53.296  9.618  29.005 0.0000000000
87077  -49.377  10.553  33.675 0.0000000000
79031  -48.302  -0.264  45.141 0.0000000000
79846  -49.021  0.391  42.266 0.0000000000
80626  -49.952  2.187  44.047 0.0000000000
89375  -50.917  14.778  45.572 0.0000000000
87600  -51.846  11.175  44.645 0.0000000000
89395  -50.193  14.358  42.954 0.0000000000
88203  -53.479  12.683  40.582 0.0000000000
75108  -52.408  -5.193  29.601 0.0000000000
86957  -50.561  10.679  48.041 0.0000000000
85773  -52.843  8.620  48.573 0.0000000000
74983  -53.505  -5.367  46.590 0.0000000000
74980  -50.486  -5.493  46.452 0.0000000000
115972  -51.203  -5.844  48.955 0.0000000000
80563  -49.739  1.579  52.737 0.0000000000
82101  -44.993  3.991  50.763 0.0000000000
84452  -45.706  6.191  48.564 0.0000000000
84446  -44.386  6.460  49.686 0.0000000000
75993  -53.696  -4.810  36.348 0.0000000000
79889  -51.713  0.315  36.707 0.0000000000
78374  -51.285  -1.351  34.082 0.0000000000
79910  -53.119  0.679  33.931 0.0000000000
79932  -53.430  0.317  30.718 0.0000000000
118826  -55.519  1.488  33.919 0.0000000000
83699  -58.246  5.275  48.371 0.0000000000
83724  -56.130  5.168  45.121 0.0000000000
83739  -59.840  6.423  45.198 0.0000000000
84533  -54.352  6.467  39.491 0.0000000000
84536  -58.811  7.444  38.516 0.0000000000
83033  -55.915  4.588  36.439 0.0000000000
82232  -57.494  3.761  32.999 0.0000000000
115694  -53.774  4.475  33.076 0.0000000000
84600  -54.631  6.627  29.515 0.0000000000
117596  -52.418  7.330  33.436 0.0000000000
88843  -56.882  13.480  35.643 0.0000000000
87706  -54.494  11.539  33.218 0.0000000000
88260  -52.535  12.171  35.596 0.0000000000
87046  -47.039  10.983  34.922 0.0000000000
88234  -49.926  12.842  37.474 0.0000000000
75941  -49.726  -4.127  41.300 0.0000000000
76833  -50.716  -3.810  38.345 0.0000000000
78340  -49.863  -1.932  39.755 0.0000000000
79869  -50.858  0.109  39.653 0.0000000000
80662  -53.735  1.663  39.678 0.0000000000
86969  -56.572  10.078  46.968 0.0000000000
85147  -58.089  7.642  45.162 0.0000000000
86393  -54.391  9.354  44.603 0.0000000000
85827  -52.128  8.136  42.729 0.0000000000
85212  -51.404  7.508  39.205 0.0000000000
85864  -52.852  8.796  35.900 0.0000000000
87025  -52.882  10.563  38.603 0.0000000000
88222  -57.594  12.822  38.933 0.0000000000
90040  -55.845  15.840  37.384 0.0000000000
128132  -52.062  -1.487  27.868 0.0000000000
137072  -50.136  3.966  47.235 0.0000000000
81351  -52.851  2.155  47.094 0.0000000000
83707  -52.763  5.420  47.482 0.0000000000
85123  -54.856  7.237  48.540 0.0000000000
85760  -58.164  8.198  50.060 0.0000000000
87556  -58.508  12.035  50.748 0.0000000000
138998  -59.750  11.629  48.767 0.0000000000
123184  -55.286  -4.167  40.064 0.0000000000
76788  -55.514  -3.617  42.267 0.0000000000
75931  -53.168  -4.447  41.603 0.0000000000
75901  -50.136  -4.356  43.700 0.0000000000
76749  -48.117  -4.090  44.995 0.0000000000
75801  -53.751  -4.495  52.384 0.0000000000
79773  -52.310  0.463  53.598 0.0000000000
78240  -50.923  -1.949  53.082 0.0000000000
75810  -50.696  -4.597  51.723 0.0000000000
76702  -47.092  -3.902  51.087 0.0000000000
80591  -47.530  1.562  47.611 0.0000000000
74207  -55.277  -6.129  30.956 0.0000000000
76000  -51.705  -4.108  35.505 0.0000000000
76867  -52.270  -3.684  32.651 0.0000000000
130820  -53.734  -4.567  30.048 0.0000000000
119983  -53.537  -3.563  28.095 0.0000000000
78417  -54.376  -1.756  27.024 0.0000000000
79968  -55.292  0.202  25.810 0.0000000000
82146  -53.052  3.714  45.079 0.0000000000
82984  -54.266  4.086  42.048 0.0000000000
82187  -56.235  3.120  39.589 0.0000000000
85195  -60.497  7.253  41.603 0.0000000000
83007  -59.431  4.638  38.871 0.0000000000
81440  -57.438  2.480  36.734 0.0000000000
80727  -59.016  1.951  33.018 0.0000000000
81501  -58.478  2.693  28.890 0.0000000000
82281  -55.149  3.424  27.324 0.0000000000
86476  -55.376  9.612  32.458 0.0000000000
87101  -52.136  10.069  31.093 0.0000000000
86514  -46.437  9.214  29.607 0.0000000000
87087  -44.832  10.390  31.325 0.0000000000
88280  -43.647  12.449  32.859 0.0000000000
79014  -49.175  0.102  46.626 0.0000000000
119980  -49.217  0.796  45.103 0.0000000000
80610  -49.961  1.124  45.654 0.0000000000
89385  -49.941  14.380  44.360 0.0000000000
89397  -52.213  14.826  42.339 0.0000000000
124137  -52.072  -5.783  30.270 0.0000000000
119290  -53.758  -5.588  47.880 0.0000000000
115971  -51.816  -5.796  47.824 0.0000000000
74937  -52.700  -5.588  49.099 0.0000000000
82910  -44.748  4.639  51.462 0.0000000000
83691  -44.530  5.533  50.023 0.0000000000
75971  -54.013  -4.661  37.958 0.0000000000
75970  -52.980  -4.820  37.895 0.0000000000
80688  -53.005  1.163  36.913 0.0000000000
79898  -52.095  0.508  35.369 0.0000000000
80701  -53.438  1.254  35.307 0.0000000000
80722  -53.829  1.166  33.674 0.0000000000
120180  -54.989  1.619  35.753 0.0000000000
84469  -59.903  6.132  48.355 0.0000000000
83717  -59.267  5.669  46.895 0.0000000000
84472  -60.029  6.568  46.538 0.0000000000
83800  -53.069  5.468  38.240 0.0000000000
83801  -54.208  5.526  38.249 0.0000000000
83031  -53.676  4.179  36.320 0.0000000000
83058  -54.305  3.976  34.678 0.0000000000
83043  -52.772  4.505  35.146 0.0000000000
83848  -52.520  5.600  33.100 0.0000000000
129360  -52.014  6.076  34.374 0.0000000000
135395  -54.910  14.235  35.474 0.0000000000
88262  -54.321  13.070  34.886 0.0000000000
88251  -52.998  13.023  35.950 0.0000000000
88250  -51.305  12.507  36.752 0.0000000000
88828  -51.690  13.273  37.105 0.0000000000
76799  -49.232  -3.355  41.687 0.0000000000
76809  -49.649  -3.476  40.746 0.0000000000
77598  -48.929  -2.298  41.714 0.0000000000
80642  -50.180  1.738  42.280 0.0000000000
79854  -50.325  0.488  41.297 0.0000000000
79855  -51.109  0.744  41.036 0.0000000000
79864  -52.051  0.891  39.869 0.0000000000
80644  -52.252  1.712  41.122 0.0000000000
116826  -55.116  11.992  46.587 0.0000000000
86385  -55.573  9.340  45.603 0.0000000000
86974  -54.495  10.500  45.538 0.0000000000
86994  -50.253  10.647  43.203 0.0000000000
86405  -52.211  9.274  43.631 0.0000000000
86419  -50.963  9.017  41.848 0.0000000000
119580  -51.660  7.299  40.787 0.0000000000
85840  -50.828  8.871  40.114 0.0000000000
86436  -51.461  9.451  38.658 0.0000000000
87634  -51.777  11.003  39.681 0.0000000000
88793  -55.406  13.331  41.547 0.0000000000
88213  -54.916  12.480  39.895 0.0000000000
88800  -57.183  13.647  40.188 0.0000000000
89431  -58.298  14.105  38.140 0.0000000000
90013  -56.716  14.889  39.209 0.0000000000
78415  -52.457  -2.308  27.736 0.0000000000
84464  -50.188  6.117  47.458 0.0000000000
126376  -51.134  4.811  47.303 0.0000000000
84465  -51.031  6.576  47.566 0.0000000000
86365  -53.391  9.267  48.885 0.0000000000
115628  -53.980  7.527  48.465 0.0000000000
85775  -54.835  8.158  48.920 0.0000000000
85112  -56.826  7.430  49.464 0.0000000000
116056  -56.503  8.989  49.935 0.0000000000
88132  -57.791  12.480  51.257 0.0000000000
87568  -60.118  11.685  49.383 0.0000000000
88144  -59.975  12.856  49.609 0.0000000000
88154  -58.210  12.758  48.103 0.0000000000
125962  -57.784  14.014  48.317 0.0000000000
75960  -56.695  -3.807  38.930 0.0000000000
76824  -57.237  -3.588  39.611 0.0000000000
138760  -55.862  -3.391  43.717 0.0000000000
75906  -54.279  -3.973  43.361 0.0000000000
138066  -54.639  -4.063  41.636 0.0000000000
116253  -53.082  -4.487  42.897 0.0000000000
75916  -51.422  -4.658  42.579 0.0000000000
75903  -51.700  -4.594  43.521 0.0000000000
74978  -48.723  -5.452  46.857 0.0000000000
75861  -49.067  -5.146  46.045 0.0000000000
75859  -47.687  -4.298  46.495 0.0000000000
81329  -50.927  2.500  53.172 0.0000000000
78985  -50.409  -0.219  52.868 0.0000000000
116405  -50.031  -1.774  52.810 0.0000000000
76681  -50.747  -3.402  52.548 0.0000000000
76680  -49.836  -3.318  52.392 0.0000000000
75809  -49.407  -4.886  51.423 0.0000000000
76678  -47.871  -3.046  52.160 0.0000000000
129669  -47.558  3.177  47.584 0.0000000000
130596  -47.068  3.883  47.768 0.0000000000
74199  -56.201  -6.426  31.885 0.0000000000
76843  -50.693  -3.265  37.447 0.0000000000
76844  -51.244  -3.830  36.811 0.0000000000
76851  -50.831  -3.086  36.515 0.0000000000
78390  -51.728  -1.519  32.733 0.0000000000
76866  -51.752  -3.155  33.300 0.0000000000
140386  -52.308  -2.800  31.814 0.0000000000
76039  -53.231  -3.913  30.934 0.0000000000
125152  -52.768  -3.084  31.014 0.0000000000
76886  -53.514  -4.037  28.851 0.0000000000
77661  -53.012  -2.516  30.175 0.0000000000
79934  -55.079  0.892  30.104 0.0000000000
79141  -54.517  -0.594  28.711 0.0000000000
115734  -55.450  -0.074  28.323 0.0000000000
79961  -55.465  -0.488  26.380 0.0000000000
79954  -56.293  0.358  27.633 0.0000000000
82117  -53.916  2.835  47.178 0.0000000000
81360  -53.311  2.497  46.622 0.0000000000
82136  -54.407  3.360  46.595 0.0000000000
83747  -57.032  5.491  43.268 0.0000000000
83745  -55.131  5.339  43.483 0.0000000000
82976  -55.509  4.895  42.087 0.0000000000
82171  -55.483  3.747  41.081 0.0000000000
82987  -56.857  4.526  41.235 0.0000000000
127752  -57.039  7.640  43.521 0.0000000000
85168  -59.747  7.498  43.054 0.0000000000
115953  -58.992  7.624  41.609 0.0000000000
83804  -58.123  6.486  37.292 0.0000000000
83791  -60.018  6.927  37.881 0.0000000000
83015  -59.758  4.751  37.823 0.0000000000
82209  -58.365  3.140  38.057 0.0000000000
81441  -58.879  3.321  36.352 0.0000000000
80705  -58.174  2.246  35.197 0.0000000000
81449  -59.344  3.680  34.883 0.0000000000
83086  -57.038  4.123  31.213 0.0000000000
82249  -58.460  3.428  31.156 0.0000000000
82264  -57.132  3.742  28.346 0.0000000000
82283  -57.242  3.180  27.261 0.0000000000
139034  -56.154  4.738  27.899 0.0000000000
82274  -54.749  4.246  27.844 0.0000000000
83875  -55.541  6.227  27.963 0.0000000000
85290  -53.429  7.969  30.073 0.0000000000
85305  -53.444  7.473  28.356 0.0000000000
86453  -54.896  9.865  36.422 0.0000000000
85871  -54.280  9.141  35.056 0.0000000000
124112  -56.273  9.739  34.620 0.0000000000
87703  -52.060  10.978  33.736 0.0000000000
87714  -53.425  10.903  32.230 0.0000000000
87091  -51.559  10.284  32.261 0.0000000000
86503  -49.161  9.565  30.542 0.0000000000
86487  -48.412  9.811  31.846 0.0000000000
86485  -46.466  9.724  30.876 0.0000000000
87089  -46.969  10.207  32.182 0.0000000000
87661  -45.914  11.777  36.147 0.0000000000
87689  -45.315  11.515  34.023 0.0000000000
88258  -44.175  12.645  35.123 0.0000000000
88852  -42.424  13.375  34.033 0.0000000000
126519  -47.859  -1.016  43.626 0.0000000000
79047  -48.483  -0.519  42.433 0.0000000000
79838  -48.452  0.278  43.649 0.0000000000
80625  -49.346  1.554  43.541 0.0000000000
81385  -50.690  2.694  43.437 0.0000000000
121250  -53.001  11.901  45.453 0.0000000000
119685  -51.345  12.423  45.196 0.0000000000
88182  -49.894  12.167  43.854 0.0000000000
88193  -49.990  12.096  42.067 0.0000000000
88201  -51.298  12.108  40.743 0.0000000000
88781  -51.156  13.396  41.553 0.0000000000
88783  -53.653  13.711  41.829 0.0000000000
76051  -52.336  -4.159  28.817 0.0000000000
85771  -50.452  8.839  47.903 0.0000000000
85120  -51.674  8.135  48.244 0.0000000000
86363  -51.729  9.597  48.344 0.0000000000
74994  -53.424  -5.038  45.924 0.0000000000
75878  -51.954  -4.940  45.084 0.0000000000
133241  -51.864  -5.546  46.596 0.0000000000
74966  -50.266  -5.954  47.820 0.0000000000
74944  -48.491  -5.754  48.511 0.0000000000
81327  -49.772  3.150  52.668 0.0000000000
80561  -48.092  1.530  52.334 0.0000000000
127606  -45.281  3.792  49.330 0.0000000000
82920  -45.866  4.809  48.594 0.0000000000
82917  -45.278  4.596  49.168 0.0000000000
128649  -45.008  5.961  49.150 0.0000000000
79088  -51.230  -0.282  37.068 0.0000000000
78359  -50.684  -1.563  36.186 0.0000000000
79897  -51.384  -0.202  35.262 0.0000000000
79101  -51.449  -0.501  34.305 0.0000000000
135476  -52.024  -0.725  32.482 0.0000000000
79132  -52.689  -0.793  30.601 0.0000000000
135444  -53.441  0.733  32.376 0.0000000000
79926  -54.155  0.996  31.966 0.0000000000
80746  -56.096  1.455  31.185 0.0000000000
83710  -56.557  4.711  48.218 0.0000000000
82947  -55.817  4.463  46.241 0.0000000000
83715  -57.546  5.065  46.609 0.0000000000
83726  -58.064  5.541  45.579 0.0000000000
83749  -59.265  5.787  43.852 0.0000000000
132923  -55.655  7.533  40.553 0.0000000000
85205  -57.472  7.844  40.471 0.0000000000
84534  -55.470  6.883  39.258 0.0000000000
83803  -56.652  6.149  37.767 0.0000000000
83823  -57.819  5.780  36.007 0.0000000000
83061  -58.533  4.675  34.524 0.0000000000
83046  -56.855  4.645  35.145 0.0000000000
83068  -55.844  4.071  33.595 0.0000000000
116614  -55.344  4.470  31.591 0.0000000000
83861  -54.973  6.020  29.894 0.0000000000
83083  -53.890  5.064  31.750 0.0000000000
84592  -53.003  6.288  31.571 0.0000000000
85272  -53.133  8.088  31.936 0.0000000000
88264  -58.173  12.457  35.579 0.0000000000
87696  -57.193  11.491  34.331 0.0000000000
88272  -55.936  12.514  34.657 0.0000000000
87680  -53.244  11.904  34.743 0.0000000000
87064  -50.668  11.092  34.348 0.0000000000
87062  -48.968  10.818  34.469 0.0000000000
120549  -49.811  11.410  35.605 0.0000000000
87664  -48.467  11.538  36.635 0.0000000000
88231  -47.483  12.385  37.507 0.0000000000
75955  -51.592  -4.965  40.049 0.0000000000
75969  -51.405  -4.517  38.430 0.0000000000
75954  -50.442  -4.252  39.803 0.0000000000
76822  -50.271  -3.480  39.242 0.0000000000
132717  -50.320  -1.784  38.463 0.0000000000
79056  -49.621  -0.595  41.087 0.0000000000
79064  -50.466  -0.570  39.677 0.0000000000
126044  -50.635  -0.911  38.197 0.0000000000
79876  -51.527  0.340  38.413 0.0000000000
80668  -52.830  1.156  38.547 0.0000000000
121094  -54.067  1.569  38.216 0.0000000000
85783  -58.933  8.695  47.616 0.0000000000
85138  -59.426  7.584  46.876 0.0000000000
85787  -57.295  8.521  46.379 0.0000000000
85807  -56.197  7.916  44.731 0.0000000000
85166  -55.270  7.787  43.256 0.0000000000
86985  -53.226  10.352  44.630 0.0000000000
85817  -53.514  8.393  43.447 0.0000000000
136045  -54.411  7.616  42.493 0.0000000000
85203  -53.386  6.918  40.969 0.0000000000
84531  -52.135  6.458  39.456 0.0000000000
126123  -51.677  6.657  38.177 0.0000000000
85239  -51.763  7.547  36.079 0.0000000000
123483  -51.961  8.740  37.304 0.0000000000
86445  -52.664  9.463  37.339 0.0000000000
87033  -55.117  10.514  37.178 0.0000000000
117668  -53.424  11.802  39.572 0.0000000000
120094  -55.363  11.678  38.495 0.0000000000
87655  -57.008  11.749  37.383 0.0000000000
88832  -58.385  13.607  36.778 0.0000000000
127398  -57.506  14.477  36.951 0.0000000000
136975  -55.113  15.877  35.867 0.0000000000
81349  -50.528  2.022  47.389 0.0000000000
80594  -51.192  1.641  47.184 0.0000000000
82116  -51.553  2.895  47.398 0.0000000000
82929  -52.990  4.386  47.471 0.0000000000
125234  -53.631  5.022  47.631 0.0000000000
85134  -52.577  6.901  48.015 0.0000000000
84453  -54.269  6.504  48.232 0.0000000000
83696  -54.968  5.501  48.159 0.0000000000
84455  -56.525  5.801  48.738 0.0000000000
84448  -58.741  6.417  49.643 0.0000000000
85762  -60.010  8.207  50.095 0.0000000000
86946  -56.684  10.511  50.115 0.0000000000
86947  -58.249  10.720  50.205 0.0000000000
86352  -59.811  9.724  49.565 0.0000000000
86367  -59.528  9.215  48.460 0.0000000000
86964  -58.147  10.548  47.803 0.0000000000
87581  -56.681  11.474  47.356 0.0000000000
88161  -54.841  12.933  46.685 0.0000000000
130142  -55.200  -4.276  38.731 0.0000000000
75957  -53.751  -4.673  39.506 0.0000000000
77589  -57.811  -2.548  42.035 0.0000000000
76801  -57.397  -3.160  41.332 0.0000000000
76811  -55.777  -3.922  40.740 0.0000000000
75946  -54.330  -4.443  40.321 0.0000000000
75944  -52.275  -4.976  40.508 0.0000000000
75929  -51.310  -4.839  41.736 0.0000000000
75927  -49.922  -4.386  41.921 0.0000000000
76775  -49.399  -3.942  43.148 0.0000000000
75876  -50.274  -4.896  45.150 0.0000000000
76761  -49.261  -4.013  43.995 0.0000000000
77567  -48.178  -2.982  43.863 0.0000000000
127085  -47.614  -2.086  45.207 0.0000000000
136205  -52.681  -1.032  53.668 0.0000000000
80555  -51.053  0.999  53.239 0.0000000000
78977  -51.280  -0.412  53.263 0.0000000000
77488  -52.580  -2.324  53.423 0.0000000000
76683  -52.446  -3.777  52.939 0.0000000000
75812  -52.396  -4.864  51.809 0.0000000000
74927  -52.329  -5.419  50.405 0.0000000000
74925  -50.370  -5.557  50.493 0.0000000000
74924  -49.434  -5.748  50.237 0.0000000000
74932  -47.456  -5.031  49.450 0.0000000000
123587  -49.483  1.084  47.408 0.0000000000
82113  -48.641  3.183  47.392 0.0000000000
82926  -48.830  4.293  47.363 0.0000000000
122890  -48.863  6.035  47.414 0.0000000000
85130  -48.900  7.521  47.610 0.0000000000
73320  -55.393  -7.582  32.181 0.0000000000
73332  -55.354  -7.044  31.397 0.0000000000
74205  -53.972  -6.141  30.509 0.0000000000
75982  -51.836  -4.544  37.009 0.0000000000
76001  -52.338  -4.606  35.743 0.0000000000
77640  -51.222  -2.631  34.883 0.0000000000
76861  -52.063  -3.970  33.480 0.0000000000
136523  -53.443  -4.803  33.164 0.0000000000
76033  -54.500  -5.303  31.642 0.0000000000
76041  -54.280  -5.279  30.718 0.0000000000
75110  -53.682  -5.382  29.999 0.0000000000
75116  -53.162  -4.999  29.294 0.0000000000
76892  -53.282  -3.784  28.091 0.0000000000
77675  -53.465  -3.400  27.726 0.0000000000
78408  -53.406  -1.487  29.335 0.0000000000
78416  -54.094  -2.353  27.346 0.0000000000
78423  -53.363  -2.404  27.220 0.0000000000
79153  -53.661  -1.611  26.805 0.0000000000
79152  -52.920  -0.642  26.842 0.0000000000
80788  -52.935  1.333  26.542 0.0000000000
81368  -51.270  1.904  45.775 0.0000000000
81377  -51.262  2.932  44.227 0.0000000000
82152  -51.474  3.370  43.458 0.0000000000
82946  -54.471  4.424  45.172 0.0000000000
82964  -53.515  4.549  43.444 0.0000000000
82161  -53.031  3.567  42.256 0.0000000000
82177  -54.043  2.879  41.009 0.0000000000
81414  -54.855  2.394  39.511 0.0000000000
80670  -55.022  1.880  38.191 0.0000000000
85149  -60.081  7.087  44.793 0.0000000000
84492  -60.662  6.728  43.375 0.0000000000
118581  -59.852  5.742  42.121 0.0000000000
85215  -59.442  7.680  39.469 0.0000000000
83783  -60.418  6.212  40.580 0.0000000000
83782  -58.524  4.945  41.110 0.0000000000
82180  -57.805  3.691  40.105 0.0000000000
81422  -56.479  2.666  38.321 0.0000000000
80691  -55.662  1.801  36.416 0.0000000000
139389  -56.380  1.725  35.040 0.0000000000
116523  -58.006  1.510  31.773 0.0000000000
116969  -58.846  3.103  32.734 0.0000000000
135077  -59.008  2.348  31.451 0.0000000000
80769  -58.127  1.924  28.982 0.0000000000
80785  -57.214  1.736  26.524 0.0000000000
81518  -55.336  2.088  25.600 0.0000000000
84612  -55.084  6.590  28.355 0.0000000000
85876  -52.585  8.044  34.690 0.0000000000
85885  -53.578  8.403  33.334 0.0000000000
85899  -54.343  9.348  31.396 0.0000000000
87717  -56.041  10.665  32.903 0.0000000000
87103  -55.040  10.348  31.041 0.0000000000
87107  -53.184  9.889  29.551 0.0000000000
86517  -50.514  9.651  29.554 0.0000000000
117899  -48.197  9.090  28.419 0.0000000000
85276  -46.475  8.021  29.831 0.0000000000
87060  -46.761  10.801  33.947 0.0000000000
87701  -44.025  11.762  32.269 0.0000000000
90637  -52.841  16.984  37.068 0.0000000000
120269  -51.815  15.632  37.872 0.0000000000
88810  -49.605  14.397  38.171 0.0000000000
88808  -48.037  13.997  38.042 0.0000000000
88815  -46.178  13.763  37.965 0.0000000000
79813  -49.759  0.559  46.904 0.0000000000
79822  -49.570  0.600  46.150 0.0000000000
79814  -50.240  0.958  46.585 0.0000000000
74951  -55.156  -5.131  48.346 0.0000000000
74950  -54.391  -5.420  48.544 0.0000000000
74949  -53.532  -5.538  48.787 0.0000000000
74938  -53.382  -5.473  49.643 0.0000000000
82900  -44.796  5.036  52.141 0.0000000000
116542  -53.317  -4.745  38.716 0.0000000000
126284  -52.328  -4.803  38.610 0.0000000000
80689  -53.811  1.459  36.731 0.0000000000
79890  -53.231  1.223  36.101 0.0000000000
120303  -54.044  1.521  35.912 0.0000000000
80702  -54.303  1.483  35.092 0.0000000000
118617  -60.385  6.886  48.432 0.0000000000
84470  -60.200  6.571  47.554 0.0000000000
83811  -52.593  5.172  37.453 0.0000000000
83812  -53.569  4.957  37.652 0.0000000000
83019  -53.038  4.449  36.961 0.0000000000
83030  -52.857  4.370  36.096 0.0000000000
83828  -52.286  5.159  35.656 0.0000000000
83836  -52.299  5.311  34.772 0.0000000000
84568  -51.838  5.979  35.189 0.0000000000
88831  -53.734  14.644  36.041 0.0000000000
136535  -54.187  14.189  35.641 0.0000000000
88830  -53.400  13.866  36.140 0.0000000000
88829  -52.559  13.564  36.680 0.0000000000
88821  -52.080  14.177  37.362 0.0000000000
77588  -48.797  -2.782  42.255 0.0000000000
81397  -50.938  2.107  41.969 0.0000000000
124868  -50.639  1.259  41.650 0.0000000000
80643  -51.451  1.514  41.390 0.0000000000
87584  -54.435  11.679  46.162 0.0000000000
86967  -54.975  11.025  46.218 0.0000000000
87590  -53.799  11.870  45.808 0.0000000000
87001  -50.216  10.498  42.304 0.0000000000
86403  -50.640  9.899  42.929 0.0000000000
86411  -50.582  9.733  42.072 0.0000000000
85834  -50.906  8.719  41.030 0.0000000000
87012  -50.557  10.089  40.693 0.0000000000
86429  -50.783  9.737  39.932 0.0000000000
87013  -50.849  10.656  40.247 0.0000000000
88786  -56.406  13.934  42.062 0.0000000000
88206  -56.683  13.258  40.678 0.0000000000
89415  -56.683  13.938  41.253 0.0000000000
89419  -57.265  14.145  40.063 0.0000000000
139912  -56.443  14.743  40.162 0.0000000000
76891  -51.901  -3.585  28.917 0.0000000000
77669  -51.851  -2.969  28.667 0.0000000000
77673  -52.412  -2.868  28.068 0.0000000000
127664  -50.199  6.862  47.590 0.0000000000
139683  -50.751  5.944  47.449 0.0000000000
86366  -54.326  9.095  49.179 0.0000000000
85759  -55.369  8.997  49.532 0.0000000000
86349  -55.947  9.732  49.960 0.0000000000
88729  -59.494  13.559  49.772 0.0000000000
88740  -58.639  13.350  48.844 0.0000000000
76826  -59.223  -2.900  38.677 0.0000000000
76825  -58.296  -3.286  39.187 0.0000000000
120323  -53.718  -4.200  42.930 0.0000000000
75905  -53.495  -4.319  43.524 0.0000000000
75904  -52.685  -4.523  43.576 0.0000000000
75893  -52.290  -4.639  44.294 0.0000000000
136130  -48.305  -5.426  47.305 0.0000000000
75850  -47.973  -5.127  46.961 0.0000000000
75849  -47.472  -4.625  47.415 0.0000000000
76727  -47.132  -3.670  47.253 0.0000000000
137376  -50.865  3.639  52.923 0.0000000000
122444  -49.755  -0.876  52.731 0.0000000000
78238  -49.092  -1.598  52.617 0.0000000000
77498  -49.442  -2.496  52.573 0.0000000000
77497  -48.464  -2.359  52.429 0.0000000000
76679  -48.867  -3.212  52.287 0.0000000000
81341  -46.366  2.424  48.093 0.0000000000
82111  -46.681  3.132  47.852 0.0000000000
132527  -46.369  3.726  48.124 0.0000000000
76022  -54.433  -5.271  32.834 0.0000000000
77625  -50.375  -2.288  37.611 0.0000000000
128043  -50.595  -2.544  36.947 0.0000000000
77650  -51.979  -2.232  32.232 0.0000000000
78398  -52.485  -1.539  30.930 0.0000000000
80757  -55.860  1.218  30.212 0.0000000000
79944  -55.578  0.689  29.394 0.0000000000
129296  -56.095  0.608  28.654 0.0000000000
79955  -56.692  1.165  28.345 0.0000000000
82118  -54.514  3.465  47.286 0.0000000000
82124  -53.931  2.725  46.887 0.0000000000
82125  -54.451  3.233  47.053 0.0000000000
83760  -57.821  5.463  42.546 0.0000000000
133730  -55.910  5.297  42.445 0.0000000000
83771  -56.368  5.060  41.812 0.0000000000
82986  -55.935  4.403  41.427 0.0000000000
115954  -57.397  7.677  42.623 0.0000000000
116186  -57.866  7.733  41.804 0.0000000000
83816  -59.060  6.371  36.624 0.0000000000
119896  -59.778  5.871  37.112 0.0000000000
83023  -59.668  4.912  36.967 0.0000000000
82215  -59.290  3.825  36.926 0.0000000000
83024  -59.545  4.582  36.471 0.0000000000
82220  -59.351  3.860  35.623 0.0000000000
83049  -59.341  4.582  35.108 0.0000000000
83094  -56.817  4.436  30.033 0.0000000000
83103  -57.588  3.925  29.827 0.0000000000
83102  -56.848  4.075  29.028 0.0000000000
83106  -56.429  4.444  28.153 0.0000000000
83105  -56.021  5.524  27.882 0.0000000000
121357  -53.606  8.663  29.309 0.0000000000
85913  -53.600  8.621  28.711 0.0000000000
86539  -53.237  9.150  28.493 0.0000000000
86531  -52.826  9.611  28.640 0.0000000000
87040  -56.048  10.184  36.274 0.0000000000
86454  -55.567  9.741  35.833 0.0000000000
87050  -56.471  9.879  35.418 0.0000000000
87065  -51.265  10.911  33.729 0.0000000000
87078  -51.837  10.748  33.105 0.0000000000
87090  -50.655  10.300  32.808 0.0000000000
86488  -49.375  9.877  32.122 0.0000000000
86474  -48.890  10.204  32.846 0.0000000000
86473  -47.911  10.144  32.662 0.0000000000
88259  -45.000  12.142  35.732 0.0000000000
121229  -48.145  -0.465  43.226 0.0000000000
79041  -48.090  -0.423  44.161 0.0000000000
80618  -49.565  1.441  44.565 0.0000000000
79829  -48.892  0.961  44.066 0.0000000000
80634  -49.937  2.075  43.097 0.0000000000
116907  -51.619  13.241  45.501 0.0000000000
88754  -50.995  13.890  45.455 0.0000000000
89391  -49.867  14.551  43.743 0.0000000000
88764  -50.040  13.666  44.556 0.0000000000
121293  -49.754  12.819  43.400 0.0000000000
87608  -49.702  12.059  43.023 0.0000000000
120404  -49.830  12.670  42.679 0.0000000000
88780  -50.290  13.026  42.063 0.0000000000
88775  -50.597  13.875  42.158 0.0000000000
89398  -53.512  14.899  42.665 0.0000000000
89406  -52.992  14.274  42.082 0.0000000000
89408  -55.577  14.263  42.927 0.0000000000
116983  -51.383  -5.345  30.294 0.0000000000
75115  -52.765  -4.624  28.901 0.0000000000
86362  -50.775  9.711  47.974 0.0000000000
85772  -51.260  8.862  48.205 0.0000000000
75862  -54.164  -5.043  46.337 0.0000000000
74982  -52.695  -5.407  46.425 0.0000000000
74947  -51.904  -5.741  48.603 0.0000000000
116189  -51.098  -5.931  48.183 0.0000000000
74945  -49.408  -5.947  48.269 0.0000000000
74946  -50.280  -6.046  48.848 0.0000000000
82102  -45.453  2.724  50.871 0.0000000000
81335  -45.480  2.157  50.375 0.0000000000
82106  -45.267  3.198  50.095 0.0000000000
82913  -45.027  4.178  49.943 0.0000000000
123605  -51.291  -0.286  36.224 0.0000000000
133932  -51.738  0.257  35.957 0.0000000000
79904  -52.765  0.750  34.752 0.0000000000
79102  -51.903  0.250  34.561 0.0000000000
79109  -51.940  -0.052  33.779 0.0000000000
79115  -52.108  -0.194  33.063 0.0000000000
79909  -52.533  0.309  33.360 0.0000000000
79917  -52.661  0.135  32.320 0.0000000000
79918  -53.217  0.751  33.083 0.0000000000
80723  -54.674  1.424  33.391 0.0000000000
80734  -53.968  1.209  32.841 0.0000000000
80735  -54.844  1.397  32.547 0.0000000000
80745  -55.053  1.345  31.674 0.0000000000
80724  -55.621  1.521  33.054 0.0000000000
83698  -57.364  5.089  48.602 0.0000000000
82933  -56.527  4.486  47.614 0.0000000000
83711  -57.333  4.827  48.010 0.0000000000
83727  -59.180  5.912  45.894 0.0000000000
121814  -58.458  5.459  46.466 0.0000000000
83738  -59.228  5.925  44.866 0.0000000000
83737  -58.188  5.664  44.435 0.0000000000
84521  -54.947  7.101  40.035 0.0000000000
139262  -55.906  7.407  39.781 0.0000000000
83021  -55.395  4.732  37.035 0.0000000000
83802  -55.404  5.762  38.110 0.0000000000
83814  -55.984  5.341  37.507 0.0000000000
125556  -57.041  5.741  37.263 0.0000000000
83022  -56.752  5.098  36.850 0.0000000000
83034  -56.916  4.819  36.025 0.0000000000
83045  -55.753  4.360  35.678 0.0000000000
118572  -54.010  4.206  33.875 0.0000000000
133904  -54.859  4.062  34.012 0.0000000000
116931  -54.697  4.202  33.227 0.0000000000
83079  -55.479  4.158  32.550 0.0000000000
83078  -54.429  4.496  32.284 0.0000000000
83084  -54.654  4.879  31.430 0.0000000000
83077  -53.573  4.802  32.441 0.0000000000
84581  -52.304  6.539  33.153 0.0000000000
84587  -52.591  6.283  32.351 0.0000000000
85271  -52.624  7.213  32.473 0.0000000000
85281  -52.873  7.436  31.673 0.0000000000
88263  -57.713  12.866  35.331 0.0000000000
88273  -57.035  12.273  34.700 0.0000000000
88855  -56.847  12.939  34.964 0.0000000000
88261  -53.521  12.630  35.201 0.0000000000
87681  -54.075  12.344  34.533 0.0000000000
87692  -51.642  11.258  34.471 0.0000000000
119347  -51.516  11.680  35.443 0.0000000000
87049  -50.165  11.276  34.992 0.0000000000
87679  -50.531  11.555  35.608 0.0000000000
88249  -50.432  12.288  36.930 0.0000000000
125919  -49.165  11.685  36.694 0.0000000000
87653  -48.759  11.952  37.200 0.0000000000
87652  -47.967  11.834  37.192 0.0000000000
88232  -48.270  12.446  37.574 0.0000000000
129560  -50.773  -4.852  40.344 0.0000000000
134779  -50.990  -4.712  39.667 0.0000000000
75942  -50.068  -4.286  40.542 0.0000000000
76821  -49.810  -2.763  40.035 0.0000000000
77615  -50.112  -2.413  39.178 0.0000000000
78341  -50.300  -1.493  39.343 0.0000000000
79052  -49.031  -0.541  41.686 0.0000000000
79853  -49.608  0.127  41.502 0.0000000000
79862  -50.574  0.111  40.490 0.0000000000
79057  -50.036  -0.554  40.481 0.0000000000
122372  -50.626  -1.013  38.945 0.0000000000
79072  -50.845  -0.168  38.832 0.0000000000
79079  -51.128  -0.276  37.908 0.0000000000
79870  -51.392  0.445  39.282 0.0000000000
80661  -52.884  1.271  39.515 0.0000000000
79871  -52.147  0.808  38.942 0.0000000000
136156  -53.369  1.355  38.177 0.0000000000
80669  -53.554  1.467  38.869 0.0000000000
86371  -57.612  9.809  47.506 0.0000000000
86377  -57.894  9.034  47.112 0.0000000000
86376  -56.885  9.322  46.781 0.0000000000
86384  -54.819  9.753  45.239 0.0000000000
85795  -55.913  8.543  45.205 0.0000000000
86394  -55.176  9.016  44.883 0.0000000000
85156  -56.013  7.796  43.890 0.0000000000
85805  -54.750  8.603  44.286 0.0000000000
87589  -52.090  11.801  45.132 0.0000000000
135443  -52.851  11.165  44.943 0.0000000000
86984  -52.334  10.536  44.397 0.0000000000
85816  -52.610  8.576  43.293 0.0000000000
86406  -53.112  9.124  43.778 0.0000000000
85828  -53.035  7.936  42.889 0.0000000000
85829  -53.939  7.830  42.990 0.0000000000
85176  -53.618  7.523  42.257 0.0000000000
129376  -53.835  7.227  41.562 0.0000000000
85189  -52.966  7.262  41.592 0.0000000000
85201  -51.445  7.388  40.007 0.0000000000
84518  -51.907  6.795  40.215 0.0000000000
84530  -51.644  6.891  39.595 0.0000000000
132857  -51.973  6.346  38.675 0.0000000000
85223  -51.468  7.455  38.392 0.0000000000
85230  -51.526  7.316  37.582 0.0000000000
86437  -52.314  9.868  38.214 0.0000000000
87032  -53.280  10.194  37.878 0.0000000000
118224  -54.158  10.489  37.710 0.0000000000
88202  -52.390  12.571  40.619 0.0000000000
87628  -52.047  11.838  40.082 0.0000000000
88211  -52.957  12.147  40.002 0.0000000000
88221  -56.657  12.594  39.159 0.0000000000
87637  -55.095  12.066  39.179 0.0000000000
87638  -55.907  12.185  38.997 0.0000000000
87654  -55.823  11.321  37.725 0.0000000000
88236  -57.713  12.549  37.948 0.0000000000
87656  -58.129  12.183  36.964 0.0000000000
88223  -58.122  13.119  38.478 0.0000000000
89442  -57.768  14.593  37.678 0.0000000000
90041  -56.548  15.231  36.934 0.0000000000
90054  -55.643  15.685  36.206 0.0000000000
90053  -55.612  15.952  36.515 0.0000000000
78414  -51.609  -1.515  28.455 0.0000000000
79145  -51.494  -0.711  28.397 0.0000000000
82115  -50.485  3.082  47.315 0.0000000000
82928  -50.893  3.937  47.240 0.0000000000
83706  -52.017  5.098  47.365 0.0000000000
127984  -52.047  3.855  47.406 0.0000000000
135789  -52.333  8.133  48.426 0.0000000000
85121  -52.112  7.523  48.203 0.0000000000
120281  -52.974  7.720  48.390 0.0000000000
84454  -55.497  6.377  48.519 0.0000000000
83697  -55.856  5.236  48.444 0.0000000000
85125  -56.386  6.696  48.918 0.0000000000
137751  -57.457  7.796  49.881 0.0000000000
123262  -58.116  7.286  49.814 0.0000000000
85113  -59.155  7.123  50.014 0.0000000000
129920  -59.199  7.869  50.173 0.0000000000
87565  -56.084  11.109  50.255 0.0000000000
87566  -57.505  11.221  50.502 0.0000000000
86948  -60.151  10.793  49.274 0.0000000000
86949  -60.254  10.393  49.054 0.0000000000
86353  -60.077  9.367  49.219 0.0000000000
86961  -59.965  10.333  48.741 0.0000000000
86965  -58.934  10.083  48.044 0.0000000000
87582  -59.234  11.051  48.337 0.0000000000
88157  -57.224  12.767  47.704 0.0000000000
120015  -57.595  12.135  47.660 0.0000000000
88156  -56.577  12.382  47.369 0.0000000000
121868  -55.783  12.711  46.952 0.0000000000
135625  -55.527  13.671  47.177 0.0000000000
75974  -57.416  -3.836  38.032 0.0000000000
75973  -56.242  -4.070  38.166 0.0000000000
75959  -55.705  -4.123  39.216 0.0000000000
75958  -54.750  -4.366  39.432 0.0000000000
76789  -56.401  -3.345  42.570 0.0000000000
77580  -57.235  -2.887  42.771 0.0000000000
76790  -57.065  -3.256  42.125 0.0000000000
76800  -56.282  -3.575  41.603 0.0000000000
76812  -56.776  -3.592  40.595 0.0000000000
75932  -54.079  -4.226  41.777 0.0000000000
122578  -54.510  -4.245  41.170 0.0000000000
118825  -53.710  -4.458  41.013 0.0000000000
75945  -53.250  -4.728  40.288 0.0000000000
116187  -52.905  -4.666  40.950 0.0000000000
75930  -52.207  -4.814  41.420 0.0000000000
75902  -50.787  -4.550  43.095 0.0000000000
75915  -50.616  -4.641  42.206 0.0000000000
75914  -50.002  -4.375  42.722 0.0000000000
76786  -49.454  -3.950  42.309 0.0000000000
74992  -51.413  -5.163  45.596 0.0000000000
75877  -51.089  -4.953  45.044 0.0000000000
74991  -50.748  -5.201  45.720 0.0000000000
75874  -48.615  -4.591  45.512 0.0000000000
75889  -48.893  -4.318  44.742 0.0000000000
76760  -48.485  -3.683  44.276 0.0000000000
76759  -47.875  -3.345  44.648 0.0000000000
77566  -47.731  -2.429  44.360 0.0000000000
118187  -47.586  -2.858  45.104 0.0000000000
75814  -54.171  -4.884  51.686 0.0000000000
125851  -52.204  1.886  53.550 0.0000000000
80557  -52.679  1.240  53.692 0.0000000000
124463  -53.314  -0.863  53.900 0.0000000000
78979  -52.709  -0.278  53.702 0.0000000000
81328  -50.141  2.402  52.884 0.0000000000
79780  -50.221  0.741  52.880 0.0000000000
78239  -50.650  -1.091  53.041 0.0000000000
78232  -51.489  -1.317  53.308 0.0000000000
78233  -52.275  -1.543  53.491 0.0000000000
77487  -51.770  -2.130  53.261 0.0000000000
76671  -52.937  -3.146  53.250 0.0000000000
77501  -52.099  -2.931  53.112 0.0000000000
75798  -51.146  -4.110  52.258 0.0000000000
75799  -51.987  -4.290  52.389 0.0000000000
75811  -51.540  -4.720  51.765 0.0000000000
74919  -52.808  -5.210  51.102 0.0000000000
74918  -51.934  -5.177  51.112 0.0000000000
74926  -51.407  -5.477  50.400 0.0000000000
74917  -51.031  -5.123  51.137 0.0000000000
75808  -48.606  -4.592  51.470 0.0000000000
75820  -48.785  -5.330  50.844 0.0000000000
129995  -48.082  -4.873  50.996 0.0000000000
74923  -47.935  -5.211  50.248 0.0000000000
74922  -47.252  -4.692  50.072 0.0000000000
79795  -47.625  -0.027  48.132 0.0000000000
124841  -48.036  0.594  47.667 0.0000000000
79804  -49.032  0.377  47.455 0.0000000000
80592  -48.551  1.271  47.467 0.0000000000
81347  -49.027  2.032  47.315 0.0000000000
81346  -48.033  2.297  47.446 0.0000000000
82112  -47.921  3.994  47.496 0.0000000000
82921  -46.547  4.548  48.139 0.0000000000
83695  -46.328  5.538  48.306 0.0000000000
85129  -48.002  7.583  47.579 0.0000000000
84462  -48.438  6.814  47.513 0.0000000000
85779  -48.500  8.275  47.634 0.0000000000
86370  -49.075  8.993  47.684 0.0000000000
130790  -55.728  -7.688  32.702 0.0000000000
73321  -56.223  -7.199  32.274 0.0000000000
74198  -55.678  -6.541  31.376 0.0000000000
74197  -55.237  -6.567  31.017 0.0000000000
74196  -54.512  -6.850  31.048 0.0000000000
74206  -54.790  -6.272  30.764 0.0000000000
123089  -52.026  -4.790  37.780 0.0000000000
76834  -51.258  -4.189  37.626 0.0000000000
76852  -51.288  -3.598  36.007 0.0000000000
75991  -51.725  -4.297  36.247 0.0000000000
78365  -51.097  -1.858  34.638 0.0000000000
124131  -50.772  -1.894  35.432 0.0000000000
115790  -52.800  -4.508  33.704 0.0000000000
76020  -52.790  -4.343  32.867 0.0000000000
76032  -53.648  -4.802  32.268 0.0000000000
76048  -53.962  -5.164  30.144 0.0000000000
76047  -53.509  -4.742  29.453 0.0000000000
77662  -53.743  -3.349  28.863 0.0000000000
119468  -53.857  -3.050  27.852 0.0000000000
79133  -53.078  -0.311  30.179 0.0000000000
79139  -53.000  -0.909  29.852 0.0000000000
79146  -54.461  -1.564  27.861 0.0000000000
77680  -53.642  -2.818  27.456 0.0000000000
78424  -53.946  -2.106  27.056 0.0000000000
79154  -54.498  -1.323  26.547 0.0000000000
79162  -54.807  -0.519  26.132 0.0000000000
79161  -54.043  -0.733  26.315 0.0000000000
79967  -54.459  0.157  25.928 0.0000000000
79966  -53.442  0.276  26.373 0.0000000000
80790  -54.858  1.121  25.564 0.0000000000
81350  -51.990  1.970  47.192 0.0000000000
80612  -51.495  1.705  46.645 0.0000000000
80605  -52.257  1.972  46.936 0.0000000000
82134  -52.900  2.801  45.723 0.0000000000
81378  -51.892  2.582  45.314 0.0000000000
82145  -52.346  3.407  44.739 0.0000000000
82144  -51.723  3.333  44.286 0.0000000000
82153  -52.008  3.954  43.838 0.0000000000
119833  -54.899  4.062  46.077 0.0000000000
82954  -55.248  4.775  45.217 0.0000000000
82975  -54.672  4.755  42.401 0.0000000000
82965  -54.398  5.025  43.291 0.0000000000
82974  -53.882  4.513  42.707 0.0000000000
82973  -53.093  4.211  42.858 0.0000000000
135218  -53.596  4.001  42.338 0.0000000000
118978  -53.182  2.955  41.584 0.0000000000
82169  -53.788  3.492  41.767 0.0000000000
82178  -55.874  3.363  40.423 0.0000000000
120298  -54.970  3.182  40.651 0.0000000000
81409  -55.324  2.896  39.931 0.0000000000
81420  -55.074  2.265  38.890 0.0000000000
81415  -55.530  2.676  39.217 0.0000000000
85137  -58.722  7.616  46.112 0.0000000000
136777  -59.601  7.283  46.237 0.0000000000
85148  -59.385  7.369  45.455 0.0000000000
135483  -60.108  7.457  42.830 0.0000000000
85169  -60.510  7.218  43.232 0.0000000000
84500  -60.820  6.916  42.576 0.0000000000
83762  -60.470  6.362  42.567 0.0000000000
83774  -60.750  6.804  42.031 0.0000000000
85214  -57.959  7.870  39.544 0.0000000000
85206  -58.449  7.701  40.156 0.0000000000
83792  -60.345  6.090  38.725 0.0000000000
83793  -60.471  6.690  39.515 0.0000000000
119961  -60.123  5.599  39.969 0.0000000000
135783  -59.187  4.953  40.487 0.0000000000
82998  -59.394  4.804  39.767 0.0000000000
82997  -58.391  4.257  40.509 0.0000000000
83006  -58.678  4.027  39.828 0.0000000000
81433  -57.861  2.856  37.450 0.0000000000
81423  -57.358  2.955  38.179 0.0000000000
81432  -56.895  2.611  37.573 0.0000000000
80681  -56.340  2.163  37.008 0.0000000000
80692  -56.697  2.002  36.234 0.0000000000
80693  -57.565  2.255  35.959 0.0000000000
81456  -59.091  2.367  34.347 0.0000000000
80715  -58.309  1.901  34.286 0.0000000000
80726  -58.152  1.715  33.395 0.0000000000
80738  -58.575  1.709  32.430 0.0000000000
83070  -57.984  3.973  33.808 0.0000000000
83071  -58.733  3.979  34.035 0.0000000000
126345  -58.349  3.477  33.108 0.0000000000
82256  -58.699  3.082  29.764 0.0000000000
82250  -58.865  3.019  30.734 0.0000000000
81484  -58.773  2.566  30.320 0.0000000000
80760  -58.478  2.223  29.733 0.0000000000
80770  -58.432  2.395  28.904 0.0000000000
80778  -57.547  1.691  28.109 0.0000000000
81511  -58.008  2.653  27.463 0.0000000000
81508  -55.789  2.840  26.526 0.0000000000
81507  -54.707  2.805  26.338 0.0000000000
81516  -53.441  1.956  26.328 0.0000000000
81499  -53.145  3.096  27.366 0.0000000000
83868  -55.341  6.519  28.892 0.0000000000
84607  -54.707  7.062  28.897 0.0000000000
85304  -52.546  7.426  28.203 0.0000000000
84610  -53.203  6.980  28.358 0.0000000000
85863  -52.180  8.311  36.190 0.0000000000
85246  -51.971  7.485  35.132 0.0000000000
85870  -52.378  8.193  35.471 0.0000000000
124996  -55.275  9.390  33.539 0.0000000000
85878  -54.407  8.951  34.258 0.0000000000
85886  -54.453  8.941  33.190 0.0000000000
132592  -54.731  9.310  32.155 0.0000000000
86491  -55.566  9.922  31.402 0.0000000000
87695  -56.375  11.735  34.047 0.0000000000
87708  -56.586  11.096  33.605 0.0000000000
128603  -55.226  11.359  32.996 0.0000000000
87092  -52.784  10.504  31.657 0.0000000000
87093  -54.497  10.717  31.529 0.0000000000
117865  -53.735  10.593  31.255 0.0000000000
87102  -54.533  10.342  30.497 0.0000000000
119365  -53.344  10.257  30.550 0.0000000000
86506  -52.454  10.018  29.974 0.0000000000
86505  -51.355  9.798  30.427 0.0000000000
86502  -48.228  9.528  30.616 0.0000000000
86515  -47.380  9.231  29.194 0.0000000000
85294  -46.566  8.485  29.003 0.0000000000
85905  -46.250  8.537  29.232 0.0000000000
86513  -45.991  8.862  29.499 0.0000000000
87088  -45.904  10.320  31.536 0.0000000000
87100  -45.434  9.672  30.830 0.0000000000
87099  -44.588  9.945  31.207 0.0000000000
87086  -43.829  10.772  31.117 0.0000000000
134758  -48.275  10.771  34.613 0.0000000000
87061  -47.598  10.691  34.335 0.0000000000
87688  -44.533  12.126  33.346 0.0000000000
87702  -44.990  11.506  32.754 0.0000000000
88284  -42.664  11.900  32.330 0.0000000000
90037  -51.179  16.063  37.955 0.0000000000
89438  -50.545  14.756  38.174 0.0000000000
90036  -50.471  15.648  38.095 0.0000000000
89428  -48.309  14.762  38.155 0.0000000000
88807  -47.144  14.030  38.179 0.0000000000
79821  -48.834  0.260  45.646 0.0000000000
79828  -48.587  0.314  44.618 0.0000000000
80619  -50.367  1.741  45.148 0.0000000000
117937  -50.204  14.981  44.851 0.0000000000
89384  -49.890  15.128  44.099 0.0000000000
89396  -51.022  14.669  42.317 0.0000000000
89997  -51.434  15.365  42.600 0.0000000000
89998  -52.588  15.560  42.721 0.0000000000
89999  -53.905  15.622  43.039 0.0000000000
74970  -54.620  -5.340  47.707 0.0000000000
74984  -54.034  -5.443  47.084 0.0000000000
74969  -53.169  -5.612  47.197 0.0000000000
74948  -52.733  -5.690  48.071 0.0000000000
82912  -44.692  4.739  50.515 0.0000000000
75972  -55.098  -4.360  38.019 0.0000000000
117797  -53.682  -4.804  37.096 0.0000000000
79884  -52.298  0.746  37.200 0.0000000000
121725  -52.408  0.724  36.255 0.0000000000
136556  -52.784  0.899  35.552 0.0000000000
80711  -53.641  1.191  34.497 0.0000000000
80712  -54.531  1.402  34.247 0.0000000000
117209  -55.404  1.574  34.873 0.0000000000
134035  -59.074  5.608  48.664 0.0000000000
83716  -58.195  5.187  47.408 0.0000000000
83712  -59.231  5.517  47.875 0.0000000000
83713  -59.931  5.965  47.253 0.0000000000
83728  -59.764  6.237  46.236 0.0000000000
84547  -53.717  5.927  38.890 0.0000000000
84548  -54.857  6.158  38.773 0.0000000000
83020  -54.162  4.587  37.012 0.0000000000
83032  -54.777  4.316  36.287 0.0000000000
133851  -54.131  3.994  35.920 0.0000000000
119349  -53.621  4.028  35.474 0.0000000000
83067  -53.224  4.556  33.719 0.0000000000
83842  -53.045  4.884  32.982 0.0000000000
83056  -52.742  4.776  34.290 0.0000000000
83841  -52.422  5.481  33.983 0.0000000000
84575  -52.063  6.727  33.937 0.0000000000
88842  -55.715  13.903  35.533 0.0000000000
88854  -56.081  13.232  35.142 0.0000000000
88841  -54.497  13.669  35.242 0.0000000000
88840  -53.804  13.419  35.463 0.0000000000
87667  -51.704  12.142  36.140 0.0000000000
123538  -52.144  12.726  36.421 0.0000000000
88235  -50.802  13.049  37.355 0.0000000000
77606  -49.409  -2.535  40.971 0.0000000000
78332  -49.629  -1.820  40.429 0.0000000000
80641  -49.831  0.935  41.908 0.0000000000
79863  -51.324  0.527  40.210 0.0000000000
80651  -51.858  1.050  40.745 0.0000000000
80652  -52.577  1.362  40.408 0.0000000000
81406  -52.998  1.888  40.793 0.0000000000
86968  -55.793  10.481  46.525 0.0000000000
86375  -56.025  9.688  46.322 0.0000000000
86975  -55.256  10.124  45.922 0.0000000000
86982  -50.554  10.861  43.972 0.0000000000
86996  -51.846  10.016  43.876 0.0000000000
86995  -50.906  10.171  43.694 0.0000000000
85815  -51.749  8.795  43.087 0.0000000000
85826  -51.438  8.522  42.386 0.0000000000
85835  -51.730  7.899  42.039 0.0000000000
135100  -51.237  8.377  41.734 0.0000000000
85841  -51.188  8.037  40.478 0.0000000000
85844  -51.170  8.216  39.621 0.0000000000
85847  -51.318  8.412  38.677 0.0000000000
86430  -50.958  9.080  39.317 0.0000000000
116578  -51.857  10.298  38.981 0.0000000000
87019  -52.549  10.920  39.175 0.0000000000
88792  -54.174  13.222  41.336 0.0000000000
88204  -54.608  12.802  40.651 0.0000000000
88205  -55.827  12.907  40.788 0.0000000000
88215  -57.235  13.068  39.769 0.0000000000
88811  -58.268  13.625  38.361 0.0000000000
89420  -57.922  13.851  39.095 0.0000000000
89430  -57.722  14.384  38.731 0.0000000000
90022  -56.870  15.148  38.055 0.0000000000
78407  -51.749  -2.290  28.472 0.0000000000
126377  -50.211  4.693  47.292 0.0000000000
83705  -50.552  5.436  47.375 0.0000000000
133316  -51.247  5.676  47.417 0.0000000000
84466  -52.082  6.132  47.551 0.0000000000
85774  -53.707  8.400  48.712 0.0000000000
85124  -55.707  7.390  48.911 0.0000000000
85111  -55.998  8.219  49.453 0.0000000000
122266  -57.039  8.250  49.974 0.0000000000
120890  -57.911  9.074  50.071 0.0000000000
127600  -59.964  12.422  50.432 0.0000000000
87567  -59.266  11.612  50.198 0.0000000000
88143  -60.215  12.729  50.208 0.0000000000
122494  -60.293  12.315  49.747 0.0000000000
116602  -60.026  12.093  49.171 0.0000000000
87579  -58.801  11.934  48.457 0.0000000000
135464  -59.174  12.630  48.866 0.0000000000
88739  -57.521  13.397  47.927 0.0000000000
76845  -58.688  -3.641  37.446 0.0000000000
76835  -57.816  -3.639  38.614 0.0000000000
76823  -56.220  -3.933  39.884 0.0000000000
122169  -55.723  -3.436  43.053 0.0000000000
76787  -54.907  -3.697  42.804 0.0000000000
75920  -54.742  -3.865  42.086 0.0000000000
75919  -54.212  -4.028  42.548 0.0000000000
75918  -53.501  -4.318  42.318 0.0000000000
75917  -52.681  -4.497  42.184 0.0000000000
116188  -51.951  -4.648  42.140 0.0000000000
115969  -52.257  -4.595  42.816 0.0000000000
120437  -50.960  -4.548  43.834 0.0000000000
74979  -49.631  -5.514  46.612 0.0000000000
74990  -49.929  -5.198  45.875 0.0000000000
75860  -48.327  -4.849  46.257 0.0000000000
75873  -48.028  -4.318  45.742 0.0000000000
76748  -47.649  -3.636  45.567 0.0000000000
76737  -47.424  -3.419  46.417 0.0000000000
79779  -49.310  0.814  52.557 0.0000000000
78984  -49.571  0.014  52.606 0.0000000000
77500  -51.266  -2.752  52.915 0.0000000000
77499  -50.370  -2.621  52.726 0.0000000000
75797  -50.288  -3.992  52.099 0.0000000000
130196  -49.981  -4.525  51.708 0.0000000000
76694  -49.322  -4.074  51.945 0.0000000000
76693  -48.312  -3.819  51.880 0.0000000000
76692  -47.460  -3.554  51.670 0.0000000000
79794  -46.747  0.096  48.580 0.0000000000
80582  -46.989  0.910  48.044 0.0000000000
81345  -47.119  2.417  47.689 0.0000000000
82924  -47.395  4.626  47.676 0.0000000000
73334  -56.479  -6.681  32.101 0.0000000000
75104  -55.703  -6.141  31.509 0.0000000000
78382  -51.515  -1.659  33.437 0.0000000000
77645  -51.471  -2.357  33.971 0.0000000000
77649  -51.663  -2.324  33.021 0.0000000000
76873  -52.003  -2.960  32.478 0.0000000000
76031  -52.925  -4.188  31.921 0.0000000000
76874  -52.527  -3.452  31.822 0.0000000000
76885  -53.470  -3.610  29.903 0.0000000000
77670  -53.642  -2.392  29.099 0.0000000000
79933  -54.311  0.691  30.507 0.0000000000
79942  -53.824  -0.039  29.828 0.0000000000
79943  -54.746  0.254  29.543 0.0000000000
79147  -55.036  -1.043  27.212 0.0000000000
79953  -55.898  -0.471  27.107 0.0000000000
79962  -56.286  0.254  26.589 0.0000000000
79969  -55.966  0.380  25.977 0.0000000000
122355  -53.268  2.470  47.204 0.0000000000
133029  -52.965  2.201  46.948 0.0000000000
81352  -53.404  2.394  47.020 0.0000000000
82135  -53.725  3.149  46.076 0.0000000000
83735  -56.484  5.420  44.113 0.0000000000
83734  -55.584  5.249  44.241 0.0000000000
83746  -55.952  5.465  43.201 0.0000000000
83758  -55.193  5.326  42.777 0.0000000000
82170  -54.603  3.600  41.365 0.0000000000
82995  -56.391  3.879  40.866 0.0000000000
82179  -56.818  3.520  40.246 0.0000000000
85157  -57.987  7.628  44.076 0.0000000000
118580  -59.145  7.497  44.488 0.0000000000
85167  -57.957  7.610  43.261 0.0000000000
85178  -58.662  7.613  42.591 0.0000000000
118579  -60.017  7.604  41.518 0.0000000000
84551  -58.962  7.089  37.625 0.0000000000
83805  -59.560  6.638  37.218 0.0000000000
83806  -60.174  5.936  37.790 0.0000000000
82200  -58.813  3.739  38.547 0.0000000000
82210  -59.175  3.783  37.702 0.0000000000
122673  -58.687  3.192  37.275 0.0000000000
127900  -58.260  2.872  36.796 0.0000000000
135329  -58.253  2.702  36.051 0.0000000000
81448  -59.049  3.005  35.239 0.0000000000
81464  -59.272  2.407  33.538 0.0000000000
82240  -57.202  3.892  32.153 0.0000000000
140254  -57.895  3.610  32.405 0.0000000000
83087  -57.751  3.913  30.696 0.0000000000
82255  -58.367  3.537  30.216 0.0000000000
82265  -57.912  3.504  29.125 0.0000000000
82277  -57.885  3.269  28.022 0.0000000000
82276  -56.963  3.706  27.888 0.0000000000
122374  -56.363  3.921  27.836 0.0000000000
82280  -54.188  3.349  27.263 0.0000000000
82275  -55.764  4.348  27.786 0.0000000000
129103  -55.163  5.560  27.836 0.0000000000
84599  -53.836  7.071  29.946 0.0000000000
85306  -54.283  7.224  28.565 0.0000000000
85914  -53.745  7.893  28.599 0.0000000000
85311  -52.766  7.977  28.130 0.0000000000
118818  -54.084  9.539  36.300 0.0000000000
86459  -53.728  9.190  35.725 0.0000000000
86460  -54.754  9.469  35.633 0.0000000000
86466  -55.245  9.386  34.612 0.0000000000
86467  -56.010  9.729  33.812 0.0000000000
87705  -53.594  11.293  33.161 0.0000000000
129251  -54.187  11.185  32.451 0.0000000000
87704  -52.706  10.935  33.164 0.0000000000
87079  -52.450  10.682  32.507 0.0000000000
86490  -51.143  9.824  31.395 0.0000000000
86489  -50.365  9.889  32.019 0.0000000000
133850  -48.985  9.685  31.359 0.0000000000
86486  -47.511  9.844  31.612 0.0000000000
87675  -46.504  11.366  35.523 0.0000000000
87690  -46.224  11.242  34.529 0.0000000000
87674  -45.666  11.715  35.117 0.0000000000
87673  -44.784  12.094  34.596 0.0000000000
88270  -43.998  12.669  33.930 0.0000000000
88269  -43.126  12.903  33.485 0.0000000000
88257  -43.354  13.112  34.505 0.0000000000
88839  -42.764  13.593  35.088 0.0000000000
138033  -48.153  -1.499  42.948 0.0000000000
79845  -48.480  0.177  42.881 0.0000000000
79839  -48.818  0.871  43.120 0.0000000000
80633  -49.444  1.331  42.660 0.0000000000
81391  -50.588  2.340  42.593 0.0000000000
88159  -53.356  12.659  45.868 0.0000000000
88168  -52.339  12.548  45.500 0.0000000000
87599  -51.159  11.675  44.844 0.0000000000
89374  -50.344  14.144  45.023 0.0000000000
88176  -50.502  12.298  44.647 0.0000000000
87598  -50.432  11.556  44.274 0.0000000000
87609  -49.958  11.414  43.496 0.0000000000
87614  -49.892  11.302  42.614 0.0000000000
87620  -50.163  11.176  41.602 0.0000000000
87626  -50.641  11.335  40.807 0.0000000000
88200  -50.512  11.872  41.304 0.0000000000
88195  -51.702  12.885  41.107 0.0000000000
123507  -52.361  13.029  41.066 0.0000000000
89405  -51.682  14.149  41.879 0.0000000000
88782  -52.350  13.547  41.457 0.0000000000
88784  -54.976  13.721  42.287 0.0000000000
88785  -56.050  13.816  42.445 0.0000000000
89410  -56.309  14.216  42.188 0.0000000000
85781  -50.140  8.178  47.709 0.0000000000
85782  -50.912  8.170  47.942 0.0000000000
116281  -52.073  8.782  48.428 0.0000000000
86958  -51.402  10.445  48.333 0.0000000000
86364  -52.560  9.450  48.617 0.0000000000
116443  -54.021  -4.395  44.686 0.0000000000
127238  -53.378  -4.752  45.132 0.0000000000
138613  -52.715  -4.788  44.863 0.0000000000
74993  -52.694  -5.047  45.553 0.0000000000
129082  -51.981  -5.243  45.926 0.0000000000
74981  -51.274  -5.408  46.246 0.0000000000
74968  -52.235  -5.708  47.198 0.0000000000
74967  -51.150  -5.777  47.167 0.0000000000
134279  -50.201  -5.777  47.085 0.0000000000
74965  -49.488  -5.779  47.382 0.0000000000
74964  -48.720  -5.651  47.684 0.0000000000
82091  -49.327  3.890  52.421 0.0000000000
127938  -48.903  3.090  52.459 0.0000000000
128534  -49.344  2.337  52.594 0.0000000000
81326  -48.509  2.300  52.387 0.0000000000
80562  -48.927  1.551  52.459 0.0000000000
128673  -48.512  0.820  52.411 0.0000000000
82108  -45.400  3.116  48.975 0.0000000000
82109  -45.925  3.118  48.313 0.0000000000
129624  -45.705  3.937  48.602 0.0000000000
83694  -45.512  5.408  48.806 0.0000000000
82916  -44.870  4.856  49.781 0.0000000000
79078  -50.750  -0.905  37.395 0.0000000000
79087  -50.834  -0.929  36.588 0.0000000000
79094  -50.861  -0.982  35.732 0.0000000000
119091  -50.965  -1.099  34.861 0.0000000000
79108  -51.611  -0.818  33.382 0.0000000000
78391  -52.128  -1.497  31.903 0.0000000000
79125  -52.414  -0.712  31.571 0.0000000000
79924  -52.816  -0.064  31.118 0.0000000000
79925  -53.346  0.491  31.627 0.0000000000
119419  -53.892  0.760  31.223 0.0000000000
123478  -54.465  1.099  31.246 0.0000000000
80756  -55.088  1.307  30.797 0.0000000000
82932  -55.780  4.299  47.820 0.0000000000
82137  -55.120  3.713  46.849 0.0000000000
82936  -55.841  4.104  47.200 0.0000000000
82937  -56.659  4.498  46.845 0.0000000000
83725  -56.838  5.108  45.902 0.0000000000
83736  -57.118  5.466  44.863 0.0000000000
136308  -57.335  5.541  44.023 0.0000000000
83748  -58.095  5.595  43.472 0.0000000000
128216  -55.415  7.605  41.440 0.0000000000
118156  -56.480  7.769  41.061 0.0000000000
85213  -56.721  7.723  40.067 0.0000000000
84535  -56.901  7.419  39.047 0.0000000000
84549  -56.100  6.587  38.486 0.0000000000
84550  -57.578  6.985  38.038 0.0000000000
83815  -57.868  6.022  36.728 0.0000000000
83829  -58.667  6.024  35.481 0.0000000000
83830  -59.064  5.867  35.258 0.0000000000
83035  -57.949  5.340  35.422 0.0000000000
83047  -57.859  4.855  34.828 0.0000000000
83069  -57.070  4.076  33.633 0.0000000000
83059  -55.558  4.126  34.684 0.0000000000
82231  -56.540  4.003  32.789 0.0000000000
117263  -56.259  4.136  31.865 0.0000000000
83085  -56.162  4.556  30.854 0.0000000000
83093  -56.165  5.101  29.833 0.0000000000
83862  -55.862  5.911  29.261 0.0000000000
83092  -55.370  5.173  30.519 0.0000000000
83854  -54.421  5.513  30.922 0.0000000000
83860  -54.082  6.222  30.400 0.0000000000
83849  -53.071  5.443  32.181 0.0000000000
83853  -53.624  5.817  31.313 0.0000000000
84593  -53.472  6.490  30.876 0.0000000000
130541  -53.063  7.113  30.988 0.0000000000
117733  -53.150  8.002  31.024 0.0000000000
85906  -53.324  8.952  30.053 0.0000000000
87052  -57.899  11.048  35.676 0.0000000000
87051  -57.310  10.401  35.388 0.0000000000
88274  -57.777  12.016  34.943 0.0000000000
88281  -55.293  11.751  33.892 0.0000000000
88271  -54.871  12.499  34.560 0.0000000000
130170  -54.481  11.914  34.103 0.0000000000
87693  -52.793  11.347  34.043 0.0000000000
87063  -49.809  10.952  34.359 0.0000000000
130514  -49.393  11.182  35.092 0.0000000000
87048  -48.613  11.061  35.208 0.0000000000
87665  -49.935  11.717  36.338 0.0000000000
87678  -49.084  11.341  35.966 0.0000000000
87677  -48.156  11.208  35.919 0.0000000000
87663  -47.644  11.465  36.556 0.0000000000
87651  -47.173  11.851  37.062 0.0000000000
88247  -46.364  12.067  36.899 0.0000000000
118528  -51.616  -4.733  39.224 0.0000000000
75968  -50.792  -4.330  39.071 0.0000000000
76810  -50.010  -3.661  40.061 0.0000000000
77621  -50.301  -2.896  38.347 0.0000000000
140312  -50.464  -1.494  37.709 0.0000000000
78314  -48.653  -1.386  42.000 0.0000000000
78324  -49.285  -1.458  41.214 0.0000000000
129108  -49.658  -1.106  40.631 0.0000000000
79861  -50.058  -0.107  41.003 0.0000000000
78333  -49.909  -1.211  40.012 0.0000000000
79883  -51.658  0.306  37.557 0.0000000000
79877  -52.227  0.738  38.066 0.0000000000
80677  -52.865  1.129  37.731 0.0000000000
80678  -53.577  1.398  37.527 0.0000000000
80679  -54.424  1.615  37.420 0.0000000000
85789  -59.410  8.009  47.459 0.0000000000
85788  -58.400  8.161  46.810 0.0000000000
85797  -57.794  7.913  46.003 0.0000000000
86386  -56.409  8.927  45.934 0.0000000000
85796  -56.861  7.967  45.456 0.0000000000
85146  -56.972  7.700  44.486 0.0000000000
85177  -56.234  7.695  42.764 0.0000000000
135306  -53.516  11.387  45.427 0.0000000000
86973  -53.731  10.795  45.184 0.0000000000
86383  -54.066  10.098  44.880 0.0000000000
86391  -52.727  9.829  44.104 0.0000000000
86392  -53.581  9.615  44.336 0.0000000000
85804  -53.956  8.862  44.024 0.0000000000
85818  -54.441  8.138  43.605 0.0000000000
85165  -54.665  7.753  42.958 0.0000000000
118930  -55.227  7.678  42.363 0.0000000000
85204  -54.534  7.235  40.963 0.0000000000
84520  -53.878  6.727  40.239 0.0000000000
85202  -52.383  6.945  40.930 0.0000000000
84519  -52.768  6.629  40.245 0.0000000000
84532  -53.238  6.343  39.529 0.0000000000
84546  -52.671  6.084  38.778 0.0000000000
119683  -52.132  5.943  37.971 0.0000000000
84557  -51.906  5.776  37.028 0.0000000000
84561  -51.608  6.592  36.508 0.0000000000
85238  -51.578  7.211  36.880 0.0000000000
85862  -51.779  8.027  36.913 0.0000000000
85855  -52.397  8.831  36.660 0.0000000000
86444  -51.797  9.056  37.950 0.0000000000
117148  -53.236  9.326  36.490 0.0000000000
86446  -53.927  9.858  37.095 0.0000000000
87034  -56.443  10.901  36.882 0.0000000000
87627  -51.294  11.404  40.284 0.0000000000
87635  -52.702  11.505  39.562 0.0000000000
87644  -53.428  11.255  39.053 0.0000000000
88212  -53.889  12.306  39.958 0.0000000000
87636  -54.165  11.874  39.374 0.0000000000
87645  -54.396  11.456  38.727 0.0000000000
87027  -54.723  11.079  38.000 0.0000000000
87035  -57.558  11.354  36.490 0.0000000000
88252  -58.291  12.809  36.402 0.0000000000
88844  -57.903  13.481  36.125 0.0000000000
88822  -58.482  13.854  37.621 0.0000000000
133642  -58.064  13.997  36.722 0.0000000000
89454  -57.233  14.069  36.391 0.0000000000
89460  -56.312  14.248  36.015 0.0000000000
89453  -55.482  14.920  35.883 0.0000000000
89451  -53.744  15.383  36.202 0.0000000000
128466  -49.916  1.640  47.368 0.0000000000
80593  -50.518  1.345  47.213 0.0000000000
132894  -51.194  2.208  47.378 0.0000000000
126282  -52.580  2.607  47.368 0.0000000000
124919  -53.235  3.161  47.433 0.0000000000
82930  -54.088  3.781  47.507 0.0000000000
85133  -51.356  7.455  47.903 0.0000000000
120820  -51.818  6.909  47.852 0.0000000000
85122  -53.374  6.967  48.204 0.0000000000
84467  -53.244  6.130  47.762 0.0000000000
84468  -54.133  5.593  47.909 0.0000000000
83708  -54.592  4.677  47.833 0.0000000000
83709  -55.438  4.607  48.077 0.0000000000
136978  -56.059  4.675  48.288 0.0000000000
131115  -56.609  5.030  48.567 0.0000000000
131207  -57.291  5.415  48.852 0.0000000000
84447  -57.459  6.337  49.207 0.0000000000
84456  -58.270  5.569  49.077 0.0000000000
84457  -59.410  6.133  49.192 0.0000000000
84458  -60.271  6.820  49.142 0.0000000000
85126  -60.479  7.648  48.953 0.0000000000
86350  -57.357  9.866  49.963 0.0000000000
132407  -59.478  11.051  49.815 0.0000000000
86351  -59.149  10.071  50.003 0.0000000000
85761  -59.421  8.884  50.188 0.0000000000
130155  -59.999  8.864  49.892 0.0000000000
85763  -60.260  8.356  49.604 0.0000000000
85776  -60.216  8.556  48.977 0.0000000000
86372  -58.541  9.372  47.727 0.0000000000
86963  -57.125  10.612  47.458 0.0000000000
128163  -57.954  11.310  47.726 0.0000000000
87586  -56.338  10.774  47.020 0.0000000000
135178  -56.026  12.021  46.866 0.0000000000
123424  -54.009  13.155  46.328 0.0000000000
89362  -54.780  14.525  47.243 0.0000000000
123063  -54.339  -4.538  38.739 0.0000000000
75933  -55.201  -3.920  41.472 0.0000000000
75947  -55.024  -4.178  40.762 0.0000000000
75943  -51.397  -5.123  40.884 0.0000000000
75928  -50.481  -4.807  41.265 0.0000000000
137933  -49.536  -3.990  41.795 0.0000000000
76785  -48.982  -3.371  42.635 0.0000000000
75892  -51.452  -4.696  44.370 0.0000000000
75891  -50.634  -4.645  44.439 0.0000000000
75875  -49.416  -4.790  45.310 0.0000000000
75890  -49.776  -4.505  44.551 0.0000000000
76774  -48.764  -3.451  43.473 0.0000000000
122176  -48.517  -2.641  43.017 0.0000000000
77579  -47.988  -2.262  43.562 0.0000000000
78305  -47.766  -1.650  43.845 0.0000000000
79030  -47.910  -0.882  44.826 0.0000000000
79021  -48.090  -0.730  45.540 0.0000000000
79022  -48.503  -0.321  46.077 0.0000000000
79812  -49.266  0.155  47.163 0.0000000000
74929  -53.971  -5.349  50.247 0.0000000000
78972  -54.069  -0.647  54.213 0.0000000000
78225  -53.887  -1.432  54.094 0.0000000000
77481  -53.825  -2.172  53.940 0.0000000000
129444  -50.565  3.175  52.916 0.0000000000
79772  -51.556  0.377  53.376 0.0000000000
79771  -50.896  0.295  53.118 0.0000000000
128844  -51.979  -0.136  53.487 0.0000000000
78978  -52.058  -0.787  53.505 0.0000000000
78234  -53.110  -1.699  53.737 0.0000000000
77489  -53.409  -2.592  53.586 0.0000000000
76672  -53.802  -3.309  53.247 0.0000000000
76684  -53.329  -3.938  52.950 0.0000000000
76682  -51.609  -3.557  52.745 0.0000000000
75800  -52.864  -4.439  52.441 0.0000000000
75813  -53.278  -4.941  51.796 0.0000000000
75821  -53.670  -5.232  51.041 0.0000000000
74928  -53.151  -5.391  50.385 0.0000000000
139425  -52.701  -5.510  49.835 0.0000000000
74936  -51.877  -5.627  49.565 0.0000000000
74935  -50.860  -5.779  49.661 0.0000000000
74916  -50.189  -5.034  51.253 0.0000000000
118573  -50.014  -5.943  49.720 0.0000000000
74934  -49.179  -6.047  49.309 0.0000000000
74933  -48.193  -5.636  49.377 0.0000000000
125672  -47.135  -4.606  48.764 0.0000000000
77496  -47.465  -2.229  52.206 0.0000000000
77508  -47.025  -2.874  51.863 0.0000000000
136692  -46.851  -3.315  51.384 0.0000000000
77515  -46.342  -2.646  50.506 0.0000000000
76701  -46.620  -3.373  50.771 0.0000000000
75829  -46.913  -4.299  49.542 0.0000000000
75828  -46.715  -3.814  48.849 0.0000000000
75836  -46.962  -4.188  48.052 0.0000000000
79805  -49.707  0.649  47.229 0.0000000000
81348  -49.670  2.630  47.330 0.0000000000
82114  -49.547  3.620  47.295 0.0000000000
82927  -49.617  4.311  47.300 0.0000000000
122889  -49.509  5.939  47.424 0.0000000000
84463  -49.406  6.685  47.520 0.0000000000
83701  -47.011  5.233  47.850 0.0000000000
85131  -49.756  7.504  47.623 0.0000000000
128497  -49.781  8.720  47.712 0.0000000000
85770  -49.896  9.346  47.750 0.0000000000
115871  -49.924  10.148  47.793 0.0000000000
86360  -48.570  9.731  47.678 0.0000000000
86361  -49.315  9.731  47.683 0.0000000000
137507  -49.813  10.865  47.922 0.0000000000
72470  -54.390  -8.235  32.566 0.0000000000
73333  -56.001  -6.927  31.781 0.0000000000
73319  -54.469  -7.607  31.792 0.0000000000
73331  -53.534  -7.499  31.461 0.0000000000
73339  -53.492  -6.768  30.963 0.0000000000
75983  -52.650  -4.855  37.150 0.0000000000
140220  -53.095  -4.920  36.621 0.0000000000
75992  -52.431  -4.751  36.461 0.0000000000
117930  -53.101  -4.856  36.007 0.0000000000
77630  -50.662  -2.292  36.270 0.0000000000
77631  -50.957  -2.832  35.705 0.0000000000
76855  -51.438  -3.417  35.223 0.0000000000
76013  -52.128  -4.253  34.282 0.0000000000
76021  -53.673  -4.863  33.827 0.0000000000
75103  -55.058  -5.730  31.113 0.0000000000
76040  -53.822  -4.658  31.174 0.0000000000
75111  -54.484  -5.708  30.587 0.0000000000
138851  -53.424  -5.765  30.207 0.0000000000
75109  -52.997  -5.582  29.853 0.0000000000
76052  -53.223  -4.402  28.653 0.0000000000
76056  -53.006  -4.161  28.227 0.0000000000
76897  -53.241  -3.653  27.899 0.0000000000
78402  -52.921  -1.529  30.004 0.0000000000
79140  -53.674  -0.925  29.187 0.0000000000
78409  -54.073  -2.086  28.346 0.0000000000
77674  -53.166  -3.155  27.610 0.0000000000
78422  -52.772  -1.663  27.257 0.0000000000
121678  -52.054  0.136  27.554 0.0000000000
80603  -50.875  1.424  46.889 0.0000000000
80611  -50.776  1.377  46.195 0.0000000000
121155  -51.936  2.048  46.326 0.0000000000
81376  -50.868  2.386  44.673 0.0000000000
82159  -51.353  2.907  42.514 0.0000000000
137573  -54.280  3.766  45.875 0.0000000000
82945  -53.758  4.064  45.167 0.0000000000
82953  -54.770  4.981  44.281 0.0000000000
121924  -54.005  4.595  44.262 0.0000000000
82952  -53.205  4.325  44.291 0.0000000000
82963  -52.695  4.230  43.565 0.0000000000
82160  -52.202  3.739  42.909 0.0000000000
82168  -52.318  3.039  42.023 0.0000000000
81399  -52.640  2.395  41.387 0.0000000000
81400  -53.332  2.432  41.042 0.0000000000
81407  -53.799  2.069  40.426 0.0000000000
81408  -54.577  2.547  40.235 0.0000000000
81413  -54.316  2.022  39.819 0.0000000000
80663  -54.385  1.867  39.032 0.0000000000
122285  -60.026  7.051  46.823 0.0000000000
85139  -59.971  7.018  45.885 0.0000000000
84478  -60.050  6.720  45.497 0.0000000000
85158  -59.979  7.396  43.869 0.0000000000
84485  -60.417  6.858  44.365 0.0000000000
83750  -60.141  6.261  44.188 0.0000000000
117264  -60.150  6.022  43.294 0.0000000000
83761  -59.140  5.674  42.813 0.0000000000
116157  -58.725  5.430  41.849 0.0000000000
85193  -58.200  7.747  40.957 0.0000000000
85194  -59.382  7.645  40.575 0.0000000000
124355  -60.209  7.541  40.747 0.0000000000
84537  -60.257  7.342  38.686 0.0000000000
84538  -60.299  7.533  39.552 0.0000000000
83784  -60.642  6.774  41.215 0.0000000000
83773  -60.367  6.198  41.615 0.0000000000
119895  -59.672  5.496  41.089 0.0000000000
82988  -57.721  4.516  41.072 0.0000000000
82996  -57.339  3.973  40.713 0.0000000000
82199  -57.786  3.283  38.794 0.0000000000
82198  -56.854  3.047  38.887 0.0000000000
81416  -56.143  2.791  38.909 0.0000000000
81431  -55.972  2.244  37.820 0.0000000000
80680  -55.349  1.880  37.242 0.0000000000
80713  -56.405  1.609  34.375 0.0000000000
123291  -57.297  1.802  34.777 0.0000000000
80747  -57.279  1.484  31.223 0.0000000000
80758  -57.065  1.396  30.301 0.0000000000
138470  -58.972  4.539  34.451 0.0000000000
82234  -59.373  3.056  33.704 0.0000000000
82243  -59.130  2.725  32.931 0.0000000000
82241  -58.474  3.239  32.100 0.0000000000
82242  -59.020  2.773  32.157 0.0000000000
80739  -59.108  1.978  32.253 0.0000000000
117370  -58.737  1.807  31.594 0.0000000000
80759  -58.082  1.729  29.964 0.0000000000
80768  -57.342  1.472  29.172 0.0000000000
79963  -56.963  1.214  27.112 0.0000000000
79970  -56.741  1.124  25.970 0.0000000000
81510  -57.450  2.330  26.743 0.0000000000
81519  -56.387  1.944  25.779 0.0000000000
80789  -53.887  1.153  26.056 0.0000000000
83869  -55.760  6.184  28.331 0.0000000000
84611  -54.208  6.778  28.303 0.0000000000
83873  -53.767  6.199  28.277 0.0000000000
84567  -51.679  6.729  35.607 0.0000000000
84574  -51.820  6.770  34.733 0.0000000000
85254  -52.201  7.421  34.294 0.0000000000
85877  -53.383  8.619  34.963 0.0000000000
85884  -52.885  8.012  33.879 0.0000000000
85263  -53.023  7.968  32.938 0.0000000000
85892  -53.822  8.667  32.431 0.0000000000
139231  -53.645  8.705  31.749 0.0000000000
86507  -54.092  9.762  30.497 0.0000000000
86461  -57.105  10.172  34.676 0.0000000000
86468  -56.626  10.098  33.977 0.0000000000
86493  -55.998  10.241  32.723 0.0000000000
87715  -54.871  11.042  32.345 0.0000000000
87094  -55.324  10.409  31.633 0.0000000000
86492  -55.750  10.023  31.973 0.0000000000
86508  -55.106  10.311  31.076 0.0000000000
86521  -54.358  10.419  30.748 0.0000000000
86519  -52.498  9.874  29.176 0.0000000000
116592  -50.783  9.528  28.644 0.0000000000
86529  -49.943  9.421  28.643 0.0000000000
86504  -50.229  9.640  30.746 0.0000000000
86516  -49.367  9.390  29.340 0.0000000000
133680  -47.471  8.461  28.798 0.0000000000
86499  -45.408  9.124  30.417 0.0000000000
85897  -44.819  9.397  31.051 0.0000000000
87076  -48.340  10.489  33.752 0.0000000000
87074  -46.423  10.646  32.803 0.0000000000
87073  -45.395  10.810  32.230 0.0000000000
87059  -45.901  11.097  33.410 0.0000000000
87713  -44.357  11.098  31.672 0.0000000000
88862  -41.813  13.084  33.507 0.0000000000
90008  -55.969  14.980  41.865 0.0000000000
90624  -55.154  16.474  37.928 0.0000000000
90638  -55.096  16.457  36.886 0.0000000000
90644  -54.413  16.690  36.604 0.0000000000
90039  -53.590  16.439  36.641 0.0000000000
89441  -53.187  15.569  36.857 0.0000000000
90636  -51.956  16.517  37.570 0.0000000000
90038  -52.643  16.007  37.342 0.0000000000
89440  -52.402  15.102  37.496 0.0000000000
89439  -51.537  14.836  37.929 0.0000000000
88820  -51.138  13.956  37.665 0.0000000000
88819  -50.239  13.721  37.899 0.0000000000
90020  -49.639  15.275  38.122 0.0000000000
88809  -48.820  14.157  38.119 0.0000000000
88817  -48.556  13.271  37.846 0.0000000000
88816  -47.736  13.155  37.843 0.0000000000
120470  -46.925  13.037  37.769 0.0000000000
74943  -47.718  -5.293  48.651 0.0000000000
74963  -47.952  -5.333  47.775 0.0000000000
75807  -47.810  -4.254  51.357 0.0000000000
75819  -47.474  -4.537  50.709 0.0000000000
76709  -46.891  -4.071  50.342 0.0000000000
76776  -55.128  -3.665  43.578 0.0000000000
78294  -47.705  -1.575  44.619 0.0000000000
78980  -53.533  -0.097  54.020 0.0000000000
79151  -52.113  -0.806  27.656 0.0000000000
79903  -52.448  0.370  34.080 0.0000000000
80556  -51.845  1.114  53.492 0.0000000000
80564  -50.546  1.673  53.089 0.0000000000
80604  -51.608  1.701  46.982 0.0000000000
80653  -53.238  1.592  40.200 0.0000000000
80703  -56.003  1.717  35.648 0.0000000000
80704  -57.037  1.932  35.495 0.0000000000
80716  -59.015  1.937  33.743 0.0000000000
80728  -59.163  2.338  32.304 0.0000000000
80736  -55.803  1.452  32.203 0.0000000000
80737  -56.864  1.489  31.952 0.0000000000
80748  -58.170  1.538  30.909 0.0000000000
80749  -58.669  1.975  30.686 0.0000000000
80779  -58.147  2.238  28.110 0.0000000000
80786  -57.652  2.016  27.246 0.0000000000
80791  -55.858  1.097  25.552 0.0000000000
81331  -45.654  1.981  51.091 0.0000000000
81369  -52.596  2.311  46.426 0.0000000000
81421  -55.694  2.399  38.555 0.0000000000
81457  -59.429  3.023  34.285 0.0000000000
81492  -58.609  2.685  29.417 0.0000000000
81500  -58.320  2.714  28.329 0.0000000000
81509  -56.781  2.577  26.525 0.0000000000
81517  -54.275  2.073  25.856 0.0000000000
81520  -57.033  1.906  26.160 0.0000000000
82119  -55.072  3.804  47.307 0.0000000000
82188  -58.262  3.669  39.357 0.0000000000
82226  -59.187  3.932  34.359 0.0000000000
82233  -59.039  3.367  33.477 0.0000000000
82248  -57.871  3.768  31.630 0.0000000000
82266  -58.463  3.001  28.872 0.0000000000
82282  -56.309  3.374  27.228 0.0000000000
82906  -50.326  4.867  52.545 0.0000000000
82925  -48.090  4.702  47.454 0.0000000000
82934  -57.243  4.705  47.332 0.0000000000
82951  -52.568  4.087  44.268 0.0000000000
82985  -55.075  4.234  41.712 0.0000000000
83036  -59.315  5.525  35.431 0.0000000000
83037  -59.487  4.754  35.816 0.0000000000
83044  -54.647  4.019  35.466 0.0000000000
83048  -59.049  5.107  34.889 0.0000000000
83057  -53.393  4.252  34.529 0.0000000000
83060  -56.838  4.312  34.365 0.0000000000
83692  -45.027  5.278  49.365 0.0000000000
83759  -56.715  5.372  42.444 0.0000000000
83794  -60.556  7.057  40.265 0.0000000000
83813  -54.781  5.042  37.685 0.0000000000
83824  -59.187  6.124  35.819 0.0000000000
84449  -59.694  6.877  49.699 0.0000000000
84486  -60.736  7.002  43.554 0.0000000000
84493  -60.818  7.041  42.913 0.0000000000
84509  -60.756  7.019  41.760 0.0000000000
84522  -60.297  7.497  40.226 0.0000000000
84523  -60.526  7.228  40.954 0.0000000000
84545  -51.626  6.800  38.939 0.0000000000
84556  -51.644  6.525  37.373 0.0000000000
84562  -51.843  5.860  36.099 0.0000000000
85114  -59.769  7.523  50.023 0.0000000000
85115  -60.245  7.579  49.671 0.0000000000
85135  -60.198  7.355  47.800 0.0000000000
85159  -60.537  7.088  43.969 0.0000000000
85175  -52.554  7.645  42.211 0.0000000000
85179  -59.756  7.562  42.324 0.0000000000
85180  -60.462  7.285  42.392 0.0000000000
85181  -60.800  7.023  42.263 0.0000000000
85187  -51.387  7.885  41.297 0.0000000000
85188  -52.046  7.390  41.527 0.0000000000
85190  -54.530  7.480  41.848 0.0000000000
85192  -56.858  7.775  41.881 0.0000000000
85207  -60.087  7.752  39.992 0.0000000000
85275  -46.115  8.374  29.693 0.0000000000
85280  -52.734  6.846  31.805 0.0000000000
85285  -46.394  8.345  29.245 0.0000000000
85295  -47.014  8.589  28.770 0.0000000000
85299  -54.041  7.889  28.989 0.0000000000
85780  -49.347  8.213  47.667 0.0000000000
85806  -55.473  8.225  44.536 0.0000000000
85819  -55.149  8.047  43.947 0.0000000000
85854  -51.576  8.154  37.798 0.0000000000
85898  -53.520  8.772  31.081 0.0000000000
85911  -47.817  8.707  28.441 0.0000000000
85921  -53.313  8.345  28.327 0.0000000000
86404  -51.344  9.502  43.369 0.0000000000
86412  -51.057  9.192  42.655 0.0000000000
86418  -50.618  9.557  41.251 0.0000000000
86423  -50.686  9.402  40.582 0.0000000000
86475  -49.850  10.224  32.874 0.0000000000
86477  -55.882  9.906  32.899 0.0000000000
86478  -56.263  10.106  33.333 0.0000000000
86500  -45.844  9.247  30.105 0.0000000000
86509  -55.571  10.083  31.253 0.0000000000
86518  -51.599  9.790  29.430 0.0000000000
86520  -53.410  9.789  29.915 0.0000000000
86526  -46.619  8.775  28.976 0.0000000000
86527  -47.337  8.808  28.668 0.0000000000
86528  -49.193  9.205  27.942 0.0000000000
86983  -51.407  10.621  44.220 0.0000000000
87018  -51.155  9.766  39.261 0.0000000000
87026  -53.827  10.792  38.367 0.0000000000
87047  -47.829  10.929  35.164 0.0000000000
87066  -57.046  10.725  34.099 0.0000000000
87067  -57.684  11.029  34.862 0.0000000000
87075  -47.343  10.470  33.341 0.0000000000
87080  -56.441  10.510  33.430 0.0000000000
87095  -55.720  10.189  32.081 0.0000000000
87569  -60.234  11.231  48.993 0.0000000000
87585  -55.810  11.310  46.729 0.0000000000
87591  -54.165  11.211  45.721 0.0000000000
87646  -56.538  12.138  38.358 0.0000000000
87662  -46.807  11.527  36.398 0.0000000000
87666  -50.917  11.939  36.237 0.0000000000
87668  -58.141  11.925  36.029 0.0000000000
87676  -47.324  11.167  35.797 0.0000000000
87682  -57.988  11.714  35.390 0.0000000000
87691  -50.887  11.370  34.976 0.0000000000
87694  -53.801  11.742  33.956 0.0000000000
87707  -55.900  11.273  33.246 0.0000000000
87716  -55.533  10.827  32.496 0.0000000000
88167  -50.599  13.203  45.049 0.0000000000
88194  -50.769  12.586  41.413 0.0000000000
88214  -56.122  12.622  39.829 0.0000000000
88233  -49.084  12.608  37.560 0.0000000000
88237  -58.303  13.200  37.495 0.0000000000
88248  -49.558  12.113  37.084 0.0000000000
88279  -42.840  12.506  32.722 0.0000000000
88769  -49.802  13.727  43.759 0.0000000000
88774  -49.951  13.423  42.811 0.0000000000
88791  -53.041  13.143  41.128 0.0000000000
88794  -56.319  13.508  41.569 0.0000000000
88795  -56.627  13.706  41.233 0.0000000000
88801  -57.881  13.328  39.181 0.0000000000
88818  -49.377  13.476  37.897 0.0000000000
88853  -55.157  13.339  35.024 0.0000000000
89357  -57.350  14.684  48.435 0.0000000000
89429  -49.013  14.842  38.212 0.0000000000
89443  -58.306  14.156  37.320 0.0000000000
89452  -54.528  15.142  35.790 0.0000000000
89992  -50.298  15.799  43.672 0.0000000000
90051  -54.396  16.103  36.056 0.0000000000
90052  -55.115  16.238  36.157 0.0000000000
115313  -56.513  13.175  47.467 0.0000000000
116698  -52.370  11.625  34.889 0.0000000000
116842  -49.947  12.952  44.274 0.0000000000
117330  -58.920  7.564  43.551 0.0000000000
117873  -52.039  17.345  37.317 0.0000000000
118234  -58.880  2.960  31.513 0.0000000000
118254  -49.641  9.670  31.422 0.0000000000
118404  -48.684  -5.676  50.018 0.0000000000
118797  -50.378  10.673  33.577 0.0000000000
119875  -53.466  9.278  29.086 0.0000000000
120935  -55.665  9.602  35.241 0.0000000000
122359  -53.670  8.476  34.036 0.0000000000
125062  -57.257  3.375  39.525 0.0000000000
126441  -58.239  13.094  35.956 0.0000000000
126858  -57.696  4.391  34.251 0.0000000000
127329  -56.467  14.871  36.427 0.0000000000
130168  -50.430  10.738  40.928 0.0000000000
130910  -55.776  3.451  27.294 0.0000000000
132486  -51.126  10.593  33.127 0.0000000000
133108  -60.802  6.925  42.162 0.0000000000
134016  -60.040  5.858  42.726 0.0000000000
134461  -52.213  6.093  33.704 0.0000000000
134855  -59.142  2.222  32.795 0.0000000000
134866  -52.737  4.997  33.604 0.0000000000
134893  -58.664  5.501  35.044 0.0000000000
135227  -59.572  5.960  36.490 0.0000000000
135369  -51.033  11.131  44.476 0.0000000000
135681  -58.603  6.230  36.030 0.0000000000
135763  -57.326  7.815  41.216 0.0000000000
135900  -50.046  1.038  47.286 0.0000000000
136315  -59.383  3.987  36.290 0.0000000000
136321  -51.121  15.398  38.132 0.0000000000
136567  -46.821  12.370  37.361 0.0000000000
137553  -56.741  10.220  35.797 0.0000000000
138698  -49.631  -5.384  50.898 0.0000000000
139061  -53.110  8.288  34.412 0.0000000000
139540  -53.737  15.964  36.317 0.0000000000
139707  -53.835  10.115  30.297 0.0000000000
140385  -52.826  9.204  28.262 0.0000000000
140483  -51.219  10.294  39.594 0.0000000000
