#!ascii label  , from subject sub-v1s9x0051350_ses-1 vox2ras=TkReg
442
70117  -17.458  -11.408  4.009 0.0000000000
68285  -14.879  -14.492  8.236 0.0000000000
66578  -20.067  -15.988  5.925 0.0000000000
62623  -16.993  -19.441  8.650 0.0000000000
80157  -21.826  0.161  1.110 0.0000000000
76295  -22.967  -4.369  2.321 0.0000000000
76233  -14.253  -5.112  7.513 0.0000000000
134071  -17.244  -22.531  12.838 0.0000000000
65593  -16.538  -17.141  8.223 0.0000000000
63568  -15.536  -18.420  10.847 0.0000000000
77900  -22.915  -1.914  1.793 0.0000000000
76305  -17.747  -4.287  0.978 0.0000000000
132292  -14.979  -8.166  8.622 0.0000000000
75303  -11.534  -5.078  9.001 0.0000000000
72722  -16.393  -8.335  5.877 0.0000000000
117578  -19.360  -7.987  2.156 0.0000000000
71041  -19.488  -9.975  3.140 0.0000000000
69263  -21.735  -12.591  3.411 0.0000000000
134408  -14.545  -10.757  9.015 0.0000000000
69204  -16.255  -12.538  7.145 0.0000000000
67515  -18.183  -14.530  3.680 0.0000000000
66567  -17.405  -15.781  6.228 0.0000000000
64592  -18.426  -17.394  7.053 0.0000000000
63583  -19.906  -18.965  9.365 0.0000000000
77084  -15.336  -3.399  7.210 0.0000000000
74471  -17.800  -6.201  1.695 0.0000000000
74452  -23.538  -6.215  3.586 0.0000000000
61574  -15.709  -20.128  12.899 0.0000000000
61587  -16.796  -20.595  11.116 0.0000000000
123084  -15.211  -17.290  10.611 0.0000000000
64521  -14.928  -17.841  12.523 0.0000000000
126635  -18.199  -3.045  0.911 0.0000000000
76280  -17.521  -4.233  3.494 0.0000000000
120075  -16.437  -9.995  6.205 0.0000000000
138634  -14.644  -7.869  7.110 0.0000000000
71026  -16.909  -9.907  4.851 0.0000000000
71888  -17.609  -9.662  3.172 0.0000000000
70146  -18.244  -10.774  2.656 0.0000000000
70135  -20.746  -11.379  3.268 0.0000000000
69270  -18.930  -12.093  2.615 0.0000000000
68311  -15.008  -12.928  8.317 0.0000000000
70061  -15.213  -11.253  8.423 0.0000000000
68330  -15.911  -13.148  7.610 0.0000000000
68334  -16.943  -13.752  6.122 0.0000000000
67474  -15.994  -14.681  7.776 0.0000000000
124182  -16.543  -18.136  8.427 0.0000000000
64590  -17.027  -17.079  7.647 0.0000000000
63594  -17.344  -18.410  8.085 0.0000000000
63608  -19.249  -18.019  8.016 0.0000000000
62610  -17.974  -19.593  9.268 0.0000000000
79355  -20.341  -0.034  0.667 0.0000000000
80156  -19.866  1.147  1.150 0.0000000000
129156  -21.537  1.461  0.608 0.0000000000
81768  -22.723  2.518  0.616 0.0000000000
80159  -24.429  0.029  1.561 0.0000000000
77887  -23.108  -2.773  2.119 0.0000000000
122226  -12.216  -3.923  8.601 0.0000000000
77065  -12.598  -3.262  8.700 0.0000000000
77076  -14.698  -4.661  7.338 0.0000000000
75346  -16.317  -5.119  5.113 0.0000000000
74430  -16.246  -5.977  5.422 0.0000000000
124448  -21.872  -8.078  3.521 0.0000000000
73611  -21.157  -7.371  2.348 0.0000000000
73600  -24.164  -6.694  4.249 0.0000000000
66607  -18.917  -15.412  4.552 0.0000000000
68365  -20.616  -13.835  3.763 0.0000000000
60567  -15.802  -21.642  13.606 0.0000000000
60577  -16.244  -21.406  12.724 0.0000000000
61586  -16.076  -20.481  11.318 0.0000000000
60594  -16.554  -21.113  11.859 0.0000000000
66526  -15.042  -16.022  9.390 0.0000000000
66545  -15.520  -15.735  8.728 0.0000000000
65583  -15.197  -16.602  9.929 0.0000000000
126235  -15.843  -17.962  10.063 0.0000000000
63569  -16.187  -18.777  9.866 0.0000000000
79343  -20.654  -0.869  0.923 0.0000000000
78624  -22.345  -1.268  1.417 0.0000000000
132280  -20.743  -1.704  1.244 0.0000000000
77139  -20.836  -3.309  1.379 0.0000000000
76308  -20.797  -4.338  1.578 0.0000000000
73519  -13.963  -8.063  9.399 0.0000000000
74393  -12.115  -6.313  8.666 0.0000000000
75306  -14.066  -6.166  8.163 0.0000000000
74414  -15.304  -6.483  6.762 0.0000000000
115785  -16.532  -6.732  5.024 0.0000000000
72738  -17.206  -8.102  4.141 0.0000000000
136180  -20.219  -8.815  2.396 0.0000000000
71882  -22.812  -9.187  3.989 0.0000000000
71028  -22.728  -10.127  3.578 0.0000000000
58696  -17.594  -23.156  13.026 0.0000000000
59638  -18.089  -22.680  12.493 0.0000000000
71821  -14.866  -9.172  9.092 0.0000000000
70083  -16.148  -10.971  7.317 0.0000000000
70111  -16.716  -11.365  5.727 0.0000000000
68375  -17.994  -13.265  3.380 0.0000000000
68345  -17.003  -13.182  5.555 0.0000000000
67499  -17.571  -15.036  5.030 0.0000000000
66595  -18.466  -15.997  4.942 0.0000000000
65601  -16.761  -16.179  7.731 0.0000000000
65615  -17.893  -16.483  6.157 0.0000000000
65616  -19.386  -16.809  6.472 0.0000000000
130883  -19.784  -17.495  7.701 0.0000000000
64577  -20.234  -17.932  8.476 0.0000000000
79346  -24.125  -0.834  1.646 0.0000000000
137310  -17.645  -4.771  3.768 0.0000000000
75389  -17.573  -5.532  1.543 0.0000000000
75393  -20.785  -5.229  1.696 0.0000000000
74461  -18.497  -6.789  2.318 0.0000000000
74464  -21.346  -6.533  2.218 0.0000000000
75383  -23.396  -5.069  2.630 0.0000000000
68377  -19.980  -13.568  3.116 0.0000000000
69241  -22.627  -12.925  3.953 0.0000000000
63546  -15.114  -18.674  12.912 0.0000000000
62578  -15.476  -19.445  12.276 0.0000000000
62587  -16.110  -20.177  10.655 0.0000000000
61615  -16.907  -20.320  9.420 0.0000000000
60596  -18.773  -21.723  11.667 0.0000000000
60609  -18.326  -20.875  11.131 0.0000000000
61616  -17.525  -20.212  9.623 0.0000000000
77113  -17.658  -4.002  4.120 0.0000000000
71023  -16.885  -10.848  4.987 0.0000000000
132383  -16.657  -10.213  5.481 0.0000000000
71027  -17.238  -10.544  4.242 0.0000000000
71040  -17.697  -10.578  3.367 0.0000000000
70132  -18.139  -11.401  3.114 0.0000000000
70148  -19.306  -11.699  2.565 0.0000000000
70133  -18.532  -12.023  2.858 0.0000000000
67449  -14.204  -14.597  9.060 0.0000000000
68284  -13.728  -13.392  9.358 0.0000000000
139713  -14.809  -13.812  8.064 0.0000000000
68312  -15.342  -12.894  7.980 0.0000000000
68313  -15.181  -13.895  7.852 0.0000000000
68331  -16.201  -13.975  7.474 0.0000000000
63582  -16.713  -18.980  9.020 0.0000000000
63593  -16.872  -18.661  8.300 0.0000000000
62624  -17.903  -18.873  8.771 0.0000000000
79356  -21.048  -0.127  0.765 0.0000000000
80165  -21.076  0.626  0.660 0.0000000000
80166  -22.063  0.946  0.753 0.0000000000
80167  -23.037  1.264  1.189 0.0000000000
130377  -23.745  0.635  1.331 0.0000000000
80158  -22.759  0.418  1.325 0.0000000000
77130  -23.408  -3.566  2.444 0.0000000000
77888  -23.942  -2.736  2.647 0.0000000000
77131  -24.123  -3.560  3.039 0.0000000000
76282  -24.552  -4.306  3.465 0.0000000000
76232  -13.708  -5.047  7.637 0.0000000000
126230  -12.904  -4.014  8.001 0.0000000000
77075  -14.055  -4.837  7.479 0.0000000000
77066  -13.899  -3.401  7.923 0.0000000000
76234  -15.201  -4.994  7.223 0.0000000000
75330  -15.934  -5.276  5.952 0.0000000000
75329  -15.512  -5.539  6.721 0.0000000000
72739  -22.712  -8.122  3.990 0.0000000000
73598  -22.282  -7.447  3.382 0.0000000000
66596  -19.462  -15.944  5.003 0.0000000000
66608  -19.919  -15.066  4.535 0.0000000000
66597  -20.484  -15.476  5.364 0.0000000000
59626  -16.788  -22.817  13.283 0.0000000000
59625  -16.170  -22.410  13.553 0.0000000000
59637  -16.503  -22.146  13.013 0.0000000000
60578  -17.170  -21.902  12.346 0.0000000000
138599  -14.803  -16.071  10.123 0.0000000000
78621  -18.882  -1.364  0.798 0.0000000000
78622  -19.877  -1.508  0.859 0.0000000000
77896  -19.346  -2.184  0.903 0.0000000000
77136  -17.810  -3.502  0.982 0.0000000000
77138  -19.796  -3.024  0.962 0.0000000000
77137  -19.007  -3.498  0.909 0.0000000000
76306  -18.912  -4.420  0.963 0.0000000000
73520  -14.396  -8.087  9.175 0.0000000000
73532  -14.098  -7.426  9.005 0.0000000000
123504  -15.403  -7.821  7.130 0.0000000000
74396  -14.920  -7.266  7.461 0.0000000000
134422  -14.769  -6.916  7.261 0.0000000000
75319  -14.489  -5.917  7.843 0.0000000000
73552  -15.245  -7.329  6.844 0.0000000000
73570  -16.424  -7.512  5.554 0.0000000000
72737  -16.793  -8.250  5.003 0.0000000000
117789  -19.052  -9.957  2.215 0.0000000000
71900  -18.823  -9.451  2.173 0.0000000000
71889  -19.457  -9.345  2.352 0.0000000000
72756  -20.917  -8.812  2.846 0.0000000000
71891  -21.322  -9.699  3.057 0.0000000000
124116  -22.351  -9.589  3.001 0.0000000000
71892  -22.113  -10.137  2.761 0.0000000000
70136  -21.604  -11.646  3.162 0.0000000000
71044  -22.261  -11.003  2.946 0.0000000000
139337  -22.570  -12.204  3.779 0.0000000000
58682  -17.814  -23.912  13.137 0.0000000000
57798  -18.598  -24.140  12.834 0.0000000000
70963  -14.541  -10.040  9.233 0.0000000000
140339  -14.608  -10.509  8.923 0.0000000000
70082  -15.709  -11.521  7.916 0.0000000000
132387  -15.625  -10.722  8.032 0.0000000000
70104  -16.441  -10.823  6.432 0.0000000000
69215  -16.469  -11.783  6.590 0.0000000000
69222  -16.897  -12.319  5.647 0.0000000000
120369  -16.605  -12.835  6.303 0.0000000000
67483  -17.203  -14.810  5.909 0.0000000000
126451  -17.580  -15.512  5.417 0.0000000000
66594  -17.894  -15.518  4.813 0.0000000000
65631  -17.894  -16.055  5.423 0.0000000000
66546  -16.255  -16.160  8.445 0.0000000000
66556  -16.124  -15.443  8.138 0.0000000000
64591  -17.594  -17.401  7.506 0.0000000000
65602  -17.453  -16.488  7.035 0.0000000000
65603  -17.973  -16.917  6.798 0.0000000000
64609  -18.595  -16.836  6.366 0.0000000000
64593  -19.247  -17.291  6.933 0.0000000000
136769  -19.022  -17.748  7.373 0.0000000000
63596  -19.531  -18.502  8.626 0.0000000000
120703  -20.249  -18.523  8.946 0.0000000000
63597  -20.846  -18.414  8.954 0.0000000000
125555  -23.213  -1.056  1.593 0.0000000000
78625  -23.839  -1.590  1.813 0.0000000000
75290  -11.107  -5.462  9.775 0.0000000000
122362  -14.961  -2.141  8.034 0.0000000000
77086  -16.016  -4.200  6.079 0.0000000000
126689  -16.438  -4.150  5.350 0.0000000000
76262  -16.629  -4.449  4.914 0.0000000000
75379  -17.432  -6.043  2.069 0.0000000000
75370  -17.456  -5.763  2.895 0.0000000000
125054  -18.071  -5.649  1.213 0.0000000000
75391  -19.039  -5.501  1.164 0.0000000000
75392  -20.036  -5.564  1.572 0.0000000000
73596  -17.357  -7.764  3.352 0.0000000000
115460  -17.699  -7.198  2.972 0.0000000000
73608  -18.595  -7.621  2.411 0.0000000000
74451  -22.711  -6.631  3.091 0.0000000000
74465  -22.110  -6.108  2.655 0.0000000000
74466  -23.066  -5.838  2.794 0.0000000000
75371  -23.848  -5.490  3.180 0.0000000000
75373  -25.716  -5.595  3.967 0.0000000000
68376  -18.374  -13.749  3.302 0.0000000000
69261  -19.157  -13.341  2.929 0.0000000000
67526  -18.953  -14.135  3.279 0.0000000000
68366  -21.476  -13.841  3.972 0.0000000000
62565  -15.352  -19.473  13.322 0.0000000000
62586  -15.664  -19.996  11.239 0.0000000000
61598  -16.463  -20.347  10.576 0.0000000000
61614  -16.478  -20.165  9.912 0.0000000000
61599  -16.872  -20.498  10.179 0.0000000000
59653  -18.194  -21.984  12.097 0.0000000000
61600  -17.601  -20.368  10.257 0.0000000000
65572  -14.841  -16.363  10.707 0.0000000000
65554  -14.754  -16.819  11.462 0.0000000000
64539  -14.963  -17.655  11.643 0.0000000000
63560  -15.198  -18.521  11.966 0.0000000000
77895  -18.329  -2.146  0.965 0.0000000000
77894  -17.870  -2.650  1.321 0.0000000000
77135  -17.662  -3.651  1.639 0.0000000000
72686  -15.367  -7.772  7.723 0.0000000000
73534  -15.007  -7.510  7.224 0.0000000000
72693  -15.719  -8.220  7.436 0.0000000000
71851  -16.369  -9.118  6.135 0.0000000000
71880  -16.675  -9.057  5.295 0.0000000000
71881  -17.252  -9.065  4.305 0.0000000000
133432  -17.330  -9.957  3.989 0.0000000000
71055  -17.949  -10.238  2.609 0.0000000000
71057  -19.081  -10.765  2.371 0.0000000000
71042  -20.483  -10.280  3.486 0.0000000000
70134  -19.788  -10.919  3.268 0.0000000000
70149  -20.089  -12.137  2.746 0.0000000000
69162  -13.668  -12.596  9.394 0.0000000000
70060  -14.863  -11.641  8.662 0.0000000000
70972  -14.790  -10.846  8.762 0.0000000000
69179  -15.304  -12.103  8.294 0.0000000000
69203  -15.777  -12.322  7.768 0.0000000000
122453  -16.464  -13.407  6.942 0.0000000000
67482  -16.738  -14.267  6.799 0.0000000000
66566  -16.867  -15.098  6.771 0.0000000000
64564  -16.253  -17.442  8.918 0.0000000000
64576  -16.892  -17.903  7.924 0.0000000000
63607  -18.320  -17.901  7.716 0.0000000000
63595  -18.527  -18.461  8.319 0.0000000000
62625  -18.911  -19.096  8.861 0.0000000000
79354  -19.486  0.191  0.990 0.0000000000
129020  -20.720  1.284  0.711 0.0000000000
80997  -22.380  1.735  0.700 0.0000000000
80169  -24.782  0.904  1.201 0.0000000000
77899  -22.313  -2.642  1.695 0.0000000000
138284  -23.625  -2.208  2.107 0.0000000000
121420  -11.781  -1.689  9.448 0.0000000000
77830  -13.048  -2.413  8.831 0.0000000000
77831  -13.941  -2.361  8.243 0.0000000000
77077  -15.353  -4.448  6.996 0.0000000000
76248  -16.114  -4.500  5.647 0.0000000000
76247  -15.669  -4.622  6.551 0.0000000000
75360  -16.734  -5.875  4.545 0.0000000000
74449  -17.267  -6.227  3.676 0.0000000000
116179  -20.886  -8.169  2.523 0.0000000000
73610  -20.665  -7.648  2.221 0.0000000000
73597  -21.468  -7.768  3.087 0.0000000000
73599  -23.225  -7.125  3.759 0.0000000000
67516  -18.876  -14.780  3.962 0.0000000000
67527  -19.819  -14.249  3.850 0.0000000000
67517  -20.777  -14.374  4.296 0.0000000000
60576  -15.755  -20.872  13.281 0.0000000000
61575  -15.994  -20.735  12.326 0.0000000000
61585  -15.726  -20.236  11.961 0.0000000000
67450  -14.901  -15.390  8.818 0.0000000000
67467  -15.308  -14.948  8.204 0.0000000000
65584  -15.945  -16.551  9.143 0.0000000000
64550  -15.827  -17.286  9.684 0.0000000000
64551  -16.187  -18.141  9.206 0.0000000000
128555  -16.404  -19.580  9.631 0.0000000000
79353  -18.818  0.007  1.457 0.0000000000
79345  -22.539  -0.435  1.421 0.0000000000
79344  -21.642  -0.651  1.207 0.0000000000
78623  -21.488  -1.470  1.317 0.0000000000
129844  -22.108  -1.948  1.509 0.0000000000
77897  -20.353  -2.336  1.182 0.0000000000
77898  -21.390  -2.381  1.427 0.0000000000
77140  -21.762  -3.185  1.600 0.0000000000
77129  -22.506  -3.565  1.952 0.0000000000
135456  -22.241  -4.394  2.011 0.0000000000
75291  -11.463  -6.060  9.097 0.0000000000
74395  -14.420  -6.851  8.419 0.0000000000
74394  -13.870  -6.584  8.454 0.0000000000
75304  -12.032  -5.581  8.490 0.0000000000
76220  -13.468  -5.344  7.866 0.0000000000
75318  -13.753  -5.448  7.852 0.0000000000
75320  -14.969  -5.849  7.341 0.0000000000
74415  -15.866  -6.164  6.193 0.0000000000
127738  -16.225  -6.774  5.799 0.0000000000
73586  -16.860  -7.452  4.690 0.0000000000
72753  -18.691  -8.512  2.210 0.0000000000
140102  -17.761  -9.271  2.769 0.0000000000
72752  -18.107  -8.964  2.512 0.0000000000
139664  -20.641  -8.527  2.475 0.0000000000
72747  -22.155  -8.933  3.338 0.0000000000
72740  -23.491  -8.568  4.289 0.0000000000
120952  -23.726  -9.226  4.342 0.0000000000
137672  -23.254  -9.755  4.183 0.0000000000
71043  -21.674  -10.736  2.867 0.0000000000
72681  -14.576  -8.650  9.339 0.0000000000
71822  -15.305  -8.937  8.437 0.0000000000
137942  -15.159  -10.587  8.455 0.0000000000
70973  -15.451  -9.918  8.216 0.0000000000
70987  -15.954  -10.033  7.616 0.0000000000
70988  -16.285  -10.213  6.962 0.0000000000
70112  -17.200  -11.843  4.922 0.0000000000
69259  -17.989  -12.337  3.467 0.0000000000
69223  -17.361  -12.945  4.712 0.0000000000
68364  -17.734  -13.908  3.832 0.0000000000
68346  -17.465  -14.060  5.090 0.0000000000
67514  -17.780  -14.839  4.280 0.0000000000
66606  -18.218  -15.196  4.326 0.0000000000
123061  -16.546  -15.278  7.467 0.0000000000
124950  -17.073  -15.727  7.079 0.0000000000
65632  -18.335  -16.411  5.634 0.0000000000
65633  -19.112  -16.494  5.676 0.0000000000
126947  -19.852  -16.501  6.352 0.0000000000
65604  -20.197  -17.009  7.013 0.0000000000
64594  -20.747  -17.274  8.045 0.0000000000
130534  -23.455  -0.194  1.597 0.0000000000
78626  -24.729  -1.356  1.947 0.0000000000
77101  -17.159  -4.148  4.747 0.0000000000
76304  -17.553  -4.742  1.542 0.0000000000
132963  -16.869  -5.024  4.561 0.0000000000
122186  -17.362  -5.322  2.099 0.0000000000
121858  -18.217  -4.904  0.988 0.0000000000
76307  -19.938  -4.843  1.351 0.0000000000
76294  -21.580  -4.808  1.902 0.0000000000
74443  -16.917  -6.778  4.242 0.0000000000
74450  -17.343  -6.995  3.546 0.0000000000
74460  -17.788  -6.614  2.439 0.0000000000
73609  -19.968  -7.399  2.215 0.0000000000
74462  -19.460  -6.756  2.159 0.0000000000
74473  -19.750  -6.184  1.687 0.0000000000
75381  -21.498  -5.666  2.112 0.0000000000
75382  -22.382  -5.187  2.384 0.0000000000
76296  -23.750  -4.330  2.762 0.0000000000
69260  -18.579  -12.812  2.965 0.0000000000
69272  -19.853  -12.934  2.732 0.0000000000
69262  -20.628  -12.828  3.025 0.0000000000
68378  -21.070  -13.325  3.476 0.0000000000
129004  -15.519  -19.213  11.346 0.0000000000
62594  -16.016  -19.535  10.469 0.0000000000
62608  -16.657  -20.013  9.038 0.0000000000
60595  -17.566  -21.251  11.617 0.0000000000
60608  -17.469  -20.514  10.953 0.0000000000
62609  -16.987  -20.183  8.937 0.0000000000
67518  -21.710  -14.353  4.643 0.0000000000
68379  -21.957  -13.364  3.683 0.0000000000
69240  -17.532  -12.296  4.185 0.0000000000
69242  -23.476  -12.135  4.439 0.0000000000
69271  -19.313  -12.524  2.683 0.0000000000
70147  -18.833  -11.300  2.470 0.0000000000
71056  -18.619  -10.320  2.325 0.0000000000
71832  -15.719  -9.029  7.847 0.0000000000
71833  -16.200  -9.261  7.094 0.0000000000
71870  -16.581  -9.663  5.590 0.0000000000
71890  -20.249  -9.375  3.096 0.0000000000
71899  -18.107  -9.696  2.439 0.0000000000
72706  -16.133  -8.372  6.800 0.0000000000
72746  -21.391  -8.443  3.134 0.0000000000
72754  -19.466  -8.767  2.185 0.0000000000
72755  -20.248  -8.216  2.247 0.0000000000
73533  -14.754  -7.475  8.511 0.0000000000
73541  -14.931  -7.518  7.216 0.0000000000
73553  -15.832  -6.965  6.369 0.0000000000
73587  -17.135  -7.411  4.007 0.0000000000
73607  -17.884  -8.014  2.670 0.0000000000
73612  -21.870  -6.996  2.728 0.0000000000
74453  -24.493  -5.864  3.871 0.0000000000
74463  -20.507  -6.852  2.058 0.0000000000
74472  -18.669  -6.229  1.559 0.0000000000
75305  -13.567  -5.839  8.099 0.0000000000
75361  -17.411  -5.308  3.845 0.0000000000
75380  -20.688  -6.056  1.807 0.0000000000
75390  -17.762  -5.040  1.194 0.0000000000
76204  -10.841  -4.432  9.779 0.0000000000
76272  -17.534  -4.527  4.280 0.0000000000
76281  -24.042  -4.909  3.010 0.0000000000
76293  -17.458  -4.384  2.373 0.0000000000
77085  -15.709  -4.250  6.594 0.0000000000
77128  -21.637  -3.945  1.727 0.0000000000
77823  -12.223  -2.505  9.223 0.0000000000
115661  -16.027  -7.662  6.468 0.0000000000
115697  -17.573  -6.477  2.915 0.0000000000
117908  -21.791  -9.337  2.879 0.0000000000
119354  -24.632  -9.385  4.491 0.0000000000
119795  -19.932  -3.920  1.100 0.0000000000
120604  -17.698  -13.003  3.845 0.0000000000
121929  -17.478  -8.697  3.186 0.0000000000
122323  -19.198  -7.201  2.373 0.0000000000
124740  -16.133  -11.801  7.378 0.0000000000
126394  -18.936  -2.769  0.890 0.0000000000
129361  -13.304  -3.101  8.367 0.0000000000
132679  -17.436  -4.990  3.024 0.0000000000
133339  -20.969  -12.146  3.147 0.0000000000
133395  -14.861  -10.059  8.712 0.0000000000
133435  -18.051  -7.224  2.623 0.0000000000
135446  -16.600  -10.649  5.763 0.0000000000
135996  -18.146  -3.832  0.825 0.0000000000
137730  -18.146  -4.343  0.863 0.0000000000
138528  -24.847  -7.220  4.511 0.0000000000
138845  -16.183  -7.240  6.092 0.0000000000
139258  -16.458  -14.650  7.279 0.0000000000
139291  -14.732  -6.571  7.973 0.0000000000
