#!ascii label  , from subject sub-v1s9x0051350_ses-1 vox2ras=TkReg
1019
118526  44.145  -59.394  31.991 0.3000000119
124966  37.285  -61.563  24.733 0.6000000238
16564  35.378  -56.086  25.112 0.6999999881
16575  35.044  -56.932  24.960 0.6999999881
14523  43.253  -59.442  32.352 0.4000000060
12495  40.770  -62.281  28.115 0.4000000060
130846  43.061  -58.560  32.047 0.5000000000
15199  43.477  -58.008  31.702 0.5000000000
13195  38.027  -61.681  24.423 0.6999999881
13920  36.898  -60.678  24.453 0.6999999881
14600  37.094  -59.931  24.492 0.5000000000
128939  36.397  -57.171  24.420 0.6000000238
16574  35.976  -56.619  24.484 0.6000000238
18002  35.000  -54.656  26.125 0.6999999881
15187  41.815  -58.632  31.703 0.5000000000
13143  41.354  -61.813  28.305 0.4000000060
15200  42.430  -58.029  31.480 0.6000000238
12510  39.974  -63.000  26.941 0.4000000060
11861  39.915  -63.284  25.579 0.5000000000
15212  42.061  -57.956  30.408 0.6000000238
12511  39.102  -62.764  26.777 0.6000000238
12531  38.978  -63.121  24.824 0.6000000238
15842  42.558  -57.250  30.759 0.6000000238
13189  38.607  -62.020  24.338 0.6000000238
15262  36.879  -58.862  24.637 0.6000000238
15911  37.256  -57.061  24.512 0.6000000238
17277  37.500  -55.361  24.338 0.6999999881
17270  36.574  -55.814  24.457 0.6999999881
18010  36.599  -54.938  24.599 0.6999999881
18011  35.764  -54.293  25.417 0.6999999881
121141  35.012  -53.510  26.118 0.6999999881
125126  36.654  -53.288  24.876 0.6999999881
18699  35.827  -53.366  25.437 0.6999999881
19496  35.200  -52.598  25.782 0.6999999881
19494  36.485  -52.513  24.972 0.6999999881
14535  41.431  -58.971  31.385 0.5000000000
111895  41.100  -60.644  30.056 0.5000000000
12509  40.660  -62.725  27.184 0.4000000060
15213  41.601  -58.750  30.521 0.5000000000
13178  40.662  -62.720  25.981 0.5000000000
12530  39.647  -63.181  25.091 0.6000000238
15862  42.814  -57.397  29.338 0.6000000238
15222  42.186  -58.626  29.462 0.5000000000
14568  42.926  -59.267  28.145 0.5000000000
13912  38.006  -60.677  24.478 0.6999999881
15261  37.363  -59.420  24.851 0.6000000238
13919  37.653  -60.838  24.422 0.6999999881
115767  37.748  -56.254  24.575 0.6000000238
122390  37.322  -57.989  24.811 0.6000000238
17276  38.405  -55.185  24.244 0.6000000238
16573  37.022  -56.450  24.382 0.6000000238
18707  37.902  -54.087  24.304 0.6000000238
134256  34.845  -52.006  25.963 0.6999999881
19502  37.625  -53.065  24.511 0.6000000238
19495  35.828  -52.529  25.378 0.6999999881
123841  35.258  -51.879  25.594 0.6999999881
12508  41.342  -62.210  27.452 0.4000000060
14558  41.631  -59.273  29.824 0.5000000000
13871  42.085  -60.944  28.375 0.4000000060
13177  41.344  -61.969  26.550 0.5000000000
13187  40.134  -63.010  25.375 0.6000000238
13854  41.706  -60.233  29.342 0.4000000060
130773  39.112  -62.173  24.425 0.6000000238
14557  42.213  -59.532  29.020 0.4000000060
13870  42.626  -60.687  27.426 0.4000000060
127293  42.905  -59.915  27.489 0.4000000060
14579  42.976  -60.034  27.003 0.4000000060
13911  38.591  -61.360  24.587 0.6999999881
113489  37.713  -59.978  24.834 0.6000000238
15903  37.610  -57.444  24.923 0.6000000238
17275  38.741  -55.109  24.124 0.6000000238
15910  37.613  -56.884  24.681 0.6000000238
18016  38.875  -54.745  23.999 0.6000000238
20260  34.771  -51.399  25.827 0.6999999881
20270  35.223  -51.150  25.410 0.6999999881
20278  36.534  -51.199  24.685 0.6000000238
20269  35.918  -51.711  25.172 0.6000000238
13142  42.007  -61.504  27.650 0.4000000060
13161  41.805  -61.787  26.939 0.4000000060
13904  39.512  -61.732  25.066 0.6999999881
13886  42.678  -60.658  26.938 0.4000000060
13905  38.871  -60.762  25.796 0.8000000119
14578  43.198  -59.239  26.839 0.5000000000
15258  37.425  -58.892  25.039 0.6000000238
16562  38.453  -55.447  24.436 0.5000000000
20996  34.274  -50.805  26.166 0.6999999881
20276  39.231  -51.882  24.639 0.6000000238
19501  38.668  -53.093  24.484 0.6000000238
121099  34.770  -50.776  25.627 0.8000000119
21007  34.512  -50.139  25.668 0.8000000119
20277  38.710  -52.182  24.514 0.6000000238
120117  37.687  -51.469  24.473 0.6000000238
13902  41.485  -61.374  26.569 0.5000000000
119589  41.026  -62.055  26.143 0.6000000238
14592  42.155  -60.423  26.638 0.5000000000
15231  41.067  -59.096  27.472 0.6999999881
14580  41.821  -59.734  26.753 0.4000000060
14594  37.748  -59.696  25.484 0.6999999881
15900  37.171  -58.148  25.697 0.6999999881
120795  38.210  -56.140  25.013 0.6000000238
16556  37.671  -56.955  25.333 0.6000000238
18698  39.055  -54.109  24.538 0.6000000238
21008  34.040  -50.043  26.153 0.6000000238
18705  38.928  -53.635  24.448 0.6000000238
21006  35.081  -50.306  25.192 0.6999999881
21737  34.732  -49.489  25.262 0.6999999881
21017  37.925  -50.457  24.297 0.6999999881
134545  37.089  -50.862  24.472 0.6999999881
123813  35.653  -50.110  24.755 0.6999999881
14581  40.655  -59.931  27.216 0.5000000000
13888  40.175  -60.563  26.759 0.6000000238
128296  39.803  -61.198  26.101 0.6000000238
124513  40.391  -58.541  28.296 0.6999999881
13890  38.604  -60.017  26.539 0.6999999881
129760  41.206  -58.327  27.779 0.6999999881
15243  42.248  -58.558  26.944 0.6999999881
14583  37.912  -59.505  26.704 0.6999999881
15256  37.265  -58.950  26.210 0.6999999881
17260  37.602  -56.138  25.698 0.5000000000
134223  36.907  -57.614  26.393 0.6000000238
21728  32.824  -49.919  27.154 0.5000000000
19493  39.137  -53.323  25.008 0.6000000238
18009  38.848  -54.629  24.817 0.6000000238
21738  34.158  -49.272  25.893 0.6000000238
22427  33.439  -48.690  26.522 0.5000000000
19491  39.333  -52.383  24.867 0.6000000238
18697  39.038  -53.562  24.604 0.6000000238
21746  34.944  -48.913  24.899 0.6000000238
22438  34.524  -48.652  25.296 0.5000000000
23092  34.384  -47.745  25.212 0.5000000000
21003  39.286  -50.784  24.548 0.6999999881
21016  39.048  -50.225  24.094 0.6999999881
22448  37.954  -48.894  23.792 0.6999999881
114878  36.094  -49.503  24.468 0.6999999881
23102  35.436  -47.626  24.378 0.5000000000
21749  39.019  -49.024  23.603 0.6999999881
22455  37.392  -48.105  23.742 0.6000000238
13889  39.281  -60.289  26.722 0.6000000238
14569  40.033  -59.277  27.961 0.6999999881
14582  39.618  -59.800  27.390 0.6000000238
15877  39.837  -58.009  29.012 0.6999999881
15244  37.391  -58.730  27.322 0.6999999881
15901  36.876  -56.829  26.492 0.6999999881
115374  32.774  -48.306  27.003 0.4000000060
18000  38.016  -54.569  25.647 0.5000000000
23093  33.819  -47.311  25.677 0.4000000060
21004  39.454  -50.895  24.846 0.6000000238
20266  39.478  -51.820  25.047 0.6000000238
22451  34.886  -48.153  24.767 0.5000000000
23101  36.295  -47.906  24.081 0.5000000000
23769  35.312  -46.734  24.232 0.4000000060
21748  39.419  -49.508  23.848 0.6000000238
22454  38.660  -48.247  23.530 0.6999999881
23106  38.144  -47.593  23.531 0.6000000238
23107  37.011  -47.253  23.676 0.5000000000
15232  39.444  -58.661  28.549 0.6000000238
15233  38.502  -58.637  28.485 0.6999999881
112324  38.135  -59.095  27.748 0.6999999881
16520  38.574  -57.163  29.978 0.6999999881
15865  38.328  -57.634  29.603 0.6999999881
15891  37.051  -58.051  27.883 0.6000000238
15892  36.747  -57.380  27.523 0.6000000238
18690  37.549  -53.695  26.135 0.6000000238
17261  37.207  -55.271  26.287 0.5000000000
19484  38.054  -52.933  25.713 0.6000000238
21005  39.235  -50.858  25.230 0.6000000238
117060  39.042  -52.437  25.278 0.6000000238
23103  34.783  -47.243  24.663 0.4000000060
23755  34.247  -46.826  25.090 0.5000000000
23756  33.615  -46.449  25.489 0.4000000060
22435  39.662  -49.386  24.251 0.6000000238
23770  34.680  -46.325  24.537 0.4000000060
22453  39.629  -48.250  23.582 0.6000000238
23773  38.422  -46.827  23.402 0.5000000000
15224  38.006  -58.122  29.005 0.6999999881
15234  37.667  -58.487  28.248 0.6000000238
15854  37.951  -57.144  30.155 0.6999999881
15878  36.931  -57.421  28.552 0.6000000238
16508  38.461  -56.597  30.322 0.6999999881
17253  36.375  -55.635  27.420 0.5000000000
19485  37.223  -52.109  26.444 0.6000000238
18681  36.639  -53.538  26.819 0.6000000238
123770  37.983  -52.063  25.728 0.6000000238
20994  38.027  -50.716  25.714 0.5000000000
132618  39.311  -49.224  24.702 0.6000000238
23099  39.964  -48.194  23.811 0.6000000238
23772  39.737  -46.740  23.269 0.5000000000
121059  36.730  -56.078  29.838 0.6999999881
132125  36.484  -56.244  29.066 0.6999999881
17254  36.277  -54.772  27.313 0.6000000238
122841  36.155  -53.915  27.399 0.5000000000
20259  36.619  -51.373  26.774 0.6000000238
19476  36.348  -52.156  27.118 0.6000000238
21724  37.538  -50.010  25.902 0.6000000238
22437  38.567  -48.466  25.127 0.6000000238
23766  39.835  -46.626  23.329 0.5000000000
15873  44.305  -57.230  27.066 0.5000000000
15899  43.496  -57.719  26.670 0.5000000000
17251  44.086  -55.733  26.513 0.5000000000
123205  43.985  -57.031  26.561 0.5000000000
15890  42.388  -57.564  27.124 0.6999999881
16532  42.228  -55.940  27.898 0.6999999881
123566  42.742  -57.044  26.870 0.5000000000
16546  42.843  -56.229  27.033 0.5000000000
15875  41.617  -57.646  27.702 0.6999999881
16547  42.053  -56.777  27.632 0.6999999881
15863  40.149  -57.055  29.250 0.6999999881
116053  44.597  -58.967  31.654 0.3000000119
17271  35.645  -55.212  25.281 0.6999999881
126836  36.390  -59.357  24.505 0.6000000238
19486  34.623  -52.535  26.255 0.6999999881
15255  42.655  -59.446  26.702 0.6000000238
113310  39.035  -54.209  24.091 0.6000000238
21018  36.529  -50.366  24.510 0.6999999881
22450  35.590  -48.634  24.490 0.6999999881
21744  37.295  -49.591  24.200 0.6999999881
22439  33.966  -48.238  25.827 0.5000000000
23080  33.245  -47.698  26.483 0.5000000000
133535  36.389  -46.769  23.729 0.5000000000
118379  36.762  -56.070  26.668 0.5000000000
15867  36.868  -56.824  29.272 0.6999999881
21735  38.540  -50.004  25.485 0.6000000238
22436  39.526  -48.751  24.481 0.6000000238
17240  36.308  -55.965  28.367 0.6000000238
20258  37.534  -51.372  26.153 0.6000000238
17241  35.964  -55.180  28.293 0.5000000000
17967  42.056  -54.362  28.979 0.6000000238
19419  41.831  -52.399  32.255 0.6000000238
20191  41.020  -51.023  33.325 0.4000000060
118307  41.429  -53.477  30.055 0.5000000000
17226  41.220  -55.521  29.033 0.6000000238
13163  37.569  -61.606  26.963 0.5000000000
124743  41.207  -50.159  33.696 0.4000000060
12525  38.453  -62.704  25.117 0.5000000000
13182  36.682  -61.343  25.363 0.5000000000
18630  41.827  -53.273  31.041 0.5000000000
21668  40.894  -49.633  34.115 0.4000000060
13181  37.672  -61.982  25.308 0.5000000000
13921  36.198  -60.666  24.620 0.5000000000
19435  41.321  -52.858  31.601 0.6000000238
13196  36.649  -61.100  24.615 0.5000000000
17949  40.835  -53.892  29.744 0.5000000000
16518  40.788  -56.214  29.151 0.6000000238
23027  40.440  -47.289  34.835 0.4000000060
23010  40.862  -46.356  34.833 0.4000000060
20208  40.400  -51.811  32.725 0.4000000060
13914  34.742  -60.821  24.979 0.5000000000
19436  40.388  -52.738  31.310 0.5000000000
111039  35.361  -60.277  24.684 0.5000000000
14601  34.559  -59.488  24.545 0.5000000000
17969  40.368  -54.621  29.783 0.6000000238
17227  40.585  -55.417  29.484 0.6000000238
16534  41.138  -56.929  28.490 0.6000000238
15263  36.073  -58.651  24.438 0.5000000000
15264  34.124  -58.588  24.658 0.5000000000
133688  33.932  -59.862  24.584 0.4000000060
17950  40.024  -53.869  30.172 0.5000000000
18632  40.118  -53.111  30.592 0.5000000000
133235  39.272  -54.257  30.465 0.6000000238
17951  38.815  -54.992  30.553 0.6000000238
115141  39.986  -56.120  29.696 0.6000000238
17214  38.297  -55.814  30.615 0.6000000238
16519  39.251  -56.717  29.877 0.6000000238
20927  40.378  -50.467  33.748 0.4000000060
22364  39.912  -48.366  34.794 0.4000000060
15904  34.125  -57.298  25.378 0.5000000000
15913  33.813  -57.935  24.991 0.5000000000
132321  32.589  -59.003  24.479 0.4000000060
122701  34.783  -57.797  24.743 0.6000000238
15265  33.024  -58.378  24.687 0.4000000060
19421  39.902  -52.303  31.968 0.6000000238
18633  38.657  -53.280  31.000 0.6000000238
18648  38.581  -54.148  30.843 0.6000000238
17952  38.033  -55.008  30.921 0.6000000238
23011  40.117  -46.636  35.175 0.4000000060
16566  33.475  -56.755  25.877 0.5000000000
16567  32.306  -56.866  25.885 0.4000000060
15915  31.353  -57.984  24.943 0.4000000060
20193  38.984  -51.131  33.009 0.6000000238
20192  39.916  -51.207  33.242 0.4000000060
19422  38.972  -52.026  31.651 0.6000000238
19437  39.408  -52.683  31.087 0.5000000000
18634  37.793  -53.459  31.309 0.6000000238
19438  38.441  -52.601  31.350 0.5000000000
17215  37.562  -55.663  30.674 0.6000000238
24368  39.965  -45.069  35.798 0.4000000060
21653  39.402  -49.310  34.583 0.4000000060
16557  33.929  -56.029  26.364 0.6000000238
16558  32.849  -56.233  26.431 0.5000000000
16559  31.706  -56.270  26.351 0.5000000000
15907  30.709  -57.347  25.250 0.5000000000
20929  38.523  -50.555  33.479 0.4000000060
20912  38.927  -50.077  34.175 0.4000000060
20194  38.151  -50.901  32.695 0.5000000000
20224  38.068  -51.918  31.654 0.5000000000
20225  37.115  -51.860  31.681 0.5000000000
17938  37.185  -54.087  31.269 0.6000000238
17939  36.403  -54.191  30.973 0.6000000238
16510  37.257  -56.124  30.326 0.6000000238
129732  38.225  -47.002  35.877 0.4000000060
22351  39.479  -47.707  35.207 0.4000000060
23012  38.912  -46.178  35.777 0.4000000060
23671  39.167  -45.276  35.892 0.4000000060
18003  34.175  -54.130  26.732 0.6000000238
23013  37.593  -47.539  35.647 0.4000000060
22352  38.357  -47.916  35.473 0.4000000060
17255  32.809  -54.956  27.252 0.6000000238
17265  31.224  -55.606  26.631 0.5000000000
16560  30.666  -56.105  25.995 0.4000000060
21655  37.593  -49.356  34.343 0.4000000060
20211  37.708  -51.286  32.005 0.5000000000
19440  36.491  -52.608  31.461 0.5000000000
18636  36.023  -53.314  31.152 0.6000000238
17954  36.466  -54.941  30.581 0.6000000238
132024  35.916  -55.068  29.721 0.6000000238
133146  37.154  -45.404  36.282 0.4000000060
18691  34.209  -53.136  26.693 0.6000000238
17993  33.302  -54.214  27.265 0.6000000238
17994  32.356  -54.270  27.447 0.5000000000
18005  29.872  -54.828  25.948 0.5000000000
22353  37.209  -48.189  35.225 0.4000000060
21669  37.247  -49.739  33.632 0.4000000060
20931  36.921  -50.084  32.863 0.5000000000
114554  36.107  -50.938  31.793 0.5000000000
18649  35.670  -53.744  30.576 0.5000000000
25060  37.729  -44.127  36.390 0.4000000060
19478  33.516  -52.846  27.156 0.6000000238
18683  31.870  -53.534  27.505 0.5000000000
125016  30.616  -52.802  27.137 0.5000000000
20947  36.536  -50.490  32.196 0.5000000000
20226  36.056  -51.745  31.594 0.4000000060
19452  35.022  -52.566  30.666 0.4000000060
18663  35.371  -53.890  29.758 0.4000000060
18672  35.378  -53.772  28.830 0.6000000238
129117  35.608  -53.608  28.043 0.4000000060
25828  37.219  -43.538  36.206 0.4000000060
23673  36.712  -46.418  35.852 0.4000000060
19487  34.041  -52.419  26.722 0.6000000238
23015  36.480  -47.018  35.526 0.4000000060
20261  33.563  -51.132  26.849 0.5000000000
19479  32.436  -52.668  27.459 0.5000000000
19480  31.351  -52.129  27.408 0.5000000000
19481  30.339  -52.041  26.958 0.4000000060
120360  32.374  -51.871  27.453 0.4000000060
21685  35.445  -49.565  32.293 0.5000000000
20948  35.653  -50.322  31.917 0.5000000000
20961  34.883  -50.532  31.504 0.6000000238
19453  34.686  -52.528  29.899 0.4000000060
19467  34.745  -52.311  29.052 0.4000000060
19477  35.647  -52.270  27.704 0.4000000060
116663  34.211  -51.254  30.205 0.5000000000
20998  32.884  -50.621  27.250 0.5000000000
20254  32.743  -51.289  27.366 0.6000000238
20245  35.164  -51.885  28.271 0.5000000000
114608  36.023  -53.027  27.451 0.5000000000
127251  33.909  -50.348  30.252 0.5000000000
20228  34.501  -51.084  30.969 0.5000000000
20243  34.415  -51.763  29.647 0.5000000000
20246  34.575  -51.447  28.837 0.5000000000
25082  36.255  -44.951  35.563 0.4000000060
20987  36.190  -50.743  27.008 0.4000000060
20252  35.779  -51.397  27.470 0.5000000000
20980  34.470  -50.587  28.641 0.5000000000
134704  34.031  -50.181  29.242 0.5000000000
22428  32.631  -49.096  27.186 0.4000000060
122548  37.230  -48.147  25.643 0.4000000060
115463  36.696  -48.845  26.066 0.4000000060
20995  36.949  -50.535  26.436 0.5000000000
21725  36.781  -49.601  26.283 0.5000000000
20988  35.565  -50.461  27.438 0.5000000000
21719  36.076  -49.996  26.811 0.5000000000
20989  34.890  -50.113  27.924 0.5000000000
22420  35.222  -48.733  27.362 0.5000000000
21720  35.416  -49.591  27.353 0.4000000060
133139  35.581  -57.269  24.542 0.5000000000
16565  34.488  -56.469  25.672 0.6000000238
111792  36.259  -60.060  24.506 0.6000000238
119235  34.193  -55.151  26.585 0.6000000238
13180  38.167  -62.357  26.150 0.5000000000
21727  33.486  -49.562  26.597 0.5000000000
17972  35.665  -54.663  29.195 0.6000000238
112002  35.605  -59.397  24.476 0.5000000000
112582  35.134  -58.627  24.478 0.5000000000
15905  32.962  -57.526  25.304 0.4000000060
15914  32.226  -57.963  24.952 0.4000000060
20210  38.556  -51.494  32.231 0.6000000238
22366  37.954  -48.780  34.959 0.4000000060
17263  33.314  -55.518  26.852 0.6000000238
17264  32.282  -55.660  26.896 0.5000000000
16569  30.139  -56.551  25.329 0.5000000000
15916  30.382  -57.962  24.971 0.5000000000
17266  30.415  -55.445  26.162 0.5000000000
18682  32.911  -53.507  27.413 0.5000000000
18004  30.787  -54.919  26.732 0.5000000000
17995  31.309  -54.263  27.271 0.5000000000
20227  35.086  -51.881  31.168 0.5000000000
18685  30.190  -53.467  26.633 0.5000000000
113068  35.838  -49.352  32.810 0.5000000000
122120  33.364  -51.978  27.164 0.6000000238
19466  35.282  -52.880  28.379 0.3000000119
21726  35.933  -49.018  26.671 0.4000000060
8973  49.325  -68.303  30.064 0.3000000119
8985  48.683  -68.482  29.149 0.3000000119
9509  48.071  -68.022  30.014 0.3000000119
10083  46.527  -67.292  28.774 0.3000000119
8986  47.196  -68.236  28.486 0.3000000119
10094  47.065  -66.239  27.449 0.3000000119
10645  46.656  -66.173  28.438 0.3000000119
11198  46.020  -65.117  31.577 0.3000000119
10614  46.215  -65.678  30.225 0.3000000119
10625  47.281  -65.211  28.512 0.3000000119
10644  47.598  -65.381  27.774 0.3000000119
10602  46.255  -65.118  30.841 0.3000000119
125137  48.046  -63.492  31.647 0.3000000119
11208  47.350  -64.036  30.739 0.3000000119
113635  47.636  -64.033  29.948 0.4000000060
11221  47.702  -64.498  29.139 0.4000000060
11230  49.231  -64.152  27.770 0.4000000060
131366  49.626  -63.516  27.262 0.3000000119
12458  49.266  -62.925  31.406 0.3000000119
11808  48.722  -63.327  31.003 0.4000000060
11819  49.091  -63.355  29.968 0.4000000060
11220  48.968  -64.083  28.607 0.4000000060
12441  49.194  -62.798  32.324 0.3000000119
11841  50.151  -62.967  28.115 0.4000000060
12415  50.359  -61.633  33.262 0.4000000060
124060  49.771  -62.325  32.731 0.4000000060
11851  49.933  -62.844  27.147 0.4000000060
13157  49.949  -61.583  26.925 0.3000000119
12440  49.499  -62.281  31.823 0.4000000060
11807  49.541  -63.054  30.434 0.3000000119
11818  49.741  -63.127  29.602 0.4000000060
127541  50.576  -60.877  33.374 0.4000000060
113578  49.987  -61.744  28.908 0.5000000000
11828  50.075  -62.944  28.938 0.4000000060
16489  42.984  -56.745  30.790 0.5000000000
13792  50.575  -60.609  33.736 0.4000000060
12493  50.194  -62.234  27.349 0.4000000060
118683  45.318  -59.258  31.335 0.3000000119
15197  45.163  -58.403  31.427 0.4000000060
13852  48.632  -59.766  28.254 0.3000000119
13145  38.726  -62.009  27.992 0.4000000060
13146  37.648  -61.366  27.840 0.4000000060
15242  43.583  -58.612  27.001 0.4000000060
15888  43.842  -57.662  26.879 0.4000000060
15230  43.071  -58.153  28.594 0.4000000060
13060  50.233  -60.993  32.346 0.4000000060
12457  49.720  -62.355  30.806 0.3000000119
13103  49.964  -61.492  30.083 0.5000000000
15861  43.409  -57.224  28.637 0.4000000060
16517  42.996  -56.836  29.633 0.4000000060
13801  50.373  -60.369  32.887 0.4000000060
15198  44.334  -58.171  31.617 0.4000000060
13121  49.871  -61.440  28.056 0.4000000060
16487  44.610  -56.705  31.116 0.5000000000
13139  49.744  -61.154  27.423 0.5000000000
15838  45.716  -57.723  31.299 0.4000000060
14532  45.988  -59.646  30.849 0.4000000060
13868  49.117  -59.884  27.668 0.3000000119
14545  46.762  -59.306  30.686 0.4000000060
13164  37.118  -61.446  26.217 0.4000000060
15254  43.091  -58.522  26.626 0.4000000060
13814  50.181  -60.178  31.878 0.4000000060
13081  49.736  -60.776  31.098 0.4000000060
16516  43.736  -56.453  28.985 0.4000000060
16506  43.406  -56.375  30.126 0.5000000000
13833  49.805  -60.064  30.923 0.4000000060
13102  49.730  -60.309  29.913 0.4000000060
16505  44.338  -56.051  30.411 0.5000000000
118577  50.400  -58.713  31.853 0.4000000060
128362  50.493  -58.527  30.992 0.4000000060
120265  49.858  -59.593  30.381 0.4000000060
14542  49.717  -59.304  29.495 0.5000000000
14554  49.391  -59.014  28.862 0.5000000000
16515  44.693  -56.172  28.083 0.4000000060
17211  45.187  -55.469  29.602 0.5000000000
120182  50.350  -57.618  31.825 0.4000000060
15221  49.440  -58.715  29.047 0.5000000000
16486  45.498  -56.886  31.188 0.4000000060
14555  49.159  -59.263  28.423 0.4000000060
15210  48.485  -58.420  30.204 0.4000000060
15211  47.220  -58.598  30.712 0.4000000060
15852  46.612  -57.783  31.041 0.4000000060
16530  44.661  -56.501  27.175 0.4000000060
17999  44.451  -55.296  26.626 0.3000000119
15207  50.458  -58.000  30.298 0.4000000060
15220  50.060  -58.339  29.439 0.4000000060
17225  45.348  -55.498  28.232 0.4000000060
15267  31.148  -58.630  24.681 0.4000000060
16472  49.927  -56.373  31.998 0.4000000060
15828  50.641  -56.562  31.399 0.4000000060
14553  49.669  -58.181  29.341 0.5000000000
15209  49.569  -58.150  29.275 0.5000000000
17224  46.087  -54.943  28.526 0.5000000000
17210  45.956  -55.119  29.869 0.4000000060
117180  50.350  -55.754  31.650 0.4000000060
14543  48.973  -58.727  29.067 0.4000000060
123950  46.286  -56.393  30.917 0.4000000060
15851  47.737  -57.697  30.746 0.4000000060
120168  47.003  -56.913  30.987 0.4000000060
17252  43.431  -55.512  26.876 0.4000000060
17238  45.200  -55.605  27.229 0.3000000119
125461  50.911  -56.370  30.902 0.4000000060
117385  50.497  -56.392  30.500 0.4000000060
17237  45.814  -54.942  27.555 0.3000000119
118697  51.117  -55.271  30.819 0.4000000060
124736  50.946  -55.348  30.522 0.4000000060
15850  50.213  -56.741  30.157 0.4000000060
122986  49.149  -57.467  30.308 0.5000000000
17185  50.268  -55.160  31.508 0.4000000060
17197  50.781  -54.703  31.045 0.4000000060
16502  48.813  -55.811  30.557 0.4000000060
124611  48.164  -56.738  30.695 0.4000000060
123065  46.501  -55.432  30.434 0.4000000060
17982  41.959  -55.214  28.536 0.4000000060
16501  50.165  -55.800  30.397 0.4000000060
11249  45.969  -64.393  25.044 0.3000000119
11797  46.864  -63.818  32.623 0.3000000119
11777  48.619  -63.162  32.968 0.3000000119
12416  50.066  -62.455  33.565 0.4000000060
14510  49.987  -59.677  33.002 0.4000000060
131581  50.143  -59.423  32.523 0.4000000060
15171  48.880  -58.667  32.693 0.4000000060
16473  48.773  -56.695  32.434 0.4000000060
17989  44.879  -54.959  26.662 0.3000000119
117990  49.548  -55.781  32.069 0.4000000060
17980  43.369  -54.366  28.022 0.4000000060
18680  45.262  -54.482  27.218 0.4000000060
17979  45.817  -54.412  27.630 0.4000000060
17936  49.651  -53.788  31.190 0.4000000060
17945  49.824  -54.177  30.568 0.4000000060
17207  49.680  -54.924  30.438 0.4000000060
17208  48.403  -54.958  30.306 0.4000000060
17964  47.378  -53.633  28.994 0.3000000119
17948  46.883  -54.467  29.382 0.4000000060
18625  49.595  -53.510  30.971 0.4000000060
16488  43.671  -56.629  31.024 0.4000000060
17981  42.698  -54.687  28.227 0.4000000060
8996  48.533  -69.313  27.927 0.3000000119
9520  47.010  -67.876  29.361 0.3000000119
10104  46.901  -67.147  27.211 0.3000000119
10709  45.849  -65.228  24.014 0.3000000119
11259  46.679  -63.911  24.406 0.3000000119
10626  46.662  -65.388  29.292 0.3000000119
11810  47.268  -63.921  31.697 0.3000000119
11209  46.786  -64.638  30.147 0.4000000060
11231  48.302  -64.667  28.183 0.4000000060
11809  47.865  -63.610  31.085 0.3000000119
11795  48.615  -63.194  31.960 0.3000000119
11830  48.533  -63.822  29.505 0.4000000060
11829  49.573  -63.499  28.991 0.4000000060
12417  49.247  -62.866  33.895 0.3000000119
13777  50.794  -60.817  34.531 0.4000000060
113267  49.784  -60.930  28.865 0.4000000060
14566  49.265  -59.770  28.024 0.5000000000
14556  48.530  -59.379  28.974 0.3000000119
13851  49.610  -60.595  27.967 0.5000000000
15184  49.741  -57.935  32.362 0.4000000060
17209  47.417  -54.931  30.274 0.4000000060
19433  43.527  -52.642  31.373 0.4000000060
114428  43.534  -53.405  30.525 0.4000000060
20205  43.418  -50.911  32.342 0.4000000060
20206  42.368  -51.537  32.538 0.3000000119
19434  42.126  -52.878  31.717 0.5000000000
18646  42.431  -53.520  30.319 0.4000000060
18662  42.182  -53.816  29.495 0.4000000060
18597  41.376  -53.105  34.402 0.3000000119
19391  41.725  -52.300  34.548 0.3000000119
22350  42.332  -47.891  35.672 0.3000000119
23038  43.139  -47.379  34.020 0.3000000119
23025  42.228  -46.391  34.482 0.3000000119
21651  41.472  -48.526  34.195 0.3000000119
20176  42.082  -51.457  34.734 0.3000000119
134047  41.638  -49.716  35.639 0.3000000119
21640  41.897  -49.053  35.742 0.3000000119
129041  40.704  -53.182  34.604 0.3000000119
19374  40.501  -51.974  35.112 0.3000000119
23667  42.371  -46.300  34.722 0.3000000119
23682  41.488  -45.824  34.861 0.3000000119
20897  40.540  -50.507  35.673 0.3000000119
131873  41.202  -47.848  36.394 0.3000000119
23009  42.461  -46.641  35.212 0.3000000119
20879  39.254  -50.070  36.306 0.3000000119
20878  40.134  -49.875  36.112 0.3000000119
115153  39.710  -46.193  37.160 0.3000000119
22334  39.014  -48.669  37.040 0.3000000119
22973  38.876  -46.529  37.719 0.3000000119
20898  39.627  -50.650  35.835 0.3000000119
23648  41.082  -45.642  36.081 0.3000000119
24322  39.916  -44.954  36.355 0.3000000119
24369  39.262  -44.773  36.149 0.3000000119
22310  38.446  -48.294  37.501 0.3000000119
23633  40.224  -45.429  36.474 0.3000000119
25033  39.228  -44.162  36.848 0.3000000119
22956  37.979  -46.807  38.298 0.3000000119
24301  38.273  -45.034  38.233 0.3000000119
24323  39.356  -45.152  37.269 0.3000000119
25791  38.066  -43.369  38.556 0.3000000119
113877  38.173  -43.444  36.554 0.3000000119
113590  38.874  -43.823  36.796 0.3000000119
25826  38.317  -42.822  36.892 0.3000000119
27461  37.852  -41.446  36.319 0.3000000119
122555  36.627  -44.209  35.922 0.3000000119
27489  37.881  -40.788  35.941 0.3000000119
26623  37.087  -42.194  35.479 0.3000000119
25849  36.580  -43.439  35.486 0.3000000119
125249  42.756  -50.675  32.716 0.3000000119
19418  42.906  -52.247  31.990 0.4000000060
22362  41.919  -47.207  34.085 0.3000000119
24345  40.405  -45.121  35.927 0.3000000119
111371  44.228  -51.791  31.496 0.5000000000
20177  41.299  -51.745  34.925 0.3000000119
22990  41.770  -47.340  36.016 0.3000000119
22349  43.064  -47.585  35.180 0.3000000119
22376  43.256  -47.846  33.780 0.3000000119
21666  42.988  -48.587  33.509 0.3000000119
21641  41.076  -49.642  35.909 0.3000000119
24344  40.999  -45.460  35.666 0.3000000119
22333  39.764  -48.288  36.864 0.3000000119
24302  37.636  -44.943  39.146 0.3000000119
25021  37.742  -44.036  39.188 0.3000000119
25034  38.554  -43.591  37.599 0.3000000119
17978  46.694  -53.598  28.507 0.3000000119
19449  48.337  -51.718  30.322 0.4000000060
19460  47.420  -51.784  29.760 0.4000000060
18669  45.695  -53.917  27.837 0.3000000119
20234  47.568  -50.876  30.647 0.4000000060
20956  47.444  -50.270  30.962 0.3000000119
18659  46.656  -52.812  29.144 0.4000000060
19450  46.147  -51.970  30.178 0.4000000060
20958  46.825  -49.833  31.289 0.3000000119
18645  45.577  -52.991  29.475 0.3000000119
20221  46.056  -50.734  30.946 0.4000000060
111455  44.574  -53.312  30.011 0.3000000119
133205  45.097  -52.603  30.346 0.4000000060
20223  44.362  -50.612  31.860 0.4000000060
18660  44.977  -53.618  28.755 0.3000000119
112233  43.123  -53.812  29.553 0.3000000119
17966  42.861  -54.169  28.815 0.3000000119
18671  43.921  -54.040  28.540 0.3000000119
19432  45.160  -51.846  30.969 0.4000000060
119499  47.443  -52.745  29.167 0.4000000060
12403  50.203  -62.461  34.440 0.3000000119
17962  49.195  -53.135  29.699 0.3000000119
12367  50.164  -62.390  37.726 0.3000000119
125641  50.144  -62.541  36.133 0.3000000119
12397  50.360  -62.313  35.408 0.3000000119
112826  50.524  -61.878  34.091 0.3000000119
18658  47.832  -52.996  29.181 0.3000000119
17961  49.446  -53.232  30.055 0.3000000119
113075  50.347  -60.414  38.201 0.3000000119
133959  51.052  -60.872  36.417 0.3000000119
13016  51.211  -61.071  36.808 0.3000000119
13758  49.755  -60.486  35.480 0.3000000119
14496  49.683  -60.099  33.744 0.3000000119
129228  48.761  -52.162  29.788 0.3000000119
118132  48.160  -60.287  38.184 0.3000000119
13716  49.543  -60.313  37.312 0.3000000119
13717  48.527  -60.206  37.643 0.3000000119
13736  50.294  -60.544  36.402 0.3000000119
13779  49.213  -60.275  34.565 0.3000000119
13718  47.556  -60.402  37.484 0.3000000119
118126  48.198  -60.314  36.963 0.3000000119
13759  48.573  -60.375  35.373 0.3000000119
113936  47.813  -60.486  36.065 0.3000000119
14512  48.097  -59.283  33.023 0.3000000119
15831  47.728  -57.419  32.706 0.3000000119
118304  48.335  -55.829  32.469 0.3000000119
118131  47.084  -60.582  38.021 0.3000000119
125865  47.325  -59.818  33.644 0.3000000119
13780  48.046  -60.269  34.464 0.3000000119
15172  47.871  -58.388  32.773 0.3000000119
19448  49.147  -52.365  30.033 0.3000000119
13739  46.173  -60.885  36.331 0.3000000119
13720  45.787  -61.132  37.124 0.3000000119
13761  46.704  -60.648  35.623 0.3000000119
13760  47.608  -60.440  35.225 0.3000000119
121550  47.106  -58.905  33.168 0.3000000119
16474  47.519  -56.535  32.674 0.3000000119
17925  48.227  -54.420  32.077 0.3000000119
18626  49.079  -52.963  30.965 0.3000000119
19430  48.093  -51.619  30.798 0.3000000119
17947  48.023  -54.106  29.647 0.3000000119
13783  44.991  -60.491  34.728 0.3000000119
14513  46.499  -59.300  33.506 0.3000000119
15832  46.716  -57.109  32.894 0.3000000119
17187  47.773  -55.190  32.431 0.3000000119
13042  51.122  -61.038  35.139 0.3000000119
12382  50.812  -61.672  37.214 0.3000000119
12396  50.782  -61.735  36.271 0.3000000119
10095  46.654  -66.986  27.968 0.3000000119
11186  46.384  -64.423  32.066 0.3000000119
11197  46.608  -64.492  31.166 0.3000000119
11239  49.240  -63.944  26.844 0.3000000119
11269  46.839  -64.186  23.986 0.3000000119
11270  46.219  -64.513  24.253 0.3000000119
11820  48.146  -63.595  30.353 0.3000000119
11842  49.762  -63.618  28.015 0.4000000060
11862  39.528  -63.259  25.352 0.6000000238
12383  50.230  -62.440  36.847 0.3000000119
12402  50.776  -61.656  34.849 0.3000000119
12439  49.880  -61.735  32.317 0.4000000060
12471  50.027  -62.489  29.592 0.4000000060
12482  50.134  -62.220  28.280 0.4000000060
12505  50.003  -62.235  26.654 0.3000000119
12521  41.063  -62.502  26.679 0.5000000000
12522  40.364  -63.123  26.217 0.5000000000
12523  39.715  -63.323  26.028 0.5000000000
12524  38.994  -63.165  25.615 0.6000000238
12529  40.135  -63.182  25.589 0.6000000238
12532  38.159  -62.219  24.714 0.6999999881
12536  39.098  -62.737  24.524 0.6000000238
12537  38.602  -62.473  24.534 0.6000000238
13009  51.126  -61.036  37.653 0.3000000119
13030  51.193  -61.063  35.950 0.3000000119
13046  50.862  -61.127  34.220 0.4000000060
13082  49.725  -61.598  31.407 0.4000000060
13124  41.366  -61.218  29.095 0.4000000060
13125  40.754  -61.755  29.033 0.4000000060
13160  42.422  -61.203  27.010 0.4000000060
13162  38.267  -62.063  27.169 0.4000000060
13176  42.233  -61.118  26.780 0.4000000060
13179  40.328  -62.257  25.623 0.6000000238
13188  39.648  -62.672  24.910 0.6000000238
13715  50.849  -60.678  37.321 0.3000000119
13719  46.628  -60.788  37.330 0.3000000119
13737  49.019  -60.360  36.290 0.3000000119
13738  47.000  -60.606  36.732 0.3000000119
13757  50.853  -60.814  35.505 0.3000000119
13778  50.268  -60.544  34.587 0.4000000060
13781  46.958  -60.351  34.540 0.3000000119
13782  45.957  -60.471  34.689 0.3000000119
13793  50.336  -60.455  33.763 0.4000000060
13853  42.488  -60.146  28.264 0.4000000060
13867  49.390  -60.400  27.449 0.5000000000
13884  49.565  -60.905  27.075 0.5000000000
13887  41.249  -60.691  26.656 0.5000000000
13903  40.728  -61.444  26.275 0.6000000238
13918  38.164  -61.333  24.406 0.6999999881
14497  48.586  -59.889  33.692 0.3000000119
14498  45.751  -59.250  33.668 0.3000000119
14509  50.249  -60.104  33.076 0.4000000060
14511  49.165  -59.480  33.056 0.4000000060
14521  50.265  -59.660  32.318 0.4000000060
14522  50.045  -58.739  32.328 0.4000000060
14531  50.279  -59.334  31.297 0.4000000060
14533  44.708  -59.735  31.670 0.3000000119
14534  43.833  -58.757  31.925 0.3000000119
14541  50.226  -58.804  30.271 0.4000000060
14546  41.245  -59.674  30.644 0.5000000000
14567  43.299  -59.354  27.180 0.5000000000
14570  39.054  -59.205  27.978 0.6000000238
14591  42.737  -60.168  26.823 0.4000000060
14593  38.221  -60.135  25.953 0.8000000119
14596  38.180  -60.421  24.970 0.6999999881
14599  37.630  -60.238  24.618 0.6999999881
15170  49.650  -58.945  32.630 0.4000000060
15185  48.763  -57.731  32.533 0.3000000119
15186  42.288  -58.830  32.134 0.6000000238
15195  50.551  -57.815  31.168 0.4000000060
15196  46.072  -58.673  31.051 0.4000000060
15201  41.763  -58.434  31.130 0.5000000000
15208  49.854  -57.650  29.559 0.4000000060
15223  38.866  -58.127  29.090 0.6000000238
15229  43.443  -58.720  27.537 0.5000000000
15245  36.965  -58.202  26.896 0.6999999881
15253  43.466  -58.363  26.798 0.4000000060
15266  32.033  -58.515  24.706 0.4000000060
15268  30.365  -58.867  24.824 0.5000000000
15817  46.922  -57.997  32.969 0.3000000119
15829  50.187  -56.899  31.936 0.4000000060
15830  49.571  -57.114  32.298 0.4000000060
15837  50.557  -57.140  30.616 0.4000000060
15839  44.871  -57.533  31.375 0.4000000060
15840  43.997  -57.352  31.425 0.4000000060
15841  43.104  -57.241  31.309 0.5000000000
15849  50.085  -57.402  29.792 0.4000000060
15853  42.512  -57.261  30.051 0.6000000238
15864  39.170  -57.461  29.502 0.6999999881
15866  37.504  -57.472  29.415 0.6999999881
15874  43.754  -57.838  27.468 0.4000000060
15876  40.721  -57.757  28.478 0.6999999881
15887  44.359  -56.840  26.827 0.5000000000
15889  42.963  -57.734  26.634 0.5000000000
15906  31.761  -57.471  25.420 0.4000000060
15912  35.769  -57.897  24.449 0.5000000000
16471  50.604  -56.085  31.535 0.4000000060
16485  51.124  -55.854  31.088 0.4000000060
16499  51.011  -55.730  30.650 0.4000000060
16500  50.696  -55.764  30.453 0.4000000060
16503  47.415  -55.891  30.645 0.4000000060
16504  45.429  -55.941  30.680 0.4000000060
16507  42.808  -56.831  30.322 0.4000000060
16509  37.797  -56.445  30.441 0.6999999881
16521  37.385  -56.750  30.018 0.6999999881
16531  44.164  -56.917  27.750 0.4000000060
16533  41.540  -56.097  28.489 0.6999999881
16535  36.591  -56.726  28.413 0.6000000238
16544  44.743  -56.116  26.938 0.4000000060
16545  43.566  -56.171  26.590 0.5000000000
16548  36.530  -56.450  27.538 0.5000000000
16553  44.316  -56.296  26.604 0.5000000000
16554  43.925  -56.450  26.485 0.5000000000
16555  43.418  -56.934  26.591 0.5000000000
16563  38.016  -56.211  24.734 0.6000000238
16568  31.157  -56.827  25.777 0.5000000000
16572  38.302  -55.533  24.467 0.6000000238
17184  50.967  -55.400  31.279 0.4000000060
17186  49.144  -54.982  32.052 0.4000000060
17205  50.657  -54.844  30.714 0.4000000060
17206  50.636  -55.178  30.497 0.4000000060
17212  44.333  -55.865  29.314 0.4000000060
17213  39.188  -55.825  30.244 0.6000000238
17216  36.865  -55.536  30.463 0.6000000238
17228  39.930  -55.375  29.890 0.6000000238
17229  36.274  -55.325  30.062 0.6000000238
17230  36.148  -55.525  29.253 0.6000000238
17239  42.729  -55.362  27.620 0.4000000060
17249  45.456  -54.924  26.965 0.3000000119
17250  45.035  -55.330  26.796 0.3000000119
17256  31.776  -55.000  27.177 0.5000000000
17259  44.607  -55.568  26.666 0.3000000119
17262  34.805  -55.615  25.946 0.6999999881
17269  38.461  -55.395  25.109 0.6000000238
17924  50.029  -54.471  31.312 0.4000000060
17934  50.202  -54.334  30.925 0.4000000060
17935  50.079  -54.110  30.960 0.4000000060
17937  37.818  -54.266  31.171 0.6000000238
17946  49.181  -53.956  29.891 0.3000000119
17953  37.158  -54.875  30.995 0.6000000238
17963  48.447  -53.299  29.436 0.3000000119
17965  46.433  -54.289  28.205 0.4000000060
17968  41.235  -54.668  29.317 0.6000000238
17970  39.592  -54.834  30.186 0.6000000238
17971  35.851  -54.613  30.203 0.6000000238
17990  44.014  -54.960  26.797 0.3000000119
17991  43.394  -54.839  27.395 0.4000000060
17992  35.736  -54.343  28.185 0.4000000060
17996  30.457  -54.186  26.693 0.5000000000
18001  36.912  -54.266  26.564 0.5000000000
18008  38.962  -54.871  24.160 0.6000000238
18017  37.787  -54.838  24.243 0.6999999881
18596  42.133  -52.906  34.137 0.3000000119
18615  48.707  -53.646  31.553 0.4000000060
18627  48.237  -52.681  31.323 0.3000000119
18629  42.724  -53.130  31.257 0.5000000000
18631  40.914  -53.125  30.735 0.5000000000
18635  36.858  -53.413  31.363 0.6000000238
18643  49.605  -53.573  30.581 0.4000000060
18644  49.395  -52.840  30.096 0.3000000119
18647  40.653  -53.416  30.202 0.5000000000
18650  35.138  -53.189  30.202 0.5000000000
18656  49.201  -52.646  29.805 0.3000000119
18657  48.710  -52.661  29.511 0.3000000119
18661  44.026  -53.728  29.566 0.3000000119
18664  34.995  -53.136  29.353 0.4000000060
18670  44.895  -54.036  27.769 0.4000000060
18684  30.907  -53.531  27.247 0.5000000000
18689  38.668  -53.949  25.292 0.6000000238
18696  39.102  -53.081  24.716 0.6000000238
18706  38.797  -53.984  24.098 0.6000000238
19392  40.960  -52.516  34.732 0.3000000119
19393  40.165  -52.789  34.850 0.3000000119
19420  40.866  -52.427  32.212 0.6000000238
19428  49.387  -52.872  30.429 0.4000000060
19429  48.869  -52.321  30.512 0.3000000119
19439  37.462  -52.626  31.489 0.5000000000
19441  35.637  -52.573  31.215 0.5000000000
19451  44.347  -52.716  30.896 0.4000000060
19459  48.172  -52.262  29.485 0.4000000060
19492  39.310  -52.776  24.928 0.6000000238
19500  39.057  -52.793  24.630 0.6000000238
20158  41.653  -51.052  35.128 0.3000000119
20159  40.932  -51.186  35.347 0.3000000119
20160  40.017  -51.336  35.464 0.3000000119
20190  42.022  -50.949  33.044 0.3000000119
20207  41.399  -51.746  32.728 0.6000000238
20209  39.439  -51.706  32.500 0.6000000238
20212  36.863  -51.099  31.837 0.5000000000
20219  47.668  -50.774  30.800 0.3000000119
20220  47.268  -50.039  31.204 0.3000000119
20222  45.161  -50.707  31.414 0.4000000060
20233  47.758  -51.043  30.750 0.4000000060
20235  46.969  -50.780  30.625 0.4000000060
20236  34.557  -51.891  30.468 0.4000000060
20242  48.116  -51.556  30.032 0.4000000060
20253  34.266  -51.742  26.406 0.6999999881
20255  31.781  -51.345  27.467 0.4000000060
20265  39.441  -51.596  24.881 0.6000000238
20267  38.621  -51.549  25.491 0.6000000238
20268  36.901  -52.042  24.670 0.6999999881
20896  41.502  -50.345  35.484 0.3000000119
20899  38.893  -50.741  36.067 0.3000000119
20911  39.897  -49.935  34.219 0.4000000060
20913  38.034  -50.056  34.031 0.4000000060
20925  42.674  -50.101  33.101 0.3000000119
20926  41.885  -50.211  33.408 0.4000000060
20928  39.418  -50.601  33.666 0.4000000060
20930  37.706  -50.350  33.194 0.5000000000
20946  37.344  -50.679  32.424 0.5000000000
20957  47.105  -49.817  31.314 0.3000000119
20960  35.344  -51.099  31.529 0.4000000060
20968  47.330  -50.088  30.979 0.4000000060
20974  34.193  -50.960  29.472 0.5000000000
20979  35.056  -50.979  28.071 0.5000000000
20997  33.545  -50.354  26.675 0.5000000000
21015  39.365  -50.048  24.090 0.6000000238
21019  35.721  -50.821  24.960 0.6999999881
21621  41.370  -48.534  36.210 0.3000000119
21622  40.570  -49.151  36.330 0.3000000119
21623  39.689  -49.142  36.534 0.3000000119
21639  42.770  -48.572  35.345 0.3000000119
21652  40.408  -49.008  34.466 0.4000000060
21654  38.452  -49.421  34.553 0.4000000060
21684  36.168  -49.857  32.529 0.5000000000
21696  34.879  -49.860  31.749 0.5000000000
21733  39.397  -50.039  24.387 0.6000000238
21734  39.324  -49.965  24.898 0.6000000238
21736  37.706  -49.196  25.670 0.6000000238
21743  38.587  -49.619  23.877 0.6999999881
21745  35.277  -49.514  24.807 0.6000000238
21747  39.718  -49.378  23.993 0.6000000238
22309  39.376  -47.536  37.345 0.3000000119
22332  40.552  -48.291  36.588 0.3000000119
22348  43.285  -47.485  34.294 0.3000000119
22361  42.647  -46.965  33.763 0.3000000119
22363  40.944  -47.898  34.541 0.4000000060
22365  38.930  -48.677  35.048 0.4000000060
22377  42.528  -47.925  33.852 0.3000000119
22446  39.923  -48.775  23.920 0.6000000238
22447  40.054  -48.134  23.967 0.6000000238
22449  36.719  -48.761  24.169 0.6999999881
22452  39.758  -48.818  23.776 0.6000000238
22972  40.317  -46.529  36.754 0.3000000119
22974  38.248  -47.582  37.838 0.3000000119
22991  41.061  -47.023  36.455 0.3000000119
22992  40.209  -47.598  36.828 0.3000000119
22993  38.104  -46.102  36.190 0.4000000060
23008  42.796  -46.855  34.623 0.3000000119
23014  36.933  -47.503  35.507 0.4000000060
23024  42.680  -46.888  34.363 0.3000000119
23026  41.383  -46.723  34.558 0.4000000060
23104  39.816  -47.518  23.547 0.5000000000
23105  39.338  -47.557  23.441 0.5000000000
23615  38.448  -45.873  38.070 0.3000000119
23647  41.724  -46.221  35.667 0.3000000119
23649  40.608  -45.179  36.046 0.3000000119
23650  37.286  -45.968  36.219 0.4000000060
23668  42.064  -45.819  35.089 0.3000000119
23669  40.771  -45.836  35.120 0.4000000060
23670  39.913  -45.779  35.493 0.4000000060
23672  37.313  -46.849  35.921 0.4000000060
23674  36.106  -46.380  35.418 0.4000000060
23681  42.041  -45.859  34.850 0.3000000119
23774  37.027  -46.449  23.534 0.5000000000
24343  41.482  -45.708  35.438 0.3000000119
24346  38.021  -45.021  36.359 0.4000000060
24347  36.573  -45.695  35.910 0.4000000060
24366  41.533  -45.715  35.200 0.3000000119
24367  40.824  -45.482  35.441 0.3000000119
25020  37.976  -44.155  38.444 0.3000000119
25058  39.501  -44.763  36.356 0.3000000119
25059  38.748  -44.216  36.452 0.3000000119
25061  36.963  -44.828  36.268 0.4000000060
25782  38.104  -43.292  39.328 0.3000000119
25802  38.767  -43.369  37.021 0.3000000119
25803  38.326  -42.773  37.718 0.3000000119
25827  37.695  -42.730  36.389 0.3000000119
25848  37.082  -42.773  35.814 0.3000000119
26603  37.495  -42.111  36.046 0.4000000060
26624  36.659  -42.655  35.103 0.3000000119
27490  37.434  -41.490  35.500 0.3000000119
112983  50.938  -61.471  35.545 0.3000000119
113055  37.332  -61.194  24.479 0.6000000238
113074  37.904  -52.366  24.492 0.6000000238
113539  39.154  -46.935  35.565 0.4000000060
115762  46.284  -59.960  33.931 0.3000000119
117290  42.457  -57.823  29.619 0.6000000238
117614  49.323  -60.197  38.248 0.3000000119
117994  36.696  -54.144  24.730 0.6999999881
118012  36.682  -57.918  24.504 0.6000000238
118125  46.205  -60.961  36.856 0.3000000119
118233  38.737  -59.633  27.252 0.6000000238
119548  45.974  -53.419  28.617 0.3000000119
119586  35.480  -53.092  30.812 0.5000000000
119645  40.939  -53.850  34.460 0.3000000119
119826  34.389  -49.753  28.508 0.5000000000
120823  29.793  -54.078  26.162 0.5000000000
120891  41.725  -61.408  28.372 0.4000000060
121689  46.236  -66.461  29.509 0.3000000119
121714  37.700  -55.768  24.408 0.6000000238
122510  49.573  -59.932  28.696 0.5000000000
122549  49.938  -54.367  30.554 0.4000000060
122637  31.403  -52.925  27.435 0.5000000000
123504  36.915  -52.889  26.648 0.6000000238
123826  38.828  -51.162  24.425 0.6999999881
123840  39.356  -53.484  30.639 0.6000000238
123951  44.266  -54.462  27.359 0.4000000060
125497  37.198  -48.791  34.609 0.4000000060
125597  48.432  -68.854  28.429 0.3000000119
126150  49.416  -62.768  33.097 0.3000000119
126984  38.925  -49.280  25.122 0.6000000238
127743  49.416  -53.674  29.987 0.3000000119
128666  49.312  -56.544  30.466 0.5000000000
128721  41.512  -53.950  29.465 0.5000000000
129581  49.228  -54.260  31.669 0.4000000060
129671  37.057  -44.201  36.275 0.4000000060
130037  43.666  -51.551  31.896 0.4000000060
131177  38.741  -44.342  37.614 0.3000000119
131269  50.660  -57.021  31.216 0.4000000060
131342  46.190  -57.115  31.196 0.4000000060
131592  50.061  -61.747  27.506 0.4000000060
133208  33.598  -54.815  27.022 0.6000000238
133742  38.585  -62.688  24.724 0.5000000000
133750  43.543  -52.076  31.697 0.5000000000
133776  37.390  -57.928  28.657 0.6000000238
134686  33.669  -53.546  27.096 0.6000000238
134705  38.213  -53.801  31.138 0.6000000238
134929  33.796  -49.842  29.639 0.5000000000
