#!ascii label  , from subject sub-v1s9x0051350_ses-1 vox2ras=TkReg
1375
3750  39.383  -79.992  24.362 0.5000000000
5897  32.281  -74.708  32.095 0.6000000238
5400  30.552  -75.374  31.442 0.6000000238
5409  29.419  -76.072  30.775 0.6000000238
5391  29.781  -75.419  31.913 0.6999999881
4903  28.722  -76.170  31.014 0.6000000238
119960  29.623  -75.056  32.441 0.6999999881
5402  28.585  -75.948  31.741 0.6000000238
4949  35.283  -76.881  25.669 0.5000000000
113589  38.644  -75.719  24.708 0.6000000238
4946  37.900  -76.182  25.328 0.6000000238
4504  35.806  -76.958  25.938 0.5000000000
5487  40.187  -75.267  22.775 0.5000000000
4960  39.446  -75.351  23.944 0.4000000060
4962  37.546  -77.024  24.946 0.5000000000
4947  37.050  -76.858  25.676 0.6000000238
116950  31.845  -73.315  26.954 0.5000000000
4564  42.284  -77.147  22.646 0.4000000060
6446  31.818  -73.787  27.693 0.5000000000
5952  31.269  -73.956  26.436 0.5000000000
6436  32.065  -73.738  28.268 0.6000000238
5916  32.323  -74.424  29.913 0.6000000238
6401  33.076  -74.256  32.021 0.6000000238
6388  32.683  -74.209  32.805 0.6999999881
113811  32.083  -75.049  31.213 0.6000000238
5887  32.074  -74.427  32.793 0.6999999881
6854  33.633  -71.979  34.800 0.6000000238
6373  32.101  -73.929  33.332 0.6999999881
7371  33.095  -71.506  34.811 0.6000000238
6876  32.312  -73.188  33.939 0.6000000238
6389  30.834  -74.320  32.698 0.6999999881
7372  32.088  -71.670  34.099 0.6999999881
120699  27.988  -75.732  31.185 0.6000000238
5467  34.520  -75.458  26.014 0.5000000000
4936  36.017  -76.611  26.505 0.6000000238
4937  35.225  -76.566  26.438 0.5000000000
5975  39.596  -74.437  24.196 0.6000000238
5476  38.991  -74.908  24.876 0.6999999881
111874  37.380  -76.156  25.948 0.6000000238
5486  40.626  -75.011  21.396 0.4000000060
6928  33.287  -72.601  28.933 0.5000000000
6445  32.383  -73.005  27.826 0.5000000000
3748  41.308  -79.009  23.670 0.5000000000
6435  32.507  -73.205  28.672 0.5000000000
6412  33.699  -73.475  30.631 0.6999999881
6426  32.681  -73.505  29.412 0.6000000238
6399  34.438  -73.236  31.916 0.6999999881
121523  33.283  -73.962  31.200 0.6000000238
6413  32.937  -73.877  30.372 0.6000000238
5904  32.695  -74.479  31.308 0.6000000238
6371  33.829  -73.242  33.265 0.6999999881
133350  34.098  -72.271  34.508 0.6000000238
7354  33.879  -71.115  35.208 0.6000000238
6372  32.989  -73.624  33.486 0.6000000238
7822  33.731  -70.220  35.217 0.6000000238
8387  32.913  -70.006  34.542 0.6999999881
5891  28.377  -75.064  32.862 0.6999999881
5906  27.425  -74.835  30.874 0.5000000000
6877  31.194  -73.057  33.454 0.6999999881
6390  29.855  -74.484  32.699 0.6999999881
5393  28.143  -75.553  32.202 0.6000000238
5443  36.778  -75.596  27.206 0.5000000000
4928  35.638  -76.219  27.077 0.5000000000
132896  34.632  -75.618  26.758 0.5000000000
5950  38.278  -74.167  26.254 0.6999999881
5456  36.444  -76.120  26.915 0.6000000238
6479  39.691  -73.537  24.195 0.5000000000
5963  39.199  -74.017  25.008 0.6999999881
5964  38.560  -74.488  25.608 0.6999999881
5466  37.784  -75.641  25.896 0.6000000238
5455  37.250  -75.712  26.534 0.6000000238
6004  40.976  -74.020  21.264 0.4000000060
5987  40.469  -74.362  22.344 0.4000000060
134268  40.022  -74.690  23.389 0.5000000000
6927  33.824  -72.823  29.156 0.5000000000
6424  34.168  -73.208  30.041 0.5000000000
6425  33.357  -73.095  29.575 0.5000000000
6891  35.446  -72.470  32.340 0.6000000238
6873  35.125  -72.277  33.251 0.6999999881
7854  35.926  -70.917  34.070 0.6000000238
7390  35.524  -71.608  33.685 0.6999999881
6892  34.628  -72.890  32.671 0.6999999881
8386  35.739  -69.685  35.008 0.6000000238
7369  35.151  -71.311  34.577 0.6000000238
6874  34.348  -72.643  33.743 0.6999999881
8912  35.336  -68.350  35.379 0.6999999881
7837  35.485  -70.533  34.830 0.6000000238
7370  34.349  -71.638  34.891 0.6000000238
10010  34.588  -67.217  35.344 0.6000000238
8913  34.617  -68.618  35.399 0.6999999881
8376  34.340  -69.521  35.338 0.6999999881
10027  33.670  -67.151  34.219 0.6000000238
10026  34.024  -67.107  34.953 0.6000000238
8914  34.024  -68.790  35.253 0.6999999881
6391  27.128  -74.329  32.401 0.6000000238
8924  33.611  -68.584  34.852 0.6999999881
6375  30.128  -73.868  32.882 0.6999999881
5892  27.732  -74.962  32.575 0.6000000238
10040  33.582  -66.846  33.396 0.6999999881
115177  33.638  -67.819  34.499 0.6000000238
119602  33.228  -69.139  34.498 0.8000000119
7855  32.100  -70.707  33.644 0.6999999881
7392  31.146  -72.148  33.163 0.6999999881
6878  30.280  -73.199  33.007 0.6999999881
5444  36.117  -75.772  27.530 0.6000000238
6469  38.711  -73.527  25.780 0.6999999881
6455  38.283  -73.526  26.674 0.6999999881
5936  37.316  -75.053  27.131 0.6000000238
6994  39.631  -72.468  23.925 0.5000000000
6468  39.316  -73.074  25.000 0.6999999881
6490  40.378  -73.186  21.966 0.4000000060
5988  40.161  -73.926  23.320 0.5000000000
124855  34.704  -73.395  29.480 0.5000000000
6434  34.827  -73.740  28.646 0.5000000000
6916  35.395  -73.069  31.064 0.6000000238
7399  36.460  -71.442  32.345 0.6000000238
6890  36.173  -72.135  32.009 0.6999999881
6411  34.524  -73.266  31.066 0.6999999881
7870  36.718  -70.726  32.618 0.6999999881
7400  35.843  -71.861  32.796 0.6999999881
8385  36.436  -69.215  34.471 0.6000000238
7853  36.507  -70.450  33.432 0.6000000238
7389  36.204  -71.195  33.170 0.6999999881
10008  35.957  -66.210  35.366 0.6999999881
9448  35.967  -67.927  35.160 0.6999999881
8922  36.535  -68.301  34.576 0.6999999881
6880  27.099  -72.833  34.025 0.6000000238
10555  35.363  -65.801  35.398 0.6000000238
10009  35.268  -66.675  35.459 0.6999999881
8923  35.906  -68.811  35.113 0.6999999881
10592  33.932  -64.688  32.209 0.6000000238
10581  34.113  -65.012  33.879 0.6000000238
11166  34.621  -64.756  34.474 0.6000000238
10556  34.525  -66.260  35.211 0.6000000238
6378  27.379  -73.626  33.682 0.6000000238
10593  33.690  -65.507  32.386 0.6000000238
10571  34.231  -65.550  34.540 0.6000000238
127786  30.052  -71.778  32.216 0.6999999881
6879  29.698  -73.305  33.316 0.6000000238
6376  29.183  -74.138  33.423 0.6999999881
5881  27.694  -74.446  33.235 0.6000000238
10605  33.783  -65.315  31.513 0.5000000000
10051  33.516  -66.582  32.283 0.6000000238
9484  33.274  -67.575  32.411 0.8000000119
8947  32.880  -68.353  32.549 0.8000000119
8408  31.699  -69.727  31.841 0.8000000119
7856  31.283  -71.287  32.746 0.8000000119
6893  30.360  -72.345  32.690 0.6999999881
9467  33.418  -67.702  33.469 0.8000000119
8398  32.253  -69.873  33.161 0.8000000119
6456  37.831  -74.296  26.965 0.6999999881
5926  37.246  -74.469  27.932 0.6999999881
5927  36.424  -74.765  28.453 0.6999999881
5446  34.779  -75.260  27.438 0.6000000238
118858  38.925  -72.632  25.598 0.6999999881
5928  35.789  -74.765  28.615 0.6000000238
6977  39.209  -72.077  24.929 0.6000000238
5929  35.252  -74.509  28.505 0.5000000000
6433  35.479  -74.102  29.077 0.5000000000
8905  27.879  -67.773  36.338 0.6000000238
6423  35.662  -73.718  29.791 0.5000000000
8917  27.742  -68.370  35.943 0.5000000000
6410  36.013  -73.361  30.491 0.5000000000
8371  29.156  -69.040  36.261 0.6000000238
7409  36.769  -71.642  31.512 0.6999999881
6902  36.383  -72.408  31.305 0.6000000238
8407  36.967  -70.078  32.839 0.6999999881
7843  28.186  -71.056  35.250 0.6000000238
8934  37.025  -68.615  33.834 0.6999999881
8395  37.334  -68.780  33.079 0.6000000238
10570  36.648  -65.806  35.073 0.6999999881
9446  37.364  -66.765  34.117 0.6999999881
9466  37.161  -67.712  33.975 0.6999999881
6858  27.784  -72.433  34.547 0.6000000238
117757  27.714  -71.731  34.828 0.6000000238
10554  36.093  -65.400  35.376 0.6000000238
9447  36.609  -67.380  34.673 0.6999999881
7373  29.265  -71.974  34.609 0.6000000238
7375  26.923  -71.882  34.254 0.6000000238
11767  35.485  -63.560  34.519 0.6000000238
11155  34.910  -65.300  35.141 0.6000000238
7858  29.669  -71.697  33.524 0.6999999881
7393  29.660  -72.406  33.270 0.6000000238
129160  28.499  -72.758  34.494 0.6000000238
127719  34.120  -64.225  32.836 0.6000000238
8424  31.154  -69.576  30.951 0.6000000238
8425  30.734  -69.941  30.909 0.6000000238
7873  30.185  -71.121  31.785 0.6999999881
7874  29.905  -71.806  32.390 0.6000000238
6357  28.812  -73.421  34.111 0.6000000238
9503  32.471  -68.198  30.741 0.6000000238
8409  30.984  -70.237  31.168 0.8000000119
9502  33.105  -67.586  31.401 0.6000000238
8948  32.084  -68.998  31.531 0.6999999881
7871  31.480  -70.468  32.278 0.8000000119
6442  38.288  -72.784  27.177 0.6999999881
6443  37.847  -73.593  27.559 0.6999999881
6432  37.426  -73.671  28.465 0.6999999881
6978  38.788  -71.661  25.787 0.6999999881
116057  38.591  -72.704  26.306 0.6999999881
122301  36.857  -74.222  28.728 0.6000000238
5915  36.210  -74.226  29.185 0.6000000238
9982  29.165  -66.013  37.415 0.6000000238
9999  27.456  -66.271  36.800 0.6000000238
9998  28.924  -66.727  37.126 0.6000000238
111504  28.179  -66.749  36.926 0.6000000238
6422  36.315  -73.646  29.778 0.6000000238
9421  28.557  -67.478  36.681 0.5000000000
7418  37.254  -71.504  30.762 0.6999999881
7419  36.860  -72.125  30.913 0.6999999881
8902  30.190  -67.995  36.375 0.4000000060
8904  28.470  -68.328  36.362 0.5000000000
112443  37.720  -69.208  31.671 0.6999999881
111949  37.655  -69.938  31.096 0.8000000119
8370  29.927  -68.906  36.164 0.5000000000
8406  37.353  -69.378  32.566 0.6000000238
7881  36.925  -70.984  31.966 0.6999999881
8379  29.515  -69.818  35.833 0.6000000238
8933  37.511  -67.957  33.149 0.6999999881
8388  30.278  -69.904  34.424 0.6999999881
7824  29.370  -70.634  35.478 0.6000000238
10552  37.817  -65.062  35.316 0.6999999881
10569  37.408  -65.655  34.901 0.6999999881
8937  30.473  -69.385  33.337 0.5000000000
7842  29.539  -71.174  34.904 0.6000000238
11766  36.302  -63.277  34.859 0.6000000238
11153  36.321  -64.585  35.372 0.6000000238
10553  36.911  -65.132  35.285 0.6999999881
7841  29.925  -70.844  33.973 0.6999999881
132747  35.826  -64.526  35.295 0.6000000238
8426  30.561  -69.936  31.036 0.5000000000
8399  30.081  -70.306  32.712 0.6000000238
11786  34.856  -63.495  33.798 0.6000000238
9514  32.024  -68.224  30.083 0.6000000238
8965  30.965  -69.268  30.850 0.5000000000
8410  30.275  -70.466  31.585 0.6999999881
129415  33.019  -67.550  29.748 0.6000000238
6947  38.302  -72.077  27.547 0.6999999881
6948  37.916  -72.737  28.120 0.6999999881
120837  37.544  -73.073  28.910 0.6000000238
6421  36.953  -73.624  29.300 0.6000000238
10536  28.616  -65.426  37.539 0.4000000060
9984  27.564  -65.435  37.340 0.5000000000
6925  37.367  -72.794  29.544 0.6000000238
9981  29.821  -65.807  37.279 0.5000000000
10000  26.678  -66.118  36.112 0.6000000238
7426  37.609  -71.389  29.978 0.6999999881
7892  37.612  -70.620  30.487 0.6999999881
6926  36.789  -73.141  30.055 0.6000000238
9420  29.578  -67.335  36.771 0.5000000000
9436  30.821  -67.626  35.817 0.4000000060
10038  39.159  -66.798  33.718 0.6999999881
9464  38.749  -67.236  32.842 0.6999999881
9482  38.641  -67.598  32.171 0.6999999881
8915  30.556  -68.554  35.713 0.6000000238
10551  38.734  -65.040  35.352 0.6999999881
10567  39.231  -65.696  35.023 0.6999999881
9465  37.633  -67.217  33.400 0.6999999881
112827  38.097  -67.475  32.658 0.6999999881
8926  30.716  -69.009  34.763 0.5000000000
11751  37.621  -63.652  35.356 0.6000000238
10568  38.276  -65.674  34.956 0.6999999881
134373  37.746  -66.526  33.934 0.6999999881
8925  30.950  -68.512  33.769 0.5000000000
132910  36.155  -62.185  34.044 0.5000000000
11765  37.119  -63.046  35.056 0.6000000238
11152  37.259  -64.427  35.417 0.6000000238
111383  38.414  -70.659  27.893 0.6999999881
7434  38.180  -71.594  28.251 0.6999999881
11132  28.799  -64.594  37.582 0.4000000060
7916  38.238  -70.593  28.631 0.6999999881
6937  37.790  -72.301  28.946 0.6999999881
118758  27.926  -64.257  37.684 0.4000000060
7435  37.891  -71.394  29.156 0.6999999881
10537  26.965  -64.813  37.226 0.6000000238
8440  38.453  -68.919  30.169 0.8000000119
7906  38.001  -70.378  29.551 0.6999999881
9501  38.912  -67.817  31.584 0.6000000238
8977  38.490  -68.546  30.744 0.6000000238
11169  24.849  -64.122  35.036 0.6000000238
9481  39.268  -67.607  32.240 0.6999999881
9483  38.397  -67.930  31.818 0.6000000238
10022  39.717  -66.342  34.503 0.6000000238
11165  39.570  -64.957  35.187 0.6000000238
11801  23.244  -63.615  32.904 0.5000000000
11764  37.966  -62.946  35.053 0.6000000238
11750  38.481  -63.583  35.274 0.6999999881
12424  37.841  -62.080  33.795 0.5000000000
121753  38.432  -69.659  28.839 0.6999999881
11733  27.624  -63.349  37.644 0.4000000060
8990  38.835  -68.751  29.453 0.8000000119
11143  26.507  -64.183  37.024 0.5000000000
127616  39.696  -68.281  31.257 0.8000000119
11755  25.546  -63.402  35.962 0.4000000060
11744  26.717  -63.423  37.298 0.4000000060
8976  38.934  -68.487  30.269 0.6999999881
11771  25.043  -63.348  35.238 0.4000000060
11144  25.922  -64.322  36.258 0.5000000000
10021  40.690  -66.307  34.434 0.6000000238
10037  40.235  -66.979  33.964 0.6000000238
9463  39.767  -67.343  33.121 0.6999999881
111158  25.483  -62.384  35.507 0.4000000060
129076  40.349  -64.700  34.746 0.6000000238
10566  40.134  -65.608  34.821 0.6000000238
12432  23.926  -62.876  33.092 0.4000000060
11772  24.482  -63.505  34.548 0.6000000238
11763  39.229  -63.495  34.998 0.6000000238
12406  38.337  -62.530  34.451 0.5000000000
13051  38.281  -61.893  33.054 0.5000000000
12373  27.872  -62.343  37.588 0.4000000060
8989  39.200  -68.662  29.346 0.8000000119
12386  26.339  -62.734  36.906 0.4000000060
8975  39.424  -68.553  30.158 0.6999999881
12401  26.041  -62.121  36.385 0.4000000060
9480  40.346  -67.930  32.446 0.6000000238
9500  39.560  -68.020  31.647 0.6999999881
9462  40.770  -67.442  33.338 0.6000000238
13033  25.710  -61.517  35.042 0.4000000060
12430  24.971  -62.153  33.802 0.4000000060
11762  39.897  -63.391  34.460 0.6000000238
12447  24.479  -62.271  32.207 0.4000000060
12405  39.226  -62.779  34.353 0.4000000060
131578  27.209  -61.916  37.394 0.4000000060
8422  40.651  -68.976  31.070 0.6999999881
13013  26.619  -61.983  37.035 0.4000000060
8945  41.168  -68.343  32.101 0.6999999881
8960  40.405  -68.482  31.612 0.6000000238
13032  25.973  -61.488  35.749 0.4000000060
10020  41.560  -66.132  34.177 0.6000000238
10036  41.854  -66.598  33.534 0.6000000238
130801  25.535  -61.449  33.608 0.4000000060
133940  40.381  -63.912  34.519 0.6000000238
13056  25.633  -61.246  32.670 0.3000000119
12404  39.962  -62.810  33.991 0.4000000060
12422  39.523  -62.376  33.588 0.4000000060
12421  40.300  -62.400  33.543 0.4000000060
124894  26.461  -60.738  35.807 0.4000000060
13045  25.871  -61.074  34.299 0.4000000060
11178  41.781  -64.618  34.147 0.6000000238
11783  41.671  -63.709  34.000 0.6000000238
11177  42.333  -64.099  33.721 0.6000000238
12420  41.135  -62.358  33.559 0.4000000060
13048  41.381  -61.565  33.307 0.5000000000
13049  40.572  -61.784  33.172 0.4000000060
14549  23.867  -59.424  29.668 0.3000000119
13064  40.828  -61.196  32.902 0.4000000060
15138  27.615  -58.936  36.935 0.4000000060
15189  24.248  -58.794  32.631 0.3000000119
15883  21.972  -58.114  28.059 0.4000000060
122250  28.507  -58.114  37.470 0.4000000060
121468  26.463  -58.144  36.559 0.4000000060
15179  23.853  -58.155  33.236 0.3000000119
15168  24.853  -58.505  34.377 0.3000000119
15215  23.273  -58.575  30.239 0.3000000119
15204  23.356  -58.388  31.241 0.3000000119
15870  22.191  -57.869  29.204 0.3000000119
15779  26.485  -57.452  36.993 0.4000000060
15780  25.869  -57.542  36.409 0.4000000060
15153  25.437  -58.402  35.145 0.4000000060
15190  23.483  -58.118  32.272 0.3000000119
15845  23.086  -57.628  31.554 0.3000000119
17247  19.200  -54.997  28.119 0.4000000060
17977  17.294  -54.429  29.833 0.3000000119
17959  17.210  -54.459  30.415 0.3000000119
15858  22.506  -57.334  29.959 0.3000000119
16430  25.488  -56.724  36.130 0.4000000060
15794  25.260  -57.552  35.637 0.4000000060
15811  24.386  -57.618  34.428 0.3000000119
15824  23.509  -57.287  32.953 0.3000000119
15835  23.203  -57.044  32.102 0.3000000119
17245  20.723  -55.753  28.080 0.3000000119
118046  22.845  -56.819  31.313 0.3000000119
131660  18.551  -54.228  28.459 0.3000000119
15846  22.593  -56.518  30.446 0.3000000119
18679  18.501  -53.404  28.647 0.4000000060
17976  17.860  -53.627  29.352 0.3000000119
19475  18.823  -52.603  28.534 0.3000000119
18655  17.658  -53.654  29.964 0.3000000119
16442  25.005  -56.673  35.537 0.4000000060
16450  24.255  -56.540  34.263 0.4000000060
16463  23.786  -56.451  33.409 0.3000000119
17246  20.046  -55.369  27.798 0.4000000060
16493  23.148  -56.133  31.800 0.3000000119
17244  21.196  -55.208  28.540 0.3000000119
125013  19.915  -54.469  27.963 0.4000000060
133502  20.914  -54.524  28.286 0.4000000060
19458  18.192  -52.239  29.940 0.3000000119
16443  24.701  -56.143  35.037 0.4000000060
115562  24.095  -55.796  33.706 0.4000000060
17181  23.801  -55.577  33.037 0.4000000060
17198  22.987  -55.365  31.505 0.4000000060
16494  22.791  -56.052  31.134 0.3000000119
17233  22.108  -55.167  29.729 0.3000000119
17234  21.613  -55.031  29.156 0.3000000119
18667  21.237  -53.431  28.678 0.3000000119
18676  20.318  -53.053  28.229 0.5000000000
17986  20.000  -53.664  28.050 0.4000000060
18677  19.749  -52.801  28.147 0.4000000060
18642  18.690  -52.850  30.554 0.3000000119
17180  24.302  -55.048  33.512 0.4000000060
17191  23.970  -54.702  32.703 0.4000000060
17941  23.073  -54.559  31.562 0.3000000119
18652  22.411  -53.544  30.475 0.3000000119
19455  22.100  -52.679  30.113 0.3000000119
20238  22.114  -51.585  30.303 0.3000000119
17942  22.602  -54.929  30.921 0.3000000119
117661  22.666  -54.135  31.039 0.3000000119
18666  21.903  -53.534  29.664 0.3000000119
19461  21.448  -52.555  29.186 0.3000000119
19462  20.880  -51.575  29.062 0.3000000119
17974  21.759  -54.365  29.359 0.3000000119
19473  19.836  -52.170  28.326 0.3000000119
19465  18.846  -52.022  29.124 0.3000000119
114863  19.676  -53.568  31.192 0.3000000119
18568  26.388  -53.681  36.454 0.3000000119
18586  25.629  -53.647  35.125 0.3000000119
17920  25.063  -54.002  33.944 0.3000000119
18621  24.528  -53.352  32.986 0.3000000119
19425  23.848  -52.561  32.202 0.3000000119
20230  22.946  -51.533  31.189 0.3000000119
17921  24.564  -54.150  33.339 0.3000000119
18639  23.506  -53.267  31.871 0.3000000119
18640  22.840  -53.274  31.205 0.3000000119
19445  22.639  -52.445  30.873 0.3000000119
20239  21.250  -51.012  29.592 0.3000000119
20977  20.371  -50.621  29.398 0.3000000119
19464  19.495  -51.562  28.730 0.3000000119
20973  19.651  -50.468  29.727 0.3000000119
133749  18.605  -51.781  29.779 0.3000000119
18653  19.502  -52.519  30.858 0.3000000119
132897  26.877  -53.331  36.722 0.3000000119
18600  25.385  -53.468  34.289 0.3000000119
18611  24.984  -53.403  33.592 0.3000000119
19424  24.382  -52.645  32.708 0.3000000119
20215  23.688  -51.639  31.924 0.3000000119
20971  20.911  -50.109  29.826 0.3000000119
20972  19.951  -50.021  29.942 0.3000000119
125821  19.924  -51.179  30.698 0.3000000119
18624  20.432  -53.910  31.742 0.3000000119
114316  22.974  -50.589  31.247 0.3000000119
124430  22.363  -50.709  30.623 0.3000000119
20232  20.111  -50.456  30.512 0.3000000119
20231  20.568  -51.307  31.377 0.3000000119
19447  20.112  -52.045  31.165 0.3000000119
19446  20.901  -52.460  31.790 0.3000000119
20965  22.984  -49.665  31.338 0.3000000119
21706  21.533  -49.109  30.554 0.3000000119
121089  20.475  -49.582  30.218 0.3000000119
119175  24.119  -50.038  32.396 0.3000000119
21699  22.053  -48.583  30.844 0.3000000119
22406  21.257  -48.500  30.781 0.3000000119
21701  20.768  -49.152  30.596 0.3000000119
20217  21.252  -50.790  31.854 0.3000000119
115091  21.360  -51.838  32.139 0.3000000119
19427  21.601  -52.742  32.485 0.3000000119
4138  40.223  -79.331  24.209 0.5000000000
4145  41.908  -79.028  23.203 0.5000000000
4546  42.040  -78.114  23.092 0.4000000060
5888  31.521  -74.638  32.433 0.6999999881
5890  29.088  -74.889  32.966 0.6999999881
128816  41.102  -74.872  20.702 0.4000000060
4529  41.996  -77.694  23.883 0.5000000000
7838  34.650  -70.885  35.172 0.6000000238
111249  35.075  -73.342  30.377 0.5000000000
8375  35.176  -69.192  35.353 0.6000000238
6914  37.218  -72.290  30.256 0.6999999881
8946  37.783  -68.368  32.259 0.6000000238
12425  36.846  -61.896  33.875 0.5000000000
10023  38.688  -66.281  34.410 0.6999999881
12431  24.331  -62.825  33.888 0.4000000060
13052  37.361  -61.457  33.116 0.5000000000
10565  41.098  -65.308  34.467 0.6000000238
12423  38.735  -62.254  33.719 0.4000000060
9479  41.455  -67.799  32.698 0.6000000238
130529  42.212  -65.820  33.663 0.6000000238
13798  25.943  -60.534  33.401 0.3000000119
11784  40.774  -63.192  34.056 0.4000000060
117643  41.627  -62.955  33.756 0.4000000060
15128  26.913  -58.010  37.064 0.4000000060
17913  24.763  -54.657  34.137 0.3000000119
18585  26.120  -53.159  35.650 0.3000000119
9512  42.751  -68.191  30.810 0.5000000000
8974  42.143  -68.976  30.815 0.5000000000
8438  41.272  -69.309  30.655 0.6999999881
8451  39.811  -68.916  29.282 0.6999999881
8462  38.785  -69.050  28.315 0.6000000238
111111  42.241  -68.497  31.378 0.5000000000
8959  41.450  -68.799  31.440 0.6000000238
7455  38.627  -70.845  26.440 0.6000000238
6963  38.532  -71.916  26.782 0.6000000238
128838  40.695  -69.511  28.888 0.6999999881
8469  39.299  -69.125  27.219 0.6000000238
7929  38.631  -70.046  27.122 0.6000000238
8460  39.874  -69.113  28.251 0.6999999881
8461  39.159  -68.909  27.987 0.6000000238
7445  38.462  -71.212  27.352 0.6000000238
9499  42.627  -67.795  31.531 0.5000000000
8468  41.119  -69.693  26.991 0.6999999881
130709  39.565  -69.253  26.801 0.6999999881
8495  39.102  -69.568  25.755 0.6000000238
7466  38.788  -70.427  25.490 0.6000000238
8459  41.089  -69.650  28.044 0.6000000238
112794  39.956  -69.255  27.353 0.6999999881
8484  39.000  -69.365  26.634 0.6000000238
8999  42.715  -69.232  28.602 0.6000000238
122689  43.293  -66.448  31.253 0.5000000000
121675  42.337  -67.462  32.227 0.5000000000
113569  41.913  -69.799  27.502 0.6999999881
120230  39.748  -69.445  25.875 0.6000000238
7465  38.967  -70.990  24.751 0.6000000238
132327  43.484  -65.238  31.642 0.5000000000
10049  42.590  -66.720  32.326 0.5000000000
11188  43.314  -64.036  32.601 0.5000000000
10590  42.989  -65.942  31.992 0.5000000000
11798  43.445  -63.133  32.781 0.4000000060
4909  28.964  -76.251  30.303 0.4000000060
5408  30.350  -75.710  30.515 0.4000000060
5423  29.588  -76.132  29.888 0.4000000060
5421  31.200  -75.320  29.974 0.5000000000
5422  30.468  -75.692  29.319 0.5000000000
11189  42.823  -64.503  33.162 0.5000000000
5918  31.336  -75.008  29.096 0.5000000000
5468  30.442  -74.954  25.924 0.6000000238
6427  32.015  -74.153  29.019 0.5000000000
5930  31.435  -74.472  28.237 0.5000000000
5953  30.792  -74.701  26.445 0.5000000000
4916  28.840  -76.113  29.477 0.5000000000
5436  29.592  -76.100  28.917 0.5000000000
114558  28.666  -75.712  27.943 0.5000000000
5435  30.228  -75.787  28.293 0.5000000000
5448  29.150  -75.744  27.223 0.5000000000
5931  30.858  -75.257  28.551 0.5000000000
5447  30.105  -75.717  27.305 0.5000000000
5458  30.281  -75.336  26.506 0.5000000000
5940  30.776  -75.185  27.780 0.5000000000
12443  43.547  -62.245  32.834 0.4000000060
11781  42.960  -62.679  33.364 0.4000000060
12418  42.950  -61.774  33.247 0.4000000060
6402  27.152  -74.338  31.475 0.5000000000
5449  28.362  -75.298  27.198 0.5000000000
10580  42.338  -64.977  33.704 0.5000000000
11782  42.304  -63.211  33.646 0.4000000060
6392  26.659  -73.451  32.521 0.5000000000
119902  26.350  -72.305  31.189 0.5000000000
7420  26.170  -71.495  30.928 0.5000000000
6415  26.640  -72.945  30.956 0.5000000000
12419  42.138  -62.239  33.555 0.4000000060
6895  26.354  -72.604  32.614 0.5000000000
7410  26.125  -72.026  31.840 0.5000000000
7394  26.321  -71.411  33.455 0.5000000000
7883  25.873  -71.155  31.843 0.5000000000
7893  26.225  -70.713  30.249 0.5000000000
7907  26.410  -70.647  29.454 0.4000000060
7859  26.275  -70.529  33.479 0.5000000000
111960  25.940  -70.507  31.063 0.6000000238
134042  26.278  -70.254  29.844 0.6000000238
126999  27.158  -71.104  34.709 0.5000000000
7844  26.649  -70.378  34.273 0.5000000000
113633  25.850  -70.220  31.896 0.5000000000
8427  25.979  -69.527  31.147 0.6000000238
133652  26.146  -69.254  30.526 0.6000000238
117708  26.416  -68.787  28.885 0.6000000238
8472  26.737  -69.041  27.308 0.5000000000
9018  26.825  -68.195  26.518 0.5000000000
10117  26.740  -66.825  25.799 0.5000000000
114327  27.299  -70.267  34.953 0.5000000000
8389  27.371  -69.398  35.112 0.5000000000
8390  26.779  -69.510  34.421 0.5000000000
8411  26.072  -69.783  32.728 0.5000000000
133324  26.322  -68.980  33.102 0.6000000238
111228  26.258  -68.561  30.749 0.6000000238
9011  26.640  -67.823  27.600 0.6000000238
9557  26.745  -67.249  26.708 0.5000000000
10672  23.772  -64.903  27.822 0.5000000000
117675  25.966  -65.301  25.593 0.5000000000
7826  28.103  -70.048  35.503 0.5000000000
8927  27.422  -68.709  35.337 0.5000000000
8928  26.958  -68.546  34.590 0.6000000238
121947  26.619  -67.979  33.916 0.6000000238
123094  26.376  -67.167  32.290 0.6000000238
129488  26.381  -67.896  31.296 0.6000000238
9505  26.371  -67.085  31.416 0.6000000238
8991  26.528  -67.808  29.341 0.6000000238
9516  26.370  -66.757  30.441 0.6000000238
9538  26.589  -67.136  28.508 0.6000000238
9547  26.588  -66.666  27.643 0.5000000000
111557  26.584  -66.482  26.719 0.5000000000
10687  26.308  -65.866  26.662 0.5000000000
10670  25.760  -65.379  27.487 0.5000000000
128240  25.825  -65.302  26.568 0.5000000000
10689  25.098  -64.661  26.372 0.5000000000
8918  27.201  -67.946  35.212 0.6000000238
9469  26.466  -67.226  33.716 0.6000000238
10053  26.243  -66.862  32.940 0.6000000238
10054  25.649  -66.506  32.639 0.6000000238
10064  26.113  -66.811  32.047 0.6000000238
10088  26.237  -66.212  30.064 0.6000000238
10076  26.043  -66.565  30.993 0.6000000238
10632  26.302  -66.004  29.192 0.5000000000
128353  25.889  -65.867  29.741 0.5000000000
114996  26.439  -66.100  27.885 0.5000000000
10089  24.933  -65.669  29.405 0.5000000000
10090  24.118  -66.167  30.234 0.6000000238
10671  24.943  -65.026  27.740 0.5000000000
125680  24.254  -65.386  28.602 0.5000000000
10634  23.642  -65.774  29.407 0.5000000000
126997  21.701  -65.568  29.574 0.5000000000
10043  25.694  -66.401  33.361 0.6000000238
10044  25.000  -66.203  33.144 0.6000000238
10065  25.562  -66.513  31.841 0.6000000238
129826  25.226  -65.965  30.145 0.6000000238
10091  22.992  -66.120  30.144 0.6000000238
10635  22.557  -65.688  29.455 0.5000000000
10574  25.912  -66.053  34.797 0.6000000238
118864  24.058  -66.428  30.995 0.6000000238
128044  22.553  -66.304  30.735 0.6000000238
10080  21.975  -66.064  30.248 0.5000000000
132643  25.194  -64.508  35.259 0.6000000238
134069  25.541  -65.456  35.059 0.6000000238
10576  24.627  -65.256  34.257 0.6000000238
10595  24.123  -66.162  32.985 0.6000000238
10067  23.529  -66.479  31.565 0.6000000238
10608  22.272  -66.003  31.791 0.5000000000
11170  24.393  -64.403  34.450 0.6000000238
10586  23.670  -65.519  33.303 0.6000000238
11184  23.354  -64.650  33.319 0.6000000238
10057  22.985  -66.313  32.103 0.6000000238
11802  22.435  -63.893  32.539 0.5000000000
12449  23.001  -62.988  32.370 0.4000000060
111801  38.547  -69.809  28.050 0.6000000238
9000  39.339  -68.830  28.507 0.6999999881
10050  42.063  -67.029  32.846 0.5000000000
10591  42.720  -65.418  32.986 0.5000000000
11200  43.666  -64.493  31.800 0.5000000000
120304  43.165  -64.939  32.346 0.5000000000
5459  29.609  -75.571  26.544 0.6000000238
8966  26.159  -68.678  31.585 0.6000000238
111698  26.376  -67.827  32.008 0.6000000238
10100  26.453  -66.289  28.503 0.6000000238
10633  25.824  -65.652  28.921 0.5000000000
10584  25.144  -65.904  33.801 0.6000000238
10055  24.811  -66.396  32.455 0.6000000238
10597  22.658  -65.578  32.447 0.6000000238
11193  21.766  -64.512  32.229 0.6000000238
4132  38.575  -79.453  25.694 0.4000000060
4495  38.098  -77.463  27.799 0.5000000000
4927  39.023  -76.603  27.053 0.5000000000
4494  38.568  -77.567  26.893 0.4000000060
4120  38.735  -78.703  25.881 0.4000000060
4501  40.422  -77.308  25.650 0.4000000060
4131  39.253  -79.151  24.905 0.4000000060
5431  39.328  -75.458  28.226 0.5000000000
5432  38.149  -76.167  28.742 0.5000000000
4934  39.715  -76.973  26.372 0.5000000000
4500  41.527  -77.071  25.432 0.5000000000
4130  40.570  -78.523  24.471 0.4000000060
5430  40.737  -75.412  28.149 0.5000000000
5441  41.318  -75.826  27.514 0.5000000000
4933  41.120  -76.679  26.098 0.5000000000
4945  42.248  -76.535  25.796 0.5000000000
4129  41.554  -78.046  24.099 0.4000000060
4513  42.308  -77.064  24.314 0.4000000060
5429  41.880  -75.516  28.247 0.5000000000
4925  41.865  -76.214  26.778 0.5000000000
5439  42.742  -75.345  27.274 0.5000000000
4944  42.567  -76.568  24.983 0.5000000000
4545  42.322  -77.216  23.574 0.4000000060
116592  39.298  -71.539  24.073 0.5000000000
130466  40.058  -73.107  23.254 0.4000000060
6491  39.797  -72.340  22.489 0.4000000060
7004  40.023  -72.079  21.394 0.4000000060
6502  40.806  -72.837  21.327 0.4000000060
115349  41.235  -74.050  21.166 0.4000000060
5464  42.899  -76.063  25.767 0.5000000000
6016  41.653  -74.200  21.154 0.4000000060
6015  42.201  -74.577  21.175 0.4000000060
4988  42.492  -76.149  22.100 0.4000000060
5962  43.030  -75.370  25.632 0.4000000060
5475  42.969  -75.876  24.744 0.5000000000
4972  42.624  -76.452  23.141 0.4000000060
4959  42.651  -76.540  24.125 0.4000000060
111900  39.478  -71.570  23.013 0.4000000060
7022  40.806  -72.160  21.224 0.4000000060
6508  41.192  -73.291  21.319 0.4000000060
111438  42.702  -74.439  25.903 0.4000000060
6500  42.227  -74.222  21.431 0.4000000060
124547  42.720  -75.534  22.532 0.4000000060
6477  42.065  -73.758  24.708 0.4000000060
5974  42.650  -74.624  23.817 0.4000000060
5986  42.808  -74.998  22.980 0.4000000060
5485  42.865  -75.810  23.634 0.4000000060
7477  39.214  -70.691  23.532 0.4000000060
7989  39.481  -70.423  22.431 0.4000000060
7996  39.781  -70.562  21.590 0.4000000060
123130  41.016  -71.650  21.076 0.4000000060
7013  41.318  -72.535  21.484 0.4000000060
6489  41.917  -73.211  22.186 0.4000000060
6501  41.886  -73.635  21.521 0.4000000060
6467  41.795  -72.591  24.854 0.4000000060
6478  41.711  -72.855  23.612 0.4000000060
6488  42.489  -74.146  22.220 0.4000000060
7478  39.030  -70.103  24.609 0.5000000000
7976  39.447  -69.927  23.683 0.5000000000
8494  39.458  -69.566  25.324 0.6000000238
119678  39.874  -69.608  23.393 0.5000000000
7998  40.573  -70.795  20.935 0.4000000060
7497  41.536  -70.648  21.422 0.4000000060
7490  41.906  -71.488  22.650 0.4000000060
7476  42.223  -71.330  23.583 0.4000000060
8506  40.420  -69.253  23.590 0.4000000060
114982  40.567  -69.466  25.382 0.5000000000
8518  41.148  -69.135  22.518 0.4000000060
7993  41.805  -69.908  21.765 0.4000000060
8505  41.414  -68.845  23.458 0.5000000000
9033  42.377  -68.619  23.579 0.4000000060
8517  41.984  -69.275  22.235 0.4000000060
123044  42.841  -69.085  22.770 0.4000000060
129980  41.370  -69.314  25.094 0.6000000238
8481  41.327  -69.643  25.984 0.6000000238
9024  42.673  -68.567  24.547 0.5000000000
130912  43.442  -68.238  23.669 0.4000000060
8449  41.933  -69.379  30.023 0.5000000000
9438  26.856  -67.135  35.165 0.5000000000
120274  26.454  -66.431  35.280 0.5000000000
10559  25.590  -64.907  35.542 0.5000000000
10013  26.900  -66.760  35.747 0.5000000000
10558  26.059  -65.713  35.493 0.5000000000
10030  26.385  -66.746  34.431 0.5000000000
5442  39.855  -75.818  27.481 0.5000000000
7014  39.797  -71.505  21.188 0.4000000060
7503  40.512  -71.366  20.926 0.4000000060
118158  42.155  -73.716  23.300 0.4000000060
8526  39.966  -70.034  22.080 0.4000000060
8525  40.619  -69.701  21.864 0.4000000060
7498  41.524  -71.434  21.551 0.4000000060
6993  41.712  -72.045  23.755 0.4000000060
8507  39.709  -69.600  24.255 0.5000000000
7988  42.607  -69.739  22.469 0.4000000060
8492  40.896  -69.125  24.395 0.5000000000
8491  41.787  -68.843  24.383 0.6000000238
9041  43.046  -68.635  23.168 0.5000000000
8466  42.927  -69.195  26.364 0.5000000000
12473  46.062  -62.378  30.068 0.3000000119
12484  45.990  -62.959  29.482 0.3000000119
11821  45.458  -63.115  30.312 0.3000000119
13105  45.949  -61.578  30.598 0.3000000119
117879  46.870  -60.059  30.439 0.3000000119
13835  45.977  -60.547  30.723 0.3000000119
117711  46.035  -63.437  28.810 0.3000000119
11232  45.481  -64.774  28.025 0.4000000060
11223  44.861  -64.805  29.084 0.4000000060
132112  46.459  -62.793  28.738 0.3000000119
10627  44.361  -65.453  29.564 0.4000000060
11833  44.973  -64.272  29.660 0.4000000060
10073  43.612  -66.381  30.567 0.4000000060
9498  43.200  -67.216  30.852 0.4000000060
12483  46.575  -62.277  29.188 0.3000000119
11822  44.811  -63.593  30.818 0.3000000119
11211  43.998  -64.975  30.998 0.4000000060
13083  45.253  -61.015  31.156 0.3000000119
12474  45.038  -62.790  31.074 0.3000000119
10105  44.693  -66.403  27.362 0.4000000060
9545  44.395  -67.172  26.991 0.4000000060
8998  43.402  -68.503  28.119 0.4000000060
11843  46.180  -63.838  27.952 0.4000000060
10647  44.685  -65.490  28.613 0.4000000060
10096  44.489  -66.228  28.242 0.4000000060
9534  43.780  -67.506  28.609 0.4000000060
125563  43.539  -67.461  29.420 0.4000000060
10097  43.867  -66.828  29.253 0.4000000060
8988  42.678  -68.636  30.061 0.4000000060
11831  46.665  -63.014  27.983 0.3000000119
10085  43.957  -66.244  29.805 0.4000000060
9523  43.217  -67.789  30.056 0.4000000060
13141  47.258  -61.528  28.808 0.3000000119
10604  43.585  -65.785  31.141 0.4000000060
11812  43.805  -63.602  31.997 0.4000000060
9555  44.471  -67.257  25.903 0.4000000060
9016  43.540  -68.513  25.975 0.4000000060
10113  45.206  -65.823  25.598 0.4000000060
10114  44.838  -66.544  26.336 0.4000000060
9556  44.068  -67.939  26.526 0.4000000060
9008  43.523  -68.620  27.041 0.4000000060
114039  47.089  -63.021  25.567 0.3000000119
10666  45.562  -64.999  26.896 0.4000000060
12506  48.029  -61.669  26.698 0.3000000119
120899  47.267  -62.441  27.143 0.3000000119
8987  43.178  -68.330  29.196 0.4000000060
13140  48.026  -61.160  27.717 0.3000000119
9017  42.957  -68.768  25.495 0.4000000060
9568  44.065  -67.884  25.395 0.4000000060
12461  43.937  -62.709  32.143 0.3000000119
12442  44.122  -61.838  32.271 0.3000000119
11811  44.376  -63.190  31.488 0.3000000119
114760  41.760  -69.627  29.023 0.4000000060
9009  42.770  -69.430  27.509 0.4000000060
8467  42.151  -69.697  26.638 0.4000000060
9023  43.440  -68.251  24.883 0.4000000060
11222  45.480  -64.151  28.874 0.3000000119
11210  44.556  -64.378  30.426 0.4000000060
10615  44.292  -65.055  30.229 0.4000000060
9522  43.574  -66.968  29.984 0.4000000060
10685  45.189  -65.799  26.688 0.4000000060
9546  43.948  -67.791  27.584 0.4000000060
9533  44.263  -66.985  27.942 0.4000000060
11240  46.229  -64.022  26.720 0.3000000119
133814  44.143  -66.735  28.644 0.4000000060
11853  46.836  -63.134  26.949 0.3000000119
10684  45.527  -65.084  25.880 0.4000000060
115893  45.906  -64.448  25.998 0.3000000119
12507  47.553  -62.351  26.098 0.3000000119
4079  41.421  -77.868  31.440 0.3000000119
4077  42.712  -78.640  30.239 0.3000000119
4464  39.571  -77.190  31.593 0.3000000119
4463  40.580  -77.395  31.111 0.3000000119
4086  41.590  -77.808  30.388 0.3000000119
4465  38.718  -76.978  32.056 0.3000000119
4458  38.741  -77.218  32.852 0.3000000119
4080  40.464  -77.573  31.990 0.3000000119
4466  37.697  -76.871  31.644 0.3000000119
4472  38.203  -77.222  30.955 0.3000000119
4478  40.589  -77.786  29.760 0.3000000119
4110  38.443  -78.815  27.369 0.3000000119
4892  36.795  -76.048  34.114 0.3000000119
4459  37.787  -77.094  33.118 0.3000000119
4898  37.378  -76.486  32.385 0.3000000119
130295  38.007  -76.961  32.441 0.3000000119
4072  39.278  -77.808  33.141 0.3000000119
117645  38.278  -77.559  30.003 0.3000000119
4922  37.752  -77.108  28.610 0.3000000119
4489  37.981  -77.728  28.677 0.3000000119
5390  37.023  -75.886  32.002 0.3000000119
5398  37.082  -75.779  31.225 0.3000000119
5407  37.437  -75.681  30.419 0.3000000119
5420  37.720  -75.957  29.538 0.3000000119
4480  37.752  -77.356  29.373 0.3000000119
5924  42.215  -75.222  28.850 0.4000000060
5418  40.242  -74.827  28.791 0.4000000060
2883  40.295  -81.635  33.724 0.3000000119
118007  41.154  -83.145  32.891 0.3000000119
4070  41.044  -78.514  32.358 0.3000000119
3697  42.041  -78.801  31.665 0.3000000119
4061  36.324  -78.112  34.690 0.3000000119
3682  37.596  -79.221  34.196 0.3000000119
3281  38.790  -80.243  33.958 0.3000000119
3280  39.706  -80.805  33.700 0.3000000119
4883  36.559  -76.525  34.793 0.3000000119
4066  38.026  -78.446  33.778 0.3000000119
3687  39.536  -79.681  33.512 0.3000000119
2889  42.100  -81.592  32.307 0.3000000119
2474  41.555  -82.348  32.707 0.3000000119
4450  37.542  -77.732  33.691 0.3000000119
4064  39.461  -78.677  33.335 0.3000000119
3686  40.409  -80.054  33.185 0.3000000119
3286  41.816  -80.951  32.664 0.3000000119
3693  40.247  -79.074  33.028 0.3000000119
119858  41.698  -79.505  32.320 0.3000000119
4471  39.375  -77.379  30.654 0.3000000119
4094  39.881  -78.369  28.944 0.3000000119
4451  36.753  -76.832  34.110 0.3000000119
4481  37.642  -77.187  30.117 0.3000000119
2871  39.424  -81.813  34.275 0.3000000119
130889  42.749  -81.138  31.164 0.3000000119
4440  36.797  -77.589  34.129 0.3000000119
3681  38.073  -79.914  34.194 0.3000000119
3688  38.619  -79.223  33.783 0.3000000119
3279  40.883  -81.047  33.214 0.3000000119
2487  42.282  -81.700  31.318 0.3000000119
5419  38.768  -75.195  29.047 0.3000000119
7451  46.783  -71.252  27.062 0.3000000119
7442  46.188  -71.335  27.775 0.3000000119
7443  45.195  -71.432  27.739 0.3000000119
6946  43.574  -72.562  28.237 0.4000000060
6441  42.816  -73.029  27.640 0.4000000060
6454  42.678  -73.975  27.044 0.3000000119
5949  43.011  -75.052  26.660 0.3000000119
7944  46.367  -70.923  26.293 0.3000000119
7453  44.855  -71.286  26.739 0.4000000060
7454  43.476  -71.558  26.523 0.4000000060
7464  42.636  -71.720  25.631 0.4000000060
130342  42.184  -73.116  26.038 0.3000000119
7974  43.681  -70.643  24.238 0.4000000060
7475  42.792  -71.300  24.505 0.4000000060
6992  42.078  -71.871  24.760 0.3000000119
7975  42.942  -70.537  23.308 0.3000000119
7903  48.645  -70.247  29.100 0.3000000119
113441  47.834  -71.070  28.740 0.3000000119
7432  45.387  -71.639  28.506 0.4000000060
6923  44.576  -72.378  29.065 0.4000000060
6936  44.085  -73.140  28.944 0.3000000119
5935  42.929  -74.235  28.048 0.3000000119
5923  42.730  -74.942  28.865 0.3000000119
7914  48.403  -70.691  28.316 0.3000000119
7927  48.294  -70.511  27.112 0.3000000119
7942  47.792  -70.645  26.561 0.3000000119
7957  46.653  -70.532  25.738 0.3000000119
7461  45.587  -71.010  26.007 0.3000000119
7462  44.643  -71.170  25.695 0.4000000060
8490  46.694  -69.936  25.437 0.3000000119
8502  46.320  -69.373  24.822 0.3000000119
117914  46.191  -70.069  25.042 0.3000000119
7959  45.254  -70.744  25.122 0.4000000060
7463  43.623  -71.306  25.231 0.4000000060
9032  45.932  -68.718  24.024 0.3000000119
8504  45.067  -69.422  24.058 0.4000000060
7987  43.617  -69.691  23.273 0.4000000060
9578  44.259  -67.547  23.277 0.3000000119
111910  44.731  -68.113  23.147 0.4000000060
128900  44.377  -69.369  23.601 0.4000000060
125367  44.497  -67.154  23.692 0.3000000119
114915  43.894  -68.204  23.175 0.4000000060
9579  44.037  -67.710  24.170 0.3000000119
7864  46.903  -70.358  32.450 0.3000000119
8404  45.947  -70.062  32.560 0.3000000119
8393  45.120  -69.751  32.659 0.3000000119
7865  44.437  -69.888  32.270 0.3000000119
8436  48.827  -69.748  30.154 0.3000000119
111918  47.304  -69.835  30.706 0.3000000119
7889  45.915  -70.524  30.377 0.3000000119
7891  44.249  -70.969  30.619 0.3000000119
8984  49.368  -68.761  29.485 0.3000000119
8448  49.306  -69.298  29.443 0.3000000119
122857  46.679  -70.307  30.300 0.3000000119
7413  45.670  -71.245  29.649 0.3000000119
7414  44.857  -71.666  29.858 0.3000000119
6910  43.864  -72.822  29.881 0.3000000119
127839  43.588  -73.376  29.551 0.3000000119
6431  42.965  -74.463  29.250 0.3000000119
6419  42.324  -74.058  29.529 0.3000000119
115311  40.472  -74.306  29.494 0.3000000119
8995  49.167  -69.150  28.698 0.3000000119
134075  45.947  -67.553  23.096 0.3000000119
8514  45.327  -68.789  23.625 0.3000000119
9590  46.146  -67.016  23.289 0.3000000119
131629  44.937  -67.488  23.078 0.3000000119
10130  45.471  -65.957  23.656 0.3000000119
10123  44.819  -66.511  25.165 0.3000000119
9567  44.442  -67.178  24.712 0.3000000119
7383  47.713  -71.142  32.854 0.3000000119
7863  48.117  -70.251  32.462 0.3000000119
8403  47.452  -69.805  32.006 0.3000000119
8420  45.814  -69.810  31.879 0.3000000119
8417  49.267  -69.146  31.041 0.3000000119
8419  46.814  -69.817  31.513 0.3000000119
5913  39.358  -74.528  29.575 0.3000000119
7382  48.369  -71.587  33.346 0.3000000119
7848  48.689  -70.872  32.939 0.3000000119
7862  49.176  -70.110  32.766 0.3000000119
8402  48.862  -69.560  31.931 0.3000000119
8418  48.021  -69.516  31.253 0.3000000119
8435  49.489  -69.066  30.322 0.3000000119
7847  49.085  -70.605  33.456 0.3000000119
7830  49.492  -69.692  33.887 0.3000000119
9456  49.683  -67.948  32.818 0.3000000119
8416  49.635  -68.766  31.623 0.3000000119
5912  41.490  -74.832  29.123 0.3000000119
5428  42.477  -75.265  28.198 0.3000000119
117703  42.888  -74.816  27.483 0.3000000119
131987  42.450  -73.019  26.898 0.3000000119
6976  42.169  -72.253  25.624 0.4000000060
8516  43.727  -68.874  23.126 0.4000000060
10697  45.577  -65.065  24.803 0.3000000119
7915  47.786  -71.342  28.035 0.3000000119
7452  45.912  -71.150  26.938 0.3000000119
7430  47.078  -71.401  28.442 0.3000000119
7444  43.976  -71.642  27.656 0.4000000060
6961  43.131  -72.094  27.412 0.4000000060
6962  42.538  -72.291  26.621 0.4000000060
7973  44.640  -70.108  24.295 0.4000000060
7902  48.963  -69.821  28.542 0.3000000119
7904  47.073  -71.118  28.961 0.3000000119
7424  45.339  -71.742  29.080 0.3000000119
7423  46.320  -71.359  28.910 0.3000000119
6924  44.101  -73.173  29.360 0.4000000060
6418  43.509  -73.822  29.203 0.3000000119
8457  48.543  -69.841  27.358 0.3000000119
8478  47.936  -69.910  26.441 0.3000000119
8479  47.327  -70.241  25.998 0.3000000119
7972  45.559  -70.128  24.691 0.4000000060
132129  45.188  -66.406  23.451 0.3000000119
7877  45.459  -70.009  31.213 0.3000000119
7890  45.100  -70.732  30.454 0.3000000119
7415  44.002  -71.879  30.135 0.3000000119
10719  46.231  -65.515  23.672 0.3000000119
5939  31.222  -74.362  27.236 0.4000000060
2475  40.962  -82.836  33.520 0.3000000119
2872  38.255  -81.524  34.699 0.3000000119
2881  41.562  -81.621  32.894 0.3000000119
2882  41.075  -82.017  33.430 0.3000000119
2888  42.507  -81.370  31.651 0.3000000119
3285  42.553  -80.859  32.060 0.3000000119
3287  41.268  -80.226  32.754 0.3000000119
3291  42.929  -80.695  31.338 0.3000000119
3367  38.637  -80.011  25.050 0.4000000060
3692  40.916  -79.474  32.762 0.3000000119
4060  37.066  -78.396  34.162 0.3000000119
4065  38.817  -78.335  33.515 0.3000000119
4071  40.080  -78.069  32.787 0.3000000119
4078  42.235  -78.303  30.965 0.3000000119
4092  42.296  -78.466  29.682 0.3000000119
4093  41.393  -78.211  29.380 0.3000000119
4104  38.193  -78.216  28.071 0.3000000119
4441  36.387  -77.279  34.689 0.3000000119
4449  38.440  -77.731  33.362 0.3000000119
4457  39.554  -77.383  32.450 0.3000000119
4470  40.373  -77.513  30.359 0.3000000119
4473  37.426  -76.885  30.804 0.3000000119
4479  39.214  -77.871  29.707 0.3000000119
4502  39.166  -77.811  26.115 0.4000000060
4503  38.396  -78.464  26.777 0.4000000060
4514  42.019  -77.233  24.789 0.4000000060
4515  41.070  -77.668  24.914 0.4000000060
4516  39.829  -78.148  25.300 0.4000000060
4518  36.328  -77.278  25.539 0.6000000238
4873  36.688  -76.421  35.560 0.3000000119
4891  37.023  -76.472  33.322 0.3000000119
4902  37.235  -76.413  31.422 0.3000000119
4908  37.154  -76.373  30.763 0.3000000119
4914  37.508  -76.844  29.328 0.3000000119
4915  37.351  -76.678  30.085 0.3000000119
4921  38.542  -76.362  27.894 0.5000000000
4926  40.514  -76.277  26.807 0.5000000000
4929  34.947  -76.062  27.062 0.5000000000
4932  42.606  -75.907  26.595 0.5000000000
4935  36.774  -76.424  26.298 0.6000000238
4938  34.700  -76.094  26.460 0.5000000000
4948  36.382  -76.876  26.022 0.5000000000
4950  34.760  -76.314  25.842 0.5000000000
5392  28.990  -75.554  32.368 0.6000000238
5399  31.303  -75.314  30.898 0.6000000238
5401  29.217  -75.938  31.577 0.6999999881
5433  35.937  -75.334  28.122 0.6999999881
5434  35.313  -75.104  28.107 0.6000000238
5440  42.269  -75.709  27.482 0.5000000000
5445  35.430  -75.687  27.597 0.6000000238
5454  42.930  -75.599  26.408 0.5000000000
5465  38.332  -75.317  25.461 0.6000000238
5470  29.240  -75.342  25.984 0.6000000238
5508  42.110  -74.977  20.872 0.4000000060
5879  31.594  -74.256  32.918 0.6999999881
5880  28.520  -74.573  33.372 0.6999999881
5889  30.530  -74.911  32.199 0.6999999881
5896  37.553  -75.012  31.115 0.3000000119
5898  31.444  -75.072  31.733 0.6000000238
5899  27.538  -75.040  31.822 0.5000000000
5905  31.913  -75.068  30.399 0.5000000000
5911  42.359  -74.788  29.250 0.4000000060
5917  31.788  -74.862  29.657 0.5000000000
5922  43.100  -74.479  28.829 0.3000000119
5925  41.445  -75.219  28.694 0.3000000119
5937  36.636  -75.210  27.782 0.6000000238
5951  37.951  -74.960  26.273 0.6999999881
5966  30.195  -74.832  25.315 0.6000000238
6003  42.591  -74.677  21.846 0.4000000060
6358  27.934  -73.217  34.239 0.6000000238
6374  31.144  -73.790  33.102 0.6999999881
6377  28.239  -73.977  33.828 0.6000000238
6379  26.724  -73.180  33.320 0.5000000000
6386  34.062  -73.378  32.457 0.6999999881
6387  33.438  -73.775  32.668 0.6999999881
6400  33.839  -73.656  31.709 0.6999999881
6403  26.777  -73.635  31.624 0.5000000000
6414  27.085  -73.773  30.652 0.5000000000
6420  41.443  -74.170  29.517 0.3000000119
6440  43.344  -73.688  28.619 0.3000000119
6855  32.761  -72.337  34.465 0.6000000238
6856  31.883  -72.522  33.997 0.6999999881
6857  29.118  -72.750  34.350 0.6000000238
6875  33.453  -72.835  34.162 0.6000000238
6881  26.504  -72.303  33.439 0.5000000000
6894  29.973  -72.402  32.680 0.6999999881
6903  35.766  -72.684  31.598 0.6000000238
6904  35.022  -72.921  31.745 0.6999999881
6905  26.446  -72.831  31.785 0.5000000000
6915  36.576  -72.743  30.695 0.5000000000
6929  32.934  -72.793  29.010 0.5000000000
6939  33.583  -72.495  28.496 0.5000000000
6940  32.983  -72.497  28.424 0.5000000000
7003  41.685  -72.222  22.361 0.4000000060
7005  39.507  -71.561  21.753 0.4000000060
7023  40.279  -71.733  21.157 0.4000000060
7355  29.073  -71.296  35.362 0.6000000238
7374  28.611  -72.039  34.927 0.6000000238
7376  26.594  -71.078  34.085 0.5000000000
7391  34.780  -71.999  34.180 0.6999999881
7401  30.485  -71.571  32.221 0.6999999881
7402  26.080  -71.737  32.650 0.5000000000
7425  44.474  -72.434  29.487 0.3000000119
7431  46.264  -71.426  28.436 0.4000000060
7433  44.484  -72.066  28.506 0.4000000060
7441  47.033  -71.465  27.822 0.3000000119
7489  42.133  -70.659  22.277 0.4000000060
7491  39.297  -71.014  22.290 0.4000000060
7499  39.566  -71.085  21.479 0.4000000060
7502  41.084  -71.020  20.928 0.4000000060
7504  39.966  -71.337  21.012 0.4000000060
7820  34.950  -70.060  35.278 0.6000000238
7821  34.305  -70.391  35.309 0.6999999881
7823  29.881  -70.335  35.188 0.6000000238
7825  28.928  -70.499  35.707 0.6000000238
7836  36.253  -70.114  34.316 0.6000000238
7839  33.293  -70.766  34.984 0.6000000238
7840  32.712  -70.922  34.531 0.6999999881
7846  49.452  -69.627  33.203 0.3000000119
7857  29.887  -71.164  32.361 0.6999999881
7861  49.530  -69.175  32.465 0.3000000119
7869  37.308  -70.200  32.037 0.6999999881
7872  30.718  -70.821  31.704 0.6999999881
7875  25.960  -70.823  32.674 0.5000000000
7878  44.664  -70.205  31.334 0.3000000119
7879  43.805  -70.457  31.588 0.3000000119
7880  37.281  -70.835  31.319 0.8000000119
7882  30.567  -70.285  31.251 0.6000000238
7888  47.628  -70.525  29.638 0.3000000119
7905  46.510  -70.855  29.589 0.3000000119
7926  48.667  -70.246  27.820 0.3000000119
7928  47.671  -71.208  27.185 0.3000000119
7943  47.169  -70.926  26.418 0.3000000119
7945  38.793  -69.841  26.084 0.6000000238
7958  45.968  -70.616  25.462 0.3000000119
7960  39.256  -69.740  24.857 0.5000000000
7961  38.928  -69.776  25.338 0.6000000238
7994  41.044  -70.228  21.258 0.4000000060
7995  40.282  -70.332  21.340 0.4000000060
7999  40.011  -70.892  20.983 0.4000000060
8377  33.631  -69.369  35.074 0.6999999881
8378  30.227  -69.450  35.505 0.5000000000
8380  28.741  -69.642  35.954 0.6000000238
8381  27.956  -69.209  35.706 0.5000000000
8383  49.553  -68.700  34.092 0.3000000119
8396  36.852  -69.536  33.521 0.6000000238
8397  32.793  -69.290  33.819 0.8000000119
8400  26.378  -69.667  33.643 0.5000000000
8405  44.456  -69.842  33.101 0.3000000119
8421  45.105  -69.725  31.941 0.3000000119
8423  38.067  -69.081  30.860 0.8000000119
8434  49.650  -68.565  30.929 0.3000000119
8437  46.269  -69.917  31.014 0.3000000119
8439  40.264  -69.026  30.325 0.6999999881
8441  26.135  -69.859  30.300 0.6000000238
8447  49.513  -68.647  30.189 0.3000000119
8450  40.967  -69.554  29.764 0.5000000000
8452  38.384  -69.350  29.526 0.6999999881
8453  26.342  -69.764  29.314 0.6000000238
8456  48.876  -69.658  28.103 0.3000000119
8458  42.125  -69.684  28.166 0.6000000238
8470  38.907  -69.180  27.515 0.6000000238
8480  42.224  -69.239  25.513 0.6000000238
8482  40.296  -69.469  26.396 0.6000000238
8483  39.316  -69.388  26.319 0.6999999881
8493  40.053  -69.437  24.777 0.5000000000
8503  45.756  -69.452  24.378 0.3000000119
8515  44.541  -68.790  23.368 0.4000000060
8519  40.240  -69.531  22.685 0.4000000060
8520  39.758  -69.869  22.827 0.5000000000
8524  41.324  -69.548  21.813 0.4000000060
8903  29.369  -68.212  36.507 0.5000000000
8916  28.389  -68.943  36.112 0.5000000000
8935  33.176  -68.543  33.788 0.8000000119
8936  32.504  -69.114  32.772 0.8000000119
8938  26.540  -68.765  33.792 0.6000000238
8944  41.921  -68.234  31.976 0.5000000000
8951  26.199  -68.762  32.387 0.6000000238
8961  39.213  -68.163  30.950 0.8000000119
8962  38.715  -68.204  31.128 0.6000000238
8963  38.195  -68.456  31.359 0.6999999881
8964  31.676  -68.638  30.736 0.6000000238
8972  49.707  -68.115  30.942 0.3000000119
8980  26.449  -68.007  30.138 0.6000000238
9001  39.024  -68.764  28.729 0.6000000238
9002  26.566  -68.644  28.108 0.6000000238
9010  39.423  -69.000  27.764 0.6999999881
9039  46.167  -67.925  23.589 0.3000000119
9040  45.605  -68.016  23.170 0.3000000119
9042  42.123  -68.881  22.881 0.4000000060
9422  27.734  -67.085  36.497 0.6000000238
9432  35.973  -67.059  35.293 0.6999999881
9433  35.330  -67.533  35.430 0.6999999881
9434  34.127  -67.983  35.194 0.6999999881
9437  27.317  -67.429  35.933 0.6000000238
9451  26.771  -67.570  34.481 0.6000000238
9461  41.454  -67.213  33.327 0.6000000238
9485  32.623  -68.272  31.490 0.6000000238
9487  26.462  -67.875  33.007 0.6000000238
9527  26.461  -66.644  29.461 0.6000000238
9591  45.538  -67.195  23.072 0.3000000119
9592  44.907  -66.882  23.282 0.3000000119
9983  28.261  -66.073  37.359 0.6000000238
9996  30.304  -65.985  36.927 0.5000000000
10012  27.208  -66.734  36.226 0.5000000000
10024  37.780  -66.245  34.314 0.6999999881
10025  36.624  -66.545  34.866 0.6999999881
10031  25.757  -66.266  34.084 0.6000000238
10035  42.468  -66.267  32.907 0.5000000000
10039  38.077  -66.711  33.545 0.6999999881
10042  26.133  -66.719  33.671 0.6000000238
10056  23.833  -66.421  32.301 0.6000000238
10061  42.920  -66.937  31.717 0.5000000000
10066  24.632  -66.457  31.615 0.6000000238
10068  22.721  -66.381  31.365 0.6000000238
10069  22.002  -66.197  31.067 0.5000000000
10077  25.816  -66.131  30.473 0.6000000238
10078  24.961  -66.238  30.783 0.6000000238
10079  23.286  -66.415  30.827 0.6000000238
10084  44.237  -66.152  29.031 0.4000000060
10108  26.468  -66.160  27.354 0.5000000000
10122  45.261  -65.821  24.472 0.3000000119
10131  44.873  -66.502  23.931 0.3000000119
10535  29.400  -65.283  37.442 0.4000000060
10546  26.862  -65.465  36.765 0.6000000238
10575  25.314  -65.635  34.476 0.6000000238
10582  33.731  -65.776  33.473 0.6000000238
10585  24.396  -65.697  33.620 0.6000000238
10596  23.389  -65.986  32.686 0.6000000238
10598  21.966  -65.309  32.070 0.6000000238
10616  43.992  -65.662  30.392 0.4000000060
10646  45.028  -65.647  27.688 0.4000000060
10650  26.247  -65.797  28.266 0.5000000000
10651  25.691  -65.472  28.215 0.5000000000
10652  25.193  -65.389  28.594 0.5000000000
10653  23.150  -65.331  28.631 0.5000000000
10669  26.267  -65.794  27.452 0.5000000000
11133  28.053  -65.005  37.619 0.5000000000
11150  39.040  -64.287  35.344 0.6999999881
11151  38.174  -64.362  35.426 0.6000000238
11154  35.349  -64.471  34.952 0.6000000238
11157  26.246  -65.230  36.157 0.5000000000
11164  41.017  -64.222  34.332 0.6000000238
11176  42.904  -63.598  33.301 0.4000000060
11179  34.382  -64.262  33.650 0.6000000238
11180  33.878  -64.862  33.092 0.6000000238
11183  23.917  -64.912  33.913 0.6000000238
11191  22.823  -64.665  32.802 0.6000000238
11192  22.303  -64.823  32.462 0.6000000238
11199  44.244  -64.069  31.285 0.4000000060
11731  29.412  -63.897  37.440 0.4000000060
11745  26.094  -63.482  36.661 0.4000000060
11752  36.750  -63.805  35.333 0.6000000238
11753  35.972  -63.992  35.214 0.6000000238
11768  34.909  -64.087  34.310 0.6000000238
11788  23.815  -63.787  33.811 0.6000000238
11803  21.597  -63.588  32.268 0.5000000000
11832  45.481  -63.638  29.577 0.3000000119
12374  26.991  -62.609  37.439 0.4000000060
12387  25.821  -62.813  36.335 0.4000000060
12407  37.465  -62.457  34.508 0.5000000000
12408  36.625  -62.573  34.469 0.5000000000
12409  35.878  -62.769  34.304 0.5000000000
12412  25.393  -61.874  34.482 0.4000000060
12413  24.875  -62.658  34.616 0.4000000060
12448  23.654  -62.734  32.481 0.4000000060
12494  47.178  -62.146  28.063 0.3000000119
13044  26.125  -60.833  35.061 0.4000000060
13062  43.570  -61.390  32.691 0.4000000060
13074  25.234  -61.850  32.299 0.4000000060
13787  26.276  -60.233  34.300 0.4000000060
13815  45.312  -60.115  31.248 0.3000000119
15127  27.604  -58.208  37.247 0.4000000060
15139  25.908  -58.307  35.910 0.4000000060
15154  24.818  -57.878  35.002 0.3000000119
15203  24.064  -58.953  31.645 0.3000000119
15216  22.682  -58.055  29.899 0.3000000119
15767  27.158  -57.434  37.372 0.4000000060
15795  24.601  -57.073  35.071 0.4000000060
15823  23.974  -57.375  33.720 0.3000000119
15857  22.780  -57.656  30.720 0.3000000119
16478  23.440  -56.299  32.612 0.3000000119
17173  24.492  -55.527  34.307 0.4000000060
17192  23.478  -55.450  32.275 0.4000000060
17199  22.608  -55.657  30.683 0.3000000119
17882  25.907  -54.448  36.300 0.3000000119
17912  25.239  -54.227  34.643 0.3000000119
17956  22.312  -54.455  30.195 0.3000000119
17975  21.267  -54.413  28.627 0.3000000119
17985  20.668  -53.943  28.197 0.4000000060
17987  19.342  -53.927  28.159 0.4000000060
17988  17.804  -54.163  28.976 0.3000000119
18569  25.837  -53.857  35.847 0.3000000119
18622  24.048  -53.310  32.442 0.3000000119
18641  20.338  -53.046  31.494 0.3000000119
18668  18.205  -52.884  29.398 0.3000000119
18678  19.338  -53.016  28.183 0.4000000060
19444  23.290  -52.471  31.547 0.3000000119
19456  21.563  -51.871  29.600 0.3000000119
19457  19.393  -51.518  30.440 0.3000000119
19463  20.091  -51.426  28.755 0.3000000119
19472  20.614  -52.318  28.562 0.3000000119
19474  19.323  -52.232  28.267 0.4000000060
20240  19.496  -50.585  30.022 0.3000000119
20241  19.110  -51.167  29.558 0.3000000119
20244  19.765  -50.825  29.289 0.3000000119
20951  23.631  -50.579  31.852 0.3000000119
20953  20.848  -49.472  31.198 0.3000000119
20966  22.326  -49.737  30.724 0.3000000119
20967  20.467  -49.718  30.407 0.3000000119
20970  21.597  -49.915  30.332 0.3000000119
20978  19.990  -50.126  29.763 0.3000000119
21689  23.059  -48.732  31.479 0.3000000119
21707  20.846  -49.307  30.338 0.3000000119
21711  20.388  -49.869  29.902 0.3000000119
22402  20.933  -48.864  30.714 0.3000000119
111137  25.953  -69.415  31.941 0.6000000238
113137  37.248  -75.121  31.853 0.3000000119
113266  38.678  -62.999  34.887 0.6000000238
113469  39.782  -64.121  34.963 0.6000000238
113504  25.162  -61.830  31.615 0.3000000119
113743  24.632  -62.280  33.078 0.4000000060
114526  37.603  -72.059  29.593 0.6000000238
114549  28.449  -61.752  37.555 0.4000000060
114955  25.345  -64.102  35.553 0.6000000238
115049  20.559  -50.284  31.072 0.3000000119
115408  26.428  -66.033  25.717 0.5000000000
115650  33.863  -66.410  34.419 0.6000000238
115862  42.830  -74.781  24.968 0.4000000060
116361  37.132  -77.150  33.627 0.3000000119
116386  46.507  -69.905  32.102 0.3000000119
116403  41.138  -66.896  33.929 0.6000000238
116612  26.429  -67.537  30.680 0.6000000238
116770  23.455  -54.831  32.042 0.3000000119
117134  26.288  -68.893  29.888 0.6000000238
117489  37.979  -69.684  30.258 0.8000000119
117545  26.991  -73.897  33.130 0.6000000238
117784  39.859  -68.535  30.890 0.6999999881
117857  44.576  -64.783  29.783 0.4000000060
118303  45.638  -66.423  23.331 0.3000000119
118547  18.653  -51.892  30.156 0.3000000119
119677  26.506  -67.290  30.025 0.6000000238
119796  29.863  -75.711  31.260 0.6999999881
119813  42.931  -75.311  23.998 0.4000000060
120992  22.510  -53.014  30.675 0.3000000119
121513  42.487  -75.187  21.536 0.4000000060
122171  20.453  -54.660  28.075 0.4000000060
122642  33.609  -66.033  31.659 0.6000000238
122860  30.668  -75.164  27.033 0.5000000000
123468  21.446  -64.998  31.791 0.6000000238
123532  27.158  -64.145  37.493 0.5000000000
123637  22.428  -55.244  30.284 0.3000000119
124011  35.637  -65.025  35.335 0.6000000238
124537  42.758  -74.905  28.165 0.3000000119
124993  38.248  -77.803  29.310 0.3000000119
125365  43.039  -73.760  29.562 0.3000000119
125854  21.665  -50.695  30.157 0.3000000119
127256  43.005  -75.218  24.665 0.5000000000
127305  38.232  -78.190  27.456 0.4000000060
127475  48.268  -70.934  27.675 0.3000000119
128062  25.531  -66.383  31.141 0.6000000238
128130  25.028  -64.900  34.894 0.6000000238
128332  42.535  -69.127  29.411 0.4000000060
128547  38.685  -68.989  28.949 0.6999999881
129018  26.564  -68.042  28.481 0.6000000238
129043  23.163  -65.324  32.921 0.6000000238
130306  41.795  -78.418  23.526 0.5000000000
130780  36.059  -72.941  31.066 0.6000000238
130816  37.491  -77.078  29.711 0.3000000119
130971  32.407  -74.650  30.658 0.6000000238
131036  29.485  -76.035  28.019 0.5000000000
131062  39.487  -69.117  27.303 0.6000000238
131254  24.252  -58.144  33.900 0.3000000119
131287  36.972  -75.985  32.709 0.3000000119
131610  37.140  -66.155  34.580 0.6999999881
131804  23.380  -51.114  31.549 0.3000000119
131938  30.581  -69.645  31.105 0.5000000000
131945  31.740  -73.520  33.523 0.6000000238
132235  28.093  -65.499  37.510 0.4000000060
132882  42.063  -80.300  32.339 0.3000000119
132967  41.867  -65.391  34.131 0.6000000238
133149  28.962  -76.052  28.607 0.5000000000
133241  21.669  -51.475  32.421 0.3000000119
133629  34.763  -67.925  35.426 0.6999999881
133644  27.512  -64.735  37.510 0.4000000060
133992  45.057  -63.821  30.179 0.3000000119
134365  49.585  -69.194  33.590 0.3000000119
134387  26.482  -64.812  36.709 0.6000000238
134822  25.185  -61.792  33.094 0.4000000060
134970  44.469  -70.921  24.871 0.4000000060
