#!ascii label  , from subject sub-v1s9x0051350_ses-1 vox2ras=TkReg
816
47763  19.075  -17.645  22.237 0.1428571492
46776  18.055  -18.820  22.129 0.1428571492
47792  18.269  -17.156  20.372 0.1428571492
47748  19.496  -17.805  23.100 0.1428571492
48630  19.400  -17.085  21.901 0.2857142985
47764  18.274  -18.120  21.674 0.1428571492
48655  19.113  -16.465  20.194 0.5714285970
48642  19.832  -16.083  21.030 0.1428571492
49584  21.025  -14.994  21.292 0.2857142985
114814  20.320  -15.441  20.790 0.2857142985
115646  21.430  -14.350  20.883 0.1428571492
52657  22.565  -12.848  19.290 0.2857142985
51700  22.009  -13.447  18.805 0.1428571492
51701  21.651  -13.797  19.425 0.2857142985
53638  23.668  -12.167  17.182 0.2857142985
52656  23.162  -12.427  18.774 0.2857142985
53664  24.429  -11.707  15.433 0.2857142985
53653  23.804  -11.968  15.818 0.2857142985
54572  25.321  -11.686  13.823 0.2857142985
56288  26.878  -9.207  12.115 0.8571428657
54579  25.771  -10.624  12.677 0.4285714328
53663  25.092  -11.373  14.844 0.2857142985
57235  28.249  -8.475  10.618 0.7142857313
57226  27.955  -8.761  11.359 0.7142857313
55440  26.500  -9.906  12.429 0.7142857313
57245  30.267  -8.054  9.221 0.8571428657
57240  29.962  -8.406  9.767 0.5714285970
57241  28.644  -8.092  9.957 0.8571428657
57236  27.090  -8.214  10.821 0.7142857313
57227  26.969  -8.647  11.525 0.7142857313
59104  32.195  -5.793  8.134 0.4285714328
58162  29.742  -7.401  8.538 0.7142857313
58163  29.056  -7.687  9.308 0.8571428657
61083  32.079  -4.150  7.058 0.2857142985
60077  32.071  -4.384  6.549 0.5714285970
59105  31.383  -6.196  7.994 0.8571428657
59108  31.675  -5.439  7.472 0.7142857313
58166  30.027  -6.661  7.874 0.8571428657
117169  31.577  -2.390  6.564 0.1428571492
62063  31.620  -3.161  6.956 0.1428571492
60074  31.707  -4.967  6.824 0.5714285970
59112  30.612  -5.309  6.889 0.8571428657
64900  31.369  0.038  5.009 0.1428571492
63948  31.452  -1.358  6.861 0.1428571492
63006  31.838  -2.179  5.816 0.1428571492
62071  32.144  -3.007  5.899 0.4285714328
129757  29.787  -5.403  5.984 0.8571428657
134154  30.801  1.649  4.712 0.1428571492
65800  31.413  0.940  5.826 0.1428571492
64901  30.981  0.906  4.756 0.1428571492
63973  31.629  -0.932  4.955 0.1428571492
63014  31.863  -1.626  4.168 0.4285714328
62074  31.954  -2.944  4.646 0.5714285970
60081  30.906  -4.192  5.440 0.7142857313
60079  28.799  -5.249  5.919 0.8571428657
65810  30.578  1.395  4.048 0.1428571492
65814  30.245  1.498  3.210 0.1428571492
64907  30.857  0.448  3.839 0.1428571492
63017  31.441  -1.308  3.564 0.5714285970
61095  30.718  -3.263  4.250 0.8571428657
60082  29.682  -4.594  5.464 0.8571428657
61093  30.174  -3.821  4.973 0.8571428657
112728  29.163  2.749  3.516 0.1428571492
66711  29.214  2.084  2.726 0.2857142985
64912  30.588  0.732  3.161 0.1428571492
63986  30.379  0.001  2.613 0.8571428657
63015  31.687  -2.088  3.603 0.8571428657
62078  31.569  -2.633  3.964 0.7142857313
62079  30.630  -2.542  3.370 0.8571428657
66713  27.860  2.717  2.272 0.1428571492
67620  27.193  3.516  2.232 0.1428571492
65821  29.277  1.344  1.948 0.4285714328
64923  28.477  0.647  1.163 0.8571428657
63987  29.691  -0.334  2.304 0.8571428657
63019  30.104  -1.631  2.844 0.8571428657
62081  29.211  -2.349  3.376 0.8571428657
66718  27.980  1.929  1.293 0.4285714328
63988  28.900  -0.591  2.418 0.8571428657
63021  29.541  -1.020  2.631 0.8571428657
118014  27.996  -0.990  3.299 0.8571428657
67628  26.839  3.532  1.318 0.1428571492
67632  26.563  3.291  0.265 0.2857142985
114576  27.409  1.991  0.566 0.5714285970
66721  27.604  1.354  -0.129 0.8571428657
65826  28.101  1.208  0.232 0.8571428657
64927  28.185  0.751  0.169 0.8571428657
63991  28.475  0.118  1.574 0.8571428657
64924  28.132  0.560  0.591 0.8571428657
63989  27.955  -0.298  2.565 0.8571428657
68515  26.250  4.068  -0.203 0.2857142985
67634  26.530  2.803  -1.015 0.7142857313
66722  26.995  2.173  -0.176 0.8571428657
64929  27.438  0.966  -0.363 0.8571428657
65827  26.567  1.110  0.498 0.8571428657
64919  27.722  0.181  1.643 0.8571428657
67636  26.561  3.303  -1.961 0.8571428657
112796  26.361  2.258  -2.020 0.8571428657
65835  26.719  1.575  -0.687 0.8571428657
65836  25.803  1.687  -0.543 0.7142857313
65832  25.878  1.424  0.294 0.7142857313
113406  26.515  3.527  -2.493 0.8571428657
67638  26.591  3.846  -3.009 0.8571428657
66726  26.183  1.843  -1.477 0.8571428657
66731  25.703  2.703  -2.487 0.8571428657
110040  25.559  4.325  -3.088 0.8571428657
66730  25.261  2.522  -2.153 0.7142857313
70322  26.824  6.108  -2.439 0.7142857313
110502  26.365  5.234  -3.934 0.8571428657
115889  25.992  6.040  -2.607 0.8571428657
126354  24.943  5.729  -1.940 0.8571428657
72023  23.247  8.180  -2.050 0.7142857313
66729  25.946  2.067  -2.239 0.8571428657
126400  25.773  5.403  -3.062 0.8571428657
75456  26.285  12.003  1.506 0.1428571492
70323  25.157  6.457  -1.771 0.8571428657
72017  23.933  8.653  -1.620 0.7142857313
72879  23.911  10.015  -1.319 0.7142857313
114434  23.950  7.068  -1.649 0.8571428657
76900  25.917  14.860  0.633 0.1428571492
73731  24.563  10.702  -0.645 0.5714285970
75469  24.736  12.115  -0.333 0.5714285970
76173  24.258  13.167  -1.386 0.5714285970
76157  25.212  12.980  0.288 0.1428571492
118385  26.051  15.695  -0.677 0.1428571492
76914  24.662  13.883  -1.611 0.5714285970
78514  25.289  16.554  -3.249 0.1428571492
79301  26.053  17.315  -3.263 0.1428571492
113530  25.070  15.526  -1.963 0.1428571492
79302  26.169  18.367  -4.025 0.1428571492
79303  25.182  17.575  -3.849 0.1428571492
78515  24.608  16.769  -3.960 0.1428571492
80095  25.672  19.140  -4.801 0.1428571492
79307  24.472  17.246  -5.667 0.1428571492
46761  19.254  -18.619  23.350 0.1428571492
46762  18.516  -19.130  22.848 0.1428571492
48643  19.206  -16.789  21.113 0.2857142985
48629  20.090  -16.442  22.069 0.1428571492
49585  20.629  -15.662  21.695 0.2857142985
51672  22.540  -12.946  20.210 0.2857142985
117996  22.118  -13.298  19.649 0.2857142985
51673  21.934  -13.657  20.402 0.1428571492
53671  24.530  -11.850  14.199 0.2857142985
55434  27.204  -9.551  12.535 0.4285714328
54580  25.310  -11.411  13.164 0.5714285970
57244  31.017  -7.738  9.080 0.2857142985
57228  26.312  -8.273  12.055 0.7142857313
59107  32.294  -5.236  7.972 0.1428571492
115351  28.669  -6.741  7.923 0.8571428657
60078  31.090  -4.819  6.052 0.7142857313
66705  30.181  2.048  3.878 0.1428571492
112612  30.857  -0.016  3.149 0.8571428657
63018  31.090  -1.745  3.148 0.8571428657
62080  29.394  -3.043  3.931 0.8571428657
63016  28.263  -1.837  3.845 0.8571428657
68518  26.626  4.093  -1.407 0.8571428657
70321  27.398  5.469  -3.233 0.8571428657
71183  26.009  6.851  -1.320 0.8571428657
131419  24.728  9.149  -0.744 0.7142857313
76908  25.109  13.915  -0.865 0.1428571492
78495  25.767  15.808  -1.453 0.1428571492
80092  26.738  18.920  -3.846 0.1428571492
45806  17.673  -19.519  22.515 0.1428571492
49596  20.757  -14.872  20.394 0.2857142985
49598  19.358  -15.942  19.494 0.2857142985
50648  21.249  -14.326  19.916 0.1428571492
53614  23.624  -11.887  18.200 0.2857142985
52682  23.120  -12.579  17.732 0.2857142985
52683  22.611  -13.017  18.292 0.2857142985
129511  25.660  -9.525  12.426 0.7142857313
131724  31.458  0.373  6.276 0.1428571492
66697  30.485  2.358  4.712 0.1428571492
66707  28.401  2.645  3.005 0.1428571492
67612  27.689  3.443  3.212 0.1428571492
123833  29.708  0.964  2.078 0.8571428657
61096  29.460  -3.454  4.562 0.8571428657
61094  28.956  -3.811  5.121 1.0000000000
68510  26.496  4.313  0.982 0.1428571492
133063  26.477  4.981  1.042 0.1428571492
113881  26.429  5.041  -0.816 0.2857142985
65828  25.436  1.393  1.383 0.8571428657
111517  27.141  5.207  -1.998 0.5714285970
70317  27.047  6.109  -1.460 0.5714285970
71179  26.294  7.586  -0.706 0.5714285970
72022  24.803  7.776  -1.361 0.7142857313
74634  25.173  11.406  -0.011 0.4285714328
73714  26.375  10.722  1.061 0.2857142985
74623  25.965  11.294  0.993 0.2857142985
116514  25.949  12.875  1.189 0.1428571492
129906  25.803  13.596  0.926 0.1428571492
77695  25.555  14.883  -0.178 0.1428571492
76935  24.173  15.026  -3.559 0.2857142985
77720  24.254  15.969  -4.285 0.1428571492
78517  24.453  16.704  -5.208 0.1428571492
78507  25.789  16.379  -2.316 0.1428571492
79306  24.978  18.691  -5.070 0.1428571492
80100  24.469  17.813  -5.471 0.1428571492
80906  25.499  19.415  -4.270 0.1428571492
69411  27.209  6.027  -1.523 0.4285714328
71178  26.982  6.940  -0.668 0.4285714328
72016  26.675  8.080  -0.315 0.4285714328
72878  26.236  8.803  -0.192 0.4285714328
118194  25.422  8.344  -0.659 0.5714285970
72874  25.541  9.829  -0.155 0.5714285970
47776  18.620  -17.453  21.298 0.1428571492
46775  18.775  -18.350  22.590 0.1428571492
45822  17.419  -18.936  22.129 0.1428571492
47777  18.006  -17.815  20.998 0.2857142985
58161  31.324  -7.097  8.517 0.8571428657
60073  32.113  -4.758  7.328 0.5714285970
61091  32.232  -3.291  5.461 0.5714285970
63978  31.444  -0.719  4.270 0.2857142985
63963  31.482  -1.147  5.848 0.1428571492
63011  31.777  -1.903  4.977 0.1428571492
65815  29.770  1.496  2.610 0.5714285970
63983  30.170  -0.786  2.626 0.8571428657
65825  28.566  1.150  1.140 0.8571428657
65834  27.227  1.269  -0.414 0.8571428657
65830  27.901  0.869  -0.282 0.8571428657
64925  27.481  0.602  0.631 0.8571428657
66725  26.549  1.872  -0.946 0.8571428657
133121  27.640  4.803  -3.622 0.8571428657
110681  26.827  4.403  -3.320 0.8571428657
76164  24.701  13.186  -0.543 0.5714285970
131223  24.493  12.564  -0.654 0.5714285970
78485  26.646  16.399  -1.393 0.1428571492
77711  24.664  14.861  -2.778 0.4285714328
77710  25.119  15.763  -2.787 0.1428571492
79300  26.854  18.221  -3.259 0.1428571492
78506  26.798  17.155  -2.505 0.1428571492
77702  25.355  14.858  -1.249 0.1428571492
77719  24.711  15.743  -3.426 0.1428571492
124392  25.308  18.527  -4.631 0.1428571492
69416  27.285  5.644  -2.349 0.5714285970
49597  20.124  -15.460  19.872 0.4285714328
52699  22.986  -12.608  16.703 0.5714285970
77723  23.965  16.156  -5.236 0.1428571492
52709  22.226  -12.938  16.753 0.5714285970
51732  21.422  -13.185  16.926 0.5714285970
52711  20.202  -12.292  17.055 0.2857142985
116711  22.262  -12.001  15.953 0.5714285970
53667  21.335  -11.742  16.346 0.5714285970
51727  20.194  -13.666  17.468 0.4285714328
52713  21.854  -12.559  16.451 0.5714285970
52701  19.402  -12.196  17.418 0.2857142985
53654  20.416  -11.621  16.648 0.4285714328
53672  23.940  -11.878  14.453 0.4285714328
53673  23.155  -11.396  14.720 0.5714285970
54564  21.598  -10.519  15.516 0.5714285970
123928  20.800  -10.225  15.725 0.4285714328
55437  24.105  -10.877  13.479 0.5714285970
55428  23.235  -10.037  14.082 0.5714285970
54575  22.361  -10.452  15.096 0.4285714328
56277  24.086  -9.655  13.558 0.7142857313
56266  23.293  -8.759  14.249 0.4285714328
53668  20.675  -10.842  16.198 0.4285714328
53655  19.576  -11.572  17.047 0.2857142985
55418  21.326  -9.708  15.192 0.4285714328
134866  24.542  -10.609  12.983 0.7142857313
57229  25.640  -7.987  12.600 0.7142857313
58138  24.193  -7.001  13.537 0.4285714328
120868  25.535  -6.320  12.742 0.7142857313
59078  25.277  -5.607  13.033 0.5714285970
59077  25.773  -5.570  12.432 0.7142857313
111968  25.439  -4.892  12.848 0.2857142985
131752  25.622  -8.752  12.475 0.5714285970
126879  25.397  -6.993  12.942 0.7142857313
58154  26.304  -6.562  11.155 0.7142857313
60047  26.452  -4.828  11.559 0.7142857313
60046  26.693  -4.539  10.876 0.7142857313
61039  26.518  -3.837  11.804 0.7142857313
61040  25.966  -3.604  12.694 0.4285714328
61050  27.077  -3.618  11.003 0.4285714328
57242  27.442  -7.557  10.246 0.5714285970
58159  27.061  -6.844  9.871 0.5714285970
60056  26.712  -5.177  9.999 0.5714285970
121913  26.933  -4.692  9.316 0.7142857313
61069  27.368  -3.867  9.713 0.7142857313
60068  27.358  -4.163  7.839 0.7142857313
122980  27.448  -3.351  10.366 0.7142857313
62026  27.620  -2.376  10.400 0.5714285970
62041  27.748  -2.281  9.406 0.5714285970
59109  30.083  -5.819  7.405 0.7142857313
59106  27.414  -5.850  7.679 0.5714285970
127916  26.978  -6.260  8.258 0.5714285970
59111  27.558  -4.913  7.583 0.7142857313
130322  27.072  -5.048  8.330 0.7142857313
61084  27.582  -3.522  7.189 0.8571428657
127341  27.398  -2.889  11.008 0.4285714328
62065  27.689  -2.588  7.418 0.7142857313
62064  27.854  -2.050  6.877 0.7142857313
62987  27.697  -1.458  8.939 0.5714285970
62997  27.788  -1.567  7.737 0.7142857313
59110  28.716  -5.786  7.143 0.5714285970
112677  27.302  -3.883  8.840 0.7142857313
127566  27.726  -3.809  6.496 0.8571428657
62072  27.694  -2.870  6.465 0.8571428657
63007  27.547  -1.959  6.155 0.7142857313
63949  27.895  -1.317  6.769 0.5714285970
64888  27.677  0.221  7.000 0.2857142985
60083  28.480  -4.492  5.570 0.7142857313
62076  27.910  -2.490  5.580 0.7142857313
64908  27.644  -0.039  4.836 0.7142857313
62075  28.566  -2.964  4.834 0.7142857313
63013  27.808  -1.602  5.408 0.8571428657
63964  27.513  -1.143  5.998 0.8571428657
63990  26.940  -0.152  2.857 0.8571428657
63974  27.934  -1.389  4.606 0.8571428657
64902  27.511  -0.160  5.945 0.5714285970
63981  27.032  -0.131  3.808 0.8571428657
64909  27.052  0.644  4.414 0.7142857313
117619  27.647  -1.209  3.958 0.8571428657
64914  26.121  0.377  3.372 0.8571428657
128273  25.767  -0.029  2.940 0.8571428657
64926  26.093  0.865  1.767 0.8571428657
64921  25.280  0.101  2.829 0.7142857313
127257  24.527  3.408  -1.824 0.7142857313
67635  23.929  3.837  -0.645 0.7142857313
110922  24.725  3.935  -2.285 0.5714285970
67629  22.962  3.125  1.471 0.7142857313
110041  24.788  4.853  -2.134 0.7142857313
126488  23.988  5.607  -1.636 0.8571428657
70325  23.609  7.069  -1.460 0.7142857313
110518  23.491  4.746  0.387 0.7142857313
71173  22.818  8.053  -1.170 0.7142857313
72013  22.045  8.971  -1.714 0.7142857313
115888  22.997  8.676  -0.513 0.5714285970
72024  22.429  8.494  -2.160 0.7142857313
72881  22.137  8.927  -1.627 0.7142857313
72875  22.758  9.455  -0.619 0.5714285970
73733  22.302  10.157  -1.209 0.4285714328
73728  22.120  10.481  -1.516 0.5714285970
73727  22.682  10.333  -0.515 0.5714285970
72884  22.957  9.672  -1.970 0.5714285970
126983  23.514  9.719  0.568 0.5714285970
74644  22.748  11.536  -1.407 0.5714285970
74636  22.650  11.591  -1.212 0.5714285970
74625  22.836  11.838  -0.404 0.5714285970
119378  23.515  10.950  0.630 0.4285714328
72856  24.306  9.554  1.649 0.4285714328
76166  23.291  13.202  -0.224 0.5714285970
133073  23.043  13.031  -2.023 0.5714285970
75458  24.144  12.388  1.437 0.4285714328
72000  25.214  9.005  3.146 0.4285714328
129232  23.435  12.927  0.401 0.5714285970
75459  23.393  12.372  0.478 0.5714285970
77687  23.468  15.437  0.288 0.4285714328
132213  27.687  -6.510  7.881 0.5714285970
77696  23.176  15.002  -0.340 0.2857142985
76902  23.948  14.589  0.950 0.4285714328
76896  24.257  14.496  1.637 0.2857142985
50694  20.510  -14.150  17.680 0.5714285970
52708  23.253  -12.194  15.857 0.2857142985
52712  22.651  -12.419  16.198 0.4285714328
51733  20.616  -13.090  17.052 0.5714285970
53665  23.818  -12.202  15.014 0.2857142985
51734  19.848  -12.971  17.360 0.2857142985
55429  22.355  -9.671  14.793 0.4285714328
53669  19.440  -10.927  16.421 0.2857142985
54565  19.805  -10.322  15.912 0.2857142985
57216  24.424  -7.954  13.630 0.5714285970
57225  29.235  -8.875  11.248 0.2857142985
59080  23.409  -5.453  12.747 0.2857142985
60037  26.135  -4.652  12.354 0.7142857313
115478  28.542  -2.616  4.055 0.8571428657
63975  27.772  -0.807  5.191 0.7142857313
66723  24.494  2.500  0.153 0.7142857313
127874  24.682  3.024  -0.913 0.7142857313
113893  23.916  2.369  1.404 0.7142857313
70318  23.474  6.912  -0.941 0.7142857313
72006  23.850  8.010  0.414 0.5714285970
120893  24.553  10.915  1.939 0.2857142985
72018  22.667  9.036  -2.260 0.5714285970
73732  22.916  10.748  -1.603 0.5714285970
74643  22.889  11.556  -1.493 0.5714285970
75470  22.948  12.317  -0.607 0.5714285970
76176  22.774  13.344  -1.634 0.2857142985
114719  21.576  -8.733  14.784 0.4285714328
125852  23.586  -12.173  16.395 0.2857142985
120478  27.967  -7.039  8.560 0.7142857313
57237  26.265  -7.619  11.387 0.5714285970
59113  29.312  -5.528  6.730 0.7142857313
60080  28.045  -4.599  6.276 0.7142857313
59114  28.360  -5.256  6.763 0.7142857313
55436  24.989  -10.867  12.776 0.5714285970
57215  25.122  -8.620  12.876 0.5714285970
65822  24.915  0.920  2.497 0.7142857313
130237  26.527  -6.735  10.340 0.5714285970
51725  21.951  -13.376  17.224 0.4285714328
52710  21.020  -12.459  16.726 0.5714285970
53666  23.226  -12.059  15.377 0.5714285970
54563  22.434  -11.280  15.448 0.5714285970
112994  21.594  -11.097  15.937 0.4285714328
50695  19.761  -14.353  17.792 0.5714285970
54574  23.628  -11.216  14.032 0.5714285970
131145  22.967  -10.574  14.496 0.5714285970
55419  20.176  -9.716  15.404 0.4285714328
124453  23.966  -8.514  13.858 0.5714285970
57217  23.445  -7.652  14.041 0.4285714328
58137  25.010  -7.410  13.268 0.7142857313
59072  24.955  -6.340  13.346 0.5714285970
59073  24.031  -5.994  13.461 0.4285714328
58139  23.245  -6.712  13.604 0.4285714328
58148  25.777  -7.247  12.288 0.7142857313
58147  25.915  -6.461  11.926 0.7142857313
132639  24.130  -5.380  12.997 0.2857142985
59089  26.245  -5.591  11.749 0.7142857313
59097  26.482  -6.139  9.784 0.7142857313
59098  26.503  -5.623  10.837 0.7142857313
115111  27.117  -4.210  10.226 0.7142857313
58164  26.960  -6.565  9.108 0.5714285970
122884  27.528  -2.985  8.862 0.7142857313
111693  27.448  -3.273  8.057 0.7142857313
62967  27.694  -1.462  9.979 0.2857142985
123273  27.830  -0.601  7.387 0.5714285970
125835  27.575  0.206  8.033 0.2857142985
110631  23.738  5.327  -1.047 0.7142857313
126525  23.653  6.164  -1.184 0.7142857313
71180  22.755  8.008  -1.849 0.8571428657
111740  23.182  12.712  -1.091 0.7142857313
76909  22.987  14.207  -0.899 0.5714285970
76158  23.955  13.051  1.222 0.4285714328
55431  19.541  -9.273  14.964 0.1428571492
56267  20.637  -8.353  14.397 0.4285714328
48656  17.905  -16.958  20.091 0.4285714328
53637  24.146  -11.417  17.696 0.1428571492
53652  24.201  -11.697  16.591 0.1428571492
54550  24.782  -11.208  16.319 0.1428571492
54571  25.904  -10.981  13.551 0.1428571492
55435  26.715  -10.134  13.140 0.1428571492
54528  24.820  -10.847  17.344 0.1428571492
55427  26.659  -10.114  14.297 0.1428571492
54561  25.872  -10.746  14.747 0.1428571492
120045  25.478  -10.806  15.544 0.1428571492
55426  27.461  -9.407  13.056 0.1428571492
56292  30.871  -9.228  11.059 0.2857142985
57239  31.330  -8.394  9.782 0.1428571492
65833  24.984  1.950  0.854 0.5714285970
81755  23.896  20.031  -2.718 0.1428571492
64910  24.884  0.364  3.257 0.4285714328
81758  23.297  19.881  -2.916 0.1428571492
79310  24.186  17.168  -6.143 0.1428571492
66714  22.908  2.568  2.130 0.4285714328
66724  23.124  2.735  1.441 0.5714285970
110749  23.391  3.730  1.803 0.4285714328
78518  21.197  16.188  -4.792 0.2857142985
76938  20.773  13.845  -3.397 0.2857142985
76186  22.673  12.830  -2.190 0.2857142985
125524  21.735  13.613  -3.814 0.2857142985
68486  24.693  5.112  4.219 0.1428571492
110541  23.598  5.640  -0.402 0.5714285970
77712  19.937  14.173  -2.755 0.2857142985
76174  23.309  12.662  -1.402 0.4285714328
110999  24.530  5.219  2.911 0.4285714328
71165  24.305  6.572  1.417 0.5714285970
76926  20.499  13.701  -2.924 0.2857142985
110532  24.548  6.466  3.323 0.4285714328
71159  24.578  7.106  2.345 0.2857142985
77704  21.751  15.099  -1.582 0.1428571492
76915  22.222  14.086  -1.588 0.1428571492
76916  21.064  13.997  -2.308 0.1428571492
71155  24.759  7.324  3.473 0.1428571492
72001  24.718  8.743  2.325 0.4285714328
78486  23.045  15.815  -0.307 0.1428571492
78496  21.489  16.146  -1.521 0.1428571492
78497  20.675  16.493  -2.026 0.1428571492
71993  25.215  8.252  3.249 0.2857142985
78478  23.428  16.507  0.427 0.2857142985
78468  24.308  16.649  1.890 0.1428571492
78479  22.825  16.680  -0.326 0.1428571492
110183  22.127  16.848  -0.884 0.1428571492
79286  22.959  17.353  0.268 0.1428571492
79291  22.493  17.323  -0.360 0.1428571492
119513  22.746  17.983  0.933 0.1428571492
48670  18.462  -16.481  19.723 0.4285714328
49617  18.202  -15.351  18.875 0.2857142985
54548  25.981  -10.210  15.941 0.1428571492
56275  27.992  -9.056  12.721 0.1428571492
65823  23.960  1.931  2.198 0.2857142985
74642  23.950  11.467  -1.060 0.4285714328
76925  23.755  13.901  -3.008 0.2857142985
77713  19.869  14.876  -2.847 0.2857142985
76942  21.446  14.427  -4.105 0.2857142985
49618  17.786  -15.286  19.304 0.2857142985
51650  22.100  -13.940  21.367 0.1428571492
53592  23.770  -11.819  19.216 0.1428571492
56294  30.724  -8.756  10.382 0.1428571492
56286  28.830  -8.922  12.135 0.1428571492
110720  24.414  6.632  3.952 0.1428571492
65816  24.446  0.795  3.271 0.4285714328
111241  24.359  5.496  3.993 0.2857142985
131795  24.338  7.370  1.233 0.5714285970
117803  23.878  12.589  -1.295 0.4285714328
78516  20.462  16.142  -3.510 0.2857142985
77726  21.389  15.232  -4.467 0.2857142985
76940  23.009  14.729  -4.261 0.2857142985
76941  22.278  14.551  -4.345 0.2857142985
78521  21.781  16.708  -5.819 0.2857142985
79313  21.759  17.167  -5.707 0.1428571492
80098  21.684  18.574  -4.633 0.1428571492
80101  23.929  17.699  -5.774 0.1428571492
110898  21.442  17.157  -1.455 0.2857142985
78498  20.140  15.929  -2.618 0.2857142985
80102  23.043  17.661  -5.567 0.1428571492
80097  23.519  18.419  -5.106 0.1428571492
77729  23.536  16.427  -5.801 0.1428571492
78520  23.035  16.881  -6.304 0.1428571492
57238  32.106  -7.513  9.398 0.2857142985
76924  24.139  13.949  -2.243 0.4285714328
79309  20.903  17.041  -4.339 0.2857142985
77724  23.043  15.397  -5.147 0.2857142985
77730  22.634  16.113  -5.673 0.1428571492
49616  18.690  -15.796  19.168 0.4285714328
57234  29.585  -8.684  10.494 0.4285714328
75478  23.845  11.976  -1.107 0.4285714328
77721  23.626  15.363  -4.287 0.2857142985
67623  22.824  2.694  1.762 0.4285714328
111921  23.469  3.940  0.438 0.5714285970
110752  23.644  5.518  0.542 0.5714285970
71172  23.810  7.016  0.181 0.5714285970
76195  23.352  13.206  -2.376 0.2857142985
76903  23.398  14.322  0.130 0.4285714328
77674  24.180  15.315  1.402 0.2857142985
77697  22.698  15.088  -0.978 0.2857142985
65829  24.197  1.714  2.034 0.5714285970
110735  23.673  6.191  -0.035 0.5714285970
111621  24.461  8.023  1.685 0.5714285970
76188  21.372  13.243  -2.673 0.2857142985
54549  25.407  -10.592  16.494 0.1428571492
116230  27.373  -9.241  14.020 0.1428571492
67614  24.119  3.063  2.592 0.2857142985
77722  19.945  14.931  -3.188 0.2857142985
76939  20.566  14.534  -3.579 0.2857142985
76197  22.045  12.691  -2.731 0.2857142985
129580  23.093  13.447  -3.431 0.2857142985
68494  24.571  4.995  3.463 0.2857142985
110044  24.047  4.942  2.035 0.4285714328
77705  20.511  15.191  -2.308 0.1428571492
110535  24.511  5.975  2.415 0.4285714328
110046  24.513  5.798  3.300 0.2857142985
110572  24.052  5.672  1.410 0.5714285970
122891  24.895  7.874  2.622 0.4285714328
48671  17.939  -16.230  19.576 0.2857142985
56265  28.108  -8.795  13.685 0.1428571492
111506  24.686  1.559  3.433 0.2857142985
77731  21.865  16.004  -5.463 0.2857142985
123300  22.294  16.681  -6.070 0.2857142985
127696  22.578  18.376  -5.038 0.1428571492
64861  27.563  0.257  9.014 0.2857142985
126506  20.140  19.088  -1.631 0.1428571492
114273  20.239  16.648  -2.831 0.1428571492
110910  19.730  20.504  -1.103 0.1428571492
80084  21.615  19.258  0.946 0.1428571492
131064  20.089  19.881  -0.429 0.1428571492
110617  20.166  18.227  -1.835 0.1428571492
110185  19.923  18.276  -2.276 0.1428571492
110186  20.855  19.014  0.048 0.1428571492
110192  20.553  19.729  0.626 0.1428571492
126577  20.931  18.815  -1.401 0.1428571492
80893  19.875  20.219  0.404 0.1428571492
81746  19.584  21.102  -0.588 0.1428571492
126507  20.743  17.442  -1.868 0.1428571492
81728  18.941  21.010  2.461 0.1428571492
81740  19.460  20.595  0.794 0.1428571492
63905  27.548  -0.545  9.583 0.2857142985
80887  20.246  20.210  2.226 0.1428571492
125301  19.103  21.534  1.585 0.1428571492
128934  19.920  21.125  -1.608 0.1428571492
124459  24.910  -11.744  13.531 0.2857142985
110873  20.358  17.263  -2.392 0.1428571492
79305  20.373  17.465  -3.277 0.1428571492
110190  19.925  19.041  -1.939 0.1428571492
110191  19.988  19.213  -2.338 0.1428571492
81736  19.572  20.746  1.817 0.1428571492
81727  19.321  20.530  2.875 0.1428571492
54573  24.398  -11.645  13.728 0.4285714328
50682  20.833  -14.426  18.079 0.4285714328
50665  21.174  -14.440  18.858 0.2857142985
51726  21.318  -13.775  17.569 0.2857142985
51714  21.503  -13.918  18.301 0.1428571492
51713  22.061  -13.526  17.862 0.2857142985
122182  20.384  -15.017  18.474 0.2857142985
72864  23.981  8.907  0.810 0.4285714328
52700  22.504  -13.051  17.380 0.2857142985
50683  20.130  -14.934  17.900 0.4285714328
124171  20.814  -13.605  17.270 0.4285714328
68504  24.219  4.311  2.512 0.2857142985
129069  19.388  -15.550  18.892 0.2857142985
49631  19.011  -15.284  18.611 0.2857142985
49630  19.768  -15.391  18.299 0.2857142985
50684  19.378  -14.959  18.060 0.2857142985
127345  22.537  -9.002  14.553 0.2857142985
57218  22.615  -7.169  14.047 0.2857142985
58140  22.184  -6.500  13.446 0.2857142985
60038  25.502  -4.178  12.814 0.1428571492
61041  24.834  -3.426  12.494 0.1428571492
62012  27.219  -2.142  11.284 0.1428571492
130026  27.561  0.861  7.708 0.1428571492
64903  27.397  0.732  5.508 0.1428571492
65786  27.386  1.130  7.075 0.1428571492
65802  26.920  1.510  5.143 0.1428571492
120601  27.268  2.498  6.857 0.1428571492
67603  25.685  3.725  4.037 0.1428571492
67622  23.369  3.298  2.205 0.1428571492
68485  25.434  4.577  4.570 0.1428571492
67613  25.090  3.437  3.267 0.1428571492
73703  24.547  10.108  2.089 0.1428571492
121549  24.995  10.988  3.062 0.1428571492
72849  25.304  9.704  3.579 0.1428571492
75448  24.734  12.405  2.333 0.1428571492
125201  25.009  12.999  2.715 0.1428571492
76152  24.332  13.772  1.865 0.1428571492
49615  19.947  -15.499  18.949 0.1428571492
112637  26.933  2.402  5.852 0.1428571492
119957  24.704  4.039  2.927 0.1428571492
57211  21.278  -7.918  14.229 0.2857142985
123278  21.751  -7.219  14.008 0.2857142985
61996  25.493  -2.855  12.507 0.1428571492
62940  26.785  -1.313  11.448 0.1428571492
63881  27.038  -0.679  10.976 0.1428571492
65727  26.490  1.168  10.245 0.1428571492
65738  27.320  0.830  9.358 0.1428571492
65739  26.880  1.510  9.499 0.1428571492
65758  27.093  2.015  8.632 0.1428571492
65812  24.927  1.043  3.509 0.1428571492
67594  26.138  3.916  4.964 0.1428571492
73693  25.366  10.594  3.706 0.1428571492
73702  24.963  10.304  2.867 0.1428571492
61995  26.216  -2.823  12.359 0.1428571492
64889  27.430  0.703  6.373 0.1428571492
71992  25.295  8.876  4.019 0.1428571492
55430  20.518  -9.018  14.904 0.1428571492
65811  26.032  1.212  3.922 0.1428571492
66708  24.526  2.337  3.115 0.1428571492
58141  21.196  -6.721  13.370 0.1428571492
127120  27.460  1.886  7.160 0.1428571492
123640  26.187  1.791  10.076 0.1428571492
49599  17.477  -15.950  20.154 0.1428571492
50635  17.521  -15.015  20.950 0.1428571492
50696  18.781  -14.194  17.949 0.1428571492
58165  32.326  -6.481  8.649 0.1428571492
58160  32.464  -6.663  9.425 0.1428571492
70313  26.993  6.665  -0.682 0.1428571492
47794  17.529  -17.437  20.693 0.1428571492
50686  17.846  -14.631  18.625 0.1428571492
50685  18.464  -14.717  18.365 0.1428571492
123992  19.108  -12.786  17.753 0.1428571492
69406  26.608  5.884  -0.547 0.1428571492
71177  27.256  7.594  -0.146 0.1428571492
53639  18.877  -11.660  17.347 0.1428571492
113854  26.394  5.147  0.294 0.1428571492
47793  17.673  -17.394  20.510 0.1428571492
123427  32.420  -5.905  8.983 0.1428571492
51728  19.330  -13.550  17.766 0.1428571492
48657  17.543  -17.009  20.337 0.1428571492
51729  18.194  -13.262  17.808 0.1428571492
45793  18.211  -19.758  23.085 0.1428571492
54562  25.033  -11.154  15.715 0.1428571492
54581  24.730  -11.346  13.164 0.2857142985
56276  24.876  -9.888  12.713 0.5714285970
56287  27.626  -9.127  11.991 0.2857142985
56289  26.139  -8.974  12.250 0.5714285970
57210  22.388  -7.955  14.500 0.2857142985
57212  20.532  -7.878  13.958 0.2857142985
57243  26.597  -7.413  10.678 0.7142857313
58158  27.810  -7.319  9.535 0.5714285970
58167  29.044  -6.255  7.532 0.8571428657
59079  24.653  -5.088  12.886 0.2857142985
59103  32.308  -5.727  8.462 0.1428571492
60075  27.955  -4.820  7.094 0.7142857313
60076  27.679  -4.291  7.080 0.5714285970
61088  32.195  -3.728  6.198 0.5714285970
61089  31.994  -4.038  5.781 0.5714285970
61090  28.034  -3.588  5.718 1.0000000000
61092  31.461  -3.586  5.096 0.7142857313
62054  27.706  -2.352  8.405 0.5714285970
62073  32.159  -2.676  5.124 0.5714285970
62077  32.019  -2.337  4.335 0.7142857313
62955  27.440  -1.419  10.833 0.1428571492
63012  28.304  -2.053  4.794 0.8571428657
63020  28.929  -1.529  3.003 0.8571428657
63882  26.243  -0.617  11.354 0.1428571492
63928  27.598  -0.617  8.455 0.2857142985
63979  31.139  -0.410  3.641 0.5714285970
63980  27.529  -0.801  4.254 0.8571428657
63982  30.882  -0.867  2.947 0.8571428657
63984  27.234  -0.558  3.590 0.8571428657
63985  26.303  -0.058  3.158 0.8571428657
64846  27.046  0.901  9.875 0.1428571492
64906  31.123  0.059  4.329 0.2857142985
64913  30.154  0.873  2.542 0.8571428657
64915  25.240  -0.045  3.036 0.8571428657
64917  29.720  0.394  2.132 0.8571428657
64918  29.162  0.157  1.751 0.8571428657
64920  26.589  0.379  2.235 0.8571428657
64922  29.223  0.737  1.610 0.8571428657
64928  28.023  0.666  -0.125 0.8571428657
65728  25.706  1.334  10.480 0.1428571492
65757  27.460  1.074  8.599 0.1428571492
65772  27.471  1.589  7.825 0.1428571492
65787  27.327  1.579  6.295 0.1428571492
65817  24.272  1.431  2.836 0.2857142985
65831  26.549  1.340  -0.262 0.8571428657
66689  26.353  2.205  4.794 0.1428571492
66698  25.319  2.660  3.711 0.1428571492
66706  29.765  2.140  3.327 0.1428571492
66709  24.028  2.268  2.465 0.4285714328
66712  28.649  1.991  2.004 0.4285714328
66715  22.723  2.781  1.758 0.4285714328
66719  26.950  2.766  0.693 0.5714285970
66720  23.015  2.262  1.993 0.7142857313
66727  25.510  2.042  -1.488 0.7142857313
66728  26.097  2.863  -2.498 0.8571428657
67611  28.542  3.274  3.616 0.1428571492
67627  27.391  2.799  1.433 0.1428571492
67633  23.601  3.242  0.435 0.5714285970
67637  25.233  3.269  -2.543 0.8571428657
67639  26.102  3.527  -2.926 0.8571428657
67640  27.275  4.455  -3.649 0.8571428657
67641  27.263  4.446  -3.641 0.8571428657
68493  25.167  4.379  3.650 0.1428571492
68519  27.608  5.098  -3.026 0.8571428657
68520  27.005  4.345  -2.384 0.8571428657
68523  27.136  4.397  -3.110 0.8571428657
68524  27.508  4.678  -3.636 0.8571428657
69421  27.669  5.048  -3.556 0.8571428657
70324  24.074  6.358  -1.698 0.8571428657
71184  24.245  7.339  -1.658 0.7142857313
71185  23.145  7.792  -1.974 0.7142857313
72012  27.616  8.212  0.112 0.1428571492
72019  22.196  8.601  -2.017 0.7142857313
72855  24.888  9.567  2.638 0.4285714328
72880  22.734  9.915  -2.059 0.5714285970
73715  23.872  10.249  1.109 0.4285714328
73726  25.732  10.675  0.372 0.2857142985
74611  24.429  11.735  1.744 0.4285714328
74624  23.486  11.703  0.644 0.5714285970
74635  22.578  11.188  -0.806 0.5714285970
75447  25.148  12.518  3.153 0.1428571492
75457  25.608  12.137  0.627 0.1428571492
75479  23.104  12.031  -1.451 0.5714285970
75480  22.881  11.989  -1.364 0.5714285970
76165  23.841  13.749  0.882 0.4285714328
76175  23.183  13.383  -0.941 0.2857142985
76185  23.606  13.284  -1.787 0.4285714328
76187  21.873  13.083  -2.068 0.2857142985
76196  22.911  12.878  -2.946 0.2857142985
76201  22.326  13.037  -3.378 0.2857142985
76202  21.412  13.189  -3.176 0.2857142985
76895  26.051  14.369  1.166 0.1428571492
76901  25.385  14.020  0.302 0.1428571492
76927  19.869  14.143  -3.040 0.2857142985
76936  23.473  14.359  -3.720 0.2857142985
76937  22.654  13.898  -3.853 0.2857142985
77675  23.795  15.849  0.953 0.2857142985
77686  23.782  15.101  0.742 0.4285714328
77703  24.738  14.667  -1.933 0.4285714328
77725  22.108  15.176  -5.028 0.2857142985
77727  20.752  15.358  -3.857 0.2857142985
77728  24.259  16.798  -5.973 0.1428571492
78487  22.387  15.988  -0.947 0.1428571492
78508  19.925  15.592  -2.924 0.2857142985
78519  23.821  16.967  -6.307 0.1428571492
79304  24.743  17.482  -4.728 0.1428571492
79311  23.488  17.114  -6.323 0.1428571492
79312  22.427  17.101  -6.239 0.1428571492
80096  24.475  18.456  -5.165 0.1428571492
80103  22.109  17.727  -5.354 0.1428571492
80894  19.603  20.537  -0.095 0.1428571492
81737  19.191  21.112  1.259 0.1428571492
110042  26.820  5.849  -3.473 0.8571428657
110043  23.609  4.676  -0.459 0.5714285970
110045  24.404  5.499  3.727 0.2857142985
110184  22.103  17.875  -0.944 0.2857142985
110187  20.787  19.397  -1.106 0.1428571492
110189  20.153  17.651  -2.676 0.1428571492
110195  20.093  18.336  -2.787 0.1428571492
110197  19.831  19.736  -1.535 0.1428571492
110516  23.627  4.756  1.214 0.5714285970
110721  21.299  18.156  -1.441 0.1428571492
114244  27.299  7.301  -0.075 0.1428571492
114614  22.446  10.976  -1.358 0.4285714328
114918  24.647  0.274  3.152 0.7142857313
116343  24.526  -8.866  13.417 0.5714285970
117057  26.869  -2.880  11.610 0.4285714328
117999  20.046  20.210  1.219 0.1428571492
119400  27.456  -0.830  10.395 0.1428571492
119474  22.136  9.785  -1.414 0.7142857313
121755  27.559  -3.126  9.635 0.7142857313
122406  26.593  -5.701  9.032 0.5714285970
122710  24.244  1.024  2.880 0.4285714328
123801  24.625  -2.550  12.018 0.1428571492
124381  23.087  13.015  -1.631 0.7142857313
125057  24.570  13.073  2.045 0.1428571492
125125  26.937  4.186  -3.301 0.8571428657
125681  23.830  -4.896  12.567 0.2857142985
126103  27.785  -0.600  6.619 0.5714285970
126395  24.256  5.964  3.973 0.2857142985
126519  27.481  5.331  -3.839 0.8571428657
126585  23.382  3.999  1.075 0.4285714328
127069  19.745  -15.887  20.260 0.2857142985
127208  23.880  6.190  0.709 0.5714285970
128310  24.095  4.490  -1.443 0.7142857313
128497  25.602  1.939  3.929 0.2857142985
129045  31.391  -0.135  5.791 0.1428571492
130054  27.939  -5.448  7.257 0.7142857313
130590  23.426  9.408  -1.752 0.7142857313
131760  28.125  -6.177  7.492 0.5714285970
131837  23.809  6.334  -1.494 0.8571428657
132086  21.585  -13.882  18.832 0.1428571492
132087  27.470  -0.527  3.185 0.8571428657
132607  24.692  -5.652  13.270 0.5714285970
132653  24.099  11.324  1.294 0.2857142985
133416  24.136  3.738  2.538 0.1428571492
133474  21.157  -10.584  15.891 0.4285714328
134583  24.720  17.990  -5.161 0.1428571492
134806  20.404  18.343  -3.359 0.1428571492
