#!ascii label  , from subject sub-v1s9x0051360_ses-1 vox2ras=TkReg
1547
66132  -36.969  -8.885  91.063 0.0000000000
75887  -44.250  1.947  74.948 0.0000000000
74967  -32.167  0.331  78.975 0.0000000000
57830  -8.499  -16.298  86.195 0.0000000000
132089  -21.820  -8.244  88.920 0.0000000000
67054  -7.969  -7.296  89.860 0.0000000000
66063  -4.750  -8.605  95.468 0.0000000000
69991  -39.493  -4.271  78.345 0.0000000000
68986  -10.271  -5.007  82.730 0.0000000000
54409  -6.432  -19.763  95.995 0.0000000000
67106  -35.447  -8.143  83.758 0.0000000000
62214  -31.693  -11.955  88.291 0.0000000000
64161  -28.439  -10.633  90.887 0.0000000000
77674  -46.064  3.769  71.820 0.0000000000
139302  -35.673  -1.634  77.779 0.0000000000
64199  -18.155  -9.910  86.108 0.0000000000
70881  -3.455  -3.939  84.610 0.0000000000
63243  -4.048  -12.527  87.434 0.0000000000
64227  -5.661  -10.393  84.270 0.0000000000
60088  -6.566  -14.807  81.625 0.0000000000
59895  -12.470  -14.156  96.222 0.0000000000
58818  -9.644  -15.457  98.748 0.0000000000
75795  -29.811  1.405  81.662 0.0000000000
67033  -25.903  -7.069  91.621 0.0000000000
64203  -25.470  -10.989  86.457 0.0000000000
66089  -4.927  -8.280  92.332 0.0000000000
139094  -4.643  -13.751  91.283 0.0000000000
73072  -40.891  -1.108  77.010 0.0000000000
62169  -12.877  -12.278  92.688 0.0000000000
63222  -14.928  -10.877  89.698 0.0000000000
68941  -9.465  -5.624  86.156 0.0000000000
138181  -7.914  -10.224  80.631 0.0000000000
65081  -6.956  -9.227  97.810 0.0000000000
59894  -6.960  -13.888  96.146 0.0000000000
130338  -5.980  -17.830  91.802 0.0000000000
67996  -37.654  -6.183  88.871 0.0000000000
64171  -36.364  -10.252  89.382 0.0000000000
67080  -37.300  -7.540  86.518 0.0000000000
62193  -33.808  -11.005  90.199 0.0000000000
143551  -33.854  -12.069  87.948 0.0000000000
63214  -32.549  -11.510  91.380 0.0000000000
129435  -45.714  2.848  73.670 0.0000000000
74114  -41.079  -0.054  73.213 0.0000000000
75912  -42.837  1.522  71.903 0.0000000000
76776  -43.677  2.334  70.342 0.0000000000
74077  -34.239  -0.900  78.171 0.0000000000
74073  -30.052  -0.220  77.432 0.0000000000
74083  -31.694  -0.224  76.222 0.0000000000
127003  -34.404  -1.424  75.469 0.0000000000
59993  -6.105  -14.120  86.573 0.0000000000
139173  -5.375  -13.181  84.868 0.0000000000
58950  -8.092  -15.641  84.184 0.0000000000
56777  -5.347  -17.768  82.331 0.0000000000
55621  -6.299  -18.198  84.597 0.0000000000
120879  -12.262  -16.096  94.325 0.0000000000
143392  -11.401  -17.476  95.993 0.0000000000
74886  -30.451  1.037  84.158 0.0000000000
69924  -34.679  -4.432  84.521 0.0000000000
68064  -34.565  -6.594  82.631 0.0000000000
70895  -32.745  -3.200  83.245 0.0000000000
138806  -30.905  -2.156  81.442 0.0000000000
67936  -27.579  -6.441  93.352 0.0000000000
119784  -27.487  -12.889  87.903 0.0000000000
64179  -26.767  -11.136  88.275 0.0000000000
79485  -45.926  5.220  68.357 0.0000000000
80422  -46.692  6.374  66.513 0.0000000000
66076  -4.082  -8.701  93.457 0.0000000000
64145  -4.470  -11.143  91.637 0.0000000000
63185  -4.819  -12.101  93.303 0.0000000000
71947  -40.448  -3.180  77.568 0.0000000000
70990  -37.788  -4.215  75.971 0.0000000000
69047  -39.066  -5.442  75.474 0.0000000000
71005  -39.627  -4.272  75.046 0.0000000000
130132  -14.350  -10.491  95.179 0.0000000000
64130  -14.797  -9.727  93.487 0.0000000000
69842  -5.915  -4.580  89.283 0.0000000000
69869  -6.026  -4.716  87.560 0.0000000000
67069  -8.950  -7.195  88.104 0.0000000000
64272  -4.500  -10.534  81.439 0.0000000000
64258  -6.960  -10.434  82.053 0.0000000000
64302  -5.182  -10.165  79.357 0.0000000000
129156  -8.628  -10.784  96.873 0.0000000000
55472  -8.424  -18.624  98.073 0.0000000000
141487  -8.167  -14.687  97.562 0.0000000000
56587  -8.230  -17.250  96.317 0.0000000000
57694  -8.052  -16.223  94.328 0.0000000000
137069  -6.337  -18.974  93.361 0.0000000000
68031  -36.444  -6.342  85.074 0.0000000000
65111  -29.171  -8.973  93.115 0.0000000000
64151  -30.395  -10.782  92.458 0.0000000000
141853  -29.891  -12.155  89.704 0.0000000000
79467  -46.947  5.349  70.596 0.0000000000
77681  -45.086  3.767  69.723 0.0000000000
71946  -37.477  -2.762  77.744 0.0000000000
71967  -36.227  -2.786  75.456 0.0000000000
65201  -22.233  -9.473  85.642 0.0000000000
122630  -20.240  -9.715  87.133 0.0000000000
69929  -7.165  -4.462  83.076 0.0000000000
65147  -6.167  -9.215  89.204 0.0000000000
65169  -7.668  -9.288  87.544 0.0000000000
134727  -5.041  -10.746  86.178 0.0000000000
139054  -4.910  -12.084  82.879 0.0000000000
61275  -5.373  -14.011  80.223 0.0000000000
63157  -12.502  -11.520  98.773 0.0000000000
62128  -10.219  -12.464  98.845 0.0000000000
59884  -11.496  -14.514  98.533 0.0000000000
55466  -10.089  -18.481  98.373 0.0000000000
74947  -30.480  1.060  79.551 0.0000000000
73039  -29.530  -1.041  79.894 0.0000000000
66124  -24.157  -8.243  90.172 0.0000000000
65128  -27.313  -8.825  91.321 0.0000000000
65152  -26.067  -9.093  89.182 0.0000000000
65177  -23.318  -8.850  87.216 0.0000000000
68901  -5.749  -4.693  90.974 0.0000000000
69811  -4.873  -4.641  92.044 0.0000000000
66104  -6.317  -8.036  91.484 0.0000000000
65145  -4.848  -10.075  89.894 0.0000000000
61135  -3.847  -13.521  89.185 0.0000000000
59967  -7.529  -14.002  88.911 0.0000000000
123646  -42.485  0.707  76.537 0.0000000000
141787  -40.117  -1.685  74.177 0.0000000000
125929  -13.958  -11.573  97.572 0.0000000000
62155  -12.687  -12.611  94.862 0.0000000000
58860  -12.550  -15.183  92.637 0.0000000000
65160  -18.380  -8.809  88.664 0.0000000000
65139  -17.302  -8.750  90.458 0.0000000000
65126  -15.481  -9.148  92.297 0.0000000000
63197  -13.936  -10.978  91.638 0.0000000000
59944  -12.979  -14.293  90.419 0.0000000000
123568  -4.380  -2.790  86.386 0.0000000000
69901  -6.566  -4.715  85.657 0.0000000000
68963  -9.872  -5.165  84.341 0.0000000000
66166  -8.900  -8.683  85.520 0.0000000000
66180  -9.464  -8.725  84.035 0.0000000000
66188  -10.405  -8.217  82.511 0.0000000000
65080  -5.575  -9.368  97.175 0.0000000000
63152  -7.675  -11.713  98.414 0.0000000000
63166  -6.060  -11.311  97.181 0.0000000000
63172  -5.476  -11.833  95.848 0.0000000000
61094  -6.015  -14.016  93.976 0.0000000000
58876  -8.440  -14.663  91.407 0.0000000000
56660  -7.998  -17.028  89.388 0.0000000000
139552  -5.439  -21.313  93.050 0.0000000000
53419  -5.436  -20.292  91.056 0.0000000000
121326  -6.591  -18.745  87.379 0.0000000000
124036  -37.448  -7.417  90.001 0.0000000000
67053  -37.165  -7.283  90.956 0.0000000000
65154  -36.447  -9.849  90.179 0.0000000000
66144  -37.442  -8.063  89.070 0.0000000000
64162  -35.444  -10.345  90.415 0.0000000000
63227  -34.964  -10.690  89.624 0.0000000000
131376  -36.046  -8.832  91.717 0.0000000000
63203  -34.463  -10.759  91.066 0.0000000000
76757  -44.902  2.325  74.521 0.0000000000
75004  -42.181  0.836  74.240 0.0000000000
75014  -42.165  1.120  72.352 0.0000000000
75898  -43.557  1.776  73.367 0.0000000000
75899  -44.338  2.313  72.889 0.0000000000
74067  -32.800  -0.267  78.459 0.0000000000
74969  -34.052  -0.035  79.537 0.0000000000
74968  -33.145  0.009  79.403 0.0000000000
74074  -30.609  -0.013  76.901 0.0000000000
74991  -31.956  -0.179  76.923 0.0000000000
74075  -32.621  -0.394  77.369 0.0000000000
59995  -8.338  -14.750  86.582 0.0000000000
60012  -7.738  -14.616  85.445 0.0000000000
58951  -8.289  -15.914  84.814 0.0000000000
57874  -7.616  -16.684  83.712 0.0000000000
120585  -7.594  -17.418  85.464 0.0000000000
123119  -12.010  -17.038  92.811 0.0000000000
56611  -11.817  -17.549  93.571 0.0000000000
71881  -33.374  -2.498  84.839 0.0000000000
70896  -33.333  -3.657  83.757 0.0000000000
71880  -32.728  -2.138  84.454 0.0000000000
73000  -31.441  -1.353  83.609 0.0000000000
79486  -46.494  5.522  68.943 0.0000000000
79510  -46.187  5.780  66.976 0.0000000000
80423  -47.236  6.854  66.955 0.0000000000
66070  -4.337  -8.669  94.331 0.0000000000
133430  -4.594  -10.139  93.046 0.0000000000
64124  -4.898  -10.510  94.536 0.0000000000
69992  -39.961  -4.169  78.354 0.0000000000
71937  -40.580  -2.970  79.287 0.0000000000
70980  -38.745  -4.331  77.107 0.0000000000
70011  -38.296  -4.978  75.683 0.0000000000
70003  -39.327  -4.923  76.678 0.0000000000
70005  -40.070  -4.739  77.085 0.0000000000
65103  -15.432  -9.434  95.211 0.0000000000
65110  -15.994  -8.668  93.828 0.0000000000
66123  -22.353  -8.061  89.534 0.0000000000
66141  -21.435  -8.166  89.461 0.0000000000
122386  -9.518  -4.262  81.964 0.0000000000
68915  -7.609  -5.641  89.534 0.0000000000
68924  -7.754  -5.427  88.628 0.0000000000
66136  -8.436  -7.391  88.987 0.0000000000
131008  -4.401  -12.009  79.761 0.0000000000
64285  -4.465  -10.636  80.419 0.0000000000
131705  -4.970  -11.729  78.669 0.0000000000
64121  -9.116  -10.473  96.213 0.0000000000
64105  -9.589  -11.118  97.146 0.0000000000
54403  -7.219  -19.419  97.255 0.0000000000
56577  -8.400  -17.394  97.085 0.0000000000
55490  -6.932  -18.608  96.107 0.0000000000
55505  -7.070  -18.537  95.156 0.0000000000
54424  -6.606  -19.642  94.928 0.0000000000
68951  -37.086  -5.873  87.207 0.0000000000
68021  -36.898  -7.063  86.128 0.0000000000
69911  -36.374  -4.946  86.447 0.0000000000
69910  -35.859  -4.791  85.731 0.0000000000
62191  -31.983  -11.234  90.022 0.0000000000
62190  -31.107  -11.523  90.211 0.0000000000
62213  -30.980  -12.027  88.834 0.0000000000
62212  -29.250  -12.368  88.302 0.0000000000
141555  -46.538  4.354  71.447 0.0000000000
76771  -45.175  3.195  71.614 0.0000000000
128803  -44.209  2.761  70.110 0.0000000000
77678  -46.016  4.054  70.972 0.0000000000
78578  -46.037  4.324  70.375 0.0000000000
71945  -36.606  -2.160  77.693 0.0000000000
142460  -37.345  -2.196  79.329 0.0000000000
128921  -36.045  -1.134  79.552 0.0000000000
119765  -34.598  -1.410  76.452 0.0000000000
73081  -35.153  -1.829  75.854 0.0000000000
73059  -36.151  -2.190  76.856 0.0000000000
71957  -37.074  -2.658  76.879 0.0000000000
70889  -3.227  -4.117  83.687 0.0000000000
69928  -4.875  -4.792  83.381 0.0000000000
124359  -4.451  -5.013  84.153 0.0000000000
64183  -4.654  -11.006  88.005 0.0000000000
65167  -5.568  -9.873  87.505 0.0000000000
63253  -4.262  -11.775  86.846 0.0000000000
61235  -6.567  -13.668  83.497 0.0000000000
62268  -4.934  -12.556  84.268 0.0000000000
61248  -6.294  -13.085  82.082 0.0000000000
62312  -5.486  -12.653  81.646 0.0000000000
60087  -6.073  -14.637  80.910 0.0000000000
59014  -5.726  -15.794  80.766 0.0000000000
61059  -13.303  -12.917  97.764 0.0000000000
136910  -12.142  -13.534  98.678 0.0000000000
120455  -11.744  -14.797  97.382 0.0000000000
54411  -10.798  -19.375  95.583 0.0000000000
55474  -10.809  -18.179  97.441 0.0000000000
140437  -10.139  -20.025  97.069 0.0000000000
53345  -9.164  -20.240  97.713 0.0000000000
75821  -30.158  1.731  80.868 0.0000000000
74032  -29.902  -0.045  82.232 0.0000000000
73029  -30.370  -1.714  81.111 0.0000000000
144596  -29.708  0.500  81.050 0.0000000000
74933  -29.858  0.701  79.990 0.0000000000
67970  -25.346  -6.373  92.074 0.0000000000
67031  -24.092  -6.789  90.929 0.0000000000
67045  -25.525  -7.464  90.829 0.0000000000
64149  -28.928  -9.986  91.683 0.0000000000
65130  -28.327  -9.302  92.163 0.0000000000
65142  -27.615  -9.651  90.904 0.0000000000
64189  -25.759  -10.681  87.105 0.0000000000
64167  -26.654  -9.931  88.557 0.0000000000
64177  -25.420  -9.735  87.362 0.0000000000
65164  -24.854  -8.963  87.960 0.0000000000
137698  -24.441  -9.690  86.372 0.0000000000
64201  -24.036  -9.881  85.846 0.0000000000
67939  -4.438  -6.649  92.917 0.0000000000
67940  -5.203  -6.482  92.569 0.0000000000
67957  -5.752  -5.961  92.332 0.0000000000
67021  -5.664  -7.710  92.169 0.0000000000
66115  -5.864  -8.993  90.987 0.0000000000
139727  -5.395  -9.487  91.276 0.0000000000
62175  -4.427  -12.900  91.634 0.0000000000
63206  -4.064  -12.070  90.524 0.0000000000
59943  -4.447  -13.853  90.041 0.0000000000
61152  -5.136  -13.826  88.620 0.0000000000
61138  -6.205  -13.572  89.916 0.0000000000
74088  -41.444  -0.430  76.466 0.0000000000
123713  -42.756  0.600  77.441 0.0000000000
74079  -42.396  -0.108  77.951 0.0000000000
71968  -40.156  -2.529  75.564 0.0000000000
71982  -39.890  -2.406  74.648 0.0000000000
74096  -40.612  -0.928  75.249 0.0000000000
133759  -41.001  -0.434  74.765 0.0000000000
64110  -14.270  -9.727  97.784 0.0000000000
63181  -13.672  -10.974  94.453 0.0000000000
143909  -13.756  -11.395  95.521 0.0000000000
62162  -12.721  -12.480  94.161 0.0000000000
59916  -12.471  -13.931  93.783 0.0000000000
61107  -12.586  -13.152  92.756 0.0000000000
65186  -19.439  -9.678  86.831 0.0000000000
66148  -19.780  -9.141  88.657 0.0000000000
65172  -18.767  -9.412  87.331 0.0000000000
64185  -15.461  -10.519  88.365 0.0000000000
65158  -16.758  -9.469  89.224 0.0000000000
64166  -16.005  -9.823  89.602 0.0000000000
65138  -16.469  -9.073  90.899 0.0000000000
64157  -15.323  -10.225  90.936 0.0000000000
64147  -15.054  -9.918  91.835 0.0000000000
63207  -14.577  -11.285  90.113 0.0000000000
61140  -13.321  -13.704  89.888 0.0000000000
143744  -4.458  -2.975  87.402 0.0000000000
68939  -8.112  -5.238  86.896 0.0000000000
69883  -6.001  -4.653  86.625 0.0000000000
69884  -8.500  -4.946  86.081 0.0000000000
69903  -8.887  -4.541  85.280 0.0000000000
68952  -9.619  -5.194  85.286 0.0000000000
65183  -6.559  -9.811  85.854 0.0000000000
138695  -7.928  -9.415  86.730 0.0000000000
65196  -7.323  -9.873  85.262 0.0000000000
65222  -7.862  -10.310  81.913 0.0000000000
65216  -8.780  -9.789  83.090 0.0000000000
65224  -9.443  -9.344  82.657 0.0000000000
67111  -10.126  -7.922  83.074 0.0000000000
120779  -9.363  -9.730  81.641 0.0000000000
65237  -10.171  -9.258  81.350 0.0000000000
65076  -5.966  -9.710  97.673 0.0000000000
61051  -10.297  -13.798  99.029 0.0000000000
62127  -9.266  -12.417  98.791 0.0000000000
61054  -8.965  -13.639  98.622 0.0000000000
58833  -7.626  -14.575  96.663 0.0000000000
61058  -7.351  -13.284  97.545 0.0000000000
61065  -6.524  -13.104  96.242 0.0000000000
63165  -5.648  -11.411  96.476 0.0000000000
61072  -5.815  -12.695  95.568 0.0000000000
62154  -4.852  -12.956  94.413 0.0000000000
61083  -5.871  -13.669  94.606 0.0000000000
56625  -7.323  -16.983  92.812 0.0000000000
58875  -8.406  -15.110  92.272 0.0000000000
57735  -7.770  -16.186  92.059 0.0000000000
57757  -8.262  -15.832  90.382 0.0000000000
56659  -7.220  -17.269  90.125 0.0000000000
51474  -5.188  -22.103  91.869 0.0000000000
52413  -5.392  -21.208  92.286 0.0000000000
68938  -37.177  -5.022  87.539 0.0000000000
63238  -36.416  -11.326  88.131 0.0000000000
125796  -37.421  -9.882  86.633 0.0000000000
65179  -37.301  -9.715  87.754 0.0000000000
67074  -37.434  -7.203  87.346 0.0000000000
62199  -32.771  -11.407  89.442 0.0000000000
62201  -33.947  -11.053  89.357 0.0000000000
62203  -35.209  -11.073  88.864 0.0000000000
63215  -33.643  -11.273  90.850 0.0000000000
77671  -46.188  3.559  72.546 0.0000000000
125595  -41.475  0.954  71.097 0.0000000000
75917  -42.225  1.660  70.376 0.0000000000
75924  -42.434  1.894  69.764 0.0000000000
130583  -43.421  1.955  71.479 0.0000000000
76766  -44.816  2.758  72.144 0.0000000000
73058  -35.025  -1.057  78.490 0.0000000000
73048  -35.352  -0.608  79.544 0.0000000000
74069  -34.523  -0.522  79.121 0.0000000000
74951  -34.559  0.629  79.808 0.0000000000
71943  -29.836  -1.734  77.289 0.0000000000
73068  -30.137  -1.355  76.575 0.0000000000
74092  -30.909  -0.607  75.530 0.0000000000
74104  -32.379  -0.642  74.864 0.0000000000
73095  -33.250  -1.137  74.295 0.0000000000
74095  -32.954  -0.599  75.793 0.0000000000
74086  -34.035  -1.008  77.121 0.0000000000
61168  -4.491  -13.583  87.452 0.0000000000
61185  -4.595  -13.257  86.527 0.0000000000
61187  -6.015  -13.963  85.898 0.0000000000
60030  -7.004  -14.317  84.044 0.0000000000
58988  -7.372  -15.348  82.742 0.0000000000
57890  -6.538  -16.450  82.241 0.0000000000
57873  -7.123  -16.733  83.004 0.0000000000
56765  -6.345  -17.491  83.445 0.0000000000
139116  -12.287  -14.717  95.722 0.0000000000
58830  -11.584  -15.525  96.718 0.0000000000
56599  -11.863  -17.193  94.947 0.0000000000
74898  -30.075  1.059  83.279 0.0000000000
68047  -35.496  -6.404  83.795 0.0000000000
67115  -34.926  -7.834  83.326 0.0000000000
68997  -34.453  -5.838  82.802 0.0000000000
69952  -33.425  -4.744  82.643 0.0000000000
69951  -32.757  -4.372  82.125 0.0000000000
71897  -32.069  -2.799  82.770 0.0000000000
72999  -30.953  -0.958  83.178 0.0000000000
67017  -26.777  -7.348  92.822 0.0000000000
63224  -27.664  -11.513  89.024 0.0000000000
64169  -27.621  -11.068  89.508 0.0000000000
63235  -26.694  -12.055  88.103 0.0000000000
63248  -26.446  -12.232  87.168 0.0000000000
126403  -44.879  4.640  65.970 0.0000000000
79526  -45.480  5.317  65.462 0.0000000000
79527  -46.102  5.906  64.988 0.0000000000
79537  -46.037  5.956  64.044 0.0000000000
67004  -4.319  -7.752  92.881 0.0000000000
66102  -4.898  -9.354  91.897 0.0000000000
126387  -4.572  -9.768  92.456 0.0000000000
63190  -4.524  -11.771  92.325 0.0000000000
62168  -4.711  -12.641  92.554 0.0000000000
134927  -40.523  -1.976  77.364 0.0000000000
73051  -41.076  -2.021  79.131 0.0000000000
69056  -38.315  -5.884  74.643 0.0000000000
68117  -38.856  -6.230  74.324 0.0000000000
70035  -39.413  -5.236  73.944 0.0000000000
70991  -39.477  -4.982  75.895 0.0000000000
126745  -40.229  -3.630  76.162 0.0000000000
64117  -14.514  -9.884  97.110 0.0000000000
64123  -14.892  -9.871  95.492 0.0000000000
64127  -14.889  -9.874  94.552 0.0000000000
63187  -13.690  -10.767  93.522 0.0000000000
63245  -15.409  -10.847  87.519 0.0000000000
63221  -14.499  -11.639  89.410 0.0000000000
138803  -4.814  -3.581  88.229 0.0000000000
69867  -4.623  -3.557  87.672 0.0000000000
69857  -5.965  -4.661  88.408 0.0000000000
68932  -7.877  -5.372  87.764 0.0000000000
68934  -9.267  -6.028  86.995 0.0000000000
128962  -4.862  -10.204  83.159 0.0000000000
64228  -6.391  -10.461  83.848 0.0000000000
64257  -5.824  -10.276  82.200 0.0000000000
64274  -6.271  -10.281  81.322 0.0000000000
65244  -6.288  -10.286  79.928 0.0000000000
65098  -8.412  -9.142  94.877 0.0000000000
64120  -8.349  -10.150  96.507 0.0000000000
64113  -7.955  -10.459  97.403 0.0000000000
57645  -9.184  -16.774  98.577 0.0000000000
59882  -8.490  -14.647  97.847 0.0000000000
129053  -8.859  -16.603  98.130 0.0000000000
57659  -8.351  -16.337  96.761 0.0000000000
58834  -8.089  -15.365  96.370 0.0000000000
59905  -7.489  -14.922  94.841 0.0000000000
57681  -8.204  -16.356  95.200 0.0000000000
56609  -6.938  -17.800  93.527 0.0000000000
136576  -6.137  -18.338  92.921 0.0000000000
66174  -36.273  -8.538  84.648 0.0000000000
65192  -37.343  -9.267  85.993 0.0000000000
67097  -36.710  -8.227  85.240 0.0000000000
68048  -36.228  -7.010  84.417 0.0000000000
69925  -35.367  -4.917  84.819 0.0000000000
71882  -33.906  -2.980  85.343 0.0000000000
63198  -29.363  -10.691  91.221 0.0000000000
63201  -31.814  -11.578  92.115 0.0000000000
63211  -29.787  -11.434  90.784 0.0000000000
63210  -28.813  -11.286  90.456 0.0000000000
62211  -28.217  -12.152  88.577 0.0000000000
76792  -43.751  3.006  68.776 0.0000000000
78601  -45.318  4.222  69.082 0.0000000000
78590  -46.351  4.942  69.922 0.0000000000
70967  -38.326  -3.579  77.862 0.0000000000
70943  -39.302  -3.662  79.453 0.0000000000
71925  -37.996  -2.437  79.730 0.0000000000
140606  -34.174  -1.546  74.418 0.0000000000
70989  -37.042  -3.462  75.631 0.0000000000
70979  -37.836  -3.422  77.040 0.0000000000
65175  -21.698  -9.095  87.481 0.0000000000
65162  -21.091  -9.149  88.170 0.0000000000
65188  -20.785  -9.705  86.498 0.0000000000
65187  -20.042  -9.860  86.322 0.0000000000
137115  -7.882  -4.421  82.354 0.0000000000
69931  -8.987  -4.354  83.481 0.0000000000
66134  -7.367  -8.676  89.242 0.0000000000
131969  -8.182  -8.257  88.943 0.0000000000
65157  -6.985  -9.306  88.391 0.0000000000
127507  -6.062  -9.756  86.708 0.0000000000
64210  -5.149  -10.460  85.261 0.0000000000
62251  -4.478  -12.417  85.727 0.0000000000
63271  -4.580  -11.042  84.230 0.0000000000
64240  -4.791  -10.274  83.942 0.0000000000
63288  -4.610  -11.297  82.736 0.0000000000
63163  -11.111  -11.264  98.395 0.0000000000
63156  -11.781  -11.493  98.831 0.0000000000
61052  -10.964  -13.827  99.230 0.0000000000
58815  -10.364  -15.380  99.011 0.0000000000
57654  -11.071  -16.258  97.152 0.0000000000
57648  -10.600  -16.308  98.012 0.0000000000
57642  -9.797  -16.826  98.667 0.0000000000
54384  -9.152  -18.765  98.522 0.0000000000
53343  -7.740  -20.340  97.576 0.0000000000
52380  -7.312  -20.609  97.040 0.0000000000
75852  -31.002  1.050  79.089 0.0000000000
74948  -31.676  0.994  79.423 0.0000000000
75838  -31.153  1.574  79.720 0.0000000000
67114  -34.466  -8.243  82.866 0.0000000000
71933  -30.053  -2.665  78.325 0.0000000000
74946  -29.962  0.418  79.113 0.0000000000
67043  -23.642  -7.815  90.444 0.0000000000
67063  -23.192  -7.975  89.158 0.0000000000
66084  -28.019  -8.082  93.155 0.0000000000
66096  -27.208  -8.137  92.561 0.0000000000
66110  -26.933  -8.253  91.778 0.0000000000
64159  -27.477  -10.061  89.956 0.0000000000
65140  -26.235  -8.879  90.124 0.0000000000
66126  -25.886  -8.156  90.505 0.0000000000
137513  -24.760  -8.311  89.743 0.0000000000
66152  -24.374  -8.390  88.497 0.0000000000
66156  -23.165  -8.449  87.905 0.0000000000
65190  -22.642  -9.196  86.258 0.0000000000
80467  -47.058  6.124  62.939 0.0000000000
124630  -47.889  6.340  62.658 0.0000000000
79549  -48.528  5.717  62.326 0.0000000000
69832  -5.892  -4.515  90.134 0.0000000000
68903  -7.227  -5.674  90.510 0.0000000000
69824  -5.038  -4.246  91.266 0.0000000000
67959  -6.750  -6.408  91.682 0.0000000000
67038  -7.507  -7.266  90.669 0.0000000000
66116  -6.626  -8.556  90.649 0.0000000000
65146  -5.340  -9.650  89.661 0.0000000000
63232  -4.078  -11.548  88.511 0.0000000000
119653  -4.611  -10.797  91.023 0.0000000000
63205  -3.765  -12.081  89.799 0.0000000000
62207  -3.662  -13.037  88.696 0.0000000000
59977  -4.624  -13.890  88.078 0.0000000000
59980  -7.528  -14.213  87.674 0.0000000000
59981  -8.263  -14.642  87.414 0.0000000000
75886  -43.540  1.477  75.544 0.0000000000
71034  -39.581  -4.267  73.104 0.0000000000
71021  -39.678  -3.169  73.161 0.0000000000
72009  -39.948  -2.143  72.719 0.0000000000
74113  -40.716  -0.631  73.554 0.0000000000
75003  -41.572  0.221  74.747 0.0000000000
63164  -13.620  -11.319  98.125 0.0000000000
61067  -13.360  -12.859  96.885 0.0000000000
63168  -14.115  -11.495  96.682 0.0000000000
61074  -13.262  -12.577  96.161 0.0000000000
61073  -12.843  -13.343  96.078 0.0000000000
57695  -12.356  -16.024  93.254 0.0000000000
66149  -20.553  -9.111  88.934 0.0000000000
66139  -19.903  -8.694  89.718 0.0000000000
66138  -18.983  -8.538  89.943 0.0000000000
64176  -16.871  -9.561  88.315 0.0000000000
65150  -18.217  -8.731  89.444 0.0000000000
66118  -18.000  -8.242  90.962 0.0000000000
66105  -17.103  -8.333  91.388 0.0000000000
66093  -16.906  -7.889  92.526 0.0000000000
65117  -16.032  -8.509  92.881 0.0000000000
64136  -14.953  -9.568  92.626 0.0000000000
64135  -14.502  -10.041  92.687 0.0000000000
63191  -13.424  -11.570  92.144 0.0000000000
62196  -13.956  -12.296  89.722 0.0000000000
62184  -13.350  -12.647  90.976 0.0000000000
61115  -12.928  -13.194  91.446 0.0000000000
58878  -12.782  -14.805  91.005 0.0000000000
71866  -4.049  -2.928  85.686 0.0000000000
123353  -4.593  -4.173  87.123 0.0000000000
69900  -5.174  -4.575  85.759 0.0000000000
69914  -4.842  -4.587  84.811 0.0000000000
69915  -6.839  -4.656  84.143 0.0000000000
69917  -8.940  -4.375  84.388 0.0000000000
68974  -10.108  -5.222  83.368 0.0000000000
66154  -8.405  -8.692  87.758 0.0000000000
67075  -8.979  -7.984  87.383 0.0000000000
137321  -9.282  -8.046  85.896 0.0000000000
130990  -7.974  -9.846  84.436 0.0000000000
140618  -9.319  -8.512  84.830 0.0000000000
121052  -9.804  -6.879  84.946 0.0000000000
120897  -10.066  -6.956  84.222 0.0000000000
67105  -10.290  -7.051  83.470 0.0000000000
67112  -10.652  -7.216  82.797 0.0000000000
67124  -11.040  -7.747  82.105 0.0000000000
63161  -9.068  -11.589  98.147 0.0000000000
63160  -8.145  -11.329  98.220 0.0000000000
63151  -6.942  -11.029  98.300 0.0000000000
133510  -7.848  -13.200  98.158 0.0000000000
62124  -7.023  -11.745  98.261 0.0000000000
64102  -6.405  -10.441  97.984 0.0000000000
64101  -5.907  -10.469  97.427 0.0000000000
65087  -5.657  -10.339  96.756 0.0000000000
64118  -5.377  -10.490  95.692 0.0000000000
63178  -4.812  -12.409  94.307 0.0000000000
61093  -4.977  -13.069  93.765 0.0000000000
61104  -5.890  -13.475  92.698 0.0000000000
59915  -7.309  -14.555  93.754 0.0000000000
59924  -7.741  -14.098  92.724 0.0000000000
61113  -7.293  -13.539  91.377 0.0000000000
137054  -8.267  -14.369  90.526 0.0000000000
58905  -8.490  -15.125  88.935 0.0000000000
56702  -8.247  -17.040  87.721 0.0000000000
52402  -6.587  -21.806  94.959 0.0000000000
51453  -6.035  -22.783  94.114 0.0000000000
134645  -6.252  -20.993  94.363 0.0000000000
53361  -5.986  -20.272  93.724 0.0000000000
129933  -5.651  -19.532  92.190 0.0000000000
55537  -5.803  -18.735  91.761 0.0000000000
54494  -5.617  -19.608  90.528 0.0000000000
55549  -5.963  -18.345  90.335 0.0000000000
56658  -6.345  -17.890  89.602 0.0000000000
132082  -6.618  -18.161  88.067 0.0000000000
56718  -7.532  -17.648  86.402 0.0000000000
55604  -6.423  -18.556  85.408 0.0000000000
54582  -5.239  -19.399  84.394 0.0000000000
66133  -37.212  -8.201  90.688 0.0000000000
67988  -37.438  -6.464  90.463 0.0000000000
65144  -36.961  -9.110  90.283 0.0000000000
129838  -37.270  -8.355  89.878 0.0000000000
65143  -36.130  -10.032  90.632 0.0000000000
64154  -35.604  -10.179  91.007 0.0000000000
66114  -36.880  -8.032  91.272 0.0000000000
75893  -44.233  2.110  73.965 0.0000000000
76749  -44.996  2.246  75.411 0.0000000000
75892  -43.534  1.633  74.399 0.0000000000
75897  -42.854  1.316  73.807 0.0000000000
74966  -31.263  0.669  78.508 0.0000000000
74979  -30.906  0.459  77.600 0.0000000000
74980  -31.769  0.126  77.769 0.0000000000
58931  -8.572  -15.425  86.300 0.0000000000
60013  -8.335  -14.932  85.834 0.0000000000
58940  -8.483  -15.703  85.542 0.0000000000
57843  -8.184  -16.555  85.224 0.0000000000
56736  -8.120  -17.034  85.988 0.0000000000
55529  -11.654  -18.249  92.288 0.0000000000
65097  -4.878  -9.523  94.978 0.0000000000
70956  -39.756  -3.945  78.996 0.0000000000
70968  -38.999  -4.335  77.970 0.0000000000
69997  -39.522  -4.676  77.414 0.0000000000
69998  -39.876  -4.659  77.609 0.0000000000
127157  -16.570  -8.259  94.492 0.0000000000
65104  -15.946  -8.823  94.848 0.0000000000
69946  -10.308  -4.670  82.253 0.0000000000
67980  -7.723  -6.444  90.206 0.0000000000
67981  -8.199  -6.501  89.396 0.0000000000
63343  -4.568  -11.873  79.149 0.0000000000
64114  -10.736  -10.576  97.162 0.0000000000
54402  -6.944  -19.921  96.771 0.0000000000
55478  -6.720  -19.192  96.463 0.0000000000
55489  -6.587  -19.023  95.575 0.0000000000
68950  -36.682  -5.404  86.817 0.0000000000
69896  -36.088  -4.243  86.621 0.0000000000
62198  -31.885  -11.697  89.074 0.0000000000
143633  -31.276  -11.780  89.568 0.0000000000
122227  -45.397  3.525  71.030 0.0000000000
73049  -36.279  -1.663  78.603 0.0000000000
73070  -35.341  -1.810  76.753 0.0000000000
71883  -3.601  -3.062  84.287 0.0000000000
69912  -3.378  -4.769  84.188 0.0000000000
69927  -3.782  -5.067  83.806 0.0000000000
63244  -4.139  -11.680  87.645 0.0000000000
64194  -4.582  -10.949  87.030 0.0000000000
61249  -6.682  -13.729  82.606 0.0000000000
62284  -6.199  -13.015  82.935 0.0000000000
61262  -6.538  -13.964  81.755 0.0000000000
59015  -6.289  -15.392  81.326 0.0000000000
61066  -12.711  -13.582  97.056 0.0000000000
120623  -12.705  -13.528  98.059 0.0000000000
59892  -12.121  -14.464  96.868 0.0000000000
54404  -10.452  -19.615  96.655 0.0000000000
75803  -30.271  2.229  81.598 0.0000000000
66182  -35.572  -8.820  84.083 0.0000000000
74043  -29.740  -0.009  81.278 0.0000000000
74920  -29.803  0.979  80.838 0.0000000000
67016  -26.162  -6.771  92.329 0.0000000000
67032  -25.023  -6.780  91.226 0.0000000000
64148  -28.098  -9.942  91.348 0.0000000000
64160  -27.824  -10.516  90.501 0.0000000000
64202  -25.151  -10.055  86.627 0.0000000000
126590  -24.867  -10.346  86.031 0.0000000000
67005  -5.020  -7.316  92.581 0.0000000000
67006  -5.794  -6.831  92.446 0.0000000000
66103  -5.443  -8.631  91.677 0.0000000000
122310  -4.442  -13.441  91.041 0.0000000000
59932  -4.460  -13.821  90.473 0.0000000000
61137  -5.043  -13.981  90.208 0.0000000000
61122  -5.910  -13.824  90.841 0.0000000000
74089  -42.052  0.173  76.974 0.0000000000
74078  -41.644  -0.607  77.483 0.0000000000
73071  -40.506  -1.584  76.571 0.0000000000
73082  -40.375  -1.629  75.834 0.0000000000
74087  -40.759  -0.954  76.104 0.0000000000
63180  -13.303  -11.378  93.833 0.0000000000
62163  -12.908  -11.993  93.618 0.0000000000
61097  -12.634  -12.757  93.500 0.0000000000
143427  -18.703  -9.687  86.616 0.0000000000
64188  -17.964  -9.667  86.924 0.0000000000
64174  -15.455  -10.391  89.226 0.0000000000
64165  -15.379  -10.271  90.047 0.0000000000
64158  -15.933  -9.742  90.462 0.0000000000
63208  -14.850  -10.765  90.478 0.0000000000
71846  -4.784  -2.681  87.734 0.0000000000
68940  -8.989  -5.297  86.614 0.0000000000
69885  -9.215  -4.873  85.835 0.0000000000
64211  -5.801  -10.180  85.103 0.0000000000
142935  -6.574  -10.035  85.240 0.0000000000
65195  -6.724  -10.222  84.572 0.0000000000
65236  -8.364  -10.187  81.369 0.0000000000
65223  -8.668  -10.025  82.253 0.0000000000
123827  -8.842  -10.009  80.585 0.0000000000
135263  -6.539  -9.769  98.010 0.0000000000
121609  -10.025  -14.360  98.907 0.0000000000
61050  -9.584  -13.726  98.794 0.0000000000
59883  -9.456  -14.463  98.593 0.0000000000
59891  -7.203  -13.802  96.938 0.0000000000
62146  -6.105  -12.245  96.292 0.0000000000
137362  -6.352  -13.352  95.692 0.0000000000
126222  -5.928  -13.317  95.198 0.0000000000
59904  -6.656  -14.012  95.294 0.0000000000
56635  -6.833  -17.267  91.750 0.0000000000
56645  -6.714  -17.300  90.921 0.0000000000
51473  -4.921  -23.065  91.658 0.0000000000
120136  -37.497  -5.549  88.133 0.0000000000
64180  -36.326  -10.889  88.778 0.0000000000
128505  -36.808  -10.341  88.452 0.0000000000
67062  -37.545  -7.127  88.994 0.0000000000
129428  -37.473  -7.683  88.093 0.0000000000
132696  -37.505  -6.901  88.167 0.0000000000
68004  -37.406  -6.387  87.721 0.0000000000
62200  -33.451  -11.261  89.424 0.0000000000
63228  -35.652  -10.752  89.384 0.0000000000
63237  -35.838  -11.316  88.625 0.0000000000
63216  -34.112  -10.965  90.690 0.0000000000
62192  -33.342  -11.221  90.290 0.0000000000
77664  -45.976  3.232  73.047 0.0000000000
77665  -46.683  3.641  73.132 0.0000000000
77653  -46.474  3.288  73.802 0.0000000000
74121  -40.624  -0.619  72.771 0.0000000000
122122  -40.410  -0.497  71.823 0.0000000000
74122  -40.926  0.144  72.319 0.0000000000
75020  -41.506  0.737  71.886 0.0000000000
75021  -42.109  1.284  71.494 0.0000000000
139032  -41.999  1.420  70.874 0.0000000000
122199  -42.710  1.705  71.022 0.0000000000
75906  -44.090  2.320  71.855 0.0000000000
76763  -45.239  2.785  72.945 0.0000000000
76767  -45.556  3.238  72.338 0.0000000000
73067  -29.815  -0.934  77.287 0.0000000000
74082  -30.272  -0.619  76.685 0.0000000000
75000  -31.027  -0.202  76.145 0.0000000000
138936  -30.671  -0.451  76.181 0.0000000000
74093  -31.518  -0.443  75.507 0.0000000000
74103  -31.298  -0.781  74.870 0.0000000000
74094  -32.197  -0.388  75.719 0.0000000000
74076  -33.447  -0.675  77.818 0.0000000000
74085  -33.235  -0.693  76.767 0.0000000000
59992  -5.227  -14.129  87.029 0.0000000000
141513  -5.324  -13.979  86.500 0.0000000000
60031  -7.615  -14.825  84.545 0.0000000000
60011  -6.860  -14.114  85.091 0.0000000000
60053  -7.637  -15.131  83.576 0.0000000000
57891  -7.284  -16.029  82.595 0.0000000000
58964  -7.813  -16.027  83.318 0.0000000000
123728  -6.714  -17.740  84.163 0.0000000000
56766  -7.130  -17.211  83.704 0.0000000000
55636  -5.929  -18.085  83.939 0.0000000000
55635  -5.271  -18.739  83.595 0.0000000000
58842  -12.242  -15.038  94.946 0.0000000000
143608  -12.121  -15.968  95.074 0.0000000000
128637  -12.006  -17.018  94.382 0.0000000000
68971  -34.995  -4.997  84.145 0.0000000000
68982  -34.878  -5.523  83.530 0.0000000000
69939  -34.391  -4.731  83.790 0.0000000000
69938  -33.687  -4.395  83.414 0.0000000000
70902  -33.103  -3.946  82.900 0.0000000000
70901  -32.427  -3.566  82.423 0.0000000000
74020  -30.990  -0.622  84.002 0.0000000000
67935  -26.792  -6.133  93.350 0.0000000000
66999  -27.098  -6.986  93.271 0.0000000000
63236  -27.237  -12.277  88.435 0.0000000000
62210  -26.885  -12.780  87.809 0.0000000000
78613  -45.020  4.506  67.610 0.0000000000
130778  -44.597  4.263  66.851 0.0000000000
136473  -45.130  4.801  66.889 0.0000000000
79509  -45.533  5.316  66.489 0.0000000000
125526  -46.130  5.872  65.996 0.0000000000
126402  -45.446  5.392  64.465 0.0000000000
80437  -46.756  6.535  65.513 0.0000000000
66075  -3.908  -8.092  93.248 0.0000000000
66088  -4.319  -8.760  92.704 0.0000000000
65115  -4.266  -9.372  93.042 0.0000000000
64128  -4.721  -11.116  93.087 0.0000000000
144251  -4.444  -12.428  91.977 0.0000000000
73060  -40.671  -2.527  78.330 0.0000000000
70010  -37.496  -4.338  75.265 0.0000000000
70012  -39.006  -5.175  75.968 0.0000000000
69046  -38.628  -5.449  75.276 0.0000000000
69058  -39.020  -5.966  74.545 0.0000000000
140562  -40.158  -4.484  76.609 0.0000000000
70981  -40.360  -3.945  76.940 0.0000000000
71958  -40.356  -2.583  76.569 0.0000000000
65096  -15.773  -8.889  95.884 0.0000000000
65109  -15.437  -9.300  94.145 0.0000000000
64126  -14.252  -10.316  94.062 0.0000000000
64129  -14.210  -10.271  93.255 0.0000000000
62224  -14.859  -11.750  87.430 0.0000000000
126840  -5.183  -4.049  88.677 0.0000000000
68925  -8.464  -5.835  88.235 0.0000000000
68933  -8.712  -5.663  87.427 0.0000000000
67997  -8.982  -6.353  87.800 0.0000000000
64255  -4.635  -10.355  82.404 0.0000000000
64256  -4.931  -10.044  82.359 0.0000000000
140422  -4.771  -10.144  81.777 0.0000000000
64286  -5.026  -10.174  80.078 0.0000000000
65233  -5.693  -10.177  80.567 0.0000000000
65234  -6.534  -10.309  80.623 0.0000000000
65257  -5.604  -10.195  79.170 0.0000000000
65090  -8.706  -9.817  95.526 0.0000000000
56564  -8.961  -17.742  98.484 0.0000000000
56571  -8.649  -17.585  97.840 0.0000000000
56576  -7.677  -18.162  96.615 0.0000000000
57669  -8.268  -16.298  96.030 0.0000000000
57668  -8.162  -17.114  95.619 0.0000000000
54441  -6.716  -18.954  94.398 0.0000000000
56597  -7.021  -18.374  94.271 0.0000000000
141568  -6.622  -18.556  93.650 0.0000000000
65211  -36.228  -9.886  84.869 0.0000000000
66175  -36.518  -9.049  85.062 0.0000000000
140021  -37.506  -9.027  86.910 0.0000000000
66161  -37.387  -8.415  86.249 0.0000000000
124166  -36.613  -6.636  85.710 0.0000000000
67087  -36.748  -7.427  85.479 0.0000000000
137540  -36.607  -7.014  85.089 0.0000000000
67096  -36.513  -7.710  84.827 0.0000000000
68030  -35.991  -6.173  84.517 0.0000000000
68961  -35.979  -5.589  85.051 0.0000000000
69909  -35.022  -4.223  85.323 0.0000000000
61162  -33.390  -12.210  87.831 0.0000000000
64138  -29.884  -10.162  92.797 0.0000000000
64150  -29.690  -10.358  92.109 0.0000000000
63195  -32.617  -11.297  92.088 0.0000000000
62189  -30.233  -11.996  90.331 0.0000000000
63212  -30.715  -11.228  90.887 0.0000000000
63226  -29.351  -11.734  89.976 0.0000000000
63225  -28.440  -11.573  89.530 0.0000000000
134917  -29.215  -11.896  89.111 0.0000000000
62226  -28.381  -12.793  87.690 0.0000000000
79476  -47.400  5.964  70.414 0.0000000000
76783  -43.078  2.241  69.751 0.0000000000
77680  -44.401  3.213  69.480 0.0000000000
77688  -44.405  3.503  68.542 0.0000000000
78600  -44.919  4.089  68.401 0.0000000000
78579  -46.504  4.637  70.794 0.0000000000
79475  -46.969  5.726  69.802 0.0000000000
71935  -37.941  -2.866  78.739 0.0000000000
73042  -37.250  -1.739  80.073 0.0000000000
73040  -35.996  -0.449  80.234 0.0000000000
73079  -33.519  -0.939  75.097 0.0000000000
71966  -35.618  -2.231  75.404 0.0000000000
71980  -35.707  -2.581  74.680 0.0000000000
65189  -21.674  -9.348  86.592 0.0000000000
65199  -20.530  -9.953  85.771 0.0000000000
128636  -4.179  -4.803  81.818 0.0000000000
139244  -6.071  -4.622  83.499 0.0000000000
69943  -5.956  -4.401  82.707 0.0000000000
143953  -8.256  -4.436  83.040 0.0000000000
65156  -5.893  -9.537  88.284 0.0000000000
64195  -5.276  -10.302  86.797 0.0000000000
64196  -5.667  -10.228  85.981 0.0000000000
61205  -4.783  -12.854  85.364 0.0000000000
62283  -5.320  -12.535  83.294 0.0000000000
62267  -4.533  -12.090  84.682 0.0000000000
62282  -4.586  -11.762  83.600 0.0000000000
63280  -4.634  -10.629  83.352 0.0000000000
61261  -5.955  -13.443  81.162 0.0000000000
61260  -5.053  -12.899  80.600 0.0000000000
57889  -5.746  -17.002  81.881 0.0000000000
56789  -5.160  -17.625  81.500 0.0000000000
62123  -11.493  -13.295  98.928 0.0000000000
61053  -11.367  -14.162  99.092 0.0000000000
59881  -10.658  -14.581  99.126 0.0000000000
58816  -10.956  -14.938  98.940 0.0000000000
144081  -11.202  -16.404  96.760 0.0000000000
57660  -11.037  -16.927  97.134 0.0000000000
55473  -10.355  -18.665  97.868 0.0000000000
56566  -10.608  -17.302  97.894 0.0000000000
56565  -10.278  -17.852  98.271 0.0000000000
57647  -10.195  -17.007  98.243 0.0000000000
55460  -9.911  -18.273  98.587 0.0000000000
56561  -9.605  -17.832  98.646 0.0000000000
54385  -9.722  -18.818  98.544 0.0000000000
52382  -8.209  -21.340  97.285 0.0000000000
53336  -8.248  -19.862  97.892 0.0000000000
134623  -8.008  -20.612  97.628 0.0000000000
119877  -34.586  -7.430  82.619 0.0000000000
73028  -29.874  -1.222  80.732 0.0000000000
125126  -30.254  -2.506  79.880 0.0000000000
71923  -29.733  -1.894  79.440 0.0000000000
138857  -30.143  1.274  80.275 0.0000000000
74965  -30.553  0.616  78.502 0.0000000000
67044  -24.606  -7.481  90.584 0.0000000000
67056  -23.301  -8.235  90.012 0.0000000000
141954  -27.740  -9.285  91.643 0.0000000000
65129  -27.506  -8.768  92.132 0.0000000000
66127  -26.743  -8.316  90.846 0.0000000000
63223  -27.241  -11.535  88.700 0.0000000000
64168  -27.293  -10.485  88.973 0.0000000000
65153  -26.927  -9.535  89.458 0.0000000000
66143  -25.464  -8.586  89.833 0.0000000000
65151  -25.127  -8.553  88.974 0.0000000000
65163  -23.975  -8.585  87.782 0.0000000000
66151  -23.565  -8.156  88.517 0.0000000000
125441  -23.596  -10.325  85.208 0.0000000000
64218  -23.166  -9.574  85.683 0.0000000000
80446  -46.606  6.497  64.483 0.0000000000
80457  -46.671  6.427  63.667 0.0000000000
123157  -47.059  6.882  64.039 0.0000000000
80468  -48.845  6.564  62.519 0.0000000000
70804  -5.085  -3.939  90.406 0.0000000000
68902  -6.486  -5.164  90.733 0.0000000000
142355  -4.535  -4.965  92.567 0.0000000000
67022  -6.391  -7.105  92.057 0.0000000000
67958  -6.255  -6.381  92.160 0.0000000000
67974  -7.308  -6.440  91.032 0.0000000000
67023  -7.000  -7.214  91.442 0.0000000000
128766  -7.080  -7.888  90.947 0.0000000000
65135  -5.381  -9.793  90.567 0.0000000000
64164  -4.910  -10.152  89.248 0.0000000000
64163  -4.485  -10.601  89.677 0.0000000000
65124  -4.688  -10.305  91.769 0.0000000000
142643  -3.841  -13.480  89.731 0.0000000000
62182  -3.631  -12.950  89.435 0.0000000000
63219  -3.666  -12.217  89.010 0.0000000000
125924  -4.004  -13.464  88.479 0.0000000000
61151  -4.346  -13.642  88.168 0.0000000000
59965  -4.408  -13.694  88.830 0.0000000000
61153  -6.380  -13.700  89.088 0.0000000000
59966  -6.368  -13.991  88.143 0.0000000000
59968  -8.187  -14.552  88.383 0.0000000000
75001  -42.662  0.999  75.734 0.0000000000
127921  -43.916  1.516  76.455 0.0000000000
74994  -43.229  1.154  76.694 0.0000000000
74949  -32.746  0.905  79.763 0.0000000000
71020  -39.541  -4.201  74.048 0.0000000000
71994  -39.829  -2.286  73.694 0.0000000000
134133  -39.864  -2.790  72.082 0.0000000000
141653  -40.320  -1.381  73.351 0.0000000000
74105  -40.551  -0.948  74.304 0.0000000000
74993  -41.905  0.354  75.861 0.0000000000
130336  -42.197  0.756  75.068 0.0000000000
126399  -13.647  -12.342  97.450 0.0000000000
62140  -13.790  -12.192  96.839 0.0000000000
140277  -14.649  -10.066  96.131 0.0000000000
63173  -14.385  -10.730  96.347 0.0000000000
62148  -13.082  -12.158  95.476 0.0000000000
62147  -12.812  -12.803  95.530 0.0000000000
61084  -12.569  -13.337  95.124 0.0000000000
122009  -12.465  -14.094  95.446 0.0000000000
59906  -12.437  -14.059  94.549 0.0000000000
59925  -12.556  -14.115  92.917 0.0000000000
58850  -12.434  -14.898  93.776 0.0000000000
57712  -12.292  -16.141  92.299 0.0000000000
58877  -12.538  -15.401  91.668 0.0000000000
65161  -20.404  -9.432  87.999 0.0000000000
66147  -18.909  -8.804  88.157 0.0000000000
139303  -19.033  -8.472  88.998 0.0000000000
64187  -17.089  -9.855  87.375 0.0000000000
65149  -17.426  -9.037  89.681 0.0000000000
66137  -18.142  -8.553  90.145 0.0000000000
65137  -15.741  -9.510  91.384 0.0000000000
65127  -16.218  -8.673  91.876 0.0000000000
65116  -15.391  -9.098  93.219 0.0000000000
64156  -14.643  -10.597  91.264 0.0000000000
64146  -14.456  -10.345  92.020 0.0000000000
63192  -13.868  -10.703  92.586 0.0000000000
62208  -14.219  -12.463  88.907 0.0000000000
61141  -13.678  -13.074  89.350 0.0000000000
62195  -13.498  -12.880  90.174 0.0000000000
61124  -13.157  -13.494  90.681 0.0000000000
59936  -12.766  -14.007  91.206 0.0000000000
72964  -4.894  -2.232  86.748 0.0000000000
72975  -4.620  -2.468  86.073 0.0000000000
70863  -3.987  -3.497  86.240 0.0000000000
136784  -5.177  -4.549  87.173 0.0000000000
135361  -4.182  -4.466  85.430 0.0000000000
121792  -5.999  -4.798  84.893 0.0000000000
121382  -7.039  -4.729  84.952 0.0000000000
69918  -9.392  -4.625  84.822 0.0000000000
69932  -9.494  -4.615  83.924 0.0000000000
66145  -7.926  -8.857  88.396 0.0000000000
66146  -8.577  -8.083  88.300 0.0000000000
65185  -8.401  -9.175  86.201 0.0000000000
65170  -8.449  -8.906  87.022 0.0000000000
66160  -8.930  -8.413  86.433 0.0000000000
67076  -9.363  -7.564  86.529 0.0000000000
64243  -6.478  -10.396  83.033 0.0000000000
65207  -7.297  -10.216  83.716 0.0000000000
65209  -9.291  -9.246  83.359 0.0000000000
65208  -8.870  -9.559  83.869 0.0000000000
67094  -9.717  -7.800  84.667 0.0000000000
67104  -9.958  -7.863  83.755 0.0000000000
144160  -9.933  -8.636  82.761 0.0000000000
68038  -10.407  -6.230  83.126 0.0000000000
66196  -10.613  -8.549  81.757 0.0000000000
63155  -10.733  -11.916  98.567 0.0000000000
63162  -10.183  -11.558  98.062 0.0000000000
63154  -9.655  -11.968  98.623 0.0000000000
62126  -8.447  -12.375  98.611 0.0000000000
63153  -8.516  -11.793  98.485 0.0000000000
64098  -7.552  -11.156  98.250 0.0000000000
139982  -7.919  -13.897  97.953 0.0000000000
61057  -6.763  -12.534  97.445 0.0000000000
62133  -7.195  -12.513  97.975 0.0000000000
62132  -6.526  -11.878  97.707 0.0000000000
63159  -6.393  -11.087  97.854 0.0000000000
141197  -6.035  -10.678  97.505 0.0000000000
130515  -5.284  -11.435  96.729 0.0000000000
64119  -5.697  -11.286  96.325 0.0000000000
64125  -5.125  -11.595  95.151 0.0000000000
63179  -5.056  -12.409  94.996 0.0000000000
126063  -5.187  -13.396  94.036 0.0000000000
61103  -5.359  -13.117  93.023 0.0000000000
138309  -5.660  -13.575  93.487 0.0000000000
120114  -8.076  -15.675  94.800 0.0000000000
58849  -7.945  -15.366  93.993 0.0000000000
58858  -8.213  -14.824  93.016 0.0000000000
58859  -8.259  -14.338  92.142 0.0000000000
59933  -7.849  -13.800  92.005 0.0000000000
59934  -8.119  -13.933  91.394 0.0000000000
61114  -7.833  -13.763  90.753 0.0000000000
58890  -8.478  -15.053  90.701 0.0000000000
57778  -8.067  -16.700  90.079 0.0000000000
57779  -8.353  -16.055  89.398 0.0000000000
57801  -8.556  -15.821  88.565 0.0000000000
56679  -7.764  -17.297  88.600 0.0000000000
51454  -6.417  -22.594  94.645 0.0000000000
124137  -5.358  -22.056  92.801 0.0000000000
51461  -5.543  -22.895  93.446 0.0000000000
52407  -5.598  -22.015  93.610 0.0000000000
128203  -6.013  -21.924  94.272 0.0000000000
126254  -5.671  -21.107  93.695 0.0000000000
53402  -5.464  -20.389  91.900 0.0000000000
141641  -5.521  -19.870  91.645 0.0000000000
54479  -5.650  -19.422  91.364 0.0000000000
54512  -5.937  -19.049  90.054 0.0000000000
55559  -6.100  -18.617  89.519 0.0000000000
123814  -6.333  -18.711  88.257 0.0000000000
56700  -7.003  -17.963  87.245 0.0000000000
56717  -6.839  -18.341  86.454 0.0000000000
68922  -37.903  -5.784  89.958 0.0000000000
141848  -37.664  -6.540  89.716 0.0000000000
65166  -36.994  -9.691  88.820 0.0000000000
129547  -37.177  -8.967  89.318 0.0000000000
129700  -34.506  -10.701  90.544 0.0000000000
62194  -34.340  -10.757  90.027 0.0000000000
63218  -35.319  -10.498  89.949 0.0000000000
64170  -35.870  -10.324  90.037 0.0000000000
64153  -34.922  -10.332  91.360 0.0000000000
63204  -34.917  -10.461  90.709 0.0000000000
66113  -36.185  -7.995  91.698 0.0000000000
76762  -44.983  2.476  73.691 0.0000000000
76758  -46.091  2.915  74.415 0.0000000000
142028  -45.455  2.602  74.233 0.0000000000
75007  -41.587  0.413  73.729 0.0000000000
75013  -41.556  0.576  72.787 0.0000000000
75008  -42.173  0.989  73.289 0.0000000000
75904  -42.873  1.412  72.826 0.0000000000
75905  -43.524  1.878  72.367 0.0000000000
74068  -33.692  -0.462  78.837 0.0000000000
74950  -33.701  0.618  79.764 0.0000000000
74990  -31.236  0.106  76.854 0.0000000000
74084  -32.459  -0.402  76.453 0.0000000000
124698  -7.136  -14.104  86.863 0.0000000000
59994  -7.158  -14.254  86.064 0.0000000000
141601  -8.023  -14.477  86.138 0.0000000000
60032  -8.134  -15.271  85.054 0.0000000000
57875  -8.078  -16.327  84.226 0.0000000000
56751  -7.537  -17.153  84.468 0.0000000000
56735  -6.941  -17.886  84.957 0.0000000000
140442  -12.111  -16.780  93.688 0.0000000000
120811  -11.759  -17.839  92.712 0.0000000000
55518  -11.709  -18.236  93.015 0.0000000000
70887  -33.628  -3.330  84.535 0.0000000000
69923  -33.907  -4.114  84.223 0.0000000000
71890  -33.037  -2.873  84.074 0.0000000000
71889  -32.397  -2.475  83.634 0.0000000000
73001  -32.062  -1.784  84.066 0.0000000000
72991  -31.733  -1.126  84.491 0.0000000000
67937  -28.234  -6.592  93.242 0.0000000000
62225  -27.384  -12.948  87.045 0.0000000000
79495  -45.601  5.200  67.524 0.0000000000
79496  -46.281  5.737  67.924 0.0000000000
80413  -46.721  6.332  67.434 0.0000000000
81305  -47.815  7.461  68.310 0.0000000000
66069  -3.726  -7.984  93.905 0.0000000000
65105  -4.568  -9.578  93.811 0.0000000000
136422  -4.730  -10.521  93.664 0.0000000000
70969  -40.181  -4.221  77.655 0.0000000000
124440  -40.302  -3.565  78.400 0.0000000000
70944  -40.136  -3.664  79.169 0.0000000000
144016  -38.084  -4.034  76.521 0.0000000000
70002  -38.594  -4.733  76.317 0.0000000000
70013  -39.445  -5.069  76.342 0.0000000000
70004  -39.763  -4.919  76.962 0.0000000000
67042  -22.666  -7.776  90.359 0.0000000000
69958  -8.508  -4.169  81.863 0.0000000000
70907  -8.930  -3.892  81.387 0.0000000000
68914  -6.685  -5.067  89.869 0.0000000000
68923  -6.876  -4.991  88.991 0.0000000000
68916  -8.246  -5.911  88.928 0.0000000000
67989  -8.593  -6.514  88.588 0.0000000000
139737  -4.280  -11.399  80.264 0.0000000000
63329  -4.408  -11.020  79.554 0.0000000000
63330  -4.812  -10.407  79.037 0.0000000000
55471  -7.700  -19.106  97.718 0.0000000000
56570  -8.003  -18.419  97.414 0.0000000000
55479  -7.182  -18.807  97.003 0.0000000000
56586  -7.649  -17.891  95.765 0.0000000000
68011  -37.193  -6.699  86.830 0.0000000000
68020  -36.782  -6.227  86.417 0.0000000000
68962  -36.432  -5.704  85.874 0.0000000000
61163  -34.517  -12.266  87.648 0.0000000000
143415  -32.271  -11.467  90.771 0.0000000000
63213  -31.656  -11.444  91.046 0.0000000000
62197  -30.592  -12.104  89.678 0.0000000000
124447  -30.052  -12.166  88.948 0.0000000000
78580  -47.135  5.010  71.484 0.0000000000
76777  -44.341  2.686  70.701 0.0000000000
76778  -44.832  3.069  71.016 0.0000000000
77676  -44.806  3.260  70.371 0.0000000000
77677  -45.506  3.864  70.391 0.0000000000
78589  -45.708  4.300  69.780 0.0000000000
71934  -37.042  -2.209  78.560 0.0000000000
73050  -36.707  -1.689  79.436 0.0000000000
73041  -36.576  -1.074  80.251 0.0000000000
71955  -35.843  -2.246  76.076 0.0000000000
71956  -36.621  -2.739  76.150 0.0000000000
64217  -21.780  -10.032  85.049 0.0000000000
69941  -3.976  -4.861  82.804 0.0000000000
69926  -3.516  -4.830  83.551 0.0000000000
64173  -5.104  -10.185  88.325 0.0000000000
64184  -5.010  -10.458  87.534 0.0000000000
135130  -4.595  -11.236  86.347 0.0000000000
61221  -6.276  -13.624  84.442 0.0000000000
61220  -5.789  -13.064  83.872 0.0000000000
62298  -5.573  -12.556  82.512 0.0000000000
60101  -5.240  -15.206  80.071 0.0000000000
62134  -13.009  -12.771  98.558 0.0000000000
62130  -12.305  -12.410  98.897 0.0000000000
123126  -12.034  -14.235  98.068 0.0000000000
58820  -11.403  -15.067  97.813 0.0000000000
55491  -11.251  -18.223  96.044 0.0000000000
56578  -11.125  -17.655  96.798 0.0000000000
55480  -10.969  -18.453  96.714 0.0000000000
54398  -10.643  -18.927  97.049 0.0000000000
54397  -10.242  -19.405  97.455 0.0000000000
53338  -9.352  -19.633  98.079 0.0000000000
53346  -9.742  -19.872  97.668 0.0000000000
52383  -8.933  -20.902  97.236 0.0000000000
124651  -30.673  1.782  80.211 0.0000000000
76670  -30.727  2.442  80.817 0.0000000000
68080  -34.145  -6.873  81.885 0.0000000000
71895  -30.720  -1.611  81.923 0.0000000000
73016  -30.070  -0.896  81.519 0.0000000000
134183  -29.673  -0.485  80.647 0.0000000000
133702  -29.559  -0.056  79.747 0.0000000000
123032  -29.682  0.321  80.564 0.0000000000
65118  -28.795  -9.120  92.810 0.0000000000
63234  -26.304  -11.348  87.565 0.0000000000
64178  -26.191  -10.348  87.784 0.0000000000
65165  -25.765  -9.379  88.249 0.0000000000
65178  -24.407  -9.269  87.033 0.0000000000
65191  -23.536  -9.254  86.452 0.0000000000
138630  -44.255  4.703  63.664 0.0000000000
68878  -4.986  -5.604  92.483 0.0000000000
63196  -4.344  -12.090  91.378 0.0000000000
135511  -4.302  -11.410  90.932 0.0000000000
62183  -4.256  -12.869  90.756 0.0000000000
61120  -4.107  -13.458  90.221 0.0000000000
124167  -4.131  -13.740  89.726 0.0000000000
59953  -4.253  -13.722  89.483 0.0000000000
59954  -4.559  -13.776  89.504 0.0000000000
138767  -5.368  -13.728  89.462 0.0000000000
61139  -7.114  -13.690  89.645 0.0000000000
71006  -39.904  -3.414  75.285 0.0000000000
71981  -39.704  -3.249  74.277 0.0000000000
73097  -40.209  -1.619  74.959 0.0000000000
74097  -41.242  -0.372  75.509 0.0000000000
63169  -14.247  -10.703  97.342 0.0000000000
62156  -13.088  -11.827  94.569 0.0000000000
61096  -12.566  -13.221  94.211 0.0000000000
61106  -12.535  -13.432  93.447 0.0000000000
65173  -19.634  -9.418  87.676 0.0000000000
64186  -16.068  -10.049  87.696 0.0000000000
64175  -16.076  -9.908  88.749 0.0000000000
65148  -16.628  -9.314  90.014 0.0000000000
124989  -14.187  -11.279  90.757 0.0000000000
59957  -13.148  -14.490  89.636 0.0000000000
58892  -12.882  -15.018  90.209 0.0000000000
71856  -4.457  -2.799  87.028 0.0000000000
69870  -7.075  -4.926  87.212 0.0000000000
135555  -7.353  -4.898  86.323 0.0000000000
69902  -7.762  -4.833  85.484 0.0000000000
136941  -9.330  -4.720  85.329 0.0000000000
65184  -7.015  -9.458  86.716 0.0000000000
128245  -7.662  -9.617  86.041 0.0000000000
65197  -8.245  -9.475  85.367 0.0000000000
65215  -7.801  -10.244  82.799 0.0000000000
66187  -9.709  -8.620  83.232 0.0000000000
66195  -10.026  -9.026  82.166 0.0000000000
62121  -9.819  -13.065  98.971 0.0000000000
61049  -9.031  -13.021  98.859 0.0000000000
136858  -8.412  -13.086  98.544 0.0000000000
58822  -7.882  -14.652  97.288 0.0000000000
59888  -7.750  -14.195  97.589 0.0000000000
61064  -6.675  -12.836  96.899 0.0000000000
62139  -6.226  -12.049  97.009 0.0000000000
142940  -5.568  -11.997  95.852 0.0000000000
62145  -5.195  -12.458  95.190 0.0000000000
61082  -5.276  -13.104  94.823 0.0000000000
56610  -7.686  -16.824  93.754 0.0000000000
57711  -8.128  -15.831  93.243 0.0000000000
57736  -8.259  -15.530  91.306 0.0000000000
57756  -7.553  -16.563  90.948 0.0000000000
51467  -5.181  -22.933  92.614 0.0000000000
52420  -5.351  -21.259  91.335 0.0000000000
55568  -6.188  -19.005  88.832 0.0000000000
137122  -36.458  -11.598  87.487 0.0000000000
130255  -36.886  -11.172  87.438 0.0000000000
64190  -37.202  -10.502  87.491 0.0000000000
66157  -37.477  -8.096  87.151 0.0000000000
66153  -37.361  -8.760  88.145 0.0000000000
62216  -33.098  -11.733  88.547 0.0000000000
62217  -33.611  -11.620  88.596 0.0000000000
138144  -34.210  -11.545  88.497 0.0000000000
62202  -34.559  -10.935  89.113 0.0000000000
62218  -34.878  -11.538  88.272 0.0000000000
62220  -36.043  -11.781  87.892 0.0000000000
126993  -33.233  -11.341  91.432 0.0000000000
64143  -34.280  -10.608  91.828 0.0000000000
63202  -33.904  -11.057  91.295 0.0000000000
135193  -33.167  -11.457  90.965 0.0000000000
135665  -32.738  -11.380  90.513 0.0000000000
77672  -46.649  3.894  72.530 0.0000000000
74129  -40.812  0.335  71.428 0.0000000000
75026  -40.832  0.651  70.666 0.0000000000
75918  -42.943  1.966  70.341 0.0000000000
76769  -43.922  2.304  71.062 0.0000000000
76770  -44.526  2.702  71.374 0.0000000000
137645  -35.655  -1.236  78.799 0.0000000000
74062  -34.864  -0.005  79.811 0.0000000000
73078  -30.541  -1.029  75.776 0.0000000000
73094  -31.797  -1.136  74.186 0.0000000000
73080  -33.794  -1.042  76.103 0.0000000000
73069  -34.803  -1.329  77.456 0.0000000000
71874  -3.945  -2.705  85.015 0.0000000000
62236  -4.269  -13.173  87.386 0.0000000000
62237  -4.310  -12.559  86.664 0.0000000000
61206  -5.120  -13.594  85.922 0.0000000000
143116  -5.899  -13.645  85.248 0.0000000000
60052  -7.111  -14.452  83.083 0.0000000000
60071  -6.906  -14.599  82.287 0.0000000000
58987  -6.773  -15.549  82.005 0.0000000000
56778  -6.015  -17.185  82.719 0.0000000000
56764  -5.588  -17.932  83.162 0.0000000000
136519  -12.117  -14.877  96.269 0.0000000000
58835  -11.990  -15.548  95.747 0.0000000000
144470  -11.902  -16.326  95.435 0.0000000000
56588  -11.705  -16.947  95.543 0.0000000000
55507  -11.722  -17.588  94.495 0.0000000000
142896  -11.509  -18.168  94.670 0.0000000000
55492  -11.558  -17.724  95.280 0.0000000000
55506  -11.219  -18.707  95.293 0.0000000000
75796  -30.026  1.878  82.599 0.0000000000
138416  -30.414  2.574  83.083 0.0000000000
124583  -35.578  -7.417  83.758 0.0000000000
68065  -34.993  -7.013  83.232 0.0000000000
68046  -34.902  -6.262  83.169 0.0000000000
69953  -34.088  -5.123  83.101 0.0000000000
143693  -34.105  -6.161  82.299 0.0000000000
68996  -33.758  -5.520  82.455 0.0000000000
69965  -33.146  -5.186  81.919 0.0000000000
69964  -32.437  -4.837  81.241 0.0000000000
70912  -32.103  -3.940  81.610 0.0000000000
70900  -31.763  -3.163  81.937 0.0000000000
71896  -31.371  -2.303  82.192 0.0000000000
71888  -31.735  -2.054  83.178 0.0000000000
73007  -31.140  -1.535  82.756 0.0000000000
73006  -30.507  -0.931  82.469 0.0000000000
67953  -26.427  -6.458  92.941 0.0000000000
67034  -26.553  -7.602  92.100 0.0000000000
63209  -27.954  -11.236  90.074 0.0000000000
63247  -25.939  -11.490  86.945 0.0000000000
78632  -44.212  4.280  65.236 0.0000000000
78633  -44.850  4.799  64.873 0.0000000000
78639  -44.736  5.042  63.970 0.0000000000
79543  -45.508  5.367  63.604 0.0000000000
140834  -47.161  6.871  66.192 0.0000000000
64134  -4.588  -10.686  92.369 0.0000000000
124095  -4.716  -13.336  92.088 0.0000000000
73061  -41.100  -1.414  78.114 0.0000000000
70023  -37.965  -5.264  75.028 0.0000000000
70024  -39.333  -5.160  74.896 0.0000000000
70014  -39.806  -4.886  76.622 0.0000000000
70992  -39.949  -4.366  75.992 0.0000000000
65085  -14.876  -9.267  97.873 0.0000000000
65095  -15.205  -9.338  96.645 0.0000000000
63186  -13.273  -11.403  93.033 0.0000000000
64212  -17.587  -10.239  85.641 0.0000000000
64198  -17.182  -10.155  86.361 0.0000000000
64197  -16.471  -10.247  86.904 0.0000000000
63246  -15.868  -10.553  86.967 0.0000000000
125909  -14.999  -11.154  88.123 0.0000000000
63233  -14.950  -11.035  88.880 0.0000000000
62209  -14.593  -11.746  88.446 0.0000000000
62223  -14.348  -12.545  87.971 0.0000000000
70837  -4.642  -3.102  88.302 0.0000000000
133961  -4.562  -3.038  87.754 0.0000000000
69868  -5.135  -4.212  87.835 0.0000000000
69858  -6.908  -5.090  88.094 0.0000000000
64241  -4.945  -10.158  83.760 0.0000000000
64242  -5.708  -10.421  83.592 0.0000000000
129436  -4.878  -10.225  80.969 0.0000000000
64273  -5.302  -10.088  81.524 0.0000000000
65235  -7.309  -10.369  81.152 0.0000000000
65245  -7.129  -10.315  80.238 0.0000000000
65089  -7.962  -9.235  96.181 0.0000000000
65082  -7.668  -9.658  97.280 0.0000000000
64112  -7.204  -9.951  98.038 0.0000000000
57646  -9.577  -16.338  98.732 0.0000000000
123461  -9.135  -14.853  98.221 0.0000000000
58817  -9.154  -15.742  98.211 0.0000000000
58823  -8.564  -15.394  97.620 0.0000000000
57652  -8.550  -16.418  97.473 0.0000000000
58829  -8.232  -15.395  97.066 0.0000000000
119553  -7.508  -14.657  95.846 0.0000000000
57682  -8.052  -15.459  95.553 0.0000000000
56598  -7.737  -17.431  94.707 0.0000000000
56624  -6.319  -17.771  92.504 0.0000000000
55528  -5.817  -18.216  92.147 0.0000000000
65210  -35.964  -9.389  84.561 0.0000000000
130602  -37.067  -10.786  86.401 0.0000000000
66168  -37.040  -8.723  85.580 0.0000000000
67088  -37.109  -7.880  85.809 0.0000000000
67107  -36.071  -7.970  84.163 0.0000000000
68972  -35.487  -5.571  84.279 0.0000000000
70888  -34.282  -3.756  84.944 0.0000000000
65119  -29.475  -9.522  92.969 0.0000000000
63193  -31.121  -11.040  92.650 0.0000000000
63200  -30.973  -11.369  91.910 0.0000000000
63199  -30.152  -10.962  91.559 0.0000000000
76784  -43.712  2.647  69.609 0.0000000000
128511  -43.066  2.581  69.029 0.0000000000
76791  -43.087  2.832  67.985 0.0000000000
123063  -45.436  4.677  68.358 0.0000000000
78602  -45.887  4.798  69.082 0.0000000000
80396  -47.078  6.142  69.132 0.0000000000
131205  -38.798  -3.803  78.705 0.0000000000
71936  -38.589  -3.192  79.425 0.0000000000
70978  -37.418  -3.364  76.309 0.0000000000
131614  -21.777  -8.656  88.278 0.0000000000
65174  -20.970  -9.497  87.335 0.0000000000
64200  -19.178  -9.868  85.992 0.0000000000
64213  -18.314  -9.978  85.234 0.0000000000
69942  -4.878  -4.643  82.293 0.0000000000
69944  -8.888  -4.329  82.603 0.0000000000
69945  -9.647  -4.622  82.886 0.0000000000
66135  -7.988  -7.970  89.494 0.0000000000
65168  -6.520  -9.525  87.531 0.0000000000
134339  -4.422  -11.740  86.050 0.0000000000
64209  -4.749  -10.982  85.622 0.0000000000
63263  -4.579  -11.465  85.157 0.0000000000
64225  -4.777  -10.551  84.738 0.0000000000
64226  -4.998  -10.224  84.476 0.0000000000
63299  -4.427  -11.212  81.894 0.0000000000
62297  -4.824  -12.033  82.217 0.0000000000
62311  -4.626  -12.058  81.343 0.0000000000
63312  -4.266  -11.307  81.008 0.0000000000
131621  -4.448  -12.102  80.490 0.0000000000
57913  -6.096  -16.185  81.507 0.0000000000
62129  -11.233  -12.465  98.782 0.0000000000
62122  -10.688  -13.150  99.010 0.0000000000
59880  -10.061  -15.119  99.042 0.0000000000
58825  -11.316  -15.540  97.291 0.0000000000
58824  -10.964  -15.924  97.527 0.0000000000
56572  -10.860  -17.467  97.559 0.0000000000
57653  -10.860  -16.788  97.500 0.0000000000
58819  -11.008  -15.390  98.228 0.0000000000
57644  -10.589  -15.600  98.595 0.0000000000
57643  -10.210  -16.123  98.764 0.0000000000
58814  -9.954  -15.888  99.134 0.0000000000
57641  -9.347  -17.275  98.671 0.0000000000
56560  -9.226  -18.208  98.636 0.0000000000
55465  -8.809  -18.725  98.411 0.0000000000
53337  -8.859  -19.792  98.090 0.0000000000
54388  -8.818  -19.232  98.296 0.0000000000
55464  -8.262  -19.253  98.081 0.0000000000
54395  -7.382  -20.012  97.365 0.0000000000
53356  -6.779  -20.699  96.376 0.0000000000
75839  -32.061  1.756  79.844 0.0000000000
75822  -31.439  2.398  80.245 0.0000000000
66181  -34.831  -8.579  83.521 0.0000000000
66190  -34.282  -8.980  83.132 0.0000000000
66189  -34.270  -8.627  82.434 0.0000000000
140715  -29.752  -2.103  77.916 0.0000000000
73057  -29.611  -1.426  77.958 0.0000000000
74066  -29.655  -0.599  78.047 0.0000000000
74061  -29.631  -0.263  78.848 0.0000000000
74964  -29.942  0.128  78.205 0.0000000000
67975  -23.285  -6.997  90.736 0.0000000000
66150  -22.607  -8.206  88.545 0.0000000000
67000  -27.968  -7.279  93.291 0.0000000000
66097  -27.969  -8.634  92.780 0.0000000000
144633  -27.630  -8.186  92.923 0.0000000000
67018  -27.408  -7.734  93.066 0.0000000000
66109  -26.380  -7.716  91.229 0.0000000000
65141  -27.104  -9.122  90.441 0.0000000000
66125  -25.048  -8.032  90.228 0.0000000000
66142  -24.092  -8.192  89.369 0.0000000000
66155  -22.450  -8.687  87.671 0.0000000000
65176  -22.514  -9.117  86.961 0.0000000000
79544  -46.302  5.718  63.288 0.0000000000
79547  -46.679  5.529  62.500 0.0000000000
79548  -47.600  5.680  62.348 0.0000000000
121946  -48.972  5.173  61.875 0.0000000000
69841  -5.109  -3.919  89.538 0.0000000000
68892  -5.521  -5.043  91.817 0.0000000000
68893  -6.250  -5.574  91.624 0.0000000000
68894  -6.934  -5.792  91.224 0.0000000000
66117  -7.451  -8.148  90.186 0.0000000000
125316  -6.813  -8.876  89.956 0.0000000000
65136  -6.049  -9.225  90.192 0.0000000000
132114  -5.398  -9.677  88.932 0.0000000000
64172  -4.540  -10.795  88.864 0.0000000000
65125  -5.148  -10.184  91.211 0.0000000000
65134  -4.749  -10.444  90.412 0.0000000000
64155  -4.230  -11.195  90.236 0.0000000000
63220  -4.089  -11.365  89.363 0.0000000000
63231  -3.799  -12.380  88.192 0.0000000000
61150  -3.937  -13.113  87.998 0.0000000000
141864  -4.200  -13.409  87.921 0.0000000000
61169  -4.713  -13.918  87.496 0.0000000000
59978  -5.203  -14.108  87.661 0.0000000000
59979  -6.219  -14.141  87.280 0.0000000000
128808  -7.856  -14.352  86.782 0.0000000000
58923  -8.553  -15.391  87.131 0.0000000000
126264  -44.409  1.816  75.932 0.0000000000
70047  -39.534  -5.338  72.976 0.0000000000
70048  -39.793  -4.356  72.200 0.0000000000
71035  -39.751  -3.578  72.369 0.0000000000
137550  -40.000  -2.032  71.874 0.0000000000
73127  -40.234  -1.354  72.279 0.0000000000
74106  -41.090  -0.237  74.055 0.0000000000
75891  -42.808  1.204  74.791 0.0000000000
62131  -13.105  -11.906  98.609 0.0000000000
62135  -13.496  -12.132  98.097 0.0000000000
133756  -13.585  -11.964  96.137 0.0000000000
121643  -12.067  -16.942  92.002 0.0000000000
119557  -21.237  -8.706  88.930 0.0000000000
66140  -20.757  -8.477  89.539 0.0000000000
66121  -20.418  -8.221  90.083 0.0000000000
66108  -19.348  -8.011  90.899 0.0000000000
65171  -17.928  -9.338  87.951 0.0000000000
65159  -17.548  -9.151  88.920 0.0000000000
66119  -18.822  -8.271  90.623 0.0000000000
66107  -18.665  -7.832  91.459 0.0000000000
66106  -17.848  -7.808  91.862 0.0000000000
125765  -17.209  -7.496  93.343 0.0000000000
140433  -14.750  -9.938  92.276 0.0000000000
122913  -14.225  -11.734  90.107 0.0000000000
62185  -13.744  -12.076  90.494 0.0000000000
62177  -13.588  -11.791  91.294 0.0000000000
62176  -13.145  -12.395  91.777 0.0000000000
130527  -12.727  -12.908  92.130 0.0000000000
59926  -12.635  -13.638  92.041 0.0000000000
59935  -12.649  -14.520  91.902 0.0000000000
70873  -3.686  -3.712  85.376 0.0000000000
70854  -4.320  -3.480  87.076 0.0000000000
69882  -4.851  -4.527  86.651 0.0000000000
69881  -4.217  -4.239  86.304 0.0000000000
69899  -3.813  -4.276  85.525 0.0000000000
69913  -3.904  -4.721  84.636 0.0000000000
120523  -5.479  -4.864  84.150 0.0000000000
69916  -7.970  -4.618  84.678 0.0000000000
69930  -8.099  -4.439  83.803 0.0000000000
67070  -9.348  -6.934  87.272 0.0000000000
68005  -9.528  -6.604  86.389 0.0000000000
122741  -8.192  -9.946  83.580 0.0000000000
66173  -8.832  -9.154  84.670 0.0000000000
66167  -9.415  -8.109  85.318 0.0000000000
67083  -9.571  -7.333  85.619 0.0000000000
68012  -9.730  -6.246  85.545 0.0000000000
68024  -9.967  -6.035  84.703 0.0000000000
68037  -10.226  -6.069  83.862 0.0000000000
68975  -10.428  -5.576  82.811 0.0000000000
68057  -10.817  -6.229  82.620 0.0000000000
67113  -11.259  -6.882  82.207 0.0000000000
66197  -11.197  -8.110  81.303 0.0000000000
66205  -10.769  -8.769  80.916 0.0000000000
64106  -10.888  -10.871  97.857 0.0000000000
63167  -8.414  -11.133  97.625 0.0000000000
64104  -7.565  -10.725  98.063 0.0000000000
64103  -6.965  -10.418  98.251 0.0000000000
124793  -8.571  -13.959  98.275 0.0000000000
62125  -7.757  -12.413  98.390 0.0000000000
137459  -6.067  -10.175  97.771 0.0000000000
123578  -5.829  -10.212  97.374 0.0000000000
63158  -5.814  -11.052  96.944 0.0000000000
64111  -5.854  -10.895  97.033 0.0000000000
65086  -5.259  -9.462  96.181 0.0000000000
125375  -4.788  -11.409  94.012 0.0000000000
62161  -4.905  -12.774  93.627 0.0000000000
61092  -5.175  -12.776  93.005 0.0000000000
61111  -5.012  -13.665  91.982 0.0000000000
59914  -6.637  -14.274  94.516 0.0000000000
61095  -6.665  -13.834  93.192 0.0000000000
61105  -7.023  -13.590  92.329 0.0000000000
61112  -5.894  -13.664  91.751 0.0000000000
59955  -7.743  -13.983  89.969 0.0000000000
59956  -8.211  -14.471  89.442 0.0000000000
131319  -8.474  -15.080  89.891 0.0000000000
58916  -8.556  -15.180  88.039 0.0000000000
57818  -8.656  -16.090  87.865 0.0000000000
127375  -8.466  -16.284  87.068 0.0000000000
52396  -6.823  -21.644  95.913 0.0000000000
53362  -6.592  -20.678  95.306 0.0000000000
136927  -6.466  -20.203  94.417 0.0000000000
54440  -6.483  -19.596  93.921 0.0000000000
54460  -5.914  -19.553  93.100 0.0000000000
53385  -5.548  -20.426  92.867 0.0000000000
55527  -5.948  -18.816  92.544 0.0000000000
55538  -5.803  -18.161  91.273 0.0000000000
52430  -5.277  -21.264  90.395 0.0000000000
55548  -5.913  -18.829  90.918 0.0000000000
56644  -6.194  -17.761  90.578 0.0000000000
131508  -7.151  -17.438  89.265 0.0000000000
55569  -6.308  -18.356  88.851 0.0000000000
56678  -6.809  -17.765  88.708 0.0000000000
56701  -7.406  -17.656  87.919 0.0000000000
138179  -7.736  -17.512  87.208 0.0000000000
56719  -8.158  -17.012  86.755 0.0000000000
142683  -7.038  -17.968  85.748 0.0000000000
53344  -8.513  -20.454  97.704 0.0000000000
53351  -9.629  -20.496  97.060 0.0000000000
53352  -10.150  -20.190  96.508 0.0000000000
54389  -9.342  -19.263  98.350 0.0000000000
54390  -9.841  -19.169  98.234 0.0000000000
54396  -7.779  -19.661  97.735 0.0000000000
54405  -10.829  -19.076  96.181 0.0000000000
54410  -10.499  -19.739  96.050 0.0000000000
55459  -9.533  -18.544  98.626 0.0000000000
55467  -10.545  -17.998  97.991 0.0000000000
56562  -9.965  -17.597  98.479 0.0000000000
56634  -6.164  -17.684  91.261 0.0000000000
56680  -8.323  -16.617  88.589 0.0000000000
61121  -4.855  -14.058  90.960 0.0000000000
61123  -7.150  -13.558  90.402 0.0000000000
61136  -4.122  -13.668  89.011 0.0000000000
61186  -4.855  -13.843  86.871 0.0000000000
63217  -34.872  -10.553  90.210 0.0000000000
64301  -4.721  -10.374  79.635 0.0000000000
65133  -36.324  -9.485  91.256 0.0000000000
65155  -36.756  -9.617  89.639 0.0000000000
65243  -5.626  -10.196  79.677 0.0000000000
65276  -5.405  -10.250  78.871 0.0000000000
69810  -4.259  -4.333  92.353 0.0000000000
69898  -3.645  -4.321  84.872 0.0000000000
70879  -34.615  -3.427  85.738 0.0000000000
71865  -3.712  -3.256  85.037 0.0000000000
71911  -30.004  -1.847  80.312 0.0000000000
74033  -30.459  -0.366  83.118 0.0000000000
125514  -5.231  -10.186  83.014 0.0000000000
131029  -36.547  -8.604  91.452 0.0000000000
136352  -12.270  -14.095  97.522 0.0000000000
136483  -36.660  -9.536  90.740 0.0000000000
136967  -12.058  -16.655  94.961 0.0000000000
137048  -44.830  3.747  69.060 0.0000000000
138037  -36.770  -10.885  88.135 0.0000000000
139427  -8.568  -15.845  86.666 0.0000000000
140124  -3.842  -12.906  90.093 0.0000000000
140269  -43.348  2.057  70.828 0.0000000000
140679  -4.674  -11.069  78.910 0.0000000000
140839  -9.353  -18.940  98.482 0.0000000000
