#!ascii label  , from subject sub-v1s9x0051360_ses-1 vox2ras=TkReg
683
11377  -34.873  -72.048  32.425 0.0000000000
132174  -47.087  -68.160  36.317 0.0000000000
16512  -35.778  -65.716  33.803 0.0000000000
12779  -41.893  -71.143  32.683 0.0000000000
18019  -40.535  -63.442  37.313 0.0000000000
12000  -39.574  -70.931  37.042 0.0000000000
16433  -36.606  -65.564  40.653 0.0000000000
17934  -40.250  -63.034  46.242 0.0000000000
130843  -34.239  -63.151  36.567 0.0000000000
17272  -38.518  -64.544  34.855 0.0000000000
19466  -36.135  -61.645  35.202 0.0000000000
14218  -38.265  -68.163  38.958 0.0000000000
15650  -40.273  -66.803  41.587 0.0000000000
20078  -40.979  -60.664  44.339 0.0000000000
20075  -37.994  -60.767  44.521 0.0000000000
9599  -36.850  -75.689  32.514 0.0000000000
12782  -44.506  -70.160  33.939 0.0000000000
9581  -43.523  -75.570  34.386 0.0000000000
10150  -45.561  -74.743  35.035 0.0000000000
13570  -35.767  -69.191  32.244 0.0000000000
11381  -38.862  -72.298  32.245 0.0000000000
123094  -42.385  -66.534  33.730 0.0000000000
16486  -44.229  -65.622  36.718 0.0000000000
128991  -36.588  -69.038  35.529 0.0000000000
15686  -34.529  -66.405  38.028 0.0000000000
18727  -33.261  -62.674  39.753 0.0000000000
122360  -41.675  -66.383  44.139 0.0000000000
17166  -37.785  -64.259  43.185 0.0000000000
18693  -34.750  -61.903  42.196 0.0000000000
21592  -34.899  -58.707  40.156 0.0000000000
8983  -39.887  -76.010  32.821 0.0000000000
17304  -41.840  -64.306  32.609 0.0000000000
15779  -47.073  -66.721  33.175 0.0000000000
12069  -47.059  -71.605  31.550 0.0000000000
18757  -33.486  -61.992  36.935 0.0000000000
18759  -35.091  -62.942  36.382 0.0000000000
10779  -35.539  -73.787  32.452 0.0000000000
13550  -45.798  -69.572  35.287 0.0000000000
121206  -45.341  -72.013  34.814 0.0000000000
11337  -46.483  -71.611  35.453 0.0000000000
10763  -46.353  -73.873  34.538 0.0000000000
123694  -47.330  -70.862  34.688 0.0000000000
15037  -36.282  -67.622  32.514 0.0000000000
15774  -37.510  -66.578  32.353 0.0000000000
119593  -39.976  -64.495  35.740 0.0000000000
139193  -40.225  -65.564  33.809 0.0000000000
16484  -41.725  -65.112  35.485 0.0000000000
138875  -43.333  -65.804  35.448 0.0000000000
119596  -42.000  -64.061  37.497 0.0000000000
12764  -36.240  -70.256  35.450 0.0000000000
12747  -38.026  -70.390  36.214 0.0000000000
15674  -37.375  -66.866  39.832 0.0000000000
14968  -36.624  -67.751  38.327 0.0000000000
16446  -35.354  -65.751  39.629 0.0000000000
16445  -33.707  -65.082  38.867 0.0000000000
17194  -34.446  -64.417  40.454 0.0000000000
16389  -40.710  -65.327  45.307 0.0000000000
16405  -39.677  -65.523  43.312 0.0000000000
17161  -38.711  -64.232  44.316 0.0000000000
20832  -36.810  -59.224  42.972 0.0000000000
19368  -36.581  -61.335  43.824 0.0000000000
20107  -35.478  -60.126  42.757 0.0000000000
20118  -34.162  -60.415  41.598 0.0000000000
127270  -40.424  -71.481  32.383 0.0000000000
10186  -39.288  -74.378  32.495 0.0000000000
10758  -41.352  -74.090  32.620 0.0000000000
8356  -42.348  -78.762  35.715 0.0000000000
17313  -39.580  -64.579  31.410 0.0000000000
16539  -44.942  -65.370  32.675 0.0000000000
14303  -46.735  -68.435  31.233 0.0000000000
17268  -34.932  -65.038  35.139 0.0000000000
16514  -37.528  -65.337  33.326 0.0000000000
17247  -36.149  -64.013  35.672 0.0000000000
18035  -37.612  -63.512  36.371 0.0000000000
18017  -38.476  -63.039  36.746 0.0000000000
13519  -39.608  -69.782  37.350 0.0000000000
14942  -38.879  -67.276  40.331 0.0000000000
16435  -38.052  -66.055  41.137 0.0000000000
18654  -40.811  -61.876  45.929 0.0000000000
18652  -38.952  -62.538  45.608 0.0000000000
140999  -39.433  -60.576  44.623 0.0000000000
20821  -39.196  -59.472  43.449 0.0000000000
21581  -38.665  -58.113  41.759 0.0000000000
121771  -43.192  -70.844  33.280 0.0000000000
11362  -43.145  -72.912  33.336 0.0000000000
11363  -44.269  -72.886  34.001 0.0000000000
10149  -45.099  -75.237  35.003 0.0000000000
8373  -44.238  -77.007  34.661 0.0000000000
8985  -44.931  -76.030  33.219 0.0000000000
8996  -45.536  -75.727  31.505 0.0000000000
9001  -46.003  -75.653  29.896 0.0000000000
12796  -35.116  -70.466  32.498 0.0000000000
11379  -36.768  -72.438  32.042 0.0000000000
12814  -38.885  -70.182  31.704 0.0000000000
12816  -41.291  -69.693  32.439 0.0000000000
16536  -39.018  -65.965  32.806 0.0000000000
15777  -41.050  -66.868  32.864 0.0000000000
14268  -42.650  -68.847  32.847 0.0000000000
15021  -43.809  -67.681  33.646 0.0000000000
15736  -44.770  -66.832  35.373 0.0000000000
15721  -45.925  -66.452  37.060 0.0000000000
13554  -34.628  -69.664  33.652 0.0000000000
14259  -35.476  -68.581  33.841 0.0000000000
139667  -35.425  -67.173  34.385 0.0000000000
124978  -37.691  -68.868  37.063 0.0000000000
14974  -35.537  -67.542  37.008 0.0000000000
15733  -34.600  -66.110  35.300 0.0000000000
135309  -33.970  -65.185  36.488 0.0000000000
18004  -33.256  -63.240  37.554 0.0000000000
19433  -33.024  -61.319  37.977 0.0000000000
15638  -40.925  -66.593  42.561 0.0000000000
16408  -38.680  -65.453  42.383 0.0000000000
17184  -37.253  -64.817  41.882 0.0000000000
144866  -37.142  -62.976  44.053 0.0000000000
17956  -36.451  -63.558  42.674 0.0000000000
17966  -35.400  -63.598  41.810 0.0000000000
17964  -33.869  -62.864  41.123 0.0000000000
20129  -33.473  -60.738  40.234 0.0000000000
10184  -37.580  -74.326  32.498 0.0000000000
8981  -38.131  -76.345  32.628 0.0000000000
9579  -41.719  -75.734  33.292 0.0000000000
8370  -41.216  -78.695  34.949 0.0000000000
18007  -43.197  -63.363  37.522 0.0000000000
18022  -44.338  -64.070  37.157 0.0000000000
16501  -46.019  -65.621  36.027 0.0000000000
16519  -45.815  -65.417  34.002 0.0000000000
15011  -47.463  -67.756  34.665 0.0000000000
12783  -47.528  -70.119  33.474 0.0000000000
11397  -47.172  -72.275  31.622 0.0000000000
20170  -33.250  -60.646  37.377 0.0000000000
19449  -33.871  -61.495  36.324 0.0000000000
10778  -34.649  -73.589  32.444 0.0000000000
127634  -35.260  -72.944  32.370 0.0000000000
140183  -46.718  -69.122  36.012 0.0000000000
13543  -46.476  -70.138  35.626 0.0000000000
13544  -47.000  -69.806  35.881 0.0000000000
12019  -46.976  -71.020  35.440 0.0000000000
13545  -47.293  -69.482  35.697 0.0000000000
15772  -35.932  -66.901  33.034 0.0000000000
15038  -37.104  -67.326  32.150 0.0000000000
16534  -37.010  -65.881  32.802 0.0000000000
18037  -39.687  -63.885  36.740 0.0000000000
17274  -40.899  -64.762  35.603 0.0000000000
17251  -40.629  -64.206  36.662 0.0000000000
17252  -41.681  -64.499  36.625 0.0000000000
17235  -41.275  -63.955  37.340 0.0000000000
11313  -38.868  -72.628  37.579 0.0000000000
11323  -38.546  -71.801  37.016 0.0000000000
138418  -37.485  -71.003  36.299 0.0000000000
12748  -38.650  -70.533  36.508 0.0000000000
15659  -36.988  -66.225  40.260 0.0000000000
15673  -36.612  -66.637  39.536 0.0000000000
16432  -35.782  -65.353  40.377 0.0000000000
16431  -34.870  -65.105  40.049 0.0000000000
17195  -35.378  -64.673  40.757 0.0000000000
17935  -40.974  -63.633  46.669 0.0000000000
142047  -41.501  -63.620  47.026 0.0000000000
17155  -41.008  -64.879  46.266 0.0000000000
17154  -40.311  -64.367  45.949 0.0000000000
17163  -39.983  -64.957  45.013 0.0000000000
17153  -39.655  -63.991  45.578 0.0000000000
21567  -37.394  -58.758  42.196 0.0000000000
20108  -36.136  -59.856  43.133 0.0000000000
20848  -35.638  -59.121  41.557 0.0000000000
21579  -36.414  -58.459  41.174 0.0000000000
12056  -41.214  -71.248  32.550 0.0000000000
11383  -40.778  -73.295  32.519 0.0000000000
11360  -41.287  -72.557  32.602 0.0000000000
16547  -43.698  -65.707  31.912 0.0000000000
15060  -46.898  -67.988  31.298 0.0000000000
126684  -45.416  -67.891  30.618 0.0000000000
17246  -35.155  -64.201  35.687 0.0000000000
17269  -35.644  -64.743  34.918 0.0000000000
18015  -34.667  -63.650  36.257 0.0000000000
18778  -35.684  -62.355  35.882 0.0000000000
141944  -36.359  -62.969  36.449 0.0000000000
18760  -37.132  -62.842  36.440 0.0000000000
136919  -37.898  -63.175  36.625 0.0000000000
18780  -37.539  -62.380  35.958 0.0000000000
15661  -38.479  -66.646  40.716 0.0000000000
15648  -38.824  -66.303  41.338 0.0000000000
19348  -41.845  -61.601  45.663 0.0000000000
18673  -41.272  -61.193  45.045 0.0000000000
19347  -39.685  -61.448  45.439 0.0000000000
20077  -40.021  -60.663  44.663 0.0000000000
20834  -38.755  -58.966  42.850 0.0000000000
125383  -36.904  -76.990  32.503 0.0000000000
12781  -43.742  -70.108  33.491 0.0000000000
12038  -43.511  -71.900  33.509 0.0000000000
12029  -44.432  -71.109  33.994 0.0000000000
124491  -45.805  -73.593  35.360 0.0000000000
9582  -44.705  -76.046  34.888 0.0000000000
8984  -44.442  -76.720  33.612 0.0000000000
10764  -46.729  -73.216  33.500 0.0000000000
9605  -45.981  -74.812  32.626 0.0000000000
10188  -46.481  -74.173  32.269 0.0000000000
9000  -45.228  -76.321  30.545 0.0000000000
9615  -46.546  -74.558  31.160 0.0000000000
127972  -35.571  -69.964  32.225 0.0000000000
143834  -36.571  -70.596  31.702 0.0000000000
13582  -40.333  -69.596  32.104 0.0000000000
14298  -40.037  -68.747  31.902 0.0000000000
17288  -38.052  -64.868  33.966 0.0000000000
16515  -38.436  -65.408  33.332 0.0000000000
125997  -39.156  -65.471  33.448 0.0000000000
15750  -40.486  -66.198  33.297 0.0000000000
15020  -41.967  -67.100  33.128 0.0000000000
15043  -42.035  -67.980  32.766 0.0000000000
142825  -42.437  -67.546  33.126 0.0000000000
128982  -42.916  -67.940  33.129 0.0000000000
126682  -43.270  -65.334  36.257 0.0000000000
15719  -44.030  -66.286  35.447 0.0000000000
140810  -44.762  -66.306  36.439 0.0000000000
15737  -45.499  -66.670  36.551 0.0000000000
15720  -45.222  -66.075  37.125 0.0000000000
13541  -36.488  -69.590  35.363 0.0000000000
13540  -35.688  -69.653  34.936 0.0000000000
14248  -35.912  -68.882  34.731 0.0000000000
15019  -35.634  -67.840  33.656 0.0000000000
130014  -36.095  -68.359  35.173 0.0000000000
131339  -38.779  -68.617  38.534 0.0000000000
14226  -38.381  -69.154  37.264 0.0000000000
129844  -38.109  -68.617  38.010 0.0000000000
15687  -35.300  -66.814  38.436 0.0000000000
14967  -35.756  -67.469  37.992 0.0000000000
15697  -35.002  -66.994  37.556 0.0000000000
15707  -34.854  -66.890  36.500 0.0000000000
15706  -34.393  -66.249  36.468 0.0000000000
16483  -34.291  -65.688  36.003 0.0000000000
16474  -34.086  -65.755  36.783 0.0000000000
17206  -33.450  -64.349  39.224 0.0000000000
17218  -33.372  -64.504  38.353 0.0000000000
132091  -33.086  -62.875  38.799 0.0000000000
125137  -33.033  -62.689  37.958 0.0000000000
132587  -33.100  -62.038  39.288 0.0000000000
15631  -40.977  -66.370  43.196 0.0000000000
17174  -38.942  -65.197  43.046 0.0000000000
16409  -39.488  -65.760  42.612 0.0000000000
17173  -38.212  -64.863  42.771 0.0000000000
17185  -37.928  -65.135  42.134 0.0000000000
17172  -37.527  -64.525  42.489 0.0000000000
19357  -37.872  -61.657  44.672 0.0000000000
18671  -38.169  -62.314  44.981 0.0000000000
18670  -37.465  -62.367  44.448 0.0000000000
18685  -35.848  -61.741  43.287 0.0000000000
18695  -36.058  -62.732  43.036 0.0000000000
18694  -35.393  -62.277  42.684 0.0000000000
17967  -36.116  -63.995  42.120 0.0000000000
18708  -35.024  -62.790  42.089 0.0000000000
17965  -34.581  -63.227  41.486 0.0000000000
18707  -34.360  -62.415  41.649 0.0000000000
20860  -34.316  -59.361  40.687 0.0000000000
20117  -33.720  -60.577  40.924 0.0000000000
20859  -33.709  -59.920  40.300 0.0000000000
20871  -33.661  -59.628  39.503 0.0000000000
11380  -37.594  -72.659  32.148 0.0000000000
136279  -37.103  -73.131  32.276 0.0000000000
10781  -37.824  -73.513  32.401 0.0000000000
9603  -40.093  -75.114  32.598 0.0000000000
9602  -39.212  -75.343  32.591 0.0000000000
8982  -38.994  -76.200  32.712 0.0000000000
8389  -38.709  -77.170  32.871 0.0000000000
8964  -39.673  -76.914  33.160 0.0000000000
10760  -43.105  -73.920  33.341 0.0000000000
10163  -42.883  -74.786  33.464 0.0000000000
122166  -42.633  -75.650  33.741 0.0000000000
7696  -41.765  -79.637  35.715 0.0000000000
19440  -42.215  -62.264  37.306 0.0000000000
19454  -42.504  -61.841  36.664 0.0000000000
18039  -44.549  -63.837  35.941 0.0000000000
17256  -45.550  -65.139  36.355 0.0000000000
17275  -45.109  -64.479  35.256 0.0000000000
16540  -45.714  -65.686  33.052 0.0000000000
16518  -45.183  -65.033  33.425 0.0000000000
16520  -46.484  -66.058  33.659 0.0000000000
15754  -47.003  -66.554  34.353 0.0000000000
15755  -47.363  -67.170  33.815 0.0000000000
14262  -47.492  -68.500  34.093 0.0000000000
14271  -47.620  -68.516  32.818 0.0000000000
120587  -47.412  -69.594  31.772 0.0000000000
12821  -47.496  -70.288  32.010 0.0000000000
11396  -47.014  -72.500  31.088 0.0000000000
18758  -34.171  -62.407  36.449 0.0000000000
19464  -34.459  -61.725  35.971 0.0000000000
19465  -35.090  -61.490  35.408 0.0000000000
20093  -40.568  -60.170  43.788 0.0000000000
20823  -41.021  -59.745  43.019 0.0000000000
121380  -36.367  -74.936  32.515 0.0000000000
12773  -45.047  -70.528  34.417 0.0000000000
12774  -45.676  -70.387  35.132 0.0000000000
12018  -46.068  -71.939  35.495 0.0000000000
125998  -46.042  -73.274  35.568 0.0000000000
10151  -45.967  -74.449  35.063 0.0000000000
11350  -46.422  -72.437  35.276 0.0000000000
11364  -46.687  -72.799  34.441 0.0000000000
11351  -47.063  -71.861  34.189 0.0000000000
14286  -36.347  -68.485  32.120 0.0000000000
15048  -36.861  -67.982  32.038 0.0000000000
15049  -37.583  -67.941  31.826 0.0000000000
135462  -39.029  -67.425  31.920 0.0000000000
17273  -39.404  -64.723  34.792 0.0000000000
16516  -39.636  -65.245  33.957 0.0000000000
16498  -40.299  -65.114  34.650 0.0000000000
143027  -41.086  -65.252  34.813 0.0000000000
16499  -41.685  -65.589  34.527 0.0000000000
143449  -42.831  -65.872  34.787 0.0000000000
16500  -42.539  -65.498  35.253 0.0000000000
16485  -42.584  -64.955  36.378 0.0000000000
17254  -43.517  -64.907  37.110 0.0000000000
12765  -37.203  -70.223  35.737 0.0000000000
13542  -37.156  -69.560  35.695 0.0000000000
14953  -37.796  -67.506  39.395 0.0000000000
14217  -37.474  -67.987  38.637 0.0000000000
14952  -37.013  -67.310  39.118 0.0000000000
15672  -35.779  -66.407  39.215 0.0000000000
15671  -34.895  -66.137  38.850 0.0000000000
16457  -34.142  -65.731  38.436 0.0000000000
134260  -34.455  -65.469  39.268 0.0000000000
17207  -33.976  -64.819  39.706 0.0000000000
17193  -33.678  -64.066  40.070 0.0000000000
16390  -41.484  -65.676  45.551 0.0000000000
16402  -41.257  -65.931  44.650 0.0000000000
140070  -40.397  -65.841  43.590 0.0000000000
16401  -40.537  -65.605  44.387 0.0000000000
17168  -39.159  -64.920  43.776 0.0000000000
17167  -38.473  -64.589  43.482 0.0000000000
134914  -37.725  -60.035  43.993 0.0000000000
20090  -36.797  -60.128  43.663 0.0000000000
19383  -35.939  -60.694  43.329 0.0000000000
19382  -35.174  -61.146  42.721 0.0000000000
19381  -34.436  -61.094  42.037 0.0000000000
20106  -34.752  -60.286  42.244 0.0000000000
20847  -34.650  -59.623  41.539 0.0000000000
20861  -35.006  -59.046  40.949 0.0000000000
12054  -39.536  -71.752  32.247 0.0000000000
139743  -39.021  -72.912  32.393 0.0000000000
10783  -39.703  -73.322  32.442 0.0000000000
10187  -40.361  -74.181  32.515 0.0000000000
10161  -41.062  -74.980  32.669 0.0000000000
8951  -42.692  -77.761  35.308 0.0000000000
16545  -41.868  -65.506  31.552 0.0000000000
17316  -42.299  -65.018  32.215 0.0000000000
17305  -42.757  -64.411  32.769 0.0000000000
16537  -43.207  -65.096  32.346 0.0000000000
15778  -45.486  -66.060  32.290 0.0000000000
15044  -46.970  -67.070  32.242 0.0000000000
124974  -47.643  -67.998  32.379 0.0000000000
14299  -47.378  -68.407  31.542 0.0000000000
13584  -46.512  -69.581  31.517 0.0000000000
16496  -35.397  -65.419  34.473 0.0000000000
16513  -36.566  -65.341  33.619 0.0000000000
16497  -35.945  -65.146  34.208 0.0000000000
17270  -36.585  -64.642  34.664 0.0000000000
17271  -37.606  -64.520  34.832 0.0000000000
18033  -35.706  -63.344  36.257 0.0000000000
18034  -36.760  -63.349  36.311 0.0000000000
17249  -38.038  -64.128  35.859 0.0000000000
18036  -38.478  -63.502  36.561 0.0000000000
136789  -39.114  -63.671  36.658 0.0000000000
18018  -39.356  -63.285  36.920 0.0000000000
12749  -39.251  -70.312  36.783 0.0000000000
14204  -39.035  -68.303  39.227 0.0000000000
14955  -39.323  -67.863  39.914 0.0000000000
14954  -38.563  -67.697  39.661 0.0000000000
15675  -38.116  -67.085  40.099 0.0000000000
15660  -37.726  -66.435  40.499 0.0000000000
16434  -37.354  -65.771  40.877 0.0000000000
125578  -41.283  -62.386  46.425 0.0000000000
17933  -39.499  -63.093  45.827 0.0000000000
18653  -39.903  -62.203  45.889 0.0000000000
18651  -38.843  -61.658  45.378 0.0000000000
20076  -38.892  -60.573  44.617 0.0000000000
20092  -39.583  -60.108  44.098 0.0000000000
20091  -38.613  -59.995  44.118 0.0000000000
20819  -37.469  -59.495  43.486 0.0000000000
20833  -37.802  -58.967  42.969 0.0000000000
21580  -37.786  -58.285  41.711 0.0000000000
12037  -42.551  -71.413  32.961 0.0000000000
136217  -42.624  -72.124  33.022 0.0000000000
10761  -44.064  -73.808  33.964 0.0000000000
10148  -44.417  -75.543  34.875 0.0000000000
8372  -43.766  -77.644  34.831 0.0000000000
9584  -45.672  -75.144  33.855 0.0000000000
8995  -44.684  -76.423  32.128 0.0000000000
8407  -44.273  -76.862  31.206 0.0000000000
8414  -44.742  -76.813  29.772 0.0000000000
12050  -35.411  -71.330  32.189 0.0000000000
11378  -35.845  -72.251  32.125 0.0000000000
12051  -36.446  -71.445  31.817 0.0000000000
12052  -37.381  -71.855  31.838 0.0000000000
140331  -37.993  -71.479  31.786 0.0000000000
12798  -38.358  -70.877  31.717 0.0000000000
12053  -38.683  -71.586  31.979 0.0000000000
120371  -39.903  -71.012  32.167 0.0000000000
12800  -40.629  -70.549  32.328 0.0000000000
12801  -41.548  -70.546  32.571 0.0000000000
16535  -37.980  -65.888  32.702 0.0000000000
15775  -38.501  -66.605  32.282 0.0000000000
15749  -39.729  -65.789  33.331 0.0000000000
122022  -40.219  -66.774  32.585 0.0000000000
119927  -41.184  -68.145  32.400 0.0000000000
14288  -41.683  -68.825  32.519 0.0000000000
12802  -41.987  -70.045  32.671 0.0000000000
13556  -42.769  -69.903  32.936 0.0000000000
13557  -43.401  -69.343  33.222 0.0000000000
13558  -44.301  -69.303  33.738 0.0000000000
15753  -43.948  -66.905  34.309 0.0000000000
15022  -44.645  -67.535  34.471 0.0000000000
124809  -45.120  -68.971  34.534 0.0000000000
14260  -45.310  -68.166  34.862 0.0000000000
14261  -46.249  -68.142  35.906 0.0000000000
14984  -46.300  -66.761  36.817 0.0000000000
12035  -33.711  -70.571  33.510 0.0000000000
12795  -34.420  -70.176  33.158 0.0000000000
13569  -35.104  -69.627  32.814 0.0000000000
12772  -34.804  -69.875  34.873 0.0000000000
13548  -35.182  -69.413  34.215 0.0000000000
132097  -35.427  -68.938  32.791 0.0000000000
14267  -35.494  -68.416  33.140 0.0000000000
131274  -35.600  -67.091  33.615 0.0000000000
140195  -35.356  -66.597  34.075 0.0000000000
13518  -38.885  -69.619  36.931 0.0000000000
14234  -38.126  -69.466  36.591 0.0000000000
14233  -37.303  -69.143  36.182 0.0000000000
14976  -37.146  -68.361  37.751 0.0000000000
14225  -36.860  -68.539  36.786 0.0000000000
14996  -36.026  -68.041  35.649 0.0000000000
14995  -35.662  -67.641  35.090 0.0000000000
15718  -34.979  -66.872  35.379 0.0000000000
144648  -35.265  -66.019  34.169 0.0000000000
16495  -34.589  -65.452  35.401 0.0000000000
17234  -34.320  -64.701  35.976 0.0000000000
18014  -33.937  -63.865  36.584 0.0000000000
16456  -33.635  -65.202  37.995 0.0000000000
134331  -33.505  -63.869  37.149 0.0000000000
119799  -33.665  -63.022  36.955 0.0000000000
137453  -33.288  -62.587  37.378 0.0000000000
19439  -33.196  -61.410  37.303 0.0000000000
16410  -40.262  -66.092  42.897 0.0000000000
16421  -39.182  -66.026  41.964 0.0000000000
16420  -38.381  -65.718  41.747 0.0000000000
16419  -37.647  -65.426  41.515 0.0000000000
16418  -36.957  -65.165  41.293 0.0000000000
17945  -38.339  -63.385  44.856 0.0000000000
17952  -38.008  -63.952  44.003 0.0000000000
17951  -37.397  -63.588  43.638 0.0000000000
18687  -36.864  -62.306  44.004 0.0000000000
17950  -36.736  -63.102  43.410 0.0000000000
17957  -37.141  -63.883  42.884 0.0000000000
17171  -36.870  -64.224  42.259 0.0000000000
17183  -36.559  -64.577  41.692 0.0000000000
17182  -35.806  -64.316  41.467 0.0000000000
17977  -34.972  -63.991  41.158 0.0000000000
17976  -34.103  -63.662  40.836 0.0000000000
17975  -33.550  -63.228  40.350 0.0000000000
19394  -33.900  -61.190  41.407 0.0000000000
19393  -33.498  -61.454  40.627 0.0000000000
139571  -33.248  -61.980  40.026 0.0000000000
19419  -33.113  -61.297  38.879 0.0000000000
20162  -33.237  -60.552  38.365 0.0000000000
10780  -36.282  -73.210  32.319 0.0000000000
143629  -36.943  -74.425  32.509 0.0000000000
121379  -37.261  -74.992  32.516 0.0000000000
10185  -38.346  -74.272  32.491 0.0000000000
122113  -37.998  -74.947  32.511 0.0000000000
8980  -37.296  -76.382  32.543 0.0000000000
119686  -37.678  -77.228  32.611 0.0000000000
127183  -42.456  -73.326  32.947 0.0000000000
10162  -42.000  -74.885  32.954 0.0000000000
9578  -40.817  -75.850  32.944 0.0000000000
133122  -42.415  -76.668  34.376 0.0000000000
8371  -41.603  -77.547  34.529 0.0000000000
123290  -40.470  -77.726  33.915 0.0000000000
131426  -34.740  -60.293  35.072 0.0000000000
18761  -38.502  -62.457  36.231 0.0000000000
124836  -39.851  -62.408  36.602 0.0000000000
18764  -41.119  -62.913  37.674 0.0000000000
18020  -41.693  -63.515  37.735 0.0000000000
17236  -42.614  -63.913  37.738 0.0000000000
17237  -43.597  -64.209  37.503 0.0000000000
128597  -43.556  -62.748  36.785 0.0000000000
18021  -43.822  -63.570  37.297 0.0000000000
17238  -44.541  -64.882  37.270 0.0000000000
17239  -45.201  -65.398  37.121 0.0000000000
15709  -46.089  -66.393  37.043 0.0000000000
15722  -46.539  -66.778  36.589 0.0000000000
17306  -43.637  -64.557  32.898 0.0000000000
17291  -44.025  -64.126  33.574 0.0000000000
17293  -45.339  -64.853  34.256 0.0000000000
17276  -45.722  -65.205  35.112 0.0000000000
15738  -46.818  -66.596  35.632 0.0000000000
14999  -47.251  -67.675  35.895 0.0000000000
13551  -47.517  -69.145  34.838 0.0000000000
12039  -47.438  -70.981  33.226 0.0000000000
12803  -47.575  -70.196  32.457 0.0000000000
10785  -47.097  -72.666  32.288 0.0000000000
10200  -46.982  -73.799  30.811 0.0000000000
7049  -41.257  -80.259  35.311 0.0000000000
7050  -41.906  -79.971  35.552 0.0000000000
7728  -43.335  -78.293  34.632 0.0000000000
8413  -43.777  -77.383  30.387 0.0000000000
8965  -40.625  -76.738  33.437 0.0000000000
8966  -41.428  -76.487  33.626 0.0000000000
8967  -44.613  -76.358  34.461 0.0000000000
8979  -36.451  -76.434  32.481 0.0000000000
9572  -45.080  -75.458  34.926 0.0000000000
9580  -43.253  -76.313  34.655 0.0000000000
9600  -37.675  -75.642  32.551 0.0000000000
9601  -38.439  -75.551  32.576 0.0000000000
9604  -45.494  -75.415  32.909 0.0000000000
9614  -46.377  -75.085  30.482 0.0000000000
10164  -43.803  -74.721  34.115 0.0000000000
10167  -46.109  -74.570  33.914 0.0000000000
10182  -35.695  -74.475  32.489 0.0000000000
10183  -36.329  -74.100  32.495 0.0000000000
10746  -45.525  -74.405  35.101 0.0000000000
10747  -45.905  -74.071  35.350 0.0000000000
10748  -46.059  -73.871  35.362 0.0000000000
10759  -42.254  -74.029  32.885 0.0000000000
10782  -38.751  -73.546  32.433 0.0000000000
10798  -47.108  -72.935  31.198 0.0000000000
11347  -44.540  -72.143  34.174 0.0000000000
11349  -45.939  -72.762  35.545 0.0000000000
11361  -42.164  -72.655  32.821 0.0000000000
11382  -39.477  -72.540  32.371 0.0000000000
11384  -47.311  -71.841  32.575 0.0000000000
11395  -46.488  -72.202  31.140 0.0000000000
11990  -39.440  -71.685  37.334 0.0000000000
11998  -38.254  -71.084  36.574 0.0000000000
11999  -39.033  -71.067  36.745 0.0000000000
12030  -45.513  -71.182  34.924 0.0000000000
12031  -46.876  -71.559  35.172 0.0000000000
12036  -41.817  -71.856  32.710 0.0000000000
12055  -41.002  -71.907  32.551 0.0000000000
12070  -47.218  -71.703  31.749 0.0000000000
12766  -46.254  -71.032  35.482 0.0000000000
12767  -46.793  -70.690  35.622 0.0000000000
12768  -47.171  -70.322  35.537 0.0000000000
12775  -47.471  -69.891  34.714 0.0000000000
12780  -42.323  -70.650  32.809 0.0000000000
12799  -39.191  -70.958  31.921 0.0000000000
12815  -39.738  -70.292  31.978 0.0000000000
12820  -47.026  -70.546  31.733 0.0000000000
13527  -37.808  -69.778  35.999 0.0000000000
13528  -38.528  -69.976  36.389 0.0000000000
13549  -45.068  -69.816  34.433 0.0000000000
13555  -35.215  -69.122  33.371 0.0000000000
13571  -42.070  -69.457  32.653 0.0000000000
13585  -47.063  -68.932  31.410 0.0000000000
14205  -39.886  -68.479  39.497 0.0000000000
14227  -39.025  -69.150  37.815 0.0000000000
14249  -36.538  -68.553  35.914 0.0000000000
14250  -47.072  -68.877  36.152 0.0000000000
14251  -47.384  -68.542  35.647 0.0000000000
14269  -43.607  -68.550  33.338 0.0000000000
14270  -44.502  -68.311  33.952 0.0000000000
14285  -35.777  -68.380  32.625 0.0000000000
14287  -40.844  -68.868  32.234 0.0000000000
14302  -46.096  -68.255  30.977 0.0000000000
14975  -36.297  -68.029  37.436 0.0000000000
14982  -35.469  -67.539  35.995 0.0000000000
14983  -36.107  -68.081  36.457 0.0000000000
14997  -46.318  -67.192  36.565 0.0000000000
14998  -46.665  -67.407  36.405 0.0000000000
15009  -35.720  -68.054  34.380 0.0000000000
15010  -45.495  -67.435  35.603 0.0000000000
15023  -47.485  -67.861  33.308 0.0000000000
15036  -35.706  -67.686  33.042 0.0000000000
15039  -38.012  -67.276  31.955 0.0000000000
15042  -41.370  -67.506  32.662 0.0000000000
15045  -47.385  -67.431  32.695 0.0000000000
15052  -45.727  -67.286  31.330 0.0000000000
15053  -46.651  -67.446  31.572 0.0000000000
15059  -46.198  -67.837  31.139 0.0000000000
15649  -39.616  -66.550  41.500 0.0000000000
15663  -39.983  -67.060  41.078 0.0000000000
15688  -36.204  -67.047  38.775 0.0000000000
15696  -34.453  -66.384  37.163 0.0000000000
15708  -45.538  -65.997  37.155 0.0000000000
15717  -34.551  -66.386  35.907 0.0000000000
15723  -47.016  -67.094  36.092 0.0000000000
15734  -35.016  -66.404  34.659 0.0000000000
15735  -42.350  -65.988  34.327 0.0000000000
15739  -47.265  -67.090  35.109 0.0000000000
15747  -35.648  -66.388  33.609 0.0000000000
15748  -36.195  -66.104  33.154 0.0000000000
15773  -36.622  -66.696  32.615 0.0000000000
15776  -39.785  -66.283  32.838 0.0000000000
16400  -39.816  -65.292  44.105 0.0000000000
16447  -36.197  -66.014  39.980 0.0000000000
16465  -34.006  -65.820  37.580 0.0000000000
16473  -33.735  -65.199  37.153 0.0000000000
16475  -44.268  -65.000  37.320 0.0000000000
16476  -44.918  -65.488  37.213 0.0000000000
16487  -45.838  -65.821  36.954 0.0000000000
16488  -46.357  -66.179  36.381 0.0000000000
16502  -46.408  -65.883  35.008 0.0000000000
16517  -40.895  -65.622  34.057 0.0000000000
16538  -44.093  -65.202  32.481 0.0000000000
16548  -44.605  -65.847  32.077 0.0000000000
17162  -39.356  -64.551  44.652 0.0000000000
17196  -36.199  -64.957  41.089 0.0000000000
17226  -33.483  -64.553  37.522 0.0000000000
17227  -42.981  -63.803  37.703 0.0000000000
17233  -33.772  -64.568  36.763 0.0000000000
17248  -37.127  -64.049  35.716 0.0000000000
17250  -39.011  -64.177  35.965 0.0000000000
17253  -42.716  -64.378  37.320 0.0000000000
17255  -44.995  -64.588  36.800 0.0000000000
17287  -37.257  -64.885  33.999 0.0000000000
17289  -38.892  -64.960  33.972 0.0000000000
17292  -44.755  -64.462  33.943 0.0000000000
17303  -40.928  -64.222  32.361 0.0000000000
17307  -44.451  -64.749  33.106 0.0000000000
17315  -41.403  -64.890  31.979 0.0000000000
17944  -37.666  -63.179  44.410 0.0000000000
17946  -39.016  -63.675  45.235 0.0000000000
17955  -35.730  -63.198  42.429 0.0000000000
17985  -33.313  -63.516  39.472 0.0000000000
17994  -33.189  -63.765  38.629 0.0000000000
18005  -41.902  -62.884  37.789 0.0000000000
18006  -42.510  -63.421  37.744 0.0000000000
18016  -37.283  -63.090  36.567 0.0000000000
18672  -40.431  -61.518  45.517 0.0000000000
18686  -36.361  -62.272  43.563 0.0000000000
18706  -33.825  -62.008  41.224 0.0000000000
18719  -33.498  -62.382  40.549 0.0000000000
18750  -42.639  -62.784  37.545 0.0000000000
18762  -39.239  -62.834  36.793 0.0000000000
18763  -40.186  -62.846  37.199 0.0000000000
18765  -43.046  -62.146  36.656 0.0000000000
18766  -43.107  -62.600  37.225 0.0000000000
18777  -34.876  -62.228  35.959 0.0000000000
18779  -36.646  -62.397  35.928 0.0000000000
19358  -38.469  -61.285  44.955 0.0000000000
19359  -39.222  -60.977  45.040 0.0000000000
19360  -40.510  -61.038  45.030 0.0000000000
19369  -37.312  -61.527  44.333 0.0000000000
19406  -33.261  -61.336  39.764 0.0000000000
19441  -42.750  -62.257  37.139 0.0000000000
19448  -33.434  -61.114  36.734 0.0000000000
20144  -33.387  -60.449  39.414 0.0000000000
20177  -33.711  -60.782  36.198 0.0000000000
20820  -38.260  -59.429  43.538 0.0000000000
20830  -35.234  -59.669  42.178 0.0000000000
20831  -35.942  -59.439  42.478 0.0000000000
20846  -33.998  -59.916  41.081 0.0000000000
20890  -33.520  -59.747  38.734 0.0000000000
21568  -38.282  -58.617  42.222 0.0000000000
119952  -40.304  -72.407  32.442 0.0000000000
120663  -46.297  -73.322  35.144 0.0000000000
121053  -34.407  -71.097  32.781 0.0000000000
121096  -35.852  -70.628  31.938 0.0000000000
121868  -46.487  -73.874  33.271 0.0000000000
123585  -46.880  -68.136  36.357 0.0000000000
124471  -44.067  -77.282  33.958 0.0000000000
125104  -41.702  -73.296  32.681 0.0000000000
125356  -38.146  -72.130  32.028 0.0000000000
125927  -46.337  -66.375  32.667 0.0000000000
126027  -37.763  -62.887  36.563 0.0000000000
126379  -43.122  -66.320  34.423 0.0000000000
126669  -47.414  -70.993  32.219 0.0000000000
127004  -38.649  -74.896  32.520 0.0000000000
127122  -33.209  -63.890  37.846 0.0000000000
127633  -38.360  -72.845  32.300 0.0000000000
127635  -37.026  -73.788  32.441 0.0000000000
128301  -37.273  -60.724  44.129 0.0000000000
130233  -33.088  -62.010  37.635 0.0000000000
131041  -32.993  -62.041  38.427 0.0000000000
134318  -47.553  -69.246  33.491 0.0000000000
135272  -34.251  -61.703  41.709 0.0000000000
136191  -34.062  -71.921  32.821 0.0000000000
136463  -45.841  -68.813  35.401 0.0000000000
137547  -45.978  -75.123  31.677 0.0000000000
138031  -46.139  -72.474  35.535 0.0000000000
139422  -47.272  -71.074  31.903 0.0000000000
140279  -34.888  -65.731  34.788 0.0000000000
140429  -33.090  -63.308  38.136 0.0000000000
140678  -47.610  -68.966  31.762 0.0000000000
140737  -44.029  -77.193  35.136 0.0000000000
140905  -41.082  -66.160  43.871 0.0000000000
141919  -38.356  -67.933  31.754 0.0000000000
144434  -46.515  -73.331  34.500 0.0000000000
