#!ascii label  , from subject sub-v1s9x0051360_ses-1 vox2ras=TkReg
281
135506  -29.691  -11.916  9.837 0.0000000000
65052  -27.402  -10.578  5.552 0.0000000000
75650  -25.810  0.326  -2.917 0.0000000000
139253  -27.999  -1.946  0.723 0.0000000000
70641  -28.740  -4.755  4.654 0.0000000000
67842  -30.750  -6.936  8.499 0.0000000000
77396  -24.046  2.559  -4.852 0.0000000000
141581  -28.260  -3.620  2.210 0.0000000000
68833  -27.650  -6.315  2.873 0.0000000000
64061  -28.280  -11.175  7.696 0.0000000000
66920  -28.967  -8.052  7.010 0.0000000000
65978  -30.480  -9.278  9.251 0.0000000000
58766  -26.540  -16.582  10.131 0.0000000000
62076  -27.458  -13.586  8.310 0.0000000000
81906  -22.770  7.590  -1.166 0.0000000000
80057  -23.759  5.056  -2.005 0.0000000000
79146  -25.098  3.953  -3.539 0.0000000000
78264  -27.835  1.997  -4.520 0.0000000000
77384  -28.422  1.368  -1.474 0.0000000000
119329  -26.946  -0.920  -0.848 0.0000000000
136798  -28.471  0.316  0.129 0.0000000000
135930  -28.442  -0.195  2.070 0.0000000000
124214  -29.072  -1.732  4.301 0.0000000000
71656  -29.997  -3.087  5.973 0.0000000000
67873  -28.197  -7.110  5.213 0.0000000000
141021  -29.566  -5.969  6.452 0.0000000000
141537  -27.209  -5.920  1.378 0.0000000000
67904  -26.600  -7.297  1.357 0.0000000000
64051  -28.677  -11.534  8.415 0.0000000000
65014  -29.393  -10.264  8.651 0.0000000000
64991  -29.821  -10.527  9.279 0.0000000000
56466  -26.930  -19.029  13.973 0.0000000000
56504  -27.059  -18.232  12.817 0.0000000000
57571  -27.418  -17.468  12.511 0.0000000000
62104  -27.010  -13.159  6.733 0.0000000000
61025  -26.405  -14.776  7.403 0.0000000000
79154  -24.744  4.690  -2.710 0.0000000000
76525  -24.389  1.612  -4.922 0.0000000000
136765  -26.718  2.046  -5.183 0.0000000000
137533  -27.021  0.713  -4.156 0.0000000000
77397  -28.289  1.496  -2.934 0.0000000000
75651  -26.794  0.701  -2.898 0.0000000000
136262  -26.873  -1.620  -0.293 0.0000000000
119409  -28.250  -0.190  -0.394 0.0000000000
135931  -28.085  -0.370  0.547 0.0000000000
119118  -28.139  0.164  1.212 0.0000000000
135929  -28.341  -1.573  1.291 0.0000000000
70674  -28.570  -4.336  3.637 0.0000000000
71693  -28.722  -3.180  3.489 0.0000000000
71675  -28.872  -3.166  4.355 0.0000000000
72738  -29.619  -2.627  5.389 0.0000000000
71655  -29.492  -3.770  5.607 0.0000000000
65074  -27.080  -10.078  4.033 0.0000000000
66948  -27.519  -8.678  4.104 0.0000000000
66936  -27.582  -8.839  5.018 0.0000000000
67840  -29.637  -7.581  7.435 0.0000000000
67856  -29.221  -7.299  6.631 0.0000000000
68775  -29.805  -6.539  7.169 0.0000000000
69676  -30.388  -4.950  7.307 0.0000000000
68755  -30.674  -5.790  8.209 0.0000000000
59802  -27.943  -15.905  10.976 0.0000000000
58779  -26.992  -16.096  9.731 0.0000000000
59820  -28.243  -15.180  10.689 0.0000000000
60986  -28.525  -14.366  10.406 0.0000000000
135878  -27.326  -3.658  0.830 0.0000000000
118698  -27.932  -3.191  1.513 0.0000000000
119373  -27.633  -4.075  1.603 0.0000000000
69738  -27.705  -5.447  2.424 0.0000000000
69731  -27.988  -5.510  3.500 0.0000000000
143493  -27.663  -10.508  6.352 0.0000000000
66009  -28.201  -9.297  6.705 0.0000000000
65993  -28.555  -9.590  7.435 0.0000000000
65994  -29.272  -9.222  7.864 0.0000000000
126672  -30.610  -8.225  8.693 0.0000000000
58731  -27.825  -16.778  12.137 0.0000000000
64084  -27.178  -11.440  4.943 0.0000000000
122043  -27.439  -12.041  6.394 0.0000000000
63117  -28.069  -11.983  7.838 0.0000000000
124219  -28.435  -12.364  8.597 0.0000000000
137846  -23.714  8.235  -1.491 0.0000000000
80970  -22.271  6.268  -0.790 0.0000000000
80976  -23.187  6.797  -1.532 0.0000000000
80067  -24.494  5.486  -2.419 0.0000000000
79155  -25.825  4.546  -3.567 0.0000000000
79156  -26.982  4.365  -3.957 0.0000000000
78272  -25.195  2.808  -5.078 0.0000000000
78273  -26.800  2.803  -5.265 0.0000000000
78281  -27.889  3.642  -4.599 0.0000000000
78275  -29.440  3.115  -3.491 0.0000000000
78266  -29.137  2.875  -1.767 0.0000000000
78249  -28.440  2.933  -0.447 0.0000000000
74747  -26.452  -0.126  -1.976 0.0000000000
75632  -27.565  0.624  -1.741 0.0000000000
76500  -28.543  0.993  -0.398 0.0000000000
77377  -28.179  1.880  0.634 0.0000000000
136006  -28.468  1.816  1.559 0.0000000000
118699  -28.797  0.523  2.923 0.0000000000
135873  -28.411  -1.952  2.155 0.0000000000
73819  -28.902  -0.999  3.756 0.0000000000
67897  -27.233  -7.904  2.840 0.0000000000
67889  -27.685  -7.068  4.371 0.0000000000
68825  -28.166  -6.382  4.828 0.0000000000
128071  -28.600  -7.823  6.253 0.0000000000
68812  -28.720  -6.496  5.524 0.0000000000
134149  -29.400  -5.144  5.679 0.0000000000
70624  -29.742  -4.581  6.042 0.0000000000
71643  -30.485  -3.439  6.755 0.0000000000
61013  -27.143  -14.408  8.550 0.0000000000
62062  -28.389  -13.493  9.326 0.0000000000
63094  -29.394  -12.612  9.839 0.0000000000
64035  -29.195  -11.964  9.150 0.0000000000
64052  -29.327  -11.081  8.835 0.0000000000
64036  -29.761  -11.306  9.508 0.0000000000
64992  -30.259  -10.843  9.748 0.0000000000
64037  -30.276  -11.493  10.184 0.0000000000
56467  -27.630  -18.670  14.305 0.0000000000
56486  -27.375  -18.475  13.550 0.0000000000
56487  -28.151  -18.179  13.886 0.0000000000
76526  -26.023  0.662  -4.361 0.0000000000
144267  -27.204  -2.229  0.267 0.0000000000
119195  -26.488  -2.676  -0.468 0.0000000000
142724  -27.409  -1.453  0.327 0.0000000000
118696  -27.491  -0.800  -0.041 0.0000000000
136031  -27.913  -1.059  0.695 0.0000000000
135550  -28.726  -4.341  4.181 0.0000000000
71674  -28.837  -3.832  3.870 0.0000000000
70661  -28.887  -3.916  4.808 0.0000000000
137752  -29.159  -3.165  5.131 0.0000000000
66023  -27.395  -9.758  5.090 0.0000000000
66036  -27.392  -9.353  4.292 0.0000000000
67841  -30.269  -7.206  7.959 0.0000000000
68777  -30.460  -6.416  8.048 0.0000000000
68756  -31.096  -6.255  8.705 0.0000000000
67819  -31.418  -7.193  8.955 0.0000000000
135957  -26.959  -4.723  0.773 0.0000000000
69742  -26.934  -5.682  0.659 0.0000000000
128366  -27.303  -6.323  1.952 0.0000000000
65039  -27.896  -10.829  6.978 0.0000000000
65040  -27.925  -10.018  6.952 0.0000000000
65026  -28.396  -10.370  7.588 0.0000000000
65953  -29.883  -9.719  9.048 0.0000000000
127176  -29.495  -9.586  8.445 0.0000000000
66884  -30.033  -8.872  8.530 0.0000000000
65979  -30.840  -8.624  9.179 0.0000000000
55411  -25.596  -19.663  13.385 0.0000000000
55394  -25.860  -19.974  14.057 0.0000000000
58732  -28.643  -16.529  12.412 0.0000000000
64072  -27.464  -11.297  6.131 0.0000000000
62091  -27.190  -13.315  7.508 0.0000000000
63116  -27.516  -12.508  7.102 0.0000000000
63105  -27.807  -12.802  8.033 0.0000000000
62077  -28.179  -13.187  8.726 0.0000000000
81899  -22.505  8.302  -0.687 0.0000000000
81900  -23.138  8.284  -1.226 0.0000000000
81907  -23.545  7.641  -1.692 0.0000000000
79144  -22.475  5.041  -2.079 0.0000000000
80056  -22.909  5.780  -1.498 0.0000000000
80066  -23.748  6.083  -1.945 0.0000000000
78274  -28.285  2.947  -4.842 0.0000000000
78282  -28.737  3.582  -4.137 0.0000000000
78265  -28.931  2.227  -3.442 0.0000000000
77398  -28.934  2.000  -1.734 0.0000000000
140518  -26.145  -2.048  -1.271 0.0000000000
118679  -26.174  -0.674  -1.296 0.0000000000
75638  -26.900  0.112  -2.256 0.0000000000
119219  -27.221  -0.203  -1.403 0.0000000000
118700  -28.519  0.286  -0.607 0.0000000000
135993  -28.308  1.043  1.085 0.0000000000
119311  -28.404  0.583  1.918 0.0000000000
119354  -28.365  -2.797  2.158 0.0000000000
72764  -28.768  -2.444  3.959 0.0000000000
129980  -28.691  -1.788  3.644 0.0000000000
73813  -29.533  -1.023  4.467 0.0000000000
72730  -30.590  -2.562  6.451 0.0000000000
66965  -26.716  -8.505  2.658 0.0000000000
67872  -27.801  -7.936  4.846 0.0000000000
124854  -27.541  -7.923  3.774 0.0000000000
66919  -28.431  -8.560  6.474 0.0000000000
68795  -29.260  -6.571  6.207 0.0000000000
69707  -29.217  -5.830  5.750 0.0000000000
69690  -29.672  -5.347  6.219 0.0000000000
70616  -30.865  -4.664  7.987 0.0000000000
70615  -30.670  -4.102  7.414 0.0000000000
60987  -29.323  -13.980  10.804 0.0000000000
61002  -28.148  -14.082  9.691 0.0000000000
62046  -28.863  -13.475  10.016 0.0000000000
62047  -29.660  -13.105  10.589 0.0000000000
144952  -26.949  -6.250  0.656 0.0000000000
68836  -27.137  -7.106  2.163 0.0000000000
65013  -28.834  -10.723  8.228 0.0000000000
65954  -30.512  -10.045  9.655 0.0000000000
64962  -30.777  -10.735  10.203 0.0000000000
55395  -26.490  -19.579  14.394 0.0000000000
57570  -26.653  -17.818  12.187 0.0000000000
57560  -27.796  -17.852  13.173 0.0000000000
57561  -28.552  -17.525  13.505 0.0000000000
63126  -27.067  -12.656  6.194 0.0000000000
62090  -26.581  -13.824  6.969 0.0000000000
62075  -26.822  -14.147  7.857 0.0000000000
81898  -22.420  7.283  -0.757 0.0000000000
79145  -23.806  4.427  -2.815 0.0000000000
122515  -23.798  3.688  -4.153 0.0000000000
77402  -26.003  1.518  -5.076 0.0000000000
76513  -27.404  1.250  -4.308 0.0000000000
76514  -27.636  1.048  -2.555 0.0000000000
126484  -27.722  -0.374  -0.799 0.0000000000
135855  -28.196  -0.669  1.303 0.0000000000
119084  -28.475  -1.089  2.080 0.0000000000
71692  -28.484  -3.911  3.057 0.0000000000
71705  -28.522  -3.190  2.772 0.0000000000
72750  -29.164  -2.467  4.727 0.0000000000
144351  -29.572  -3.162  5.531 0.0000000000
66047  -27.180  -9.250  3.693 0.0000000000
66903  -29.502  -8.440  7.674 0.0000000000
68796  -29.940  -5.578  6.900 0.0000000000
68776  -30.347  -5.769  7.578 0.0000000000
69659  -30.650  -5.282  7.949 0.0000000000
69660  -31.141  -5.280  8.528 0.0000000000
70605  -31.379  -4.531  8.484 0.0000000000
58767  -27.275  -16.298  10.530 0.0000000000
59819  -27.639  -15.719  10.185 0.0000000000
60985  -27.823  -14.834  10.015 0.0000000000
118688  -26.931  -3.205  0.212 0.0000000000
119369  -27.708  -2.752  0.801 0.0000000000
70687  -27.468  -5.032  1.567 0.0000000000
70682  -28.019  -4.457  2.339 0.0000000000
70673  -28.223  -4.745  3.152 0.0000000000
69732  -28.384  -4.856  3.967 0.0000000000
66008  -27.769  -9.871  6.070 0.0000000000
66902  -28.774  -8.828  7.240 0.0000000000
65027  -28.975  -9.947  8.057 0.0000000000
66904  -30.162  -8.010  8.115 0.0000000000
66905  -30.718  -7.604  8.585 0.0000000000
66885  -31.185  -7.959  9.076 0.0000000000
65955  -31.182  -9.211  9.789 0.0000000000
54340  -25.440  -20.564  14.463 0.0000000000
58753  -26.732  -16.750  11.063 0.0000000000
57590  -27.075  -17.122  11.799 0.0000000000
58754  -27.528  -16.499  11.368 0.0000000000
58755  -28.322  -16.235  11.670 0.0000000000
64060  -27.784  -11.633  7.030 0.0000000000
82833  -22.913  9.025  -0.444 0.0000000000
80971  -22.547  6.629  -1.080 0.0000000000
80977  -23.812  6.915  -1.995 0.0000000000
80068  -25.563  5.137  -2.897 0.0000000000
140393  -26.348  4.902  -3.492 0.0000000000
80069  -27.212  4.896  -3.592 0.0000000000
138115  -25.517  3.231  -4.642 0.0000000000
78280  -26.783  3.631  -4.777 0.0000000000
78291  -28.011  4.308  -3.899 0.0000000000
74757  -25.413  -0.255  -2.040 0.0000000000
76499  -28.025  1.042  -1.314 0.0000000000
74748  -28.190  -0.004  -1.107 0.0000000000
75633  -28.319  0.486  -0.976 0.0000000000
77385  -28.326  2.068  -0.401 0.0000000000
136038  -28.562  1.338  2.195 0.0000000000
119181  -29.152  1.584  2.915 0.0000000000
119180  -29.612  1.061  3.415 0.0000000000
136030  -28.229  -2.380  1.369 0.0000000000
120678  -28.557  -2.401  3.027 0.0000000000
73827  -28.552  -1.453  2.963 0.0000000000
119192  -28.634  -0.558  2.928 0.0000000000
121156  -29.094  -0.224  3.459 0.0000000000
73801  -29.742  -1.747  5.047 0.0000000000
67900  -26.702  -7.906  2.021 0.0000000000
134534  -27.541  -7.150  3.289 0.0000000000
66959  -27.213  -8.549  3.366 0.0000000000
68824  -27.700  -6.285  3.983 0.0000000000
69722  -28.324  -5.552  4.486 0.0000000000
66024  -27.943  -9.113  5.838 0.0000000000
66937  -28.091  -8.318  5.693 0.0000000000
143535  -28.265  -7.661  5.610 0.0000000000
67855  -28.721  -7.155  5.916 0.0000000000
122197  -28.648  -5.897  5.179 0.0000000000
69706  -28.925  -5.291  5.185 0.0000000000
70642  -29.185  -4.583  5.341 0.0000000000
137884  -30.001  -3.855  6.214 0.0000000000
70625  -30.027  -4.960  6.606 0.0000000000
125946  -30.236  -4.324  6.696 0.0000000000
62061  -27.879  -13.912  8.935 0.0000000000
63093  -28.727  -12.825  9.300 0.0000000000
