#!ascii label  , from subject sub-v1s9x0051360_ses-1 vox2ras=TkReg
878
62532  19.446  -8.732  83.791 0.0000000000
62449  30.531  -8.779  90.578 0.0000000000
71463  38.980  -1.539  64.489 0.0000000000
67018  29.800  -5.984  75.217 0.0000000000
64734  30.327  -6.097  83.808 0.0000000000
78346  51.852  5.984  58.035 0.0000000000
69259  39.091  -3.561  67.578 0.0000000000
121842  33.951  -5.113  67.999 0.0000000000
60449  15.114  -11.105  83.824 0.0000000000
62497  25.006  -8.706  86.409 0.0000000000
122777  26.633  -11.367  84.450 0.0000000000
61530  21.726  -9.961  81.286 0.0000000000
76602  44.294  3.462  61.308 0.0000000000
64672  21.788  -7.271  89.470 0.0000000000
63619  17.729  -8.828  88.200 0.0000000000
74664  43.691  0.863  64.647 0.0000000000
59399  12.768  -11.577  87.819 0.0000000000
55958  10.425  -15.656  87.431 0.0000000000
69197  33.278  -3.400  73.059 0.0000000000
65904  30.877  -5.934  80.228 0.0000000000
60489  29.530  -10.764  80.853 0.0000000000
59466  28.872  -13.916  82.011 0.0000000000
68093  38.720  -4.836  69.580 0.0000000000
124717  36.154  -4.609  67.922 0.0000000000
68074  36.369  -4.730  70.036 0.0000000000
68107  41.235  -4.070  68.796 0.0000000000
120699  17.926  -10.375  81.668 0.0000000000
60481  15.613  -11.689  81.123 0.0000000000
61488  17.046  -10.096  83.733 0.0000000000
63640  22.210  -7.722  85.270 0.0000000000
61468  23.101  -9.623  84.081 0.0000000000
61486  20.955  -9.502  82.760 0.0000000000
120630  19.582  -10.286  79.975 0.0000000000
72567  39.204  -0.255  63.294 0.0000000000
71443  42.013  -1.387  64.796 0.0000000000
72559  41.742  -0.610  64.010 0.0000000000
74674  41.843  0.893  62.938 0.0000000000
63589  17.007  -8.198  90.370 0.0000000000
61418  14.672  -9.242  87.510 0.0000000000
62475  14.149  -8.969  89.541 0.0000000000
57125  11.167  -14.081  92.054 0.0000000000
55934  11.428  -14.620  89.444 0.0000000000
54647  10.258  -16.122  89.216 0.0000000000
53500  8.337  -17.481  89.406 0.0000000000
53474  8.000  -18.360  91.465 0.0000000000
66967  31.641  -4.458  81.256 0.0000000000
64741  30.430  -6.049  81.822 0.0000000000
119119  29.413  -7.420  81.431 0.0000000000
121916  29.660  -9.102  82.621 0.0000000000
60469  25.752  -10.961  82.347 0.0000000000
58411  27.802  -13.662  83.433 0.0000000000
60478  26.693  -12.161  80.584 0.0000000000
59487  27.779  -13.158  80.270 0.0000000000
128364  31.734  -4.645  74.627 0.0000000000
68064  30.743  -4.344  71.262 0.0000000000
67047  29.344  -5.931  72.542 0.0000000000
80179  56.499  8.731  56.126 0.0000000000
79278  53.684  6.225  56.003 0.0000000000
70358  38.875  -2.533  66.046 0.0000000000
69274  36.582  -3.603  66.486 0.0000000000
69256  41.897  -2.952  66.889 0.0000000000
121792  27.295  -9.356  88.482 0.0000000000
59394  28.681  -11.580  87.988 0.0000000000
60424  25.624  -10.177  85.232 0.0000000000
119692  24.201  -10.361  83.150 0.0000000000
61549  23.733  -9.847  80.230 0.0000000000
76596  46.329  3.838  62.738 0.0000000000
77461  47.327  4.497  61.541 0.0000000000
78341  48.160  5.674  59.612 0.0000000000
78360  49.888  5.490  57.454 0.0000000000
64704  20.631  -7.212  86.680 0.0000000000
63630  18.083  -8.110  86.458 0.0000000000
63607  19.686  -7.571  88.864 0.0000000000
64687  23.579  -6.901  87.509 0.0000000000
75639  44.137  2.592  62.765 0.0000000000
137993  16.062  -9.403  85.621 0.0000000000
59437  13.575  -11.614  85.569 0.0000000000
58388  12.401  -13.480  85.461 0.0000000000
142367  12.890  -12.287  90.012 0.0000000000
57193  11.558  -14.248  87.812 0.0000000000
143659  5.226  -19.565  93.248 0.0000000000
68046  35.871  -4.270  72.408 0.0000000000
67998  31.877  -4.734  76.469 0.0000000000
67984  31.929  -4.423  78.719 0.0000000000
66990  30.869  -6.115  77.962 0.0000000000
64778  28.719  -7.272  78.901 0.0000000000
62584  28.575  -9.165  80.035 0.0000000000
60519  29.535  -12.037  78.068 0.0000000000
58362  29.669  -12.869  86.508 0.0000000000
59446  30.953  -12.572  84.817 0.0000000000
61502  30.883  -10.589  82.904 0.0000000000
60477  29.836  -12.139  81.383 0.0000000000
59495  29.068  -12.322  80.126 0.0000000000
135773  33.912  -4.282  70.698 0.0000000000
131624  31.343  -4.765  68.990 0.0000000000
67062  38.695  -5.097  70.927 0.0000000000
67075  37.398  -4.842  70.160 0.0000000000
67064  36.951  -4.961  70.835 0.0000000000
129708  40.045  -4.532  70.145 0.0000000000
61510  18.295  -10.079  82.363 0.0000000000
61511  17.301  -10.379  82.223 0.0000000000
62550  17.959  -9.379  83.477 0.0000000000
63654  20.167  -8.317  84.353 0.0000000000
62530  21.171  -8.294  84.102 0.0000000000
62548  19.714  -9.279  83.183 0.0000000000
119245  18.999  -10.141  82.013 0.0000000000
72561  39.132  -0.934  63.911 0.0000000000
71445  40.051  -1.705  64.922 0.0000000000
71460  41.471  -1.128  64.375 0.0000000000
71461  40.781  -0.885  63.905 0.0000000000
72560  40.273  -0.341  63.394 0.0000000000
55882  10.276  -15.258  91.958 0.0000000000
55918  10.712  -15.478  90.363 0.0000000000
54616  10.177  -16.182  90.880 0.0000000000
53499  8.964  -16.960  88.997 0.0000000000
53473  9.261  -17.477  90.843 0.0000000000
53488  7.946  -18.181  90.683 0.0000000000
65876  31.285  -5.155  82.588 0.0000000000
65871  30.636  -5.632  82.925 0.0000000000
64742  29.786  -6.827  82.459 0.0000000000
63672  29.712  -8.215  83.060 0.0000000000
61387  30.502  -9.715  89.618 0.0000000000
61547  25.480  -10.427  80.729 0.0000000000
60479  26.215  -11.169  81.355 0.0000000000
60503  25.947  -11.266  79.271 0.0000000000
60502  26.364  -12.051  78.776 0.0000000000
68009  31.446  -5.121  75.171 0.0000000000
68034  30.967  -4.867  73.490 0.0000000000
79260  51.425  6.199  58.942 0.0000000000
79258  53.011  6.537  58.873 0.0000000000
79269  53.062  6.156  58.109 0.0000000000
129402  53.687  6.726  56.970 0.0000000000
78356  53.161  5.556  57.186 0.0000000000
122140  38.981  -3.233  67.154 0.0000000000
69285  37.846  -2.755  65.978 0.0000000000
69260  38.144  -3.397  67.407 0.0000000000
125184  34.795  -5.091  68.280 0.0000000000
68147  35.307  -4.540  66.563 0.0000000000
121504  33.914  -5.042  66.915 0.0000000000
69247  40.068  -3.952  68.124 0.0000000000
69258  40.325  -3.668  67.469 0.0000000000
70356  40.566  -2.663  66.074 0.0000000000
60471  15.176  -11.695  81.933 0.0000000000
124658  14.354  -12.529  83.067 0.0000000000
61417  26.447  -9.200  87.482 0.0000000000
61427  26.886  -9.836  87.278 0.0000000000
61429  25.470  -9.311  86.179 0.0000000000
134629  22.442  -9.769  82.481 0.0000000000
61483  23.575  -10.084  83.644 0.0000000000
61506  22.867  -9.926  81.904 0.0000000000
122368  24.095  -9.898  81.056 0.0000000000
139072  22.993  -10.069  80.130 0.0000000000
120796  21.705  -10.290  79.726 0.0000000000
64796  28.159  -7.874  77.424 0.0000000000
76597  45.462  3.562  62.468 0.0000000000
77458  46.760  4.137  62.069 0.0000000000
77463  45.706  4.323  61.022 0.0000000000
78343  46.690  5.211  59.069 0.0000000000
78350  47.232  5.351  58.621 0.0000000000
119452  48.710  5.796  58.896 0.0000000000
136432  20.997  -6.901  87.922 0.0000000000
64691  19.759  -7.468  87.353 0.0000000000
64673  20.933  -7.331  89.510 0.0000000000
64678  22.525  -6.683  88.361 0.0000000000
64689  21.829  -6.866  87.456 0.0000000000
75628  44.404  2.392  63.629 0.0000000000
75629  43.662  1.948  63.361 0.0000000000
74682  41.464  1.369  62.201 0.0000000000
63618  18.091  -8.398  87.569 0.0000000000
62508  17.081  -9.157  85.998 0.0000000000
62499  16.808  -8.723  86.848 0.0000000000
61419  13.756  -10.036  87.776 0.0000000000
130524  14.421  -9.823  86.642 0.0000000000
59427  13.250  -11.555  86.323 0.0000000000
59438  13.079  -12.304  85.764 0.0000000000
59428  12.699  -12.236  86.511 0.0000000000
59371  12.546  -12.490  90.486 0.0000000000
55946  11.248  -14.958  88.913 0.0000000000
124002  11.505  -14.372  88.803 0.0000000000
55957  11.121  -15.194  87.455 0.0000000000
55971  11.371  -14.607  86.203 0.0000000000
69139  32.650  -2.990  76.127 0.0000000000
66969  31.303  -5.444  80.376 0.0000000000
67979  31.760  -4.482  79.510 0.0000000000
66988  31.705  -5.150  79.118 0.0000000000
66998  31.378  -5.543  77.705 0.0000000000
66989  31.306  -5.745  78.694 0.0000000000
65946  30.448  -6.424  78.712 0.0000000000
65926  30.325  -6.481  79.753 0.0000000000
63685  28.933  -8.394  81.459 0.0000000000
63686  28.603  -8.304  80.512 0.0000000000
132303  29.049  -10.048  80.360 0.0000000000
62592  28.938  -10.144  79.162 0.0000000000
61567  29.381  -10.959  79.737 0.0000000000
59424  27.243  -11.483  85.763 0.0000000000
59408  28.900  -12.446  86.904 0.0000000000
59435  27.881  -12.642  85.299 0.0000000000
137130  27.956  -14.098  82.786 0.0000000000
58409  29.349  -14.022  84.132 0.0000000000
59458  29.963  -13.536  83.477 0.0000000000
128491  31.056  -11.286  84.222 0.0000000000
59464  30.504  -12.620  82.842 0.0000000000
61503  31.049  -10.892  82.220 0.0000000000
59476  29.463  -13.171  81.681 0.0000000000
59511  27.766  -13.052  78.115 0.0000000000
59496  28.406  -12.735  79.599 0.0000000000
68047  34.992  -3.807  72.401 0.0000000000
120310  35.205  -4.146  71.799 0.0000000000
69212  33.353  -3.417  72.229 0.0000000000
68081  29.969  -4.790  70.743 0.0000000000
68079  31.562  -4.225  70.693 0.0000000000
81073  56.800  9.467  55.188 0.0000000000
68110  38.658  -4.395  68.849 0.0000000000
68129  37.591  -3.957  67.869 0.0000000000
68111  37.547  -4.372  68.563 0.0000000000
130117  36.196  -4.641  69.187 0.0000000000
128071  35.016  -5.161  68.980 0.0000000000
68091  40.598  -4.350  69.556 0.0000000000
68092  39.872  -4.567  69.441 0.0000000000
61555  16.766  -11.027  80.785 0.0000000000
61512  16.367  -10.601  82.459 0.0000000000
143308  15.697  -10.714  83.541 0.0000000000
62507  23.638  -8.667  85.687 0.0000000000
62506  24.300  -9.115  85.532 0.0000000000
123782  22.731  -8.838  84.353 0.0000000000
61485  21.950  -9.321  82.894 0.0000000000
61507  21.521  -9.738  82.147 0.0000000000
61551  21.158  -10.205  80.420 0.0000000000
131990  20.113  -10.041  81.512 0.0000000000
61553  18.708  -10.399  80.048 0.0000000000
128933  43.858  3.627  60.396 0.0000000000
135050  21.557  -8.031  90.701 0.0000000000
71442  42.778  -1.077  65.018 0.0000000000
72558  42.404  -0.430  64.274 0.0000000000
73663  42.536  -0.005  64.053 0.0000000000
74673  42.577  0.976  63.301 0.0000000000
73673  41.522  0.257  63.206 0.0000000000
124769  40.694  0.140  62.924 0.0000000000
62462  17.115  -8.496  89.554 0.0000000000
62485  16.472  -8.813  88.114 0.0000000000
62473  16.356  -8.553  88.807 0.0000000000
61402  14.208  -9.241  88.231 0.0000000000
132002  13.388  -10.287  88.663 0.0000000000
58324  11.709  -13.521  90.737 0.0000000000
55898  11.101  -14.339  90.871 0.0000000000
55935  11.135  -15.171  89.644 0.0000000000
54663  10.344  -15.989  88.316 0.0000000000
54664  9.685  -16.564  88.568 0.0000000000
65902  31.260  -5.321  81.093 0.0000000000
65903  31.091  -5.608  80.809 0.0000000000
64755  30.018  -6.731  80.754 0.0000000000
120440  29.795  -6.861  81.719 0.0000000000
63678  29.346  -8.046  82.070 0.0000000000
62567  29.625  -10.014  82.240 0.0000000000
60458  26.182  -11.361  83.422 0.0000000000
59448  27.070  -12.084  84.123 0.0000000000
60457  26.630  -11.790  82.894 0.0000000000
59468  27.025  -12.419  82.343 0.0000000000
124512  27.473  -13.335  81.696 0.0000000000
59477  28.543  -13.580  81.439 0.0000000000
59488  27.096  -12.858  79.945 0.0000000000
59498  27.011  -12.626  79.102 0.0000000000
134404  32.274  -3.895  73.968 0.0000000000
69213  32.714  -3.507  72.685 0.0000000000
68033  31.442  -4.215  73.112 0.0000000000
68050  30.350  -4.610  72.096 0.0000000000
79276  55.047  7.747  57.006 0.0000000000
79277  54.333  7.154  56.493 0.0000000000
71446  39.013  -2.032  65.222 0.0000000000
71464  37.982  -1.665  64.193 0.0000000000
70373  38.143  -2.406  65.265 0.0000000000
68146  36.194  -4.253  67.123 0.0000000000
130914  35.799  -4.072  66.131 0.0000000000
126782  42.099  -3.802  68.516 0.0000000000
69245  42.321  -3.192  67.757 0.0000000000
70354  42.816  -2.139  66.175 0.0000000000
70355  41.888  -2.388  65.915 0.0000000000
70371  40.752  -2.128  65.379 0.0000000000
61390  28.576  -9.438  89.592 0.0000000000
60381  29.212  -10.914  89.029 0.0000000000
60397  28.233  -10.485  87.947 0.0000000000
60410  27.253  -10.553  86.812 0.0000000000
60434  26.126  -10.714  84.769 0.0000000000
61455  24.321  -9.532  85.015 0.0000000000
61466  24.561  -10.339  84.644 0.0000000000
60447  25.523  -11.125  83.912 0.0000000000
61504  24.900  -10.522  82.586 0.0000000000
140725  24.825  -10.080  81.114 0.0000000000
61569  24.512  -10.109  79.127 0.0000000000
78325  48.570  5.304  61.344 0.0000000000
77467  46.315  4.714  60.476 0.0000000000
78332  47.615  5.334  60.205 0.0000000000
78331  48.371  5.605  60.504 0.0000000000
78340  49.069  6.077  59.887 0.0000000000
119486  50.171  5.837  58.268 0.0000000000
78359  50.913  5.481  57.653 0.0000000000
78358  51.869  5.278  57.418 0.0000000000
63642  19.915  -8.026  85.089 0.0000000000
63656  18.503  -8.221  84.759 0.0000000000
64705  19.686  -7.580  86.425 0.0000000000
63608  19.030  -7.865  88.108 0.0000000000
63609  18.306  -8.468  88.534 0.0000000000
121671  20.532  -7.846  90.057 0.0000000000
63587  18.323  -8.512  90.112 0.0000000000
63588  17.761  -8.499  90.284 0.0000000000
63541  29.316  -8.281  91.012 0.0000000000
61382  28.167  -8.761  89.888 0.0000000000
62470  27.232  -8.857  89.114 0.0000000000
62482  26.029  -8.520  87.773 0.0000000000
63606  25.446  -7.817  88.251 0.0000000000
136041  24.303  -7.768  86.688 0.0000000000
64702  22.603  -7.334  86.493 0.0000000000
64716  21.427  -7.326  85.779 0.0000000000
76588  45.952  3.109  64.148 0.0000000000
76593  44.919  3.015  63.054 0.0000000000
75649  43.803  2.897  61.929 0.0000000000
74681  42.376  1.576  62.548 0.0000000000
75641  42.579  2.165  61.930 0.0000000000
76603  43.496  3.086  61.072 0.0000000000
62520  17.081  -9.046  85.093 0.0000000000
61469  16.340  -9.601  84.650 0.0000000000
130456  15.052  -10.274  84.644 0.0000000000
61430  15.982  -8.989  86.582 0.0000000000
61457  15.078  -9.770  85.414 0.0000000000
123928  14.508  -10.971  84.662 0.0000000000
59449  13.580  -12.385  84.957 0.0000000000
58404  12.684  -13.591  84.539 0.0000000000
60384  13.239  -10.613  89.577 0.0000000000
135059  12.597  -11.713  88.639 0.0000000000
58346  11.995  -13.146  88.757 0.0000000000
58358  11.952  -13.048  87.728 0.0000000000
58372  12.010  -13.450  86.342 0.0000000000
120090  7.104  -18.840  92.878 0.0000000000
133842  36.794  -4.859  71.751 0.0000000000
69180  33.488  -3.185  74.675 0.0000000000
69181  32.566  -3.716  74.579 0.0000000000
68008  32.132  -4.305  75.173 0.0000000000
67016  31.418  -5.318  76.011 0.0000000000
67989  31.877  -4.745  77.414 0.0000000000
67007  31.435  -5.443  76.819 0.0000000000
67008  30.763  -5.920  76.335 0.0000000000
65963  29.819  -6.318  76.724 0.0000000000
64795  28.604  -7.159  77.983 0.0000000000
129796  28.365  -7.877  78.348 0.0000000000
136980  29.531  -6.926  80.150 0.0000000000
63693  28.471  -8.417  79.595 0.0000000000
63694  28.402  -8.617  78.693 0.0000000000
128843  29.135  -10.526  78.115 0.0000000000
61585  29.404  -11.209  78.608 0.0000000000
64726  30.157  -6.945  84.941 0.0000000000
59378  29.579  -11.360  88.548 0.0000000000
59391  30.282  -11.540  87.861 0.0000000000
60420  30.586  -11.243  86.785 0.0000000000
58396  28.654  -13.680  84.683 0.0000000000
58394  30.230  -13.113  85.361 0.0000000000
60432  30.790  -11.324  85.870 0.0000000000
61453  30.555  -9.829  85.529 0.0000000000
62528  30.347  -9.463  84.169 0.0000000000
62545  30.085  -8.992  83.597 0.0000000000
132833  29.976  -9.763  83.150 0.0000000000
61526  30.052  -10.895  82.272 0.0000000000
132954  29.882  -11.167  81.513 0.0000000000
59485  29.178  -12.775  81.049 0.0000000000
142154  29.463  -12.080  80.783 0.0000000000
60490  29.466  -11.554  80.281 0.0000000000
129491  29.380  -11.799  79.246 0.0000000000
68058  36.123  -4.535  71.676 0.0000000000
68076  34.656  -4.327  70.385 0.0000000000
129446  33.916  -4.474  69.823 0.0000000000
68062  32.392  -3.908  71.022 0.0000000000
68098  32.718  -4.514  69.704 0.0000000000
68116  32.396  -5.083  68.196 0.0000000000
78368  52.948  4.830  56.845 0.0000000000
67056  37.992  -5.418  71.536 0.0000000000
67063  37.787  -5.292  70.917 0.0000000000
67057  37.335  -5.154  71.371 0.0000000000
62549  18.844  -9.252  83.313 0.0000000000
138215  18.390  -9.670  82.993 0.0000000000
62533  18.391  -8.646  83.978 0.0000000000
62531  20.383  -8.715  83.617 0.0000000000
62559  19.145  -9.730  82.685 0.0000000000
71477  38.420  -1.231  63.905 0.0000000000
140148  40.664  -1.312  64.482 0.0000000000
71462  39.925  -1.202  64.266 0.0000000000
131204  39.893  -0.753  63.768 0.0000000000
54597  10.064  -16.107  91.669 0.0000000000
54617  9.813  -16.922  91.345 0.0000000000
54632  9.723  -16.811  90.474 0.0000000000
125623  9.394  -17.618  91.750 0.0000000000
64735  29.871  -6.722  83.220 0.0000000000
63561  30.926  -8.241  90.876 0.0000000000
62460  30.885  -9.155  90.037 0.0000000000
61568  25.360  -10.509  79.704 0.0000000000
61586  25.090  -10.900  78.610 0.0000000000
67026  30.495  -5.524  74.750 0.0000000000
79259  52.334  6.302  58.883 0.0000000000
78345  52.658  6.105  58.208 0.0000000000
78357  52.712  5.370  57.498 0.0000000000
68132  34.549  -5.015  67.538 0.0000000000
120159  32.974  -5.176  67.501 0.0000000000
68127  39.254  -3.932  68.178 0.0000000000
140085  39.749  -3.687  67.638 0.0000000000
136840  39.708  -3.385  67.143 0.0000000000
139462  14.980  -11.867  82.919 0.0000000000
59469  14.610  -12.503  82.113 0.0000000000
60460  14.623  -11.920  83.604 0.0000000000
62496  25.857  -8.811  86.818 0.0000000000
62505  24.800  -9.251  85.890 0.0000000000
137731  22.193  -9.844  81.851 0.0000000000
123797  22.427  -9.928  81.331 0.0000000000
61529  23.145  -9.948  81.022 0.0000000000
61550  22.231  -10.075  80.489 0.0000000000
63700  28.280  -8.743  77.735 0.0000000000
76601  45.146  3.807  61.588 0.0000000000
76600  46.000  3.981  61.852 0.0000000000
78361  47.547  5.316  57.843 0.0000000000
64679  21.348  -6.858  88.619 0.0000000000
64671  22.791  -7.192  89.528 0.0000000000
74663  44.224  1.488  64.975 0.0000000000
75620  43.933  1.713  64.193 0.0000000000
74672  43.280  1.085  63.813 0.0000000000
137617  17.387  -8.641  87.528 0.0000000000
62484  17.079  -8.790  87.859 0.0000000000
60412  13.499  -10.875  87.432 0.0000000000
60425  13.765  -10.728  86.751 0.0000000000
59414  13.106  -11.560  87.022 0.0000000000
59359  12.250  -12.576  91.251 0.0000000000
55947  10.994  -15.393  88.228 0.0000000000
55945  11.354  -14.828  88.228 0.0000000000
55972  11.088  -15.108  86.511 0.0000000000
66978  31.548  -5.118  79.925 0.0000000000
66979  31.360  -5.585  79.600 0.0000000000
65925  30.967  -6.067  79.370 0.0000000000
62575  29.238  -9.721  81.437 0.0000000000
62576  28.708  -9.102  80.853 0.0000000000
59423  27.728  -12.090  85.893 0.0000000000
59436  27.291  -12.009  85.041 0.0000000000
58423  28.629  -14.194  82.624 0.0000000000
58422  29.116  -14.205  83.292 0.0000000000
59465  29.601  -13.542  82.534 0.0000000000
59475  30.190  -12.436  82.071 0.0000000000
69211  34.110  -3.361  72.649 0.0000000000
68094  37.941  -4.744  69.410 0.0000000000
68095  37.002  -4.655  69.303 0.0000000000
68096  35.546  -4.806  69.438 0.0000000000
68090  41.360  -4.219  69.765 0.0000000000
68073  39.260  -4.947  70.025 0.0000000000
133176  39.253  -4.665  69.361 0.0000000000
68109  39.613  -4.337  68.804 0.0000000000
119239  16.927  -10.278  83.015 0.0000000000
138664  16.264  -10.420  83.398 0.0000000000
63628  22.865  -8.115  85.853 0.0000000000
62518  23.025  -8.553  85.113 0.0000000000
62519  22.115  -8.156  84.559 0.0000000000
62546  21.361  -8.845  83.391 0.0000000000
61508  20.531  -9.824  82.156 0.0000000000
61531  20.872  -9.982  81.391 0.0000000000
140569  18.540  -10.303  81.626 0.0000000000
61532  19.257  -10.254  81.125 0.0000000000
61533  18.155  -10.438  80.863 0.0000000000
71425  42.419  -1.691  65.410 0.0000000000
72547  42.274  -0.854  64.482 0.0000000000
73649  43.035  -0.301  64.599 0.0000000000
73664  41.955  -0.140  63.761 0.0000000000
73674  39.828  0.145  62.896 0.0000000000
62463  16.173  -8.387  89.655 0.0000000000
62474  15.046  -8.704  88.973 0.0000000000
61403  13.733  -9.478  89.057 0.0000000000
57124  11.482  -13.606  91.746 0.0000000000
57139  11.402  -13.737  91.075 0.0000000000
54630  10.651  -15.671  89.688 0.0000000000
54646  10.752  -15.475  89.016 0.0000000000
52421  7.316  -18.644  91.068 0.0000000000
52407  7.589  -18.588  92.094 0.0000000000
65877  30.906  -5.473  82.081 0.0000000000
65890  31.263  -5.173  81.807 0.0000000000
65891  30.995  -5.538  81.370 0.0000000000
64749  30.628  -6.047  81.069 0.0000000000
130008  29.537  -7.766  82.456 0.0000000000
133835  29.370  -9.082  82.040 0.0000000000
133148  26.001  -11.294  82.919 0.0000000000
60468  26.475  -11.604  82.261 0.0000000000
59478  26.873  -12.293  81.506 0.0000000000
126347  27.232  -13.052  80.835 0.0000000000
69199  31.956  -3.922  73.441 0.0000000000
68020  31.622  -4.374  73.950 0.0000000000
67046  30.092  -5.173  72.892 0.0000000000
79285  54.720  6.707  55.644 0.0000000000
69286  36.895  -3.017  65.929 0.0000000000
128070  35.953  -3.371  65.657 0.0000000000
68130  36.853  -4.280  67.901 0.0000000000
69261  37.108  -3.688  67.323 0.0000000000
69275  34.973  -4.211  65.664 0.0000000000
137637  41.885  -4.083  69.251 0.0000000000
69237  42.524  -3.805  69.243 0.0000000000
69257  41.019  -3.433  67.242 0.0000000000
70340  42.661  -2.599  67.077 0.0000000000
69270  41.175  -2.911  66.415 0.0000000000
70357  39.790  -2.834  66.477 0.0000000000
70372  39.859  -2.296  65.695 0.0000000000
123074  28.144  -9.368  88.829 0.0000000000
60383  28.533  -10.132  88.566 0.0000000000
60398  27.433  -9.849  87.958 0.0000000000
61439  25.919  -9.733  85.826 0.0000000000
60411  26.570  -10.020  86.304 0.0000000000
60423  26.317  -10.318  85.486 0.0000000000
61456  23.600  -9.169  84.663 0.0000000000
61467  23.992  -9.814  84.305 0.0000000000
61482  24.304  -10.475  83.914 0.0000000000
60448  24.827  -10.923  84.201 0.0000000000
60459  24.883  -10.932  83.502 0.0000000000
61548  24.597  -9.961  80.209 0.0000000000
136803  24.022  -9.806  79.506 0.0000000000
120701  20.372  -10.309  79.897 0.0000000000
61572  19.945  -10.444  79.088 0.0000000000
76591  46.489  3.618  63.605 0.0000000000
77457  47.536  4.070  62.415 0.0000000000
77460  48.152  4.604  61.817 0.0000000000
78326  47.854  5.047  61.020 0.0000000000
77469  44.971  4.323  59.754 0.0000000000
77468  45.570  4.502  60.149 0.0000000000
78342  47.410  5.401  59.375 0.0000000000
78333  46.882  5.085  59.927 0.0000000000
138969  49.287  5.679  58.140 0.0000000000
64717  20.356  -7.563  85.731 0.0000000000
64718  19.589  -7.771  85.693 0.0000000000
64681  19.872  -7.394  88.135 0.0000000000
63600  18.934  -8.016  89.097 0.0000000000
63585  19.860  -8.127  90.577 0.0000000000
133231  18.963  -8.222  89.926 0.0000000000
62451  28.931  -8.552  90.491 0.0000000000
62481  26.660  -8.933  88.468 0.0000000000
64677  23.690  -6.814  88.700 0.0000000000
64686  24.560  -7.347  87.831 0.0000000000
63627  23.477  -8.088  86.210 0.0000000000
64701  23.366  -7.304  86.754 0.0000000000
64703  21.664  -7.152  86.581 0.0000000000
70388  37.506  -2.107  64.691 0.0000000000
76598  44.641  3.218  62.185 0.0000000000
74689  41.866  1.984  61.729 0.0000000000
75651  42.308  2.502  61.245 0.0000000000
75650  43.039  2.632  61.615 0.0000000000
63644  18.225  -8.125  85.515 0.0000000000
63657  17.729  -8.506  84.855 0.0000000000
63645  17.558  -8.713  85.835 0.0000000000
62509  16.618  -9.258  86.041 0.0000000000
62521  16.678  -9.279  85.317 0.0000000000
132708  15.617  -9.729  84.835 0.0000000000
62500  15.693  -8.834  87.453 0.0000000000
131422  16.420  -8.724  87.414 0.0000000000
139997  13.661  -10.900  86.035 0.0000000000
61443  14.239  -10.137  85.965 0.0000000000
60437  14.029  -10.893  85.398 0.0000000000
60436  14.540  -10.388  85.216 0.0000000000
130538  13.997  -11.614  84.775 0.0000000000
124098  13.041  -13.020  85.201 0.0000000000
57233  12.078  -14.170  84.808 0.0000000000
59370  13.106  -11.733  90.118 0.0000000000
59385  12.880  -11.430  89.344 0.0000000000
57154  11.531  -14.089  90.261 0.0000000000
57168  11.720  -14.044  89.588 0.0000000000
58347  11.712  -13.810  88.252 0.0000000000
57181  11.736  -13.876  89.053 0.0000000000
59400  12.284  -12.323  88.283 0.0000000000
58371  12.161  -12.909  86.797 0.0000000000
58359  11.752  -13.588  87.285 0.0000000000
52390  7.147  -18.358  93.808 0.0000000000
119244  5.699  -19.212  93.918 0.0000000000
143645  6.148  -19.269  93.312 0.0000000000
69196  35.113  -3.264  73.523 0.0000000000
69161  32.656  -3.372  75.382 0.0000000000
67997  32.163  -3.803  76.106 0.0000000000
141824  31.877  -4.697  75.785 0.0000000000
126421  31.998  -4.354  78.078 0.0000000000
66999  30.801  -6.056  77.172 0.0000000000
121869  30.114  -6.424  77.717 0.0000000000
64777  29.295  -6.731  78.394 0.0000000000
64756  29.083  -7.467  80.794 0.0000000000
62585  28.552  -9.201  79.135 0.0000000000
60396  28.755  -11.121  88.511 0.0000000000
59379  29.074  -11.322  88.596 0.0000000000
138617  28.981  -11.662  88.220 0.0000000000
58352  29.457  -12.579  87.026 0.0000000000
59407  29.605  -12.190  87.515 0.0000000000
58351  29.836  -12.543  86.901 0.0000000000
59405  30.445  -11.777  87.106 0.0000000000
59421  30.328  -12.341  86.630 0.0000000000
59459  27.293  -12.783  83.538 0.0000000000
58397  27.749  -13.080  84.415 0.0000000000
59447  30.183  -13.370  84.402 0.0000000000
58395  29.477  -13.595  84.990 0.0000000000
59432  31.091  -12.066  85.541 0.0000000000
141919  30.671  -10.543  85.902 0.0000000000
59445  31.160  -11.721  84.900 0.0000000000
60455  31.148  -11.245  83.406 0.0000000000
61481  30.701  -10.470  83.930 0.0000000000
62544  30.372  -9.942  83.470 0.0000000000
128706  30.424  -11.480  81.824 0.0000000000
59486  28.472  -13.053  80.702 0.0000000000
59509  29.125  -12.420  78.738 0.0000000000
68045  36.505  -4.580  72.306 0.0000000000
68060  34.475  -4.111  71.201 0.0000000000
143234  34.480  -4.452  69.950 0.0000000000
68049  31.361  -4.099  72.190 0.0000000000
69219  32.388  -3.561  71.922 0.0000000000
68063  31.692  -3.978  71.411 0.0000000000
68099  31.634  -4.560  69.792 0.0000000000
120549  32.132  -4.746  68.939 0.0000000000
81950  56.586  9.696  54.807 0.0000000000
81951  56.190  9.823  54.405 0.0000000000
81952  54.695  9.721  54.672 0.0000000000
77488  52.103  4.809  56.712 0.0000000000
67074  38.307  -5.019  70.185 0.0000000000
61487  17.642  -9.941  83.145 0.0000000000
139655  17.377  -9.777  83.771 0.0000000000
63641  21.030  -7.844  84.932 0.0000000000
62558  20.077  -9.653  82.713 0.0000000000
71444  41.113  -1.640  64.817 0.0000000000
73665  41.205  -0.272  63.518 0.0000000000
63572  16.809  -7.799  91.151 0.0000000000
63590  15.970  -8.078  90.507 0.0000000000
54631  10.205  -16.143  90.057 0.0000000000
54648  9.665  -16.650  89.573 0.0000000000
53486  9.107  -17.244  89.951 0.0000000000
53487  8.574  -17.818  90.304 0.0000000000
125254  8.740  -18.062  91.323 0.0000000000
140820  9.089  -18.067  92.013 0.0000000000
139262  30.316  -6.057  82.479 0.0000000000
60492  26.181  -11.100  80.228 0.0000000000
60491  26.544  -12.074  79.652 0.0000000000
125719  25.726  -11.574  78.485 0.0000000000
68021  31.179  -5.076  74.290 0.0000000000
67035  30.280  -5.347  73.878 0.0000000000
79261  50.482  6.219  58.997 0.0000000000
79247  50.935  6.465  59.654 0.0000000000
79267  54.272  7.482  57.525 0.0000000000
79268  53.562  6.717  57.910 0.0000000000
136842  39.194  -2.947  66.776 0.0000000000
69272  38.425  -2.932  66.702 0.0000000000
69273  37.484  -3.159  66.691 0.0000000000
68131  35.368  -4.810  67.551 0.0000000000
136421  34.744  -4.848  66.936 0.0000000000
68148  34.525  -4.803  66.198 0.0000000000
68108  40.362  -4.232  68.773 0.0000000000
69246  40.769  -3.910  67.974 0.0000000000
69271  40.437  -3.170  66.845 0.0000000000
60470  15.831  -11.073  81.804 0.0000000000
58430  14.150  -13.306  82.443 0.0000000000
58415  13.745  -13.184  83.355 0.0000000000
61416  26.864  -9.543  88.030 0.0000000000
61428  26.224  -9.419  86.585 0.0000000000
61440  25.219  -9.696  85.644 0.0000000000
61484  22.753  -9.742  83.299 0.0000000000
121398  23.348  -10.051  82.734 0.0000000000
140353  24.127  -10.196  82.437 0.0000000000
61505  23.675  -10.004  81.854 0.0000000000
120293  23.358  -9.955  79.425 0.0000000000
61570  22.471  -10.196  79.380 0.0000000000
128892  21.732  -10.428  78.960 0.0000000000
65984  28.399  -7.104  77.061 0.0000000000
77462  46.527  4.431  61.285 0.0000000000
77476  46.136  4.897  59.632 0.0000000000
77480  45.963  4.942  58.728 0.0000000000
78349  47.900  5.559  58.727 0.0000000000
120639  48.415  5.523  57.933 0.0000000000
124441  49.039  5.371  57.221 0.0000000000
129618  21.101  -7.000  87.253 0.0000000000
64690  20.474  -7.149  87.667 0.0000000000
64680  20.480  -7.158  88.627 0.0000000000
63599  20.279  -7.495  89.414 0.0000000000
64688  22.785  -6.813  87.236 0.0000000000
75619  44.636  2.196  64.460 0.0000000000
63631  17.438  -8.543  86.707 0.0000000000
61431  14.932  -9.142  86.839 0.0000000000
132982  14.174  -9.999  87.123 0.0000000000
58387  12.555  -12.917  85.985 0.0000000000
60371  12.603  -11.815  90.823 0.0000000000
140900  11.376  -14.668  88.873 0.0000000000
57205  11.616  -14.076  86.823 0.0000000000
55956  11.382  -14.711  87.244 0.0000000000
69119  32.509  -3.354  76.858 0.0000000000
123956  32.045  -4.069  76.892 0.0000000000
66968  31.442  -5.007  80.757 0.0000000000
67973  31.615  -4.478  80.376 0.0000000000
66997  31.780  -5.027  78.305 0.0000000000
64765  29.458  -6.841  79.341 0.0000000000
60421  27.535  -11.385  86.429 0.0000000000
126304  28.590  -11.976  87.400 0.0000000000
59409  28.172  -12.033  86.675 0.0000000000
59422  28.429  -12.716  85.962 0.0000000000
58410  28.425  -14.072  83.896 0.0000000000
142196  28.335  -14.231  83.210 0.0000000000
59457  30.736  -12.678  83.750 0.0000000000
59456  31.228  -11.949  84.002 0.0000000000
60456  31.158  -11.893  83.087 0.0000000000
60466  31.203  -11.212  82.674 0.0000000000
60467  31.048  -11.643  82.328 0.0000000000
59497  27.758  -12.960  79.184 0.0000000000
59510  28.570  -12.883  78.090 0.0000000000
68048  34.277  -3.781  71.897 0.0000000000
68061  33.427  -3.802  71.320 0.0000000000
68080  30.702  -4.536  70.286 0.0000000000
79283  55.908  8.036  55.514 0.0000000000
68128  38.363  -3.956  68.061 0.0000000000
68112  36.549  -4.542  68.561 0.0000000000
68113  35.640  -4.878  68.569 0.0000000000
68114  34.302  -4.949  68.919 0.0000000000
60480  16.154  -11.188  81.122 0.0000000000
61535  16.579  -10.771  81.587 0.0000000000
61513  15.639  -11.079  82.839 0.0000000000
62498  24.228  -8.707  86.065 0.0000000000
62517  23.853  -8.982  85.187 0.0000000000
138980  21.984  -8.566  83.997 0.0000000000
62529  22.329  -9.085  83.638 0.0000000000
61552  20.224  -10.179  80.729 0.0000000000
61509  19.689  -9.975  82.083 0.0000000000
76605  44.813  4.073  60.586 0.0000000000
63597  22.105  -7.800  90.201 0.0000000000
63583  22.189  -8.032  90.986 0.0000000000
72531  43.370  -0.752  65.452 0.0000000000
72546  42.945  -0.678  64.801 0.0000000000
73662  43.153  0.301  64.322 0.0000000000
74665  42.741  0.501  63.801 0.0000000000
73672  42.183  0.382  63.523 0.0000000000
73681  41.024  0.769  62.608 0.0000000000
73682  40.011  0.685  62.320 0.0000000000
62472  17.272  -8.707  88.681 0.0000000000
62486  15.521  -8.891  88.187 0.0000000000
60399  13.127  -10.985  88.266 0.0000000000
58310  11.738  -13.325  91.391 0.0000000000
55917  11.231  -14.839  90.206 0.0000000000
53511  8.961  -17.087  87.889 0.0000000000
66955  31.439  -4.889  81.548 0.0000000000
60446  26.390  -11.399  83.887 0.0000000000
120424  26.840  -11.923  83.465 0.0000000000
134514  27.068  -12.424  82.994 0.0000000000
59467  27.464  -13.313  82.693 0.0000000000
58424  28.019  -14.108  82.046 0.0000000000
141233  27.909  -13.795  81.546 0.0000000000
121216  27.860  -13.514  81.070 0.0000000000
133777  27.410  -12.847  78.693 0.0000000000
69198  32.549  -3.653  73.323 0.0000000000
69214  32.043  -3.716  72.779 0.0000000000
125496  30.841  -4.586  72.787 0.0000000000
68065  29.946  -4.750  71.458 0.0000000000
80180  55.742  8.165  56.577 0.0000000000
121599  55.245  7.462  56.125 0.0000000000
70387  38.331  -1.981  64.779 0.0000000000
70374  37.199  -2.558  65.286 0.0000000000
143229  35.461  -3.810  65.640 0.0000000000
126607  41.560  -3.655  67.828 0.0000000000
70370  41.602  -1.988  65.252 0.0000000000
123411  41.182  -2.416  65.817 0.0000000000
61380  29.292  -9.145  90.146 0.0000000000
61388  29.730  -9.816  89.782 0.0000000000
60368  28.889  -10.228  89.374 0.0000000000
60382  28.820  -10.707  88.980 0.0000000000
139598  27.552  -10.341  87.472 0.0000000000
60409  28.017  -11.226  87.258 0.0000000000
60422  26.909  -10.779  86.020 0.0000000000
60433  26.767  -11.071  85.214 0.0000000000
138520  25.968  -11.043  84.229 0.0000000000
61441  24.714  -9.540  85.483 0.0000000000
61454  24.912  -10.074  85.230 0.0000000000
60435  25.302  -10.748  84.657 0.0000000000
141799  25.594  -11.133  83.394 0.0000000000
139388  25.420  -10.991  82.983 0.0000000000
61527  25.342  -10.432  81.693 0.0000000000
61528  24.507  -10.110  81.813 0.0000000000
61571  20.948  -10.499  79.265 0.0000000000
67009  30.062  -6.127  75.925 0.0000000000
77466  47.095  4.852  60.738 0.0000000000
78330  49.080  5.939  60.929 0.0000000000
79248  50.030  6.452  59.724 0.0000000000
78348  49.583  6.138  58.970 0.0000000000
78347  50.961  5.871  58.415 0.0000000000
63655  19.260  -8.305  84.502 0.0000000000
63643  19.058  -7.946  85.224 0.0000000000
63629  18.892  -7.805  86.043 0.0000000000
63617  18.888  -7.822  87.015 0.0000000000
63598  21.288  -7.806  90.154 0.0000000000
126080  19.691  -7.825  89.691 0.0000000000
63601  18.340  -8.459  89.336 0.0000000000
63610  17.904  -8.675  88.838 0.0000000000
63602  17.810  -8.624  89.487 0.0000000000
63571  17.699  -8.214  91.160 0.0000000000
62450  29.691  -8.749  90.615 0.0000000000
61381  28.661  -8.956  90.006 0.0000000000
61391  28.260  -9.212  89.359 0.0000000000
136342  27.743  -9.189  88.834 0.0000000000
61401  27.795  -8.880  89.460 0.0000000000
62483  25.321  -8.075  87.169 0.0000000000
64715  22.197  -7.460  85.953 0.0000000000
75627  45.153  2.817  63.900 0.0000000000
76592  45.705  3.384  63.334 0.0000000000
74680  43.037  1.551  63.118 0.0000000000
75640  43.251  2.181  62.473 0.0000000000
62534  17.451  -9.141  84.166 0.0000000000
62535  16.947  -9.695  84.347 0.0000000000
123686  16.608  -10.090  84.050 0.0000000000
61470  15.789  -10.268  84.120 0.0000000000
61442  15.177  -9.498  86.209 0.0000000000
60450  14.461  -11.596  84.171 0.0000000000
59460  14.009  -12.317  84.021 0.0000000000
59450  13.334  -13.023  84.279 0.0000000000
58416  13.081  -13.797  83.629 0.0000000000
61392  13.449  -9.771  89.920 0.0000000000
129977  12.028  -13.110  90.850 0.0000000000
139185  12.372  -12.925  90.161 0.0000000000
137301  12.066  -13.393  89.598 0.0000000000
59386  12.367  -12.445  89.294 0.0000000000
59415  12.456  -12.253  87.317 0.0000000000
57218  11.799  -14.009  85.811 0.0000000000
52408  6.709  -19.020  91.842 0.0000000000
131179  6.402  -19.219  92.775 0.0000000000
52391  6.530  -18.959  93.552 0.0000000000
67045  37.374  -5.043  72.063 0.0000000000
136164  34.796  -3.380  72.963 0.0000000000
136301  34.030  -3.196  73.576 0.0000000000
123831  33.021  -3.490  73.854 0.0000000000
136274  32.088  -4.216  74.479 0.0000000000
67017  30.702  -5.723  75.556 0.0000000000
67988  32.224  -3.832  77.562 0.0000000000
65964  29.048  -6.587  77.477 0.0000000000
64766  28.729  -7.510  79.851 0.0000000000
64779  28.495  -7.875  79.114 0.0000000000
62593  28.635  -9.599  78.146 0.0000000000
60543  29.802  -11.195  77.545 0.0000000000
143760  30.242  -6.490  84.383 0.0000000000
60366  30.121  -10.396  89.362 0.0000000000
131537  30.308  -10.717  88.929 0.0000000000
132270  30.565  -10.645  88.614 0.0000000000
120919  29.120  -12.126  87.700 0.0000000000
59392  29.906  -11.786  88.025 0.0000000000
60394  30.579  -10.871  88.165 0.0000000000
61437  30.916  -9.736  86.982 0.0000000000
59434  28.294  -13.148  85.165 0.0000000000
58380  28.898  -13.324  85.509 0.0000000000
58379  29.593  -13.200  85.845 0.0000000000
59420  30.784  -11.938  86.290 0.0000000000
61438  30.663  -10.596  86.554 0.0000000000
61452  30.759  -9.747  86.313 0.0000000000
60445  30.673  -10.774  85.021 0.0000000000
61465  30.494  -9.934  84.738 0.0000000000
62516  30.296  -9.046  85.092 0.0000000000
63653  29.939  -8.240  84.475 0.0000000000
63664  29.870  -7.039  84.122 0.0000000000
63665  29.778  -7.912  83.674 0.0000000000
62557  30.096  -10.511  82.775 0.0000000000
61546  29.631  -10.492  81.732 0.0000000000
136094  29.713  -11.501  80.969 0.0000000000
120009  29.403  -12.682  77.591 0.0000000000
139018  36.685  -4.876  71.304 0.0000000000
67058  36.188  -4.705  70.875 0.0000000000
68059  35.405  -4.295  71.031 0.0000000000
68075  35.500  -4.560  70.227 0.0000000000
68097  34.811  -4.710  69.636 0.0000000000
68077  33.117  -4.182  70.489 0.0000000000
68078  32.290  -4.297  70.359 0.0000000000
68115  33.205  -4.859  68.745 0.0000000000
77501  53.064  5.241  55.997 0.0000000000
58363  29.177  -12.976  86.339 0.0000000000
58378  30.126  -12.879  86.231 0.0000000000
59393  29.360  -11.782  88.096 0.0000000000
59406  30.064  -12.087  87.382 0.0000000000
59433  30.648  -12.526  85.825 0.0000000000
60367  29.419  -10.412  89.436 0.0000000000
60369  28.551  -9.826  89.133 0.0000000000
60380  29.801  -10.910  89.010 0.0000000000
60393  30.956  -10.225  88.426 0.0000000000
60395  30.156  -11.184  88.465 0.0000000000
60408  30.522  -11.077  87.562 0.0000000000
61379  30.123  -9.252  90.162 0.0000000000
61389  29.067  -9.720  89.846 0.0000000000
61400  27.965  -9.636  88.376 0.0000000000
62547  20.464  -9.267  83.086 0.0000000000
63562  30.114  -8.344  91.009 0.0000000000
80185  56.768  8.797  55.210 0.0000000000
