#!ascii label  , from subject sub-v1s9x0051360_ses-1 vox2ras=TkReg
1850
66175  46.869  -6.243  63.322 0.0000000000
52521  34.908  -18.080  83.460 0.0000000000
53530  20.554  -17.671  86.772 0.0000000000
48452  17.795  -22.789  89.163 0.0000000000
51317  29.632  -19.329  91.587 0.0000000000
50420  25.323  -21.247  80.911 0.0000000000
63840  42.449  -8.605  63.546 0.0000000000
70446  53.298  -2.375  60.571 0.0000000000
60580  45.042  -11.391  74.434 0.0000000000
59551  34.698  -12.597  75.611 0.0000000000
53701  27.582  -17.631  73.046 0.0000000000
55894  22.997  -15.312  91.477 0.0000000000
129775  18.943  -21.331  88.224 0.0000000000
54572  21.199  -16.700  93.361 0.0000000000
52438  25.205  -18.861  89.588 0.0000000000
62635  49.653  -9.132  73.636 0.0000000000
55922  38.394  -15.523  89.220 0.0000000000
59430  39.232  -12.650  85.936 0.0000000000
61523  38.789  -10.652  81.327 0.0000000000
56055  34.550  -15.051  79.916 0.0000000000
56120  31.515  -15.640  74.724 0.0000000000
52588  32.199  -18.871  77.820 0.0000000000
52582  19.836  -19.081  78.240 0.0000000000
50518  22.294  -20.833  75.321 0.0000000000
71483  49.575  -1.855  62.910 0.0000000000
71558  47.144  -1.182  57.074 0.0000000000
130248  18.078  -20.220  82.022 0.0000000000
48488  17.478  -22.621  83.894 0.0000000000
50330  33.420  -20.446  87.517 0.0000000000
51426  30.805  -19.676  82.210 0.0000000000
127831  28.074  -20.831  86.403 0.0000000000
136392  22.972  -19.088  83.777 0.0000000000
61719  46.232  -10.476  62.041 0.0000000000
51258  19.667  -19.371  96.447 0.0000000000
49357  14.997  -21.318  92.162 0.0000000000
70336  51.352  -2.601  67.271 0.0000000000
64979  51.640  -7.782  65.957 0.0000000000
62698  48.295  -9.867  67.186 0.0000000000
62680  44.322  -9.795  69.573 0.0000000000
60647  40.897  -12.350  69.282 0.0000000000
61539  44.192  -10.031  80.798 0.0000000000
60572  39.872  -11.473  75.698 0.0000000000
60639  35.183  -11.675  70.293 0.0000000000
59617  30.824  -12.957  69.904 0.0000000000
51527  27.189  -18.958  77.825 0.0000000000
142828  23.605  -13.740  93.560 0.0000000000
55879  21.725  -15.621  92.530 0.0000000000
57109  22.083  -14.240  94.427 0.0000000000
54590  25.076  -15.920  92.325 0.0000000000
53527  36.611  -17.378  86.803 0.0000000000
55993  37.242  -15.386  84.847 0.0000000000
57251  36.916  -13.890  83.002 0.0000000000
54755  34.853  -16.516  81.710 0.0000000000
54785  33.505  -17.103  79.411 0.0000000000
52553  33.396  -18.146  80.457 0.0000000000
48525  18.469  -22.050  78.674 0.0000000000
48561  19.795  -21.941  76.930 0.0000000000
69303  46.966  -3.685  63.718 0.0000000000
124449  46.178  -2.308  60.803 0.0000000000
67160  44.596  -5.150  60.295 0.0000000000
52511  19.398  -18.643  84.433 0.0000000000
49421  17.647  -21.783  82.735 0.0000000000
50385  18.880  -20.393  85.230 0.0000000000
48450  18.508  -22.211  88.896 0.0000000000
47505  17.804  -23.145  86.977 0.0000000000
47501  16.071  -23.226  87.047 0.0000000000
47496  14.199  -22.997  87.985 0.0000000000
51329  34.959  -19.144  90.930 0.0000000000
50306  31.745  -20.473  89.829 0.0000000000
120766  30.319  -20.701  86.959 0.0000000000
50319  28.587  -20.427  88.569 0.0000000000
53518  23.226  -17.566  87.807 0.0000000000
52478  24.018  -18.929  86.730 0.0000000000
122581  22.087  -17.620  85.614 0.0000000000
119982  20.957  -18.238  83.014 0.0000000000
119206  44.031  -9.667  62.656 0.0000000000
62789  43.093  -9.996  60.003 0.0000000000
61733  41.820  -10.427  60.376 0.0000000000
49348  14.291  -21.700  93.106 0.0000000000
62710  50.481  -9.656  66.113 0.0000000000
122039  51.425  -9.175  68.373 0.0000000000
61627  47.057  -10.259  73.978 0.0000000000
142458  47.031  -10.022  70.931 0.0000000000
124562  45.450  -11.030  71.909 0.0000000000
61657  42.424  -11.382  69.389 0.0000000000
60607  42.869  -12.254  72.358 0.0000000000
60517  37.202  -11.713  78.201 0.0000000000
61599  39.789  -10.997  78.003 0.0000000000
60574  37.430  -11.383  75.352 0.0000000000
60597  37.810  -11.563  73.372 0.0000000000
60599  35.354  -11.558  73.491 0.0000000000
59600  32.914  -12.011  70.090 0.0000000000
59581  32.795  -12.403  72.917 0.0000000000
56148  29.380  -15.338  72.475 0.0000000000
50417  27.498  -20.566  81.993 0.0000000000
120897  28.819  -19.358  79.940 0.0000000000
51490  25.878  -20.131  79.159 0.0000000000
49520  22.870  -21.437  73.831 0.0000000000
72641  54.451  -0.679  56.615 0.0000000000
119191  52.216  -0.606  58.116 0.0000000000
121209  21.937  -16.333  89.087 0.0000000000
51371  19.747  -19.352  87.820 0.0000000000
54643  20.656  -16.809  89.734 0.0000000000
129882  20.240  -19.369  90.528 0.0000000000
50265  20.301  -20.671  92.259 0.0000000000
52385  27.579  -17.910  92.579 0.0000000000
51333  27.390  -19.393  90.709 0.0000000000
52403  26.358  -18.037  91.777 0.0000000000
53479  24.526  -17.485  90.145 0.0000000000
62643  52.533  -9.136  72.363 0.0000000000
62608  47.640  -9.236  76.896 0.0000000000
60454  38.244  -11.225  83.183 0.0000000000
59472  36.789  -12.894  81.103 0.0000000000
58477  34.604  -13.648  77.984 0.0000000000
119655  32.942  -14.008  75.237 0.0000000000
56079  33.180  -15.530  77.605 0.0000000000
54825  31.908  -17.241  75.804 0.0000000000
52645  29.711  -18.683  75.493 0.0000000000
52554  22.656  -19.240  80.042 0.0000000000
120903  24.104  -20.505  78.480 0.0000000000
51557  20.839  -19.361  76.685 0.0000000000
124547  50.983  -2.532  61.844 0.0000000000
72602  50.724  -1.031  59.354 0.0000000000
121712  47.966  -1.343  59.900 0.0000000000
49402  18.554  -21.792  85.834 0.0000000000
52449  36.291  -18.253  88.903 0.0000000000
51392  34.476  -19.363  85.761 0.0000000000
140413  32.962  -19.293  82.757 0.0000000000
50361  31.599  -20.134  85.221 0.0000000000
50379  29.115  -20.156  84.602 0.0000000000
50397  26.748  -21.192  83.321 0.0000000000
51368  26.166  -19.974  87.669 0.0000000000
50367  25.469  -20.554  84.978 0.0000000000
51428  24.394  -20.342  82.364 0.0000000000
52544  21.362  -18.497  81.192 0.0000000000
51494  18.874  -19.573  80.027 0.0000000000
65010  46.677  -8.070  62.155 0.0000000000
65016  45.152  -7.743  60.249 0.0000000000
62782  45.027  -9.232  60.334 0.0000000000
52373  21.255  -18.543  95.391 0.0000000000
49345  19.350  -21.081  92.861 0.0000000000
50245  17.881  -20.141  94.623 0.0000000000
124815  16.443  -21.200  90.905 0.0000000000
71469  52.980  -1.732  64.374 0.0000000000
70364  50.054  -1.970  65.128 0.0000000000
68160  49.127  -4.500  65.719 0.0000000000
66160  48.942  -6.702  64.320 0.0000000000
63837  48.944  -8.990  63.707 0.0000000000
62741  47.349  -10.589  64.249 0.0000000000
134568  45.778  -9.097  65.314 0.0000000000
119650  48.894  -9.567  70.147 0.0000000000
63775  46.690  -9.144  68.473 0.0000000000
63795  43.801  -8.540  66.588 0.0000000000
62702  41.668  -9.580  67.388 0.0000000000
141058  39.717  -11.036  67.764 0.0000000000
61598  44.712  -10.666  77.708 0.0000000000
61541  42.208  -10.754  81.066 0.0000000000
60513  42.128  -11.407  77.947 0.0000000000
59549  42.464  -11.938  75.022 0.0000000000
59579  40.714  -12.394  72.462 0.0000000000
59597  38.356  -12.138  69.840 0.0000000000
58529  30.797  -13.802  72.759 0.0000000000
120765  31.615  -19.605  79.572 0.0000000000
51525  30.007  -19.389  77.867 0.0000000000
129517  27.054  -18.280  75.151 0.0000000000
134325  24.465  -20.332  77.078 0.0000000000
51585  24.233  -19.499  74.221 0.0000000000
129582  23.493  -13.300  94.235 0.0000000000
58278  23.028  -12.436  94.498 0.0000000000
125642  36.086  -17.101  85.271 0.0000000000
54695  37.232  -16.302  85.942 0.0000000000
54723  35.976  -16.691  83.848 0.0000000000
54738  35.937  -16.191  83.020 0.0000000000
53570  34.861  -17.181  82.319 0.0000000000
53589  34.006  -17.567  80.999 0.0000000000
141088  34.035  -18.023  82.022 0.0000000000
68181  46.604  -4.529  63.511 0.0000000000
69316  45.485  -3.905  62.241 0.0000000000
67154  45.160  -5.427  61.948 0.0000000000
52495  19.878  -18.248  85.580 0.0000000000
131208  19.033  -19.421  84.829 0.0000000000
52496  19.496  -19.011  86.085 0.0000000000
48451  18.333  -22.492  89.023 0.0000000000
48461  18.216  -22.872  88.520 0.0000000000
48462  16.802  -22.834  88.474 0.0000000000
48470  15.163  -22.919  87.668 0.0000000000
48453  16.331  -22.511  89.044 0.0000000000
119445  29.755  -18.598  92.120 0.0000000000
51297  31.019  -19.029  91.950 0.0000000000
51314  32.390  -19.544  91.686 0.0000000000
141238  30.416  -20.072  90.450 0.0000000000
119886  30.113  -20.761  89.061 0.0000000000
50292  29.747  -20.018  90.393 0.0000000000
53519  22.066  -17.016  87.562 0.0000000000
53528  22.409  -17.536  86.217 0.0000000000
53529  21.390  -17.455  86.232 0.0000000000
53548  20.460  -17.901  84.930 0.0000000000
62758  43.350  -9.052  63.278 0.0000000000
62777  42.449  -9.218  61.327 0.0000000000
62778  41.489  -9.188  61.417 0.0000000000
63765  53.730  -8.055  69.836 0.0000000000
63773  53.040  -8.405  68.418 0.0000000000
63758  53.342  -8.775  70.407 0.0000000000
61628  46.368  -10.517  74.627 0.0000000000
61634  46.528  -10.597  73.281 0.0000000000
60604  45.239  -11.396  73.290 0.0000000000
60619  44.120  -11.724  72.180 0.0000000000
60594  43.787  -12.192  73.676 0.0000000000
59536  36.262  -11.965  76.998 0.0000000000
60539  37.050  -11.619  77.152 0.0000000000
60575  35.880  -11.847  75.557 0.0000000000
141953  36.634  -11.563  74.438 0.0000000000
60589  34.868  -11.853  74.199 0.0000000000
60601  33.752  -11.847  73.049 0.0000000000
59560  34.440  -12.382  74.756 0.0000000000
50419  26.214  -21.195  81.326 0.0000000000
50429  26.624  -20.489  80.703 0.0000000000
50430  25.879  -20.965  80.426 0.0000000000
139220  54.467  -1.125  58.750 0.0000000000
71545  52.874  -1.504  59.183 0.0000000000
54627  22.635  -16.146  89.996 0.0000000000
54642  21.114  -16.325  89.376 0.0000000000
55914  21.556  -16.122  90.723 0.0000000000
54591  21.280  -16.429  92.587 0.0000000000
53466  21.024  -16.953  91.851 0.0000000000
51321  20.781  -19.109  92.222 0.0000000000
50279  20.385  -20.314  91.694 0.0000000000
51302  20.909  -19.673  93.041 0.0000000000
53437  27.326  -17.265  93.056 0.0000000000
53452  27.047  -17.705  92.773 0.0000000000
53439  26.306  -17.126  92.962 0.0000000000
55878  23.933  -15.325  92.017 0.0000000000
54608  24.524  -16.310  91.478 0.0000000000
54626  23.330  -16.211  90.493 0.0000000000
53493  23.002  -16.784  89.276 0.0000000000
57209  39.522  -13.440  86.657 0.0000000000
59417  39.778  -12.187  86.564 0.0000000000
60440  39.538  -11.380  85.699 0.0000000000
60441  39.223  -10.664  84.905 0.0000000000
122889  38.761  -11.766  84.978 0.0000000000
57267  35.731  -14.595  81.293 0.0000000000
58432  36.901  -13.043  81.903 0.0000000000
57284  35.657  -14.113  80.577 0.0000000000
58458  35.877  -12.910  79.174 0.0000000000
57308  34.762  -13.965  78.849 0.0000000000
57316  33.966  -14.142  77.533 0.0000000000
122549  33.846  -15.004  78.604 0.0000000000
53613  32.559  -18.329  78.299 0.0000000000
53625  32.826  -17.181  77.767 0.0000000000
53646  32.143  -17.961  76.555 0.0000000000
52643  31.417  -18.189  75.754 0.0000000000
137087  30.990  -18.886  76.060 0.0000000000
52567  21.441  -18.679  79.155 0.0000000000
52579  21.901  -18.739  78.456 0.0000000000
52596  20.248  -19.206  77.581 0.0000000000
70412  50.131  -2.141  62.239 0.0000000000
71492  49.788  -1.806  60.884 0.0000000000
71494  48.093  -1.830  61.220 0.0000000000
134616  45.043  -2.570  58.622 0.0000000000
49432  17.476  -21.683  80.391 0.0000000000
127110  17.340  -21.919  81.110 0.0000000000
51372  19.444  -20.250  87.370 0.0000000000
50354  19.009  -21.026  86.961 0.0000000000
49399  18.681  -21.798  87.022 0.0000000000
47515  15.569  -23.480  85.345 0.0000000000
47514  16.675  -23.342  85.541 0.0000000000
50303  34.231  -20.234  89.548 0.0000000000
52426  35.516  -19.002  90.211 0.0000000000
50328  34.824  -19.939  88.176 0.0000000000
51366  35.658  -18.837  87.394 0.0000000000
50345  33.899  -20.179  86.868 0.0000000000
50359  33.282  -20.062  85.618 0.0000000000
123976  32.682  -20.320  86.142 0.0000000000
50350  28.666  -20.825  86.932 0.0000000000
126832  29.891  -20.443  86.133 0.0000000000
143772  28.052  -20.758  85.799 0.0000000000
120760  27.511  -20.859  84.255 0.0000000000
50381  26.993  -21.116  84.794 0.0000000000
51335  25.824  -19.091  90.055 0.0000000000
51346  26.422  -19.486  89.528 0.0000000000
51347  25.622  -19.281  89.177 0.0000000000
52493  23.529  -18.836  85.318 0.0000000000
51383  24.559  -19.449  86.176 0.0000000000
51403  24.051  -19.425  85.047 0.0000000000
50384  25.129  -20.536  84.211 0.0000000000
51412  23.506  -19.518  83.586 0.0000000000
51450  22.747  -19.312  81.557 0.0000000000
52532  22.317  -18.851  82.460 0.0000000000
51431  19.149  -19.098  82.163 0.0000000000
52546  19.793  -18.664  81.826 0.0000000000
50422  17.971  -20.045  81.099 0.0000000000
142568  46.551  -9.635  61.738 0.0000000000
63850  46.193  -9.016  61.394 0.0000000000
143025  45.436  -9.784  60.902 0.0000000000
61745  42.749  -10.737  57.975 0.0000000000
51268  20.552  -19.344  95.514 0.0000000000
122875  20.194  -20.344  93.979 0.0000000000
50243  19.522  -20.165  94.643 0.0000000000
50257  15.692  -20.295  93.132 0.0000000000
50269  16.344  -20.389  92.515 0.0000000000
50268  17.123  -20.470  92.170 0.0000000000
49367  15.481  -21.293  91.231 0.0000000000
48446  15.032  -22.055  89.975 0.0000000000
48436  14.304  -22.431  91.440 0.0000000000
70381  53.773  -2.193  63.920 0.0000000000
71418  51.831  -1.484  66.428 0.0000000000
70349  51.330  -1.973  66.700 0.0000000000
70351  49.923  -2.636  65.939 0.0000000000
69267  50.137  -3.534  66.499 0.0000000000
67097  51.876  -6.375  66.480 0.0000000000
129809  50.223  -5.968  65.692 0.0000000000
66136  50.314  -6.665  65.317 0.0000000000
64998  49.272  -7.445  64.199 0.0000000000
64996  50.555  -8.293  64.919 0.0000000000
62711  49.792  -10.203  66.197 0.0000000000
61685  49.333  -10.486  64.973 0.0000000000
62727  48.019  -10.408  65.310 0.0000000000
143832  46.694  -9.965  64.669 0.0000000000
62713  47.141  -9.647  65.957 0.0000000000
119053  51.440  -9.139  72.854 0.0000000000
62654  51.208  -9.546  71.185 0.0000000000
62655  49.417  -9.557  71.666 0.0000000000
62669  45.701  -9.990  70.474 0.0000000000
62678  46.663  -9.367  69.320 0.0000000000
62688  45.872  -9.139  68.904 0.0000000000
63784  44.605  -8.581  67.305 0.0000000000
63777  44.039  -8.860  68.079 0.0000000000
62714  42.246  -9.022  66.855 0.0000000000
62691  42.726  -9.703  68.328 0.0000000000
60646  41.759  -12.070  69.440 0.0000000000
61662  40.802  -11.207  68.227 0.0000000000
60656  40.452  -11.951  68.625 0.0000000000
60658  38.756  -11.889  68.334 0.0000000000
142240  44.100  -10.616  79.317 0.0000000000
61522  39.617  -10.255  81.795 0.0000000000
119161  41.019  -9.752  82.415 0.0000000000
138104  40.386  -10.290  81.049 0.0000000000
60556  39.567  -11.150  76.560 0.0000000000
60535  40.790  -11.289  77.911 0.0000000000
141697  41.430  -11.702  76.986 0.0000000000
60553  42.651  -11.645  76.857 0.0000000000
60570  41.530  -11.805  75.296 0.0000000000
59567  41.849  -12.433  73.513 0.0000000000
60584  40.565  -11.818  73.931 0.0000000000
60626  36.644  -11.584  71.283 0.0000000000
60624  38.293  -11.841  71.822 0.0000000000
60638  36.689  -11.791  70.426 0.0000000000
59625  36.980  -12.157  68.688 0.0000000000
59611  35.988  -11.904  68.960 0.0000000000
59612  34.929  -11.923  68.915 0.0000000000
59601  32.158  -12.329  70.307 0.0000000000
59630  32.599  -12.602  68.602 0.0000000000
120999  32.418  -14.293  74.857 0.0000000000
143070  31.760  -13.760  73.665 0.0000000000
57358  31.194  -14.149  73.575 0.0000000000
56173  29.113  -15.334  70.809 0.0000000000
51425  31.818  -19.611  82.320 0.0000000000
51442  32.377  -19.459  81.682 0.0000000000
51444  30.917  -19.649  81.170 0.0000000000
51505  27.457  -19.268  78.688 0.0000000000
134060  29.503  -19.281  78.525 0.0000000000
52578  28.154  -18.871  77.914 0.0000000000
52620  28.322  -18.619  76.428 0.0000000000
52622  26.623  -18.625  76.332 0.0000000000
51554  23.276  -20.172  76.833 0.0000000000
51530  24.321  -20.495  77.752 0.0000000000
50496  23.695  -20.532  76.308 0.0000000000
51571  23.815  -20.355  74.791 0.0000000000
52669  24.701  -18.721  73.702 0.0000000000
72617  48.625  -0.622  58.212 0.0000000000
72628  50.473  -0.201  57.745 0.0000000000
65024  45.237  -7.250  58.225 0.0000000000
57137  23.078  -14.734  92.181 0.0000000000
55896  21.820  -15.811  91.426 0.0000000000
57120  22.936  -14.192  93.106 0.0000000000
57121  22.209  -14.676  93.223 0.0000000000
131050  21.422  -15.819  93.569 0.0000000000
57118  24.814  -14.060  93.400 0.0000000000
53504  37.749  -16.691  88.398 0.0000000000
55921  38.786  -14.995  88.592 0.0000000000
55963  38.382  -15.709  86.849 0.0000000000
55978  38.247  -15.318  86.034 0.0000000000
57223  38.389  -14.091  85.132 0.0000000000
58406  37.786  -13.351  84.183 0.0000000000
56006  36.855  -15.079  83.938 0.0000000000
56018  35.937  -15.070  82.054 0.0000000000
56043  34.843  -15.854  81.183 0.0000000000
54796  33.819  -16.221  79.574 0.0000000000
54784  33.965  -16.749  80.052 0.0000000000
53603  33.244  -17.792  79.640 0.0000000000
52564  32.857  -18.434  79.780 0.0000000000
50458  18.911  -20.364  78.699 0.0000000000
50476  19.494  -20.379  77.529 0.0000000000
48542  19.561  -22.179  77.651 0.0000000000
70400  48.137  -2.420  63.519 0.0000000000
119348  47.751  -2.145  61.933 0.0000000000
70416  46.560  -2.780  62.509 0.0000000000
69343  44.738  -3.061  60.864 0.0000000000
51413  19.029  -19.108  83.056 0.0000000000
50409  17.775  -21.040  82.438 0.0000000000
134506  18.578  -19.831  83.447 0.0000000000
50400  18.394  -20.759  83.872 0.0000000000
49414  17.921  -22.050  84.092 0.0000000000
48459  18.674  -21.927  88.456 0.0000000000
48467  18.537  -22.311  87.726 0.0000000000
139466  18.373  -22.788  88.028 0.0000000000
47500  17.146  -23.206  87.362 0.0000000000
46436  14.084  -23.986  86.980 0.0000000000
50288  33.236  -20.282  90.462 0.0000000000
119887  32.640  -20.656  88.696 0.0000000000
121167  31.978  -20.622  87.332 0.0000000000
119660  30.744  -20.937  88.459 0.0000000000
119659  29.811  -20.870  88.322 0.0000000000
140771  28.479  -20.703  87.669 0.0000000000
52451  24.083  -18.090  88.362 0.0000000000
52450  24.411  -18.785  88.223 0.0000000000
52466  23.922  -18.380  87.523 0.0000000000
127369  23.580  -18.561  86.089 0.0000000000
122800  23.052  -18.507  84.870 0.0000000000
120364  21.697  -18.457  82.965 0.0000000000
53547  21.414  -17.914  84.512 0.0000000000
140533  19.495  -18.599  83.593 0.0000000000
132812  45.162  -10.620  61.835 0.0000000000
61727  45.163  -10.260  61.268 0.0000000000
62776  43.488  -9.544  61.172 0.0000000000
61732  42.502  -10.401  59.997 0.0000000000
50258  14.733  -20.812  93.398 0.0000000000
120819  14.216  -22.021  92.777 0.0000000000
47485  13.795  -23.176  92.080 0.0000000000
136584  13.831  -23.379  92.842 0.0000000000
64966  52.607  -7.755  67.002 0.0000000000
63805  51.210  -8.520  65.756 0.0000000000
63781  51.860  -8.569  67.077 0.0000000000
62694  51.210  -9.100  67.472 0.0000000000
123214  49.802  -9.792  67.716 0.0000000000
62636  48.593  -9.356  74.024 0.0000000000
62646  48.703  -9.670  72.223 0.0000000000
61633  47.262  -10.158  72.996 0.0000000000
61643  46.157  -10.586  71.805 0.0000000000
61650  44.904  -10.340  70.698 0.0000000000
61655  43.773  -10.306  69.748 0.0000000000
127699  43.633  -11.011  70.216 0.0000000000
60633  43.247  -12.102  70.969 0.0000000000
60622  42.043  -12.733  71.023 0.0000000000
60500  37.550  -11.453  79.572 0.0000000000
61564  38.819  -10.956  79.411 0.0000000000
60516  37.962  -11.090  78.323 0.0000000000
60537  38.347  -11.057  77.487 0.0000000000
60573  39.046  -11.110  75.994 0.0000000000
60586  38.870  -11.409  74.361 0.0000000000
136449  37.527  -11.443  74.661 0.0000000000
122582  36.138  -11.498  73.090 0.0000000000
60627  35.290  -11.415  71.589 0.0000000000
60640  34.363  -11.640  70.618 0.0000000000
60614  33.981  -11.513  72.082 0.0000000000
60630  32.733  -12.058  71.593 0.0000000000
126224  31.802  -12.699  71.890 0.0000000000
54857  30.572  -16.652  74.098 0.0000000000
56147  30.048  -15.125  73.118 0.0000000000
56134  29.682  -15.983  73.114 0.0000000000
129918  28.429  -16.725  71.692 0.0000000000
53744  28.059  -17.264  70.253 0.0000000000
140527  28.890  -19.737  82.458 0.0000000000
119658  29.979  -19.437  80.965 0.0000000000
51468  28.196  -19.647  80.738 0.0000000000
51488  27.210  -19.601  79.600 0.0000000000
51506  26.345  -19.486  78.386 0.0000000000
50533  22.584  -21.184  74.664 0.0000000000
48604  22.308  -22.696  74.068 0.0000000000
71557  55.150  -1.173  58.283 0.0000000000
72625  53.806  -0.615  57.161 0.0000000000
119628  51.877  -0.031  56.423 0.0000000000
54673  21.119  -16.843  87.917 0.0000000000
52467  20.049  -18.337  87.310 0.0000000000
54674  20.701  -16.955  88.368 0.0000000000
52441  20.112  -18.395  89.055 0.0000000000
51360  19.869  -19.428  88.732 0.0000000000
54610  21.099  -16.577  91.017 0.0000000000
52418  20.354  -18.391  90.780 0.0000000000
50322  19.703  -20.362  89.389 0.0000000000
50310  19.497  -20.895  90.211 0.0000000000
134151  18.848  -21.530  90.336 0.0000000000
48434  18.697  -21.618  90.758 0.0000000000
51299  29.154  -18.844  91.984 0.0000000000
51332  28.305  -19.430  91.067 0.0000000000
51301  27.643  -18.735  91.958 0.0000000000
52415  26.511  -18.609  91.432 0.0000000000
52416  25.980  -18.398  91.043 0.0000000000
54607  25.476  -16.818  91.856 0.0000000000
53464  25.758  -17.689  91.415 0.0000000000
119528  25.063  -18.289  89.845 0.0000000000
53492  23.940  -17.354  89.435 0.0000000000
122545  22.567  -16.873  88.429 0.0000000000
63842  40.577  -8.554  63.341 0.0000000000
62770  40.918  -8.757  61.971 0.0000000000
62771  40.145  -9.362  62.317 0.0000000000
63751  53.214  -8.687  71.624 0.0000000000
62615  50.263  -8.591  75.321 0.0000000000
62616  48.719  -9.079  75.506 0.0000000000
119891  47.746  -9.461  75.386 0.0000000000
61617  46.311  -10.316  75.369 0.0000000000
61477  39.244  -10.141  83.891 0.0000000000
61499  38.618  -10.687  82.365 0.0000000000
59452  37.704  -12.666  83.707 0.0000000000
60463  37.605  -11.833  82.037 0.0000000000
60475  37.543  -11.645  81.220 0.0000000000
59492  37.122  -12.103  79.927 0.0000000000
59507  35.848  -12.628  78.207 0.0000000000
58501  34.882  -12.752  76.529 0.0000000000
59552  33.996  -13.005  75.247 0.0000000000
58502  34.404  -13.421  77.059 0.0000000000
57329  33.219  -14.669  76.498 0.0000000000
56108  32.576  -15.522  75.971 0.0000000000
54810  33.092  -16.356  78.093 0.0000000000
126821  32.565  -16.085  76.436 0.0000000000
54847  31.626  -16.524  75.178 0.0000000000
54848  31.047  -17.095  74.723 0.0000000000
53686  29.694  -17.942  74.221 0.0000000000
53687  28.871  -18.116  74.123 0.0000000000
50433  23.928  -20.486  80.545 0.0000000000
50456  24.238  -20.802  79.452 0.0000000000
143178  22.974  -19.233  78.872 0.0000000000
127920  22.440  -19.320  76.980 0.0000000000
51556  21.527  -19.561  76.257 0.0000000000
50499  19.768  -20.662  76.858 0.0000000000
49500  20.548  -21.030  75.767 0.0000000000
70427  52.602  -2.779  61.010 0.0000000000
71505  51.762  -2.009  59.931 0.0000000000
127052  51.253  -2.180  60.481 0.0000000000
71529  49.218  -1.136  59.654 0.0000000000
127398  48.059  -0.903  58.575 0.0000000000
71510  46.694  -1.818  60.322 0.0000000000
71532  46.590  -1.559  58.875 0.0000000000
51385  19.346  -20.028  86.505 0.0000000000
50369  18.774  -21.211  85.558 0.0000000000
48482  17.736  -22.403  84.820 0.0000000000
48474  18.127  -22.753  86.560 0.0000000000
120453  17.377  -22.950  85.224 0.0000000000
53491  37.198  -17.115  89.328 0.0000000000
52463  36.748  -17.619  87.633 0.0000000000
121296  35.639  -18.338  86.244 0.0000000000
121612  34.860  -18.339  84.283 0.0000000000
122850  34.116  -18.390  83.054 0.0000000000
126364  33.523  -19.374  84.215 0.0000000000
51401  32.761  -19.704  84.066 0.0000000000
138956  31.515  -19.772  83.772 0.0000000000
126833  30.916  -20.359  86.089 0.0000000000
50378  30.057  -19.981  84.606 0.0000000000
119178  29.654  -19.821  83.905 0.0000000000
50395  28.391  -20.250  83.236 0.0000000000
50406  27.152  -20.994  82.606 0.0000000000
135945  26.239  -21.282  82.389 0.0000000000
50294  28.086  -19.734  90.101 0.0000000000
50320  27.796  -20.268  88.256 0.0000000000
50336  26.849  -20.404  87.084 0.0000000000
51369  25.438  -19.629  87.321 0.0000000000
50337  26.029  -20.259  86.767 0.0000000000
50366  26.643  -20.912  85.466 0.0000000000
50383  25.827  -20.900  84.353 0.0000000000
50398  25.784  -21.058  83.458 0.0000000000
50421  24.246  -20.542  81.271 0.0000000000
51449  23.440  -19.964  81.018 0.0000000000
52543  22.114  -18.884  80.788 0.0000000000
129015  20.929  -18.562  79.839 0.0000000000
52533  21.348  -18.448  82.163 0.0000000000
52557  19.900  -18.625  80.890 0.0000000000
51493  19.364  -19.220  79.531 0.0000000000
50442  18.373  -20.667  79.311 0.0000000000
66180  46.742  -7.100  62.808 0.0000000000
140272  45.543  -6.894  61.734 0.0000000000
65013  45.886  -7.747  61.634 0.0000000000
62788  43.419  -9.511  58.997 0.0000000000
62796  43.401  -9.626  58.130 0.0000000000
61734  41.024  -10.866  60.836 0.0000000000
59326  22.393  -12.409  95.029 0.0000000000
57098  21.745  -14.007  95.409 0.0000000000
54557  21.563  -15.856  94.924 0.0000000000
54546  21.479  -16.069  95.851 0.0000000000
120230  21.301  -18.288  94.586 0.0000000000
51288  20.886  -19.810  93.652 0.0000000000
49352  19.673  -21.182  92.320 0.0000000000
49364  18.811  -21.565  91.549 0.0000000000
50237  19.053  -20.017  95.422 0.0000000000
139709  18.546  -20.897  93.128 0.0000000000
49365  18.182  -21.464  91.405 0.0000000000
49379  16.719  -21.810  90.199 0.0000000000
48454  15.287  -22.341  89.176 0.0000000000
70409  54.324  -2.703  62.393 0.0000000000
121355  52.836  -2.566  62.799 0.0000000000
70396  52.023  -2.286  63.074 0.0000000000
71471  51.330  -1.846  63.809 0.0000000000
71437  52.625  -1.132  65.969 0.0000000000
71455  51.493  -1.578  64.688 0.0000000000
71457  50.006  -1.743  64.339 0.0000000000
70366  48.640  -2.738  64.822 0.0000000000
69291  48.209  -3.645  64.788 0.0000000000
68171  47.905  -4.553  64.624 0.0000000000
68142  49.854  -4.505  66.245 0.0000000000
67116  48.956  -5.373  65.343 0.0000000000
66174  47.661  -6.232  63.840 0.0000000000
124484  47.504  -7.063  63.359 0.0000000000
63844  47.766  -8.845  62.725 0.0000000000
62765  47.465  -9.904  62.535 0.0000000000
143055  49.868  -9.448  64.565 0.0000000000
61711  48.148  -10.422  63.753 0.0000000000
61702  46.904  -10.594  63.410 0.0000000000
62756  45.964  -10.327  63.356 0.0000000000
62744  44.526  -9.338  64.356 0.0000000000
63824  44.044  -8.946  64.985 0.0000000000
62663  51.924  -9.460  70.519 0.0000000000
138465  50.592  -9.573  69.428 0.0000000000
62686  49.067  -9.653  68.358 0.0000000000
62666  48.341  -9.726  70.682 0.0000000000
119648  48.274  -9.480  69.023 0.0000000000
62687  47.521  -9.329  67.866 0.0000000000
63792  46.499  -8.877  66.738 0.0000000000
63808  44.345  -8.589  65.723 0.0000000000
63826  42.293  -8.476  64.486 0.0000000000
63811  41.738  -8.515  65.231 0.0000000000
125808  40.354  -8.991  65.468 0.0000000000
62692  41.970  -10.043  68.094 0.0000000000
61677  39.969  -9.926  66.839 0.0000000000
61596  46.239  -10.146  77.067 0.0000000000
60550  44.972  -10.983  76.107 0.0000000000
61540  42.822  -10.834  80.922 0.0000000000
61562  40.825  -10.696  79.630 0.0000000000
60498  41.780  -10.903  79.460 0.0000000000
60496  43.057  -11.109  79.048 0.0000000000
142088  43.453  -11.344  77.549 0.0000000000
119939  43.745  -11.472  76.135 0.0000000000
60582  43.834  -12.050  74.342 0.0000000000
59565  43.171  -12.343  74.017 0.0000000000
59578  41.526  -12.472  72.650 0.0000000000
59589  40.476  -12.480  71.092 0.0000000000
60608  39.323  -11.806  72.905 0.0000000000
59590  38.974  -12.244  71.253 0.0000000000
132398  39.651  -12.564  69.957 0.0000000000
59624  38.300  -12.160  68.665 0.0000000000
59629  33.401  -12.436  68.412 0.0000000000
58565  32.869  -13.418  67.416 0.0000000000
59562  33.003  -13.095  74.130 0.0000000000
59573  32.299  -12.970  73.168 0.0000000000
58532  30.776  -13.190  71.462 0.0000000000
57362  30.061  -14.416  72.428 0.0000000000
57367  29.910  -14.125  71.533 0.0000000000
52542  33.270  -18.733  81.729 0.0000000000
51463  32.734  -18.972  80.247 0.0000000000
51501  31.972  -19.520  78.981 0.0000000000
120600  29.899  -19.377  80.110 0.0000000000
51503  30.608  -19.474  78.512 0.0000000000
51524  30.826  -19.428  77.583 0.0000000000
52619  29.281  -18.919  76.267 0.0000000000
52646  28.672  -18.594  75.538 0.0000000000
52666  27.487  -18.203  74.587 0.0000000000
51508  24.691  -20.562  78.455 0.0000000000
134748  24.868  -20.223  77.790 0.0000000000
136211  25.186  -19.790  77.250 0.0000000000
141982  23.933  -20.503  75.624 0.0000000000
135028  24.405  -19.919  75.225 0.0000000000
52623  25.804  -18.900  76.047 0.0000000000
52649  25.643  -18.621  75.101 0.0000000000
52667  26.436  -18.170  74.545 0.0000000000
72615  51.467  -0.754  58.755 0.0000000000
119630  51.176  0.007  57.070 0.0000000000
137458  50.667  0.358  55.310 0.0000000000
121564  44.734  -5.880  60.658 0.0000000000
120334  35.296  -17.938  84.151 0.0000000000
53546  35.760  -17.484  84.540 0.0000000000
53559  35.450  -17.507  83.650 0.0000000000
54724  35.507  -16.982  83.032 0.0000000000
125819  35.124  -17.600  82.996 0.0000000000
52530  34.472  -17.912  82.582 0.0000000000
67145  46.255  -5.326  63.124 0.0000000000
141822  46.135  -4.571  63.076 0.0000000000
67153  45.676  -5.595  62.544 0.0000000000
53539  20.525  -17.788  85.872 0.0000000000
52480  19.970  -18.291  86.430 0.0000000000
47494  17.706  -23.050  88.555 0.0000000000
136743  17.224  -22.798  88.973 0.0000000000
48445  17.019  -22.408  89.516 0.0000000000
51298  30.101  -19.003  91.975 0.0000000000
52399  30.607  -18.455  92.180 0.0000000000
51316  30.536  -19.428  91.524 0.0000000000
51315  31.483  -19.533  91.566 0.0000000000
50277  30.084  -19.726  91.021 0.0000000000
50278  29.247  -19.611  91.069 0.0000000000
53520  21.205  -17.185  87.133 0.0000000000
62759  42.539  -8.802  62.733 0.0000000000
142640  42.513  -8.841  62.326 0.0000000000
62769  41.974  -8.738  62.125 0.0000000000
63757  53.376  -8.396  70.645 0.0000000000
61629  45.739  -11.027  74.426 0.0000000000
61635  45.884  -11.060  73.616 0.0000000000
60592  45.338  -11.403  73.963 0.0000000000
60605  44.472  -11.743  72.931 0.0000000000
60593  44.632  -11.846  73.943 0.0000000000
59537  35.590  -12.328  76.797 0.0000000000
60559  36.036  -11.884  76.246 0.0000000000
59550  35.396  -12.236  75.962 0.0000000000
59559  35.268  -11.980  75.057 0.0000000000
50431  25.224  -21.139  80.004 0.0000000000
70445  54.413  -2.313  60.750 0.0000000000
70465  53.837  -1.996  60.028 0.0000000000
70466  53.060  -2.071  59.818 0.0000000000
55912  22.853  -15.779  90.801 0.0000000000
55913  22.143  -15.788  90.647 0.0000000000
53455  21.043  -17.438  92.860 0.0000000000
52404  20.957  -18.616  92.932 0.0000000000
54569  27.716  -16.621  93.163 0.0000000000
53438  26.702  -17.211  93.097 0.0000000000
54571  26.341  -16.597  93.276 0.0000000000
54609  23.594  -15.895  91.123 0.0000000000
58375  39.225  -13.295  86.116 0.0000000000
58374  39.584  -12.659  86.443 0.0000000000
125313  39.687  -11.952  86.208 0.0000000000
59440  39.232  -12.169  85.728 0.0000000000
59441  38.840  -12.709  85.278 0.0000000000
130003  35.003  -14.950  80.692 0.0000000000
57283  36.081  -13.962  81.167 0.0000000000
57297  35.027  -14.253  79.777 0.0000000000
57298  34.321  -14.786  79.169 0.0000000000
53626  32.497  -18.077  77.516 0.0000000000
52616  32.087  -18.695  77.120 0.0000000000
52617  31.566  -18.798  76.564 0.0000000000
52589  31.644  -19.233  77.433 0.0000000000
52568  20.515  -18.628  79.056 0.0000000000
52580  21.124  -18.729  78.428 0.0000000000
52581  20.361  -18.843  78.290 0.0000000000
70413  49.136  -1.925  62.410 0.0000000000
70430  49.520  -1.969  61.673 0.0000000000
70431  48.622  -1.954  61.845 0.0000000000
50423  17.653  -20.791  81.514 0.0000000000
50323  19.497  -20.528  88.316 0.0000000000
50338  19.062  -21.013  87.720 0.0000000000
49395  18.779  -21.635  87.684 0.0000000000
50317  34.203  -20.273  88.656 0.0000000000
50302  34.922  -19.944  89.099 0.0000000000
50329  34.120  -20.264  87.776 0.0000000000
136899  34.685  -19.797  87.293 0.0000000000
137314  33.358  -20.219  86.292 0.0000000000
50346  32.892  -20.461  86.927 0.0000000000
50364  28.823  -20.655  86.154 0.0000000000
50380  27.711  -20.735  85.089 0.0000000000
50365  27.386  -20.842  85.747 0.0000000000
51348  24.909  -19.073  88.762 0.0000000000
52507  23.411  -19.160  84.443 0.0000000000
51430  22.929  -19.260  83.086 0.0000000000
51452  18.589  -19.572  81.629 0.0000000000
50435  17.659  -20.770  80.659 0.0000000000
62766  46.774  -10.052  62.013 0.0000000000
62774  46.154  -10.053  61.455 0.0000000000
61730  45.634  -10.092  61.079 0.0000000000
52357  20.881  -18.407  96.341 0.0000000000
51257  20.500  -19.215  96.225 0.0000000000
50236  20.040  -19.664  94.955 0.0000000000
125375  20.045  -19.720  95.981 0.0000000000
49356  15.604  -20.655  92.439 0.0000000000
49355  16.161  -20.675  91.740 0.0000000000
49381  14.911  -21.870  90.833 0.0000000000
49368  14.769  -21.783  91.618 0.0000000000
71452  54.792  -1.750  65.035 0.0000000000
71436  54.954  -1.032  65.685 0.0000000000
71402  51.888  -1.761  67.340 0.0000000000
70350  50.657  -2.527  66.518 0.0000000000
66134  51.612  -7.017  65.998 0.0000000000
67114  50.952  -6.416  65.993 0.0000000000
66135  51.034  -7.244  65.550 0.0000000000
66158  50.370  -7.499  64.938 0.0000000000
64980  50.997  -8.043  65.367 0.0000000000
143775  49.086  -10.310  66.435 0.0000000000
62726  48.748  -10.516  65.676 0.0000000000
62712  48.167  -10.020  66.251 0.0000000000
119520  50.349  -9.148  72.935 0.0000000000
62644  50.495  -9.382  72.014 0.0000000000
62645  49.531  -9.402  72.584 0.0000000000
62670  45.016  -9.876  69.982 0.0000000000
62679  45.840  -9.564  69.694 0.0000000000
131112  45.056  -9.304  69.280 0.0000000000
63776  45.053  -8.861  68.345 0.0000000000
62689  44.226  -9.211  68.916 0.0000000000
62700  43.223  -9.075  67.864 0.0000000000
62690  43.453  -9.404  68.580 0.0000000000
60655  41.270  -11.722  68.756 0.0000000000
60657  39.594  -11.929  68.505 0.0000000000
59608  39.915  -12.375  69.219 0.0000000000
61559  44.210  -10.420  80.041 0.0000000000
138094  39.578  -10.428  80.937 0.0000000000
60555  40.426  -11.451  76.464 0.0000000000
136856  40.759  -11.574  75.793 0.0000000000
60554  41.324  -11.649  76.395 0.0000000000
60571  40.615  -11.674  75.098 0.0000000000
60583  41.156  -11.932  74.510 0.0000000000
142912  40.548  -11.714  74.558 0.0000000000
124451  35.835  -11.525  70.881 0.0000000000
60648  35.984  -11.819  69.952 0.0000000000
60649  35.333  -11.820  69.583 0.0000000000
60650  34.590  -11.821  69.737 0.0000000000
59602  31.391  -12.639  70.523 0.0000000000
59616  31.551  -12.652  69.642 0.0000000000
58544  31.072  -13.105  69.069 0.0000000000
57349  31.982  -14.877  74.811 0.0000000000
57353  31.942  -14.140  74.204 0.0000000000
57354  31.348  -14.887  74.218 0.0000000000
52592  27.809  -18.637  77.176 0.0000000000
52593  26.917  -18.773  77.078 0.0000000000
51572  21.889  -20.265  75.811 0.0000000000
50497  22.814  -20.490  76.001 0.0000000000
71547  47.880  -0.796  57.716 0.0000000000
72631  47.933  -0.694  56.901 0.0000000000
57119  23.809  -14.215  92.919 0.0000000000
57108  22.703  -13.688  94.252 0.0000000000
128252  21.749  -15.060  93.556 0.0000000000
57107  24.383  -13.358  94.014 0.0000000000
126823  37.368  -16.935  87.283 0.0000000000
54665  38.016  -16.316  87.433 0.0000000000
54680  37.709  -16.379  86.666 0.0000000000
54709  36.890  -16.085  85.219 0.0000000000
55979  37.612  -15.703  85.570 0.0000000000
55977  38.618  -14.547  85.830 0.0000000000
55992  37.975  -14.956  85.306 0.0000000000
57224  37.625  -14.576  84.584 0.0000000000
54739  35.410  -16.398  82.416 0.0000000000
141499  35.843  -15.771  82.444 0.0000000000
56019  35.413  -15.813  81.889 0.0000000000
56031  35.401  -15.256  81.436 0.0000000000
54769  34.311  -16.775  80.829 0.0000000000
49448  18.607  -21.184  78.631 0.0000000000
49447  19.109  -20.841  78.062 0.0000000000
129589  19.044  -21.701  78.090 0.0000000000
70383  47.527  -3.004  63.748 0.0000000000
70415  47.333  -2.481  62.615 0.0000000000
70401  46.935  -2.931  63.225 0.0000000000
142079  44.919  -4.440  61.674 0.0000000000
69331  45.143  -3.524  61.619 0.0000000000
68211  44.508  -4.416  60.735 0.0000000000
67162  44.785  -5.008  59.456 0.0000000000
51404  18.930  -19.181  83.959 0.0000000000
142701  18.655  -20.056  84.370 0.0000000000
50386  18.613  -20.984  84.759 0.0000000000
123324  18.274  -21.518  84.353 0.0000000000
48460  18.438  -22.515  88.422 0.0000000000
47495  17.268  -23.056  88.013 0.0000000000
47507  15.836  -23.315  86.176 0.0000000000
47508  14.887  -23.418  85.985 0.0000000000
119055  15.080  -23.196  86.757 0.0000000000
47502  14.444  -23.286  87.253 0.0000000000
47503  13.935  -23.775  87.750 0.0000000000
52396  32.952  -18.099  92.421 0.0000000000
50290  31.619  -20.218  90.487 0.0000000000
50274  32.859  -20.049  91.170 0.0000000000
50289  32.358  -20.294  90.462 0.0000000000
50305  32.693  -20.524  89.643 0.0000000000
119662  31.841  -20.729  89.083 0.0000000000
50332  31.746  -20.799  88.253 0.0000000000
142312  31.312  -20.859  88.784 0.0000000000
123813  29.338  -20.601  88.845 0.0000000000
136649  29.122  -20.747  88.183 0.0000000000
141664  23.410  -17.919  87.256 0.0000000000
141683  23.123  -17.913  86.306 0.0000000000
52494  22.966  -18.017  85.564 0.0000000000
53537  22.292  -17.966  84.860 0.0000000000
52509  22.094  -18.191  84.142 0.0000000000
139678  19.784  -18.262  84.867 0.0000000000
52510  20.011  -18.110  84.129 0.0000000000
61721  44.907  -10.388  62.558 0.0000000000
62767  44.346  -10.031  61.767 0.0000000000
142983  41.914  -9.626  60.856 0.0000000000
62785  42.795  -9.774  60.523 0.0000000000
61738  42.088  -11.069  59.613 0.0000000000
60711  41.834  -11.906  59.659 0.0000000000
127559  13.831  -23.171  93.123 0.0000000000
63790  51.947  -8.265  66.676 0.0000000000
63780  52.715  -8.168  67.568 0.0000000000
62684  52.341  -8.955  68.893 0.0000000000
63774  52.064  -8.637  67.921 0.0000000000
62695  50.456  -9.723  67.170 0.0000000000
62685  50.574  -9.407  68.004 0.0000000000
62637  47.875  -9.769  73.519 0.0000000000
127569  45.912  -10.981  72.665 0.0000000000
61644  45.532  -10.440  71.243 0.0000000000
125677  44.852  -10.907  71.372 0.0000000000
125676  44.273  -10.928  70.819 0.0000000000
60620  43.506  -11.963  71.705 0.0000000000
60621  42.743  -12.358  71.405 0.0000000000
60634  42.682  -12.269  70.539 0.0000000000
128591  37.563  -11.404  78.866 0.0000000000
60499  38.003  -11.004  79.161 0.0000000000
60557  37.282  -11.413  76.212 0.0000000000
122893  37.841  -11.153  76.824 0.0000000000
126373  38.676  -11.030  76.682 0.0000000000
121509  38.175  -11.111  75.879 0.0000000000
60587  38.151  -11.268  74.922 0.0000000000
120864  36.275  -11.543  73.943 0.0000000000
60612  35.534  -11.419  72.452 0.0000000000
60613  34.780  -11.400  72.095 0.0000000000
122684  34.633  -11.503  72.800 0.0000000000
60615  33.137  -11.920  72.227 0.0000000000
59582  32.418  -12.361  72.085 0.0000000000
54868  30.027  -16.594  73.530 0.0000000000
122931  27.979  -17.281  71.148 0.0000000000
142497  27.695  -17.674  70.147 0.0000000000
51446  28.271  -20.000  81.893 0.0000000000
119657  28.463  -19.695  81.279 0.0000000000
51447  27.786  -20.050  81.380 0.0000000000
51489  26.374  -20.129  79.904 0.0000000000
135685  27.010  -19.826  80.288 0.0000000000
126553  26.641  -19.704  79.144 0.0000000000
72614  53.001  -0.894  58.437 0.0000000000
71543  53.897  -0.786  58.097 0.0000000000
72626  53.005  -0.537  57.536 0.0000000000
72642  52.734  -0.333  56.693 0.0000000000
119517  52.064  -0.331  57.274 0.0000000000
54658  21.714  -16.644  88.301 0.0000000000
53521  20.529  -17.455  87.722 0.0000000000
54659  21.085  -16.503  88.619 0.0000000000
54660  20.620  -16.810  88.962 0.0000000000
53494  20.346  -17.503  89.382 0.0000000000
143325  21.456  -16.196  91.202 0.0000000000
135038  21.392  -16.259  91.727 0.0000000000
141634  20.589  -18.485  91.537 0.0000000000
53467  20.636  -17.450  91.115 0.0000000000
51349  20.024  -19.389  89.651 0.0000000000
131636  19.972  -20.204  90.366 0.0000000000
50295  19.978  -20.722  91.276 0.0000000000
49376  19.376  -21.171  90.898 0.0000000000
49377  19.199  -21.364  91.203 0.0000000000
53436  28.131  -17.358  92.749 0.0000000000
54567  28.995  -17.079  92.631 0.0000000000
52383  28.880  -17.789  92.344 0.0000000000
52400  29.170  -18.351  92.138 0.0000000000
52384  28.351  -18.250  92.245 0.0000000000
51300  28.272  -18.802  91.978 0.0000000000
122180  27.761  -18.428  92.220 0.0000000000
53453  26.664  -17.710  92.533 0.0000000000
52402  26.799  -18.297  91.981 0.0000000000
55876  25.529  -15.604  93.019 0.0000000000
54589  25.840  -16.526  92.887 0.0000000000
54625  24.076  -16.644  90.686 0.0000000000
53465  24.991  -17.174  90.990 0.0000000000
53478  25.365  -18.007  90.609 0.0000000000
52429  24.566  -17.929  89.487 0.0000000000
63848  40.497  -8.776  62.645 0.0000000000
62627  49.384  -9.075  74.785 0.0000000000
137757  49.512  -8.737  75.588 0.0000000000
120561  48.221  -9.141  76.235 0.0000000000
125643  47.483  -9.524  76.148 0.0000000000
62617  46.973  -9.946  75.772 0.0000000000
62609  46.859  -9.692  76.564 0.0000000000
57173  39.152  -14.458  88.124 0.0000000000
60453  38.613  -10.982  84.092 0.0000000000
61478  38.761  -10.594  83.274 0.0000000000
57237  37.306  -14.099  83.849 0.0000000000
58407  37.353  -13.340  83.393 0.0000000000
59463  37.319  -12.557  82.342 0.0000000000
59471  37.188  -12.380  81.561 0.0000000000
59481  37.120  -12.221  80.751 0.0000000000
59482  36.691  -12.685  80.317 0.0000000000
58476  35.242  -13.248  78.510 0.0000000000
58490  35.152  -12.854  77.539 0.0000000000
57317  33.419  -14.735  77.161 0.0000000000
57330  32.908  -14.941  76.116 0.0000000000
56092  32.927  -15.389  76.718 0.0000000000
54797  33.418  -16.357  78.878 0.0000000000
127230  32.535  -17.320  77.091 0.0000000000
54811  32.754  -16.372  77.191 0.0000000000
54824  32.358  -16.881  76.480 0.0000000000
54846  32.206  -16.312  75.853 0.0000000000
143814  31.399  -17.417  75.271 0.0000000000
52644  30.607  -18.558  75.496 0.0000000000
53670  30.887  -17.891  75.035 0.0000000000
53671  30.144  -18.236  74.860 0.0000000000
52664  29.273  -18.396  74.794 0.0000000000
51470  23.395  -20.025  80.124 0.0000000000
51492  23.164  -19.535  79.350 0.0000000000
52595  21.120  -18.867  77.574 0.0000000000
52594  22.076  -18.857  77.588 0.0000000000
52624  21.731  -19.014  76.785 0.0000000000
49465  19.465  -21.290  77.375 0.0000000000
49483  19.757  -21.288  76.712 0.0000000000
49482  20.068  -21.627  76.269 0.0000000000
48583  20.505  -22.059  75.689 0.0000000000
70428  51.847  -2.837  61.516 0.0000000000
70448  51.834  -2.587  60.695 0.0000000000
70449  51.128  -2.537  61.103 0.0000000000
71507  49.204  -1.492  60.368 0.0000000000
141984  48.672  -1.312  59.982 0.0000000000
71530  48.421  -1.096  59.372 0.0000000000
126324  47.519  -1.221  59.092 0.0000000000
70432  47.116  -2.051  61.241 0.0000000000
70467  45.692  -2.080  58.890 0.0000000000
49427  17.471  -21.667  81.857 0.0000000000
48494  17.376  -22.375  82.482 0.0000000000
52481  19.607  -19.184  86.940 0.0000000000
49398  18.806  -21.443  86.309 0.0000000000
49407  18.111  -21.929  84.776 0.0000000000
48476  18.197  -22.107  85.427 0.0000000000
48468  18.265  -22.787  87.383 0.0000000000
127040  18.461  -22.337  86.894 0.0000000000
126682  16.160  -23.572  84.824 0.0000000000
136934  16.777  -23.324  84.639 0.0000000000
51311  34.921  -18.409  91.578 0.0000000000
52437  35.924  -18.679  89.490 0.0000000000
52425  36.022  -18.136  90.199 0.0000000000
142648  36.298  -18.059  89.468 0.0000000000
52436  36.767  -17.669  89.097 0.0000000000
52448  36.790  -17.718  88.428 0.0000000000
52464  36.144  -18.378  88.057 0.0000000000
51379  35.221  -19.170  86.827 0.0000000000
51378  35.592  -18.681  86.725 0.0000000000
122601  35.020  -19.012  86.032 0.0000000000
52492  35.363  -18.500  85.676 0.0000000000
51391  34.771  -18.765  85.173 0.0000000000
138261  34.222  -18.858  84.344 0.0000000000
121972  33.912  -19.454  85.139 0.0000000000
50360  32.504  -20.163  85.432 0.0000000000
50375  33.091  -19.849  84.863 0.0000000000
139630  32.399  -19.989  84.783 0.0000000000
142780  32.224  -19.727  83.704 0.0000000000
50376  31.936  -19.932  84.342 0.0000000000
120761  31.068  -20.802  87.596 0.0000000000
50348  31.377  -20.540  86.776 0.0000000000
50363  29.471  -20.270  85.372 0.0000000000
50362  30.488  -20.160  85.335 0.0000000000
50394  29.248  -19.760  83.230 0.0000000000
120410  28.771  -20.126  83.892 0.0000000000
136729  27.061  -21.161  83.975 0.0000000000
50396  27.537  -20.883  83.389 0.0000000000
51357  26.300  -19.689  88.586 0.0000000000
51356  27.094  -19.920  88.908 0.0000000000
50321  26.975  -20.148  87.974 0.0000000000
50335  27.656  -20.566  87.378 0.0000000000
52465  24.311  -18.949  87.517 0.0000000000
51359  24.792  -19.222  87.883 0.0000000000
51370  24.707  -19.294  87.007 0.0000000000
51393  25.073  -19.998  85.614 0.0000000000
51382  25.302  -19.821  86.424 0.0000000000
50353  25.892  -20.551  85.773 0.0000000000
130475  26.217  -20.967  84.924 0.0000000000
51411  24.127  -19.931  83.232 0.0000000000
50399  24.812  -20.495  83.317 0.0000000000
50407  25.309  -21.030  82.457 0.0000000000
51448  23.586  -19.839  81.888 0.0000000000
133669  21.985  -18.731  81.627 0.0000000000
138666  21.377  -18.588  80.471 0.0000000000
52534  20.393  -18.409  82.415 0.0000000000
51451  19.249  -19.081  81.271 0.0000000000
51472  19.347  -19.095  80.382 0.0000000000
137114  18.844  -19.899  79.401 0.0000000000
65011  46.035  -7.053  62.242 0.0000000000
63853  45.461  -8.803  60.590 0.0000000000
63856  44.467  -8.648  59.262 0.0000000000
62784  43.703  -9.617  60.467 0.0000000000
62783  44.451  -9.453  60.320 0.0000000000
129862  43.657  -9.556  59.834 0.0000000000
129493  43.049  -10.179  57.852 0.0000000000
62799  43.500  -9.840  57.274 0.0000000000
131931  40.558  -10.366  61.413 0.0000000000
62779  40.703  -9.497  61.607 0.0000000000
59336  23.008  -12.137  94.263 0.0000000000
131482  21.850  -13.335  95.771 0.0000000000
55857  21.468  -15.047  95.456 0.0000000000
53428  21.537  -17.725  95.440 0.0000000000
119779  21.614  -16.821  95.317 0.0000000000
52386  21.133  -19.101  93.785 0.0000000000
119460  20.995  -19.115  94.516 0.0000000000
50253  20.102  -20.818  93.016 0.0000000000
49353  19.107  -21.422  92.245 0.0000000000
50246  17.256  -20.035  94.079 0.0000000000
51280  17.118  -19.876  95.030 0.0000000000
130401  17.753  -19.972  95.190 0.0000000000
50238  18.326  -20.013  95.294 0.0000000000
50244  18.787  -20.430  94.418 0.0000000000
50255  18.089  -20.448  93.644 0.0000000000
49366  17.198  -20.911  91.413 0.0000000000
50280  17.870  -20.896  91.931 0.0000000000
49378  17.450  -21.554  90.729 0.0000000000
49390  15.982  -22.072  89.699 0.0000000000
48455  14.346  -22.570  89.452 0.0000000000
47488  13.957  -23.117  91.030 0.0000000000
69314  55.414  -3.151  62.508 0.0000000000
70410  53.250  -2.695  62.242 0.0000000000
121377  53.748  -2.562  63.085 0.0000000000
70395  52.907  -2.249  63.535 0.0000000000
71470  52.166  -1.806  64.045 0.0000000000
70397  51.061  -2.267  63.062 0.0000000000
139524  53.864  -1.012  65.744 0.0000000000
71416  53.474  -0.758  66.861 0.0000000000
71439  50.901  -1.664  65.260 0.0000000000
71438  51.707  -1.503  65.543 0.0000000000
71456  50.695  -1.654  64.486 0.0000000000
122161  49.315  -2.059  64.626 0.0000000000
69268  49.442  -3.550  65.939 0.0000000000
69282  48.772  -3.563  65.390 0.0000000000
68170  48.481  -4.532  65.181 0.0000000000
68141  50.618  -4.469  66.775 0.0000000000
67115  49.609  -6.054  65.256 0.0000000000
67099  49.684  -5.324  65.783 0.0000000000
67131  48.946  -6.114  64.794 0.0000000000
66161  48.337  -6.174  64.324 0.0000000000
66173  48.404  -7.040  63.822 0.0000000000
65004  49.341  -8.283  64.017 0.0000000000
65005  48.775  -7.994  63.659 0.0000000000
63838  48.367  -8.661  63.312 0.0000000000
62755  48.198  -9.674  63.244 0.0000000000
62724  50.620  -9.278  65.480 0.0000000000
131276  49.990  -9.814  64.908 0.0000000000
61687  48.078  -10.640  64.588 0.0000000000
61700  48.530  -10.523  64.465 0.0000000000
61701  47.740  -10.657  63.981 0.0000000000
61712  47.532  -10.416  63.265 0.0000000000
62742  46.366  -10.228  64.056 0.0000000000
62728  46.509  -9.470  65.266 0.0000000000
126494  45.952  -9.556  64.694 0.0000000000
62729  45.033  -9.072  64.932 0.0000000000
62642  53.101  -8.904  72.253 0.0000000000
62652  53.105  -9.120  71.653 0.0000000000
62653  52.290  -9.364  71.435 0.0000000000
119651  50.146  -9.601  70.977 0.0000000000
62664  50.863  -9.652  70.243 0.0000000000
119889  49.784  -9.556  69.963 0.0000000000
119649  49.935  -9.588  68.795 0.0000000000
62676  49.013  -9.539  69.361 0.0000000000
122231  48.071  -9.882  71.938 0.0000000000
62656  48.558  -9.741  71.433 0.0000000000
62657  47.701  -9.976  71.307 0.0000000000
62677  47.474  -9.504  69.655 0.0000000000
119872  47.507  -9.344  68.764 0.0000000000
63782  46.665  -8.986  67.631 0.0000000000
63794  44.673  -8.488  66.436 0.0000000000
63809  43.463  -8.646  65.679 0.0000000000
63810  42.605  -8.614  65.440 0.0000000000
63796  42.875  -8.748  66.279 0.0000000000
62715  41.407  -9.123  66.621 0.0000000000
63798  41.158  -8.784  65.807 0.0000000000
62716  40.554  -9.296  66.323 0.0000000000
61656  43.118  -10.658  69.450 0.0000000000
61660  42.398  -10.572  68.773 0.0000000000
61668  40.247  -10.605  67.657 0.0000000000
137886  39.303  -10.051  66.507 0.0000000000
61579  45.358  -10.188  78.455 0.0000000000
61597  45.507  -10.409  77.443 0.0000000000
61608  45.567  -10.528  76.587 0.0000000000
61609  44.892  -10.803  76.902 0.0000000000
61520  41.910  -10.287  81.739 0.0000000000
122188  42.630  -10.132  82.144 0.0000000000
61519  42.831  -10.591  81.629 0.0000000000
61582  39.352  -10.965  78.742 0.0000000000
61563  39.732  -10.660  79.475 0.0000000000
61581  40.304  -10.804  78.704 0.0000000000
137779  41.551  -11.305  78.135 0.0000000000
60514  41.247  -10.998  78.723 0.0000000000
127423  41.995  -11.229  78.676 0.0000000000
60497  42.437  -11.061  79.273 0.0000000000
60512  42.618  -11.363  78.465 0.0000000000
60511  43.196  -11.377  78.098 0.0000000000
60533  42.693  -11.547  77.685 0.0000000000
137562  43.084  -11.754  75.835 0.0000000000
60552  43.287  -11.533  76.638 0.0000000000
60569  43.775  -11.693  75.235 0.0000000000
59548  43.171  -11.942  74.698 0.0000000000
59556  42.683  -12.261  74.235 0.0000000000
59568  41.067  -12.239  73.229 0.0000000000
59588  41.229  -12.583  71.672 0.0000000000
143075  40.406  -12.468  71.835 0.0000000000
60596  38.672  -11.578  73.539 0.0000000000
60609  38.474  -11.688  72.701 0.0000000000
59591  38.118  -12.054  70.842 0.0000000000
127136  39.717  -12.474  70.727 0.0000000000
139829  38.988  -12.347  70.366 0.0000000000
59609  38.523  -12.256  69.163 0.0000000000
59626  36.291  -12.227  68.137 0.0000000000
60651  33.749  -11.877  69.911 0.0000000000
59614  33.172  -12.218  69.254 0.0000000000
58554  32.183  -13.048  68.007 0.0000000000
57408  32.420  -14.113  67.454 0.0000000000
58517  33.565  -13.665  75.663 0.0000000000
58520  33.313  -13.370  74.878 0.0000000000
58525  32.287  -13.413  73.757 0.0000000000
58526  31.631  -13.402  73.110 0.0000000000
58528  31.238  -13.171  72.163 0.0000000000
57363  29.489  -14.699  71.891 0.0000000000
133758  29.228  -15.427  69.863 0.0000000000
57368  29.442  -14.661  71.143 0.0000000000
57373  29.471  -14.693  70.222 0.0000000000
51422  33.412  -18.902  82.677 0.0000000000
51423  32.853  -19.116  82.067 0.0000000000
121032  32.232  -19.526  80.947 0.0000000000
51441  32.720  -19.175  81.103 0.0000000000
51464  32.280  -19.406  80.330 0.0000000000
51483  32.183  -19.329  79.719 0.0000000000
51484  32.012  -19.520  79.738 0.0000000000
51467  29.063  -19.452  80.768 0.0000000000
51526  29.154  -19.153  77.827 0.0000000000
51523  31.556  -19.467  78.254 0.0000000000
129102  29.893  -19.302  77.017 0.0000000000
137881  27.896  -18.461  75.914 0.0000000000
122916  27.786  -18.418  75.269 0.0000000000
50455  24.456  -20.772  79.070 0.0000000000
121225  23.986  -20.546  77.070 0.0000000000
51529  25.665  -19.622  77.742 0.0000000000
50517  23.198  -20.733  75.339 0.0000000000
50532  23.200  -20.778  74.304 0.0000000000
51570  25.058  -19.359  75.652 0.0000000000
51584  24.860  -18.977  74.672 0.0000000000
52682  24.798  -18.777  72.812 0.0000000000
52668  25.416  -18.308  74.129 0.0000000000
52680  26.075  -17.883  73.527 0.0000000000
72650  55.168  -0.860  56.121 0.0000000000
71527  51.394  -1.325  59.465 0.0000000000
71546  52.062  -1.391  59.307 0.0000000000
72643  50.210  0.161  56.788 0.0000000000
119627  50.930  0.202  56.175 0.0000000000
65014  45.321  -7.271  61.148 0.0000000000
66185  45.044  -6.251  61.380 0.0000000000
66188  44.947  -6.695  60.507 0.0000000000
58279  22.986  -12.747  94.738 0.0000000000
53536  36.346  -17.093  86.001 0.0000000000
137160  36.783  -16.648  85.976 0.0000000000
54696  36.602  -16.617  85.525 0.0000000000
54710  36.267  -16.648  84.805 0.0000000000
54722  36.554  -15.943  84.396 0.0000000000
131272  36.282  -15.823  83.645 0.0000000000
54756  34.430  -17.142  81.513 0.0000000000
53579  34.234  -17.658  81.802 0.0000000000
52541  33.738  -18.215  81.422 0.0000000000
69315  46.201  -3.729  62.943 0.0000000000
68193  45.606  -4.707  62.565 0.0000000000
67158  44.710  -5.269  61.153 0.0000000000
134319  19.415  -18.818  85.252 0.0000000000
51395  19.198  -19.738  85.668 0.0000000000
48469  16.351  -23.002  87.826 0.0000000000
48463  15.731  -22.678  88.451 0.0000000000
48464  14.686  -22.653  88.557 0.0000000000
52397  32.181  -18.338  92.388 0.0000000000
51295  32.742  -18.843  92.207 0.0000000000
50276  31.018  -19.912  90.915 0.0000000000
120629  31.005  -20.308  90.121 0.0000000000
119661  30.985  -20.706  89.308 0.0000000000
50291  30.291  -20.364  89.797 0.0000000000
50307  29.540  -20.304  89.613 0.0000000000
121231  22.797  -17.607  86.959 0.0000000000
121020  21.965  -17.250  86.783 0.0000000000
53538  21.317  -17.686  85.329 0.0000000000
62768  43.086  -9.118  62.136 0.0000000000
138504  13.960  -22.186  93.407 0.0000000000
63772  53.856  -7.941  68.968 0.0000000000
63766  53.242  -8.560  69.435 0.0000000000
62673  52.625  -9.153  69.939 0.0000000000
133397  46.323  -10.695  73.999 0.0000000000
61639  45.176  -11.332  72.543 0.0000000000
61640  44.750  -11.411  72.041 0.0000000000
60606  43.632  -12.078  72.725 0.0000000000
59522  36.466  -12.113  77.794 0.0000000000
60558  36.643  -11.690  76.456 0.0000000000
120982  36.615  -11.635  75.647 0.0000000000
126027  36.917  -11.539  74.837 0.0000000000
60588  36.160  -11.662  74.841 0.0000000000
138959  35.580  -11.674  74.324 0.0000000000
60600  34.538  -11.740  73.503 0.0000000000
59570  34.118  -12.181  73.934 0.0000000000
59571  33.344  -12.499  73.671 0.0000000000
137488  26.821  -21.012  81.939 0.0000000000
50418  27.018  -20.561  81.386 0.0000000000
50439  25.653  -20.708  79.743 0.0000000000
71523  55.317  -1.653  59.197 0.0000000000
71544  53.650  -1.263  58.919 0.0000000000
55931  21.737  -16.035  89.948 0.0000000000
54628  21.118  -16.402  90.185 0.0000000000
52417  20.805  -17.977  92.069 0.0000000000
51322  20.506  -19.469  91.440 0.0000000000
132609  20.277  -20.101  91.068 0.0000000000
51303  20.623  -20.045  92.310 0.0000000000
53480  23.587  -16.750  89.984 0.0000000000
57197  39.364  -14.300  86.974 0.0000000000
58360  39.735  -12.842  86.809 0.0000000000
134615  39.882  -12.478  86.905 0.0000000000
60430  39.894  -10.978  85.973 0.0000000000
127955  39.787  -10.494  85.546 0.0000000000
60442  38.062  -11.846  83.994 0.0000000000
57266  36.238  -14.219  81.806 0.0000000000
58419  36.689  -13.728  82.230 0.0000000000
58433  36.515  -13.548  81.468 0.0000000000
58445  36.270  -13.395  80.639 0.0000000000
130255  36.215  -12.960  79.937 0.0000000000
58446  35.709  -13.503  79.910 0.0000000000
58459  35.307  -13.559  79.252 0.0000000000
57309  34.213  -14.399  78.341 0.0000000000
57310  33.649  -14.870  77.958 0.0000000000
53612  32.947  -17.705  78.885 0.0000000000
133038  33.088  -17.084  78.563 0.0000000000
141748  32.820  -17.711  78.179 0.0000000000
52566  22.430  -18.923  79.182 0.0000000000
70429  50.373  -2.202  61.425 0.0000000000
71493  48.962  -1.735  61.113 0.0000000000
71508  48.429  -1.548  60.535 0.0000000000
139450  44.631  -2.879  60.030 0.0000000000
122924  45.837  -2.135  59.875 0.0000000000
123452  17.634  -22.228  83.307 0.0000000000
140317  18.579  -21.942  86.442 0.0000000000
47506  16.946  -23.314  86.522 0.0000000000
47513  17.587  -23.100  86.102 0.0000000000
51330  34.456  -19.764  90.857 0.0000000000
51344  34.905  -19.831  90.131 0.0000000000
51343  35.449  -19.366  89.383 0.0000000000
51355  35.359  -19.478  88.548 0.0000000000
123584  35.648  -19.025  88.106 0.0000000000
51367  35.264  -19.410  87.723 0.0000000000
51380  34.579  -19.593  86.450 0.0000000000
51381  33.937  -19.837  86.011 0.0000000000
50349  29.388  -20.696  86.772 0.0000000000
126870  28.530  -20.463  85.292 0.0000000000
136463  28.245  -20.450  84.507 0.0000000000
50382  26.483  -21.135  84.143 0.0000000000
51334  26.590  -19.269  90.399 0.0000000000
51345  27.216  -19.667  89.836 0.0000000000
51384  23.965  -19.188  85.840 0.0000000000
137417  24.474  -19.584  85.515 0.0000000000
51394  24.730  -20.018  84.930 0.0000000000
51402  24.254  -19.847  84.119 0.0000000000
51429  23.583  -19.701  82.763 0.0000000000
134328  23.011  -19.421  82.368 0.0000000000
52535  19.645  -18.648  82.717 0.0000000000
51473  18.661  -19.548  80.741 0.0000000000
50434  18.214  -20.149  80.136 0.0000000000
63845  47.051  -9.209  62.058 0.0000000000
62781  45.677  -9.637  60.939 0.0000000000
61737  42.550  -10.429  59.397 0.0000000000
142598  43.016  -9.891  59.391 0.0000000000
119013  42.461  -10.936  58.727 0.0000000000
143532  21.205  -17.816  96.252 0.0000000000
51278  20.834  -19.073  95.198 0.0000000000
51279  20.624  -19.667  94.414 0.0000000000
120535  19.516  -20.685  93.676 0.0000000000
140660  16.287  -19.962  94.165 0.0000000000
50256  17.008  -20.148  93.149 0.0000000000
49380  15.721  -21.613  90.423 0.0000000000
48447  14.399  -22.461  90.440 0.0000000000
137835  54.479  -2.555  63.659 0.0000000000
70380  54.671  -2.288  64.275 0.0000000000
71453  53.850  -1.614  64.728 0.0000000000
71417  52.526  -1.127  67.118 0.0000000000
122471  50.488  -2.020  65.774 0.0000000000
141176  51.191  -5.906  66.411 0.0000000000
67098  50.528  -5.437  66.288 0.0000000000
66159  49.627  -6.817  64.716 0.0000000000
142691  49.791  -7.443  64.585 0.0000000000
64997  49.919  -8.132  64.504 0.0000000000
63836  49.638  -9.034  64.217 0.0000000000
62725  49.927  -10.101  65.514 0.0000000000
61676  49.265  -10.509  65.600 0.0000000000
61686  48.723  -10.725  65.053 0.0000000000
143486  47.761  -10.525  64.704 0.0000000000
133136  47.285  -10.040  65.004 0.0000000000
63806  46.192  -8.839  65.922 0.0000000000
136479  52.336  -8.946  73.126 0.0000000000
119801  51.591  -9.338  71.969 0.0000000000
62665  49.176  -9.592  70.809 0.0000000000
62659  46.300  -10.111  71.081 0.0000000000
62668  46.651  -9.763  70.240 0.0000000000
137638  45.967  -8.969  68.190 0.0000000000
63785  43.741  -8.674  67.384 0.0000000000
63786  43.049  -8.854  67.095 0.0000000000
62701  42.455  -9.348  67.622 0.0000000000
61658  41.918  -11.364  68.909 0.0000000000
60664  40.017  -11.399  68.144 0.0000000000
60665  39.221  -11.425  67.861 0.0000000000
124199  44.759  -10.162  79.302 0.0000000000
61580  44.393  -10.591  78.549 0.0000000000
123205  40.143  -9.910  82.369 0.0000000000
61521  40.747  -10.188  81.729 0.0000000000
121980  41.340  -10.483  81.080 0.0000000000
119171  40.142  -11.170  77.222 0.0000000000
119653  40.920  -11.582  77.099 0.0000000000
60534  41.553  -11.579  77.465 0.0000000000
141152  42.185  -11.640  77.353 0.0000000000
119957  41.893  -11.762  76.897 0.0000000000
118978  42.197  -11.750  76.072 0.0000000000
59557  42.015  -12.302  74.289 0.0000000000
59558  41.380  -12.196  73.889 0.0000000000
59569  40.209  -11.953  73.073 0.0000000000
60610  37.596  -11.621  72.499 0.0000000000
60625  37.432  -11.728  71.597 0.0000000000
60637  37.286  -11.816  70.840 0.0000000000
59598  37.517  -11.987  70.093 0.0000000000
59610  37.762  -12.213  69.157 0.0000000000
59599  36.837  -12.031  69.539 0.0000000000
59627  35.356  -12.233  68.175 0.0000000000
59628  34.305  -12.311  68.114 0.0000000000
60642  32.756  -11.978  70.905 0.0000000000
59615  32.352  -12.416  69.440 0.0000000000
59631  31.803  -12.795  68.779 0.0000000000
58521  32.639  -13.703  74.518 0.0000000000
56161  28.756  -15.997  71.329 0.0000000000
56160  29.049  -15.273  71.707 0.0000000000
56174  28.853  -16.034  70.411 0.0000000000
51424  32.544  -19.433  82.498 0.0000000000
51443  31.707  -19.646  81.418 0.0000000000
51465  31.762  -19.622  80.441 0.0000000000
136068  28.116  -19.333  79.351 0.0000000000
51487  28.941  -19.225  79.147 0.0000000000
51504  28.545  -19.132  78.587 0.0000000000
52591  28.774  -18.911  77.110 0.0000000000
52621  27.477  -18.520  76.468 0.0000000000
52647  27.210  -18.394  75.788 0.0000000000
51531  23.783  -20.300  77.727 0.0000000000
49537  23.172  -21.689  73.068 0.0000000000
128797  49.523  -0.445  58.234 0.0000000000
72616  50.517  -0.562  58.611 0.0000000000
63861  44.798  -8.046  58.698 0.0000000000
65018  44.953  -7.504  59.220 0.0000000000
130087  44.894  -7.978  57.701 0.0000000000
127450  22.405  -15.562  91.259 0.0000000000
55895  22.394  -15.159  92.102 0.0000000000
55877  24.823  -14.961  92.855 0.0000000000
54636  38.062  -16.168  89.082 0.0000000000
137536  38.424  -15.817  88.265 0.0000000000
54651  38.508  -15.741  87.723 0.0000000000
128029  38.940  -15.039  87.351 0.0000000000
55962  38.879  -14.877  86.560 0.0000000000
57210  39.164  -14.068  86.310 0.0000000000
57222  38.875  -13.878  85.743 0.0000000000
58390  38.875  -13.314  85.474 0.0000000000
58391  38.404  -13.355  84.841 0.0000000000
57236  37.929  -13.914  84.510 0.0000000000
57238  36.771  -14.566  83.257 0.0000000000
56007  36.288  -15.276  82.983 0.0000000000
57252  36.486  -14.464  82.549 0.0000000000
56056  34.145  -15.491  79.609 0.0000000000
56044  34.336  -15.873  80.289 0.0000000000
53602  33.813  -17.390  80.173 0.0000000000
52575  32.672  -18.376  79.089 0.0000000000
52576  32.240  -19.013  78.586 0.0000000000
51510  19.367  -19.534  78.670 0.0000000000
51534  19.637  -19.626  77.838 0.0000000000
50457  19.255  -20.120  78.135 0.0000000000
47608  19.631  -23.284  78.431 0.0000000000
47629  19.865  -22.860  77.983 0.0000000000
70399  48.832  -1.914  63.236 0.0000000000
70414  48.207  -2.197  62.659 0.0000000000
137483  47.034  -2.373  62.011 0.0000000000
70433  46.392  -2.557  61.690 0.0000000000
69330  45.838  -3.162  62.131 0.0000000000
69355  44.510  -3.680  59.484 0.0000000000
51432  18.577  -19.676  82.531 0.0000000000
131216  18.207  -20.488  82.952 0.0000000000
49413  17.993  -21.451  83.417 0.0000000000
47499  17.988  -23.144  87.869 0.0000000000
143962  14.542  -23.530  86.599 0.0000000000
51313  33.292  -19.434  91.721 0.0000000000
51331  33.764  -19.971  91.123 0.0000000000
142480  33.555  -20.379  89.838 0.0000000000
50304  33.469  -20.476  89.109 0.0000000000
50331  32.683  -20.617  87.825 0.0000000000
50333  30.251  -20.900  87.779 0.0000000000
50334  29.420  -20.853  87.518 0.0000000000
124404  28.102  -20.881  86.971 0.0000000000
52439  24.669  -18.518  89.041 0.0000000000
52479  23.541  -18.204  86.794 0.0000000000
52508  22.719  -18.581  84.255 0.0000000000
123447  22.341  -18.623  83.477 0.0000000000
52523  21.458  -18.170  83.693 0.0000000000
52524  20.666  -18.130  83.655 0.0000000000
141786  20.790  -17.980  84.181 0.0000000000
136532  20.155  -18.307  83.258 0.0000000000
61720  45.640  -10.649  62.183 0.0000000000
61726  45.690  -10.487  61.582 0.0000000000
62775  44.428  -9.810  60.906 0.0000000000
126315  15.250  -20.154  93.997 0.0000000000
49347  14.844  -21.062  92.770 0.0000000000
48425  14.148  -22.380  92.394 0.0000000000
64967  52.161  -7.821  66.533 0.0000000000
63804  51.670  -8.264  66.257 0.0000000000
63791  51.219  -8.837  66.225 0.0000000000
142738  51.497  -8.687  66.640 0.0000000000
62709  50.975  -9.210  66.719 0.0000000000
119218  50.301  -9.923  66.608 0.0000000000
62696  49.795  -10.193  66.897 0.0000000000
62697  49.092  -9.980  67.400 0.0000000000
126346  48.721  -9.555  73.099 0.0000000000
62647  47.988  -9.821  72.647 0.0000000000
62648  47.437  -10.109  72.138 0.0000000000
61638  46.699  -10.459  72.403 0.0000000000
62658  46.894  -10.230  71.605 0.0000000000
62681  43.623  -9.846  69.231 0.0000000000
61651  44.297  -10.348  70.177 0.0000000000
61653  42.960  -11.570  69.945 0.0000000000
61645  44.225  -11.431  71.503 0.0000000000
61652  43.275  -11.752  70.502 0.0000000000
60645  42.377  -12.041  69.871 0.0000000000
60635  41.940  -12.543  70.221 0.0000000000
60636  41.294  -12.507  69.912 0.0000000000
61518  43.669  -10.283  81.373 0.0000000000
60485  38.072  -10.957  79.962 0.0000000000
61544  39.021  -10.750  80.312 0.0000000000
61583  38.600  -11.046  78.768 0.0000000000
60515  38.872  -11.083  78.130 0.0000000000
60538  37.679  -11.286  77.588 0.0000000000
60536  39.229  -11.025  77.348 0.0000000000
129084  38.995  -11.236  75.232 0.0000000000
60585  39.852  -11.551  74.667 0.0000000000
131529  38.023  -11.498  74.156 0.0000000000
126026  37.162  -11.534  74.094 0.0000000000
60598  36.933  -11.543  73.220 0.0000000000
60611  36.616  -11.520  72.271 0.0000000000
140743  35.987  -11.430  71.691 0.0000000000
138895  35.048  -11.497  70.960 0.0000000000
60628  34.558  -11.469  71.442 0.0000000000
140718  33.937  -11.582  71.275 0.0000000000
60629  33.326  -11.753  71.479 0.0000000000
59592  32.069  -12.394  71.242 0.0000000000
56121  30.911  -15.707  74.173 0.0000000000
56133  30.328  -15.853  73.614 0.0000000000
54882  28.785  -16.014  72.133 0.0000000000
121961  29.128  -16.217  72.686 0.0000000000
54897  28.464  -16.673  70.817 0.0000000000
51427  29.791  -19.602  82.597 0.0000000000
121014  29.910  -19.535  81.845 0.0000000000
51445  29.066  -19.537  81.556 0.0000000000
51469  27.351  -19.944  80.817 0.0000000000
121606  27.769  -19.583  80.138 0.0000000000
51528  26.416  -19.142  77.600 0.0000000000
49498  21.862  -21.468  74.913 0.0000000000
49521  22.314  -21.877  74.281 0.0000000000
49538  22.720  -22.144  73.556 0.0000000000
48627  22.781  -22.772  73.446 0.0000000000
72624  54.689  -0.845  57.527 0.0000000000
122378  53.545  -0.437  56.312 0.0000000000
119629  52.636  -0.167  55.740 0.0000000000
138174  51.616  0.172  55.549 0.0000000000
71572  46.937  -1.817  56.054 0.0000000000
52452  20.100  -18.382  88.196 0.0000000000
53507  20.364  -17.504  88.582 0.0000000000
54611  20.717  -16.873  90.438 0.0000000000
53481  20.434  -17.510  90.211 0.0000000000
52430  20.216  -18.395  89.912 0.0000000000
139615  19.075  -21.218  89.106 0.0000000000
49389  18.798  -21.604  89.388 0.0000000000
49388  19.077  -21.376  89.996 0.0000000000
48442  18.455  -21.956  89.651 0.0000000000
48443  18.277  -22.158  89.835 0.0000000000
53451  29.722  -18.037  92.222 0.0000000000
51318  28.782  -19.212  91.624 0.0000000000
139326  28.116  -19.059  91.667 0.0000000000
51319  27.535  -19.074  91.448 0.0000000000
52401  27.209  -18.244  92.288 0.0000000000
52414  27.041  -18.713  91.791 0.0000000000
51320  26.794  -19.047  91.176 0.0000000000
52427  26.112  -18.911  90.820 0.0000000000
52428  25.597  -18.651  90.337 0.0000000000
53454  26.121  -17.339  92.309 0.0000000000
52440  24.243  -17.848  88.991 0.0000000000
53506  23.532  -17.401  88.716 0.0000000000
63841  41.497  -8.414  63.683 0.0000000000
63847  41.206  -8.586  62.754 0.0000000000
140611  40.180  -9.992  61.879 0.0000000000
136324  52.321  -8.531  73.450 0.0000000000
62633  51.700  -8.719  73.623 0.0000000000
62634  50.797  -8.889  73.641 0.0000000000
63733  50.898  -8.374  74.908 0.0000000000
62626  50.393  -8.766  74.458 0.0000000000
62628  48.416  -9.319  74.813 0.0000000000
62629  47.741  -9.642  74.421 0.0000000000
61616  46.969  -9.940  74.907 0.0000000000
134006  45.875  -10.781  75.067 0.0000000000
61497  40.204  -9.554  83.362 0.0000000000
61498  39.366  -10.133  82.837 0.0000000000
59442  38.241  -12.663  84.564 0.0000000000
58418  37.084  -13.210  82.652 0.0000000000
59462  37.755  -12.052  82.934 0.0000000000
136318  37.979  -11.336  82.452 0.0000000000
127313  37.991  -11.071  81.721 0.0000000000
60474  38.040  -10.935  80.836 0.0000000000
60486  37.540  -11.529  80.385 0.0000000000
59505  37.108  -11.956  79.104 0.0000000000
59493  36.616  -12.506  79.512 0.0000000000
59506  36.548  -12.339  78.658 0.0000000000
59523  35.858  -12.363  77.480 0.0000000000
58516  34.212  -13.246  76.111 0.0000000000
58503  33.683  -13.998  76.582 0.0000000000
57347  33.174  -14.347  75.924 0.0000000000
57348  32.579  -14.782  75.482 0.0000000000
56109  32.095  -15.606  75.331 0.0000000000
56067  33.784  -15.559  79.063 0.0000000000
56068  33.463  -15.603  78.383 0.0000000000
54856  31.121  -16.314  74.598 0.0000000000
53685  30.415  -17.555  74.424 0.0000000000
50432  24.605  -21.006  80.439 0.0000000000
50441  24.073  -20.713  79.893 0.0000000000
51491  23.833  -20.391  79.275 0.0000000000
51509  23.407  -19.807  78.544 0.0000000000
138724  22.653  -19.110  78.379 0.0000000000
51532  22.999  -19.596  77.667 0.0000000000
51555  22.297  -19.732  76.377 0.0000000000
51533  19.985  -19.844  77.089 0.0000000000
50498  20.323  -20.266  76.398 0.0000000000
123728  20.003  -20.966  76.345 0.0000000000
50519  21.020  -20.060  75.904 0.0000000000
125971  21.408  -20.853  75.403 0.0000000000
70447  52.498  -2.375  60.263 0.0000000000
120012  50.965  -1.648  59.992 0.0000000000
71506  50.597  -1.972  60.664 0.0000000000
71528  50.053  -1.422  60.005 0.0000000000
72603  49.859  -0.840  59.161 0.0000000000
72604  48.972  -0.805  58.893 0.0000000000
71509  47.577  -1.643  60.519 0.0000000000
142601  46.379  -1.762  59.554 0.0000000000
71531  47.111  -1.480  59.742 0.0000000000
48500  17.217  -22.459  81.581 0.0000000000
50368  19.106  -20.736  86.025 0.0000000000
134153  18.426  -21.612  85.135 0.0000000000
48473  18.350  -22.291  86.149 0.0000000000
48477  17.930  -22.607  85.739 0.0000000000
137229  17.270  -22.899  84.449 0.0000000000
47533  16.854  -23.280  83.671 0.0000000000
52411  35.509  -18.383  90.972 0.0000000000
54621  37.375  -16.519  90.165 0.0000000000
54637  37.611  -16.636  89.520 0.0000000000
53490  37.729  -16.682  88.947 0.0000000000
53517  37.330  -17.152  88.069 0.0000000000
52477  36.019  -18.139  87.029 0.0000000000
120260  36.010  -17.731  86.325 0.0000000000
52491  35.756  -17.829  85.527 0.0000000000
52506  35.338  -18.163  84.876 0.0000000000
52522  34.395  -18.467  83.737 0.0000000000
120459  33.807  -18.881  83.561 0.0000000000
51409  33.216  -19.326  83.384 0.0000000000
136843  32.702  -19.527  83.226 0.0000000000
50391  32.034  -19.574  83.099 0.0000000000
50392  31.174  -19.702  83.064 0.0000000000
50347  32.156  -20.468  86.632 0.0000000000
126167  31.871  -20.341  86.043 0.0000000000
50377  31.038  -19.958  84.521 0.0000000000
50393  30.612  -19.748  83.850 0.0000000000
51410  30.215  -19.645  83.153 0.0000000000
50405  27.953  -20.509  82.592 0.0000000000
142420  28.077  -20.545  83.853 0.0000000000
119817  25.617  -21.269  81.705 0.0000000000
50293  28.958  -19.893  90.306 0.0000000000
50308  28.751  -20.184  89.427 0.0000000000
50309  27.917  -20.020  89.175 0.0000000000
50351  27.521  -20.758  86.596 0.0000000000
51358  25.521  -19.460  88.241 0.0000000000
50352  26.719  -20.665  86.225 0.0000000000
50408  24.966  -21.069  81.594 0.0000000000
141301  24.792  -21.083  81.036 0.0000000000
51471  22.864  -19.490  80.713 0.0000000000
52555  21.816  -18.801  79.921 0.0000000000
52569  19.835  -18.834  78.906 0.0000000000
52545  20.564  -18.425  81.515 0.0000000000
52556  20.655  -18.459  80.620 0.0000000000
122501  19.986  -18.621  79.853 0.0000000000
49437  18.100  -21.518  79.213 0.0000000000
66181  46.157  -6.267  62.735 0.0000000000
63851  45.643  -8.173  61.000 0.0000000000
61731  45.178  -9.809  60.773 0.0000000000
62787  44.181  -9.167  59.591 0.0000000000
61744  42.803  -10.171  58.572 0.0000000000
126600  43.961  -9.057  58.625 0.0000000000
61728  41.209  -9.939  61.023 0.0000000000
60706  41.498  -11.390  60.258 0.0000000000
59698  41.386  -12.220  60.251 0.0000000000
139205  22.472  -12.620  95.156 0.0000000000
57097  22.308  -13.140  95.422 0.0000000000
127075  21.632  -14.900  94.495 0.0000000000
123157  21.305  -16.603  94.251 0.0000000000
55851  21.195  -15.271  95.859 0.0000000000
143961  21.494  -17.422  94.788 0.0000000000
53440  21.186  -17.419  93.880 0.0000000000
50251  20.633  -20.299  92.938 0.0000000000
50252  20.517  -20.267  93.343 0.0000000000
136202  20.372  -20.583  92.767 0.0000000000
50266  20.114  -20.903  92.425 0.0000000000
49363  19.254  -21.429  91.718 0.0000000000
48435  18.343  -21.803  90.685 0.0000000000
51269  19.338  -19.783  96.173 0.0000000000
136413  19.589  -19.871  95.500 0.0000000000
50254  18.870  -20.876  93.392 0.0000000000
49346  18.810  -21.145  92.745 0.0000000000
50267  18.115  -20.789  92.744 0.0000000000
49354  18.604  -21.364  92.156 0.0000000000
48444  17.756  -22.248  90.021 0.0000000000
48465  13.946  -22.928  88.748 0.0000000000
70425  55.243  -2.863  61.389 0.0000000000
69329  54.992  -2.863  61.931 0.0000000000
70426  53.806  -2.535  61.496 0.0000000000
138890  52.709  -2.821  61.653 0.0000000000
70411  52.342  -2.755  62.233 0.0000000000
140464  51.497  -2.616  62.345 0.0000000000
136991  50.814  -2.374  62.483 0.0000000000
70398  50.274  -2.000  63.013 0.0000000000
119310  54.578  -0.598  66.615 0.0000000000
123003  53.068  -1.279  65.164 0.0000000000
71454  52.304  -1.449  64.970 0.0000000000
71472  50.482  -1.799  63.727 0.0000000000
71473  49.551  -1.745  63.719 0.0000000000
120571  48.670  -2.128  64.086 0.0000000000
70382  48.089  -2.895  64.241 0.0000000000
70365  49.280  -2.682  65.381 0.0000000000
69292  47.604  -3.690  64.280 0.0000000000
68180  47.273  -4.539  64.096 0.0000000000
67144  47.053  -5.389  63.735 0.0000000000
67132  48.357  -5.400  64.795 0.0000000000
67133  47.731  -5.410  64.300 0.0000000000
65009  47.366  -7.886  62.787 0.0000000000
65006  48.016  -7.888  63.311 0.0000000000
141347  47.275  -8.512  62.391 0.0000000000
63823  50.794  -8.664  65.244 0.0000000000
62739  50.329  -9.014  64.742 0.0000000000
142204  49.207  -9.461  64.031 0.0000000000
62740  49.380  -9.900  64.410 0.0000000000
62754  48.747  -9.918  63.904 0.0000000000
61718  46.853  -10.422  62.626 0.0000000000
121200  46.221  -10.506  62.655 0.0000000000
61713  45.592  -10.489  62.796 0.0000000000
61714  45.230  -10.180  63.271 0.0000000000
62743  45.343  -9.798  64.046 0.0000000000
62757  44.449  -9.668  63.509 0.0000000000
62745  43.779  -9.070  64.216 0.0000000000
63839  43.056  -8.658  64.081 0.0000000000
62651  53.351  -8.956  71.101 0.0000000000
62662  52.996  -9.307  70.883 0.0000000000
62674  51.529  -9.451  69.427 0.0000000000
62675  50.826  -9.464  68.777 0.0000000000
62667  47.562  -9.778  70.463 0.0000000000
119873  48.239  -9.553  69.907 0.0000000000
120010  48.333  -9.589  68.082 0.0000000000
62699  47.404  -9.447  66.959 0.0000000000
63783  45.703  -8.730  67.503 0.0000000000
63793  45.504  -8.549  66.623 0.0000000000
63807  45.298  -8.643  65.798 0.0000000000
63825  43.213  -8.677  64.851 0.0000000000
131233  41.421  -8.396  64.511 0.0000000000
63797  42.011  -8.735  66.056 0.0000000000
137772  43.025  -9.991  68.907 0.0000000000
61661  41.602  -10.913  68.405 0.0000000000
61667  41.168  -10.341  67.848 0.0000000000
62703  40.813  -9.744  67.159 0.0000000000
61607  46.238  -10.190  76.174 0.0000000000
61618  45.632  -10.598  75.732 0.0000000000
60567  45.072  -11.004  75.150 0.0000000000
119276  43.273  -10.666  81.252 0.0000000000
143617  43.329  -10.778  80.623 0.0000000000
61543  40.063  -10.416  80.276 0.0000000000
61542  40.864  -10.530  80.481 0.0000000000
61561  41.607  -10.701  80.347 0.0000000000
60484  42.286  -10.801  80.212 0.0000000000
60483  42.925  -10.825  79.986 0.0000000000
138494  43.585  -10.791  79.826 0.0000000000
61560  43.622  -10.903  78.770 0.0000000000
60510  43.868  -11.073  77.814 0.0000000000
60532  43.177  -11.473  77.327 0.0000000000
60531  43.722  -11.359  77.017 0.0000000000
142165  44.290  -11.070  77.174 0.0000000000
60551  44.292  -11.180  76.476 0.0000000000
60568  44.336  -11.331  75.654 0.0000000000
60581  44.415  -11.593  74.786 0.0000000000
59576  43.026  -12.311  73.346 0.0000000000
59566  42.546  -12.430  73.824 0.0000000000
59577  42.280  -12.435  73.005 0.0000000000
59587  42.105  -12.453  71.992 0.0000000000
59595  41.275  -12.578  70.656 0.0000000000
59596  40.471  -12.601  70.089 0.0000000000
60595  39.586  -11.606  73.730 0.0000000000
59580  39.914  -12.169  72.320 0.0000000000
60623  39.131  -11.942  72.083 0.0000000000
135019  39.749  -12.317  71.564 0.0000000000
59623  39.025  -12.172  68.878 0.0000000000
59613  34.013  -12.042  69.051 0.0000000000
59645  32.857  -12.810  67.902 0.0000000000
59561  33.705  -12.753  74.441 0.0000000000
59572  32.741  -12.860  73.527 0.0000000000
59583  32.029  -12.823  72.560 0.0000000000
59593  31.300  -12.808  71.346 0.0000000000
59603  30.739  -13.004  70.756 0.0000000000
57355  30.689  -14.995  73.671 0.0000000000
57359  30.528  -14.452  73.129 0.0000000000
122576  30.465  -13.640  71.933 0.0000000000
58533  30.298  -13.521  71.100 0.0000000000
52531  33.836  -18.383  82.241 0.0000000000
133194  33.197  -18.683  80.977 0.0000000000
52565  32.372  -19.044  79.388 0.0000000000
52577  31.923  -19.333  78.208 0.0000000000
51466  30.905  -19.576  80.267 0.0000000000
51486  29.769  -19.337  79.276 0.0000000000
51485  30.789  -19.529  79.417 0.0000000000
51502  31.473  -19.584  78.898 0.0000000000
52590  30.903  -19.250  76.732 0.0000000000
52618  30.244  -19.033  76.141 0.0000000000
52665  28.391  -18.363  74.709 0.0000000000
52678  28.092  -18.095  74.120 0.0000000000
52679  27.215  -17.862  73.752 0.0000000000
50454  25.131  -20.793  79.193 0.0000000000
51507  25.368  -20.160  78.451 0.0000000000
123820  24.384  -20.247  76.227 0.0000000000
51553  25.135  -19.614  76.568 0.0000000000
51552  25.968  -19.174  76.959 0.0000000000
52648  26.442  -18.454  75.502 0.0000000000
53702  26.745  -17.676  72.894 0.0000000000
71526  52.444  -1.923  59.676 0.0000000000
123375  52.333  -0.973  58.764 0.0000000000
139122  50.970  -0.437  58.257 0.0000000000
72627  51.398  -0.374  57.869 0.0000000000
72646  47.349  -1.179  56.321 0.0000000000
66182  45.525  -6.257  62.147 0.0000000000
124430  44.974  -6.914  59.711 0.0000000000
132505  44.878  -5.978  59.784 0.0000000000
49362  19.793  -21.136  91.786 0.0000000000
50275  31.964  -20.040  91.118 0.0000000000
50287  34.079  -20.160  90.372 0.0000000000
50318  33.432  -20.502  88.258 0.0000000000
50440  24.630  -21.000  79.634 0.0000000000
51267  21.087  -18.875  95.939 0.0000000000
51270  18.597  -19.708  96.198 0.0000000000
51282  15.491  -19.776  94.818 0.0000000000
51296  31.897  -19.016  92.075 0.0000000000
51342  35.847  -18.923  88.771 0.0000000000
53505  37.281  -17.155  88.711 0.0000000000
53516  37.753  -16.696  87.884 0.0000000000
54652  38.106  -16.212  88.571 0.0000000000
54694  37.880  -15.936  86.182 0.0000000000
55938  38.791  -15.152  88.094 0.0000000000
58280  21.985  -12.773  95.712 0.0000000000
58536  29.844  -14.057  70.644 0.0000000000
59453  37.438  -12.774  82.988 0.0000000000
60641  33.495  -11.760  70.716 0.0000000000
61449  40.092  -10.009  85.688 0.0000000000
61646  43.760  -11.624  70.907 0.0000000000
61722  40.020  -10.740  61.931 0.0000000000
63789  52.478  -8.067  67.093 0.0000000000
63846  41.918  -8.603  62.969 0.0000000000
69332  44.595  -3.768  61.085 0.0000000000
70434  45.551  -2.792  61.315 0.0000000000
70450  45.234  -2.550  60.365 0.0000000000
70468  44.946  -2.544  59.375 0.0000000000
71419  51.122  -1.764  66.014 0.0000000000
71525  53.502  -1.710  59.482 0.0000000000
119967  39.385  -10.681  67.214 0.0000000000
120994  39.100  -12.343  69.535 0.0000000000
121429  43.671  -10.617  80.699 0.0000000000
121473  47.613  -2.578  63.182 0.0000000000
123443  37.037  -16.782  86.461 0.0000000000
123935  43.292  -10.333  81.820 0.0000000000
125361  21.108  -18.202  93.622 0.0000000000
131959  38.128  -16.250  88.091 0.0000000000
135884  24.104  -20.533  76.720 0.0000000000
136276  35.407  -18.745  86.282 0.0000000000
141281  53.269  -0.484  56.916 0.0000000000
141466  54.551  -0.903  58.178 0.0000000000
143952  21.549  -18.753  78.011 0.0000000000
144118  38.313  -15.109  89.538 0.0000000000
