#!ascii label  , from subject sub-v1s9x0051360_ses-1 vox2ras=TkReg
1114
12279  27.595  -64.335  27.735 0.3000000119
16719  26.772  -58.781  17.985 0.6000000238
17546  24.672  -57.648  16.390 0.6999999881
131147  23.509  -56.945  16.553 0.6999999881
12265  27.072  -64.301  28.694 0.4000000060
15922  25.655  -59.656  26.236 0.4000000060
13712  27.940  -62.874  27.997 0.5000000000
12997  28.274  -63.173  27.173 0.5000000000
16707  26.222  -58.492  19.199 0.6999999881
16735  27.089  -58.984  16.953 0.6999999881
17551  26.632  -57.347  15.655 0.6000000238
18379  25.311  -56.942  15.974 0.6000000238
129380  24.583  -55.725  15.887 0.6999999881
18373  23.775  -55.648  16.487 0.6999999881
14422  27.203  -61.586  28.650 0.5000000000
15913  26.273  -59.219  26.712 0.4000000060
133217  27.890  -61.987  28.199 0.6000000238
16660  25.691  -58.705  24.279 0.4000000060
16673  25.714  -58.327  23.364 0.5000000000
14437  28.253  -60.626  27.675 0.6000000238
16681  25.538  -58.491  22.417 0.6000000238
17499  25.720  -57.875  21.653 0.6000000238
142353  28.734  -61.104  27.193 0.6000000238
17511  26.183  -57.577  19.508 0.6000000238
16734  27.167  -58.104  16.425 0.6000000238
17550  27.163  -57.334  15.680 0.6000000238
19980  26.430  -54.439  15.331 0.6999999881
18384  25.766  -56.239  15.616 0.6999999881
19981  25.410  -54.275  15.390 0.6999999881
19976  24.417  -54.368  16.186 0.6999999881
19195  24.258  -55.228  17.984 0.6999999881
20742  25.562  -53.020  16.055 0.6999999881
19964  25.034  -53.562  16.546 0.6999999881
19965  24.573  -54.340  17.218 0.6999999881
20732  25.595  -52.592  16.828 0.6999999881
133419  26.686  -62.066  28.981 0.5000000000
15140  26.324  -60.468  28.277 0.5000000000
15159  25.691  -60.442  27.693 0.5000000000
16647  25.843  -58.706  25.231 0.4000000060
15157  27.546  -60.131  28.080 0.5000000000
17475  26.232  -57.592  23.539 0.5000000000
15170  28.824  -60.405  27.097 0.6000000238
15156  28.201  -59.805  27.531 0.5000000000
16643  29.628  -58.379  25.603 0.5000000000
18358  26.805  -56.668  18.347 0.6999999881
17538  27.263  -57.380  16.636 0.6000000238
17539  26.950  -57.746  17.383 0.6999999881
19223  27.189  -55.474  15.369 0.6000000238
18378  27.565  -56.684  15.915 0.6000000238
20746  26.803  -53.627  15.453 0.6000000238
18383  26.939  -56.488  15.478 0.6000000238
20741  26.232  -52.843  15.847 0.6000000238
20747  25.800  -53.535  15.506 0.6999999881
19951  24.733  -54.435  18.547 0.6999999881
21575  26.539  -52.474  16.411 0.6000000238
127533  25.647  -52.037  17.729 0.6999999881
20714  25.394  -52.583  18.613 0.6999999881
21576  25.963  -52.350  16.493 0.6999999881
16646  26.448  -58.248  25.683 0.4000000060
15884  26.936  -59.873  28.137 0.5000000000
15903  26.786  -59.298  27.455 0.4000000060
17459  26.526  -57.541  24.339 0.5000000000
17487  26.470  -57.105  22.119 0.6000000238
16627  27.485  -58.758  27.170 0.4000000060
17498  26.266  -57.176  21.116 0.6000000238
15901  28.100  -59.097  27.321 0.4000000060
16634  27.535  -58.221  26.600 0.4000000060
16644  28.896  -58.009  26.034 0.4000000060
17444  28.470  -57.577  25.577 0.4000000060
18344  26.544  -56.740  19.499 0.6999999881
18372  27.268  -56.585  17.289 0.6000000238
18371  27.436  -56.831  16.422 0.6000000238
20745  27.791  -53.994  15.573 0.6000000238
19222  28.084  -55.423  15.502 0.6000000238
20731  27.429  -52.830  16.600 0.6000000238
20700  25.024  -53.581  19.174 0.6999999881
22412  26.044  -51.325  17.741 0.6000000238
142536  25.871  -51.318  17.865 0.6000000238
16645  27.168  -57.908  26.014 0.4000000060
17458  27.315  -57.209  24.598 0.4000000060
18323  26.906  -56.614  21.373 0.6999999881
17445  27.674  -57.502  25.417 0.4000000060
18343  27.026  -56.123  19.930 0.8000000119
17443  29.181  -57.684  25.273 0.5000000000
18357  27.371  -55.929  18.143 0.6999999881
124185  27.776  -56.045  16.628 0.6000000238
20744  28.568  -54.378  15.747 0.5000000000
19221  28.669  -55.238  15.655 0.6000000238
20686  24.611  -53.566  20.259 0.6999999881
21546  27.506  -52.435  18.498 0.6000000238
21555  27.507  -52.591  17.416 0.6000000238
22382  25.278  -51.906  20.246 0.8000000119
139637  27.183  -52.099  19.349 0.6000000238
21556  26.630  -51.728  17.720 0.6000000238
17474  27.636  -56.716  23.296 0.5000000000
17486  27.067  -56.774  22.816 0.6000000238
18295  28.450  -56.835  23.323 0.5000000000
17484  29.616  -57.530  22.564 0.6999999881
122961  28.731  -57.025  23.999 0.4000000060
19194  27.792  -55.561  18.732 0.6999999881
19209  28.022  -55.516  17.623 0.6999999881
123078  29.172  -54.120  16.246 0.6000000238
19217  29.081  -55.227  15.996 0.6000000238
20730  28.509  -53.295  16.951 0.6000000238
133747  24.834  -51.804  20.691 0.6000000238
22392  25.878  -50.301  18.842 0.6999999881
127717  25.425  -50.870  20.031 0.6999999881
22381  26.695  -51.213  19.558 0.6999999881
22391  26.316  -50.608  18.733 0.6999999881
22400  25.973  -50.785  18.282 0.6999999881
18321  28.667  -56.564  21.842 0.5000000000
18322  27.716  -56.386  21.615 0.6000000238
138968  30.224  -57.486  20.514 0.6999999881
17485  28.989  -56.907  22.612 0.6000000238
18332  27.446  -56.234  20.638 0.6999999881
16697  30.862  -58.051  19.968 0.6999999881
17483  30.068  -57.897  22.063 0.6999999881
19174  28.233  -55.510  19.138 0.6999999881
19208  29.061  -55.288  17.137 0.6999999881
19973  29.759  -54.685  16.289 0.5000000000
127778  29.734  -55.048  16.474 0.6000000238
127614  23.426  -51.173  20.895 0.5000000000
20712  29.240  -53.377  17.883 0.6000000238
20729  29.726  -53.604  16.849 0.6000000238
23206  24.198  -50.265  20.678 0.6000000238
24082  23.897  -49.392  20.641 0.5000000000
121846  27.808  -52.851  19.744 0.6000000238
20713  28.242  -53.043  17.936 0.6000000238
23204  25.792  -49.869  19.533 0.6000000238
124330  24.829  -49.420  20.359 0.5000000000
24989  24.507  -47.926  20.401 0.5000000000
21539  27.278  -52.315  20.385 0.6999999881
22369  26.692  -50.848  21.271 0.6999999881
23213  26.251  -50.120  19.311 0.6999999881
24079  26.042  -48.986  20.334 0.5000000000
22380  26.849  -51.623  20.932 0.6999999881
121906  26.356  -49.924  20.301 0.6000000238
137768  28.147  -55.973  20.353 0.6000000238
18330  29.630  -56.691  20.558 0.6999999881
126971  28.912  -56.196  20.484 0.6000000238
17510  30.580  -57.257  19.677 0.6999999881
19173  29.003  -55.593  19.051 0.6999999881
19216  30.420  -54.774  16.614 0.6999999881
19192  29.479  -55.407  18.152 0.6999999881
20738  30.202  -54.038  16.547 0.6000000238
24083  23.013  -49.282  20.527 0.4000000060
20711  30.339  -53.466  17.388 0.5000000000
25861  23.776  -47.587  20.249 0.4000000060
21538  28.038  -52.978  20.839 0.6000000238
20684  28.635  -53.350  20.141 0.6000000238
119275  25.573  -48.739  20.372 0.5000000000
24988  25.355  -48.120  20.464 0.5000000000
23203  26.260  -49.345  20.484 0.5000000000
123648  25.885  -47.669  20.802 0.4000000060
21527  27.552  -52.326  21.490 0.6000000238
23191  27.020  -50.799  22.081 0.6999999881
23192  26.639  -49.942  21.471 0.6000000238
24051  26.900  -49.343  22.108 0.5000000000
18329  30.092  -56.737  20.040 0.6000000238
18341  29.519  -56.075  19.801 0.6999999881
19172  29.903  -55.724  18.890 0.6999999881
17537  32.298  -57.148  17.560 0.6999999881
18355  31.494  -56.338  18.107 0.6999999881
19191  30.405  -55.500  17.957 0.6000000238
19206  30.929  -55.062  17.026 0.6000000238
20698  30.837  -53.666  19.009 0.6000000238
121191  31.160  -53.563  17.004 0.5000000000
120180  30.025  -53.477  18.565 0.6000000238
20673  28.937  -53.343  21.136 0.6000000238
20699  29.333  -53.501  19.445 0.6000000238
142669  25.719  -47.069  20.766 0.4000000060
128307  25.227  -47.425  20.501 0.5000000000
25860  24.490  -47.133  20.328 0.4000000060
21526  28.447  -52.762  21.784 0.6000000238
27556  25.615  -45.758  20.690 0.4000000060
23175  27.702  -51.025  22.642 0.6000000238
24962  27.329  -48.695  22.420 0.5000000000
18356  30.684  -55.931  18.550 0.6999999881
129385  32.739  -56.381  17.317 0.6999999881
19205  31.700  -54.962  16.888 0.6000000238
18369  33.321  -57.243  17.297 0.6999999881
19971  31.731  -54.041  16.609 0.5000000000
20682  30.862  -53.672  20.095 0.6000000238
124440  30.119  -53.629  19.724 0.6000000238
20672  29.875  -53.458  21.266 0.5000000000
21511  29.030  -52.212  22.386 0.6000000238
21512  27.993  -52.011  22.385 0.6000000238
24050  27.628  -49.495  22.610 0.5000000000
19962  33.058  -55.148  17.499 0.6999999881
19963  32.334  -54.575  17.001 0.6999999881
20709  32.187  -53.940  18.193 0.6000000238
20697  31.591  -53.815  19.364 0.5000000000
20670  31.766  -53.245  21.187 0.6000000238
20681  31.638  -53.653  20.429 0.6000000238
21524  30.375  -52.992  21.886 0.6000000238
22354  29.719  -51.480  22.622 0.6000000238
24049  28.365  -49.622  22.761 0.5000000000
16656  31.396  -58.819  24.201 0.5000000000
16670  30.998  -58.407  22.973 0.5000000000
16678  32.206  -58.835  22.704 0.5000000000
16669  31.691  -58.744  23.354 0.5000000000
122110  31.145  -58.450  21.627 0.6999999881
15984  32.939  -59.094  19.296 0.6999999881
16688  31.606  -58.547  20.891 0.5000000000
127722  32.404  -58.773  20.913 0.5000000000
16689  30.720  -58.248  20.833 0.6999999881
16695  32.120  -58.743  19.995 0.6999999881
16705  31.948  -58.153  18.568 0.6999999881
12998  27.989  -63.932  26.913 0.3000000119
19220  24.084  -55.008  16.073 0.6999999881
16744  26.896  -58.149  15.943 0.6000000238
19210  24.038  -55.053  16.770 0.6999999881
19933  24.445  -54.389  19.703 0.6999999881
17472  29.370  -57.375  23.401 0.6000000238
20739  28.131  -53.570  16.119 0.6000000238
23221  26.033  -50.363  18.696 0.6999999881
23205  25.121  -50.111  20.266 0.6000000238
23214  25.993  -49.925  19.271 0.6999999881
136712  25.271  -49.006  20.288 0.6000000238
24990  23.648  -48.508  20.481 0.5000000000
24963  26.695  -48.566  21.890 0.5000000000
20737  31.121  -53.922  16.647 0.5000000000
18370  31.993  -55.861  17.489 0.6999999881
20710  31.678  -53.644  17.351 0.5000000000
21525  29.424  -52.997  21.930 0.6000000238
22355  28.731  -51.328  22.690 0.6000000238
19214  31.926  -54.374  16.728 0.6000000238
20671  30.859  -53.458  21.116 0.6000000238
19949  32.651  -54.495  17.666 0.5000000000
15991  34.343  -59.821  17.615 0.6000000238
18365  39.246  -56.792  16.857 0.6000000238
19199  40.113  -55.268  16.479 0.4000000060
17532  37.137  -58.249  16.662 0.5000000000
16003  33.839  -59.451  17.512 0.6000000238
15964  25.721  -59.996  21.341 0.5000000000
19959  40.831  -54.736  17.274 0.4000000060
16698  25.620  -58.500  20.914 0.5000000000
15986  26.311  -59.510  19.539 0.5000000000
16726  37.940  -58.279  16.643 0.5000000000
20733  41.165  -53.143  16.968 0.4000000060
15977  25.894  -59.531  20.535 0.5000000000
16005  26.902  -59.983  16.827 0.5000000000
17541  38.554  -57.215  16.385 0.6000000238
126205  26.682  -59.655  18.527 0.5000000000
17533  36.230  -58.581  16.831 0.5000000000
16004  33.124  -59.232  17.481 0.6000000238
136993  42.221  -51.861  17.932 0.4000000060
22408  42.310  -51.225  18.323 0.4000000060
18375  39.339  -55.545  16.042 0.4000000060
142883  25.244  -61.749  15.992 0.5000000000
17543  38.071  -57.341  16.184 0.5000000000
15291  26.676  -60.755  16.722 0.5000000000
16012  25.345  -61.026  16.035 0.5000000000
17534  35.346  -58.677  17.165 0.6000000238
17535  34.393  -58.582  17.434 0.6000000238
16717  32.568  -58.657  17.813 0.6000000238
17545  26.054  -58.037  15.959 0.5000000000
123954  24.736  -59.861  16.199 0.5000000000
16013  24.332  -60.901  15.769 0.4000000060
18366  36.694  -57.726  16.945 0.5000000000
133738  37.649  -57.355  16.437 0.5000000000
18367  35.702  -57.863  17.387 0.6000000238
18368  34.752  -57.847  17.697 0.6000000238
129199  33.415  -58.367  17.303 0.6000000238
18354  34.157  -56.871  17.829 0.6000000238
16733  32.586  -58.086  17.430 0.6000000238
19967  40.826  -54.012  16.783 0.4000000060
21566  41.566  -52.254  17.281 0.4000000060
120176  23.606  -57.861  16.645 0.5000000000
16742  23.691  -59.230  16.468 0.5000000000
16006  22.147  -59.573  16.833 0.4000000060
16741  24.605  -58.731  16.407 0.6000000238
16014  23.076  -60.525  16.128 0.4000000060
19200  38.303  -55.764  16.230 0.6000000238
19202  37.146  -56.702  17.389 0.6000000238
18352  36.120  -56.909  17.855 0.6000000238
19187  35.539  -56.050  18.630 0.6000000238
23230  42.212  -50.477  17.909 0.4000000060
17548  22.796  -58.100  16.806 0.5000000000
16736  22.287  -58.571  17.204 0.4000000060
16007  21.223  -59.910  17.172 0.4000000060
19969  39.380  -54.683  15.848 0.6000000238
130105  40.193  -54.154  15.933 0.4000000060
19960  38.382  -54.675  16.537 0.6000000238
19212  38.606  -56.139  16.086 0.6000000238
19201  37.829  -56.312  16.617 0.5000000000
19945  36.940  -54.896  18.494 0.6000000238
19185  37.475  -55.682  17.719 0.5000000000
19188  34.654  -56.061  18.580 0.6000000238
24106  42.648  -49.572  18.047 0.4000000060
21572  40.786  -52.500  16.356 0.4000000060
18374  23.014  -56.743  17.328 0.6000000238
16720  21.849  -58.425  18.030 0.5000000000
16721  21.142  -59.069  18.150 0.5000000000
16722  20.205  -59.214  18.328 0.5000000000
21578  39.851  -53.241  15.672 0.4000000060
141081  40.486  -51.971  15.941 0.4000000060
20735  39.446  -53.352  15.910 0.5000000000
20725  38.252  -53.811  17.273 0.5000000000
20707  37.844  -53.577  18.072 0.5000000000
19946  35.974  -55.055  19.055 0.6000000238
19947  34.998  -55.291  19.111 0.6000000238
19189  33.777  -55.787  18.124 0.6000000238
24114  41.797  -49.565  16.470 0.4000000060
23236  41.620  -50.500  17.003 0.4000000060
24113  42.776  -49.011  17.076 0.4000000060
25021  43.192  -48.160  16.545 0.4000000060
137754  41.076  -49.840  15.855 0.4000000060
23237  41.069  -50.520  16.139 0.4000000060
121634  22.462  -56.981  19.195 0.6000000238
17514  20.943  -57.859  19.346 0.5000000000
16709  20.745  -58.580  18.792 0.4000000060
22418  40.089  -51.847  15.659 0.4000000060
142061  38.522  -53.959  16.589 0.5000000000
20708  37.115  -53.822  18.613 0.5000000000
19929  35.911  -54.073  19.334 0.6000000238
126514  34.177  -55.214  18.877 0.6000000238
19948  33.399  -54.967  18.361 0.6000000238
25898  43.049  -47.734  15.145 0.4000000060
19175  24.152  -55.160  19.155 0.6000000238
18345  23.126  -56.456  19.207 0.6000000238
18346  22.310  -56.451  19.791 0.5000000000
18348  19.302  -56.594  18.876 0.5000000000
23241  40.527  -50.438  15.705 0.4000000060
22415  39.518  -51.499  15.842 0.4000000060
22416  38.947  -51.924  16.265 0.5000000000
21568  38.079  -52.781  17.702 0.5000000000
19930  35.294  -54.528  19.349 0.5000000000
25032  43.778  -47.483  15.314 0.4000000060
19934  23.758  -54.951  20.130 0.6000000238
19168  22.157  -55.757  20.343 0.5000000000
19178  20.687  -55.485  19.911 0.5000000000
21567  38.466  -52.310  16.885 0.5000000000
21553  37.381  -52.867  18.502 0.4000000060
134498  36.000  -53.235  19.471 0.4000000060
134756  34.555  -54.560  19.399 0.4000000060
19931  33.704  -54.549  19.362 0.6000000238
20696  32.420  -54.037  19.757 0.4000000060
25904  43.742  -47.246  14.887 0.4000000060
25899  42.037  -47.785  15.312 0.4000000060
25029  41.241  -48.487  15.502 0.4000000060
20687  23.983  -53.450  20.884 0.5000000000
19167  22.882  -55.254  20.405 0.5000000000
19169  21.521  -55.323  20.362 0.5000000000
19917  22.518  -54.514  20.772 0.4000000060
23231  37.862  -50.906  17.276 0.5000000000
23219  37.373  -50.927  17.954 0.5000000000
22398  36.933  -51.283  18.770 0.6000000238
21535  35.352  -52.663  19.874 0.4000000060
20678  34.675  -53.247  19.995 0.4000000060
123786  33.200  -53.578  20.346 0.4000000060
22390  35.725  -51.713  19.858 0.5000000000
129665  23.597  -52.873  21.142 0.5000000000
20688  23.130  -53.782  21.005 0.6000000238
139806  23.075  -52.191  21.116 0.4000000060
123624  33.751  -52.821  20.566 0.5000000000
20680  32.411  -53.446  20.680 0.5000000000
23212  35.872  -50.776  19.695 0.5000000000
22389  36.403  -51.502  19.385 0.5000000000
22377  35.098  -51.914  20.224 0.5000000000
21536  34.491  -52.523  20.355 0.5000000000
26781  41.676  -47.076  15.167 0.4000000060
22353  30.583  -51.583  22.445 0.5000000000
140276  32.387  -52.892  21.198 0.4000000060
21537  33.091  -52.669  20.930 0.5000000000
23200  35.230  -51.124  20.240 0.5000000000
23208  22.418  -50.747  20.508 0.4000000060
21509  31.332  -51.752  22.191 0.4000000060
22367  31.952  -51.089  22.078 0.4000000060
21523  31.305  -52.673  21.756 0.5000000000
122784  32.020  -52.631  21.517 0.5000000000
22365  33.259  -51.691  21.243 0.5000000000
21522  32.577  -52.203  21.412 0.5000000000
22378  34.564  -51.563  20.575 0.5000000000
23202  33.967  -50.194  21.113 0.5000000000
23188  33.275  -50.753  21.415 0.4000000060
141934  25.467  -58.618  16.255 0.5000000000
18381  23.248  -56.334  16.700 0.6000000238
16010  26.715  -59.852  16.635 0.6000000238
19211  23.583  -55.913  17.317 0.6000000238
15953  25.437  -59.431  22.214 0.5000000000
128253  24.097  -52.026  21.092 0.5000000000
20695  33.151  -54.176  19.708 0.4000000060
16011  26.254  -60.363  16.456 0.5000000000
16740  26.417  -59.094  16.284 0.5000000000
123793  25.555  -59.615  16.268 0.5000000000
16743  22.771  -59.108  16.733 0.4000000060
20736  38.931  -54.019  16.126 0.6000000238
17540  22.512  -57.659  17.550 0.6000000238
16737  21.704  -59.063  17.464 0.4000000060
22417  40.523  -51.235  15.840 0.4000000060
19196  23.791  -55.933  18.662 0.6000000238
18360  22.804  -57.063  18.441 0.6000000238
17524  22.044  -57.748  18.840 0.5000000000
16710  19.806  -58.388  18.918 0.5000000000
15996  19.628  -59.984  17.663 0.5000000000
17515  20.042  -57.330  19.350 0.5000000000
19177  22.819  -55.941  19.936 0.5000000000
125143  20.846  -56.975  19.643 0.5000000000
18347  21.328  -56.236  20.050 0.5000000000
129073  36.740  -53.019  19.125 0.5000000000
137373  20.228  -56.304  19.541 0.5000000000
22410  38.372  -51.333  16.827 0.5000000000
19916  23.243  -54.552  20.612 0.6000000238
20679  34.028  -53.375  20.243 0.3000000119
22366  32.611  -51.343  21.632 0.4000000060
7455  33.827  -72.789  19.812 0.3000000119
7950  34.464  -71.259  18.510 0.3000000119
7931  34.799  -71.627  19.155 0.3000000119
9099  34.758  -69.071  18.193 0.3000000119
7967  34.538  -70.156  17.786 0.3000000119
9089  35.115  -69.515  18.704 0.3000000119
9101  33.460  -68.425  18.185 0.3000000119
9091  33.937  -68.968  18.673 0.3000000119
8465  35.353  -69.530  22.060 0.3000000119
8501  35.150  -69.629  20.358 0.3000000119
8517  34.279  -69.434  19.535 0.3000000119
8518  33.324  -69.364  19.297 0.3000000119
119906  34.660  -69.813  21.710 0.3000000119
7846  33.366  -70.656  23.736 0.3000000119
7863  33.598  -70.504  23.072 0.3000000119
7903  33.379  -70.609  21.854 0.4000000060
8485  32.767  -70.443  21.049 0.4000000060
8486  31.579  -70.462  21.201 0.4000000060
8505  30.901  -69.612  20.728 0.3000000119
7828  32.255  -71.300  25.066 0.3000000119
7847  32.487  -71.337  24.104 0.4000000060
7865  31.883  -71.497  23.505 0.4000000060
7904  32.236  -70.882  21.742 0.4000000060
8400  32.311  -70.652  26.416 0.3000000119
8487  30.649  -70.175  21.472 0.4000000060
9530  31.487  -67.912  29.256 0.4000000060
8984  31.632  -69.708  27.806 0.4000000060
9072  30.093  -69.126  21.180 0.4000000060
8468  29.432  -69.787  22.629 0.3000000119
8401  31.355  -70.691  26.656 0.4000000060
7848  31.586  -71.547  24.411 0.3000000119
7866  30.975  -71.458  23.790 0.4000000060
125693  30.924  -69.520  27.954 0.4000000060
7850  29.801  -70.873  24.715 0.5000000000
140593  30.472  -71.055  23.333 0.4000000060
14450  29.295  -61.201  26.566 0.5000000000
10212  30.603  -67.688  28.929 0.4000000060
8449  29.734  -70.495  23.306 0.4000000060
121129  27.763  -64.620  26.812 0.3000000119
13742  29.120  -63.185  25.702 0.4000000060
9613  27.904  -67.628  23.808 0.3000000119
15941  25.339  -59.870  22.969 0.4000000060
138549  25.584  -60.431  21.997 0.4000000060
16658  29.930  -58.061  24.852 0.4000000060
16657  30.652  -58.476  24.479 0.4000000060
134036  29.932  -59.023  25.824 0.4000000060
8985  30.284  -69.380  27.661 0.4000000060
7813  30.822  -71.062  26.039 0.3000000119
7830  30.323  -71.134  25.368 0.5000000000
15920  30.321  -59.480  25.599 0.4000000060
15169  29.372  -60.306  26.574 0.4000000060
9541  30.230  -68.172  28.324 0.4000000060
13013  28.485  -63.553  26.320 0.4000000060
8450  29.322  -70.212  24.018 0.4000000060
139575  30.188  -62.109  25.220 0.5000000000
9037  28.788  -69.057  23.573 0.5000000000
13044  29.718  -63.333  24.873 0.4000000060
12296  28.191  -64.396  26.074 0.4000000060
141222  28.366  -67.747  24.130 0.3000000119
127356  28.703  -64.544  25.282 0.4000000060
15259  26.251  -60.722  20.532 0.4000000060
16671  30.206  -58.032  22.975 0.4000000060
9559  29.948  -68.623  27.741 0.4000000060
8384  30.035  -69.787  27.048 0.4000000060
15181  30.867  -59.552  25.157 0.4000000060
15183  29.886  -60.763  26.017 0.5000000000
10232  29.716  -68.329  27.095 0.4000000060
8403  29.754  -69.998  26.351 0.4000000060
15196  31.004  -61.035  24.965 0.5000000000
10887  30.193  -66.701  27.540 0.4000000060
10245  29.919  -67.574  27.057 0.4000000060
9577  29.566  -68.777  26.452 0.4000000060
9596  29.373  -68.573  25.528 0.5000000000
10261  29.521  -67.804  25.226 0.5000000000
139954  31.158  -60.209  25.010 0.4000000060
14477  31.447  -61.627  24.364 0.5000000000
12295  30.841  -65.155  26.983 0.4000000060
9612  28.903  -68.039  24.617 0.5000000000
13756  30.198  -62.728  24.751 0.4000000060
10280  29.255  -67.304  24.770 0.4000000060
11624  29.768  -65.818  24.607 0.4000000060
11611  28.718  -65.363  24.891 0.4000000060
119246  29.990  -64.264  24.462 0.4000000060
15940  32.040  -59.372  23.900 0.4000000060
15952  33.013  -59.224  22.483 0.3000000119
10899  30.364  -66.942  26.388 0.4000000060
10913  30.705  -66.855  25.278 0.4000000060
15195  31.586  -60.626  24.528 0.4000000060
16008  20.229  -60.547  17.195 0.4000000060
12293  32.143  -64.631  25.688 0.4000000060
11595  31.245  -65.918  25.966 0.4000000060
10279  30.028  -67.140  25.086 0.5000000000
10927  30.637  -66.774  24.854 0.5000000000
15210  32.747  -60.716  23.618 0.5000000000
14497  31.947  -62.216  23.716 0.4000000060
13028  32.856  -64.154  25.216 0.4000000060
10928  29.869  -66.691  24.812 0.4000000060
140542  30.705  -62.869  24.307 0.4000000060
13063  31.050  -64.783  23.744 0.4000000060
13042  31.121  -63.534  23.789 0.4000000060
125532  33.111  -59.051  21.402 0.4000000060
15939  32.730  -59.885  23.638 0.3000000119
12313  31.920  -65.694  25.260 0.4000000060
11608  32.146  -66.100  24.348 0.4000000060
15209  33.367  -60.324  23.249 0.3000000119
12311  33.203  -65.037  24.179 0.4000000060
11621  32.680  -65.681  23.790 0.4000000060
11622  31.680  -66.269  24.319 0.4000000060
11634  31.508  -65.847  23.862 0.5000000000
13027  33.542  -64.019  24.451 0.4000000060
13041  34.262  -63.940  23.687 0.4000000060
12348  32.651  -65.012  22.871 0.4000000060
13062  31.847  -64.378  23.276 0.4000000060
13772  32.554  -62.920  23.055 0.4000000060
15983  33.673  -59.552  18.763 0.4000000060
11620  32.755  -65.531  23.272 0.4000000060
8507  27.199  -70.244  20.373 0.3000000119
8431  34.118  -70.110  24.105 0.3000000119
127394  33.289  -70.428  25.918 0.3000000119
8968  32.135  -69.314  28.130 0.4000000060
141444  30.389  -65.868  28.986 0.4000000060
133010  30.287  -66.339  28.524 0.4000000060
12264  30.402  -64.771  28.297 0.4000000060
13012  31.664  -64.080  26.464 0.4000000060
15963  33.888  -59.575  21.885 0.3000000119
13754  33.934  -63.071  24.628 0.4000000060
15974  34.054  -59.421  20.748 0.4000000060
15962  34.656  -59.958  21.391 0.4000000060
15226  34.050  -60.875  22.649 0.4000000060
14494  36.186  -62.252  23.386 0.4000000060
13059  34.699  -64.100  22.813 0.4000000060
12346  34.181  -64.387  22.699 0.4000000060
13079  34.272  -63.952  22.429 0.4000000060
13771  33.287  -62.453  22.747 0.3000000119
14495  33.375  -61.294  23.092 0.4000000060
13769  35.928  -63.215  23.017 0.4000000060
14463  29.815  -61.718  25.788 0.4000000060
125011  34.585  -59.873  18.336 0.4000000060
7968  33.613  -70.874  17.736 0.3000000119
7949  35.171  -70.812  18.800 0.3000000119
9709  34.041  -68.751  17.840 0.3000000119
143156  26.912  -70.203  18.766 0.3000000119
9096  28.061  -69.444  19.056 0.3000000119
9090  34.763  -69.211  18.912 0.3000000119
7885  34.359  -70.026  22.449 0.3000000119
8502  34.742  -69.592  20.362 0.4000000060
9083  32.301  -69.398  19.536 0.4000000060
7864  32.758  -71.081  23.270 0.3000000119
7811  32.497  -70.905  25.736 0.3000000119
7887  32.247  -71.171  22.559 0.4000000060
8466  31.257  -70.854  22.067 0.4000000060
8381  33.002  -70.161  26.860 0.3000000119
10853  31.496  -66.433  29.700 0.4000000060
8999  29.445  -69.348  25.943 0.4000000060
9024  28.548  -68.380  24.002 0.5000000000
127515  28.824  -66.697  24.593 0.3000000119
127337  29.062  -69.218  24.974 0.5000000000
137521  30.458  -65.312  27.742 0.4000000060
143363  31.564  -65.430  23.605 0.4000000060
13793  33.322  -63.688  22.551 0.4000000060
124752  38.124  -58.127  18.351 0.4000000060
16714  37.733  -58.550  17.319 0.4000000060
128971  40.244  -56.354  18.795 0.4000000060
18351  39.977  -56.239  17.749 0.3000000119
17529  38.774  -57.485  17.082 0.5000000000
16716  36.268  -59.503  17.263 0.4000000060
16000  35.913  -59.592  16.863 0.4000000060
122572  36.956  -56.151  21.374 0.3000000119
19152  37.534  -55.592  20.926 0.3000000119
19926  40.775  -53.458  19.876 0.3000000119
19909  42.131  -53.590  20.065 0.3000000119
126747  42.418  -52.056  19.263 0.3000000119
136492  41.876  -53.016  17.640 0.3000000119
19165  38.524  -55.310  20.780 0.3000000119
19928  39.510  -54.069  19.845 0.3000000119
20692  39.816  -53.468  19.662 0.3000000119
19154  35.616  -55.421  21.366 0.3000000119
19900  37.017  -54.790  20.693 0.3000000119
22372  42.089  -52.158  19.676 0.3000000119
23218  42.421  -50.659  19.093 0.3000000119
20677  37.947  -53.397  20.456 0.3000000119
22375  39.878  -51.118  20.473 0.3000000119
22373  41.489  -51.746  19.769 0.3000000119
21520  37.762  -52.143  21.040 0.3000000119
21534  38.576  -52.519  20.360 0.3000000119
136867  40.372  -49.631  20.665 0.3000000119
124442  38.469  -50.969  21.259 0.3000000119
23199  39.668  -50.165  20.923 0.3000000119
125127  36.481  -54.013  21.124 0.3000000119
24073  41.439  -50.383  20.019 0.3000000119
24993  42.190  -49.356  19.184 0.3000000119
25014  43.060  -48.462  17.505 0.3000000119
22364  37.407  -51.361  21.668 0.3000000119
23198  40.635  -50.449  20.390 0.3000000119
25003  41.661  -48.242  18.748 0.3000000119
123280  38.448  -49.773  21.803 0.3000000119
24075  39.812  -49.175  21.038 0.3000000119
24983  40.590  -48.900  20.485 0.3000000119
24995  40.319  -48.278  20.111 0.3000000119
25893  43.761  -47.364  16.037 0.3000000119
25872  42.991  -48.449  18.029 0.3000000119
26760  43.273  -47.104  16.613 0.3000000119
26780  44.220  -46.617  15.131 0.3000000119
25905  42.783  -47.263  14.863 0.3000000119
26791  43.863  -45.772  14.638 0.3000000119
27618  42.891  -45.569  14.493 0.3000000119
26790  41.334  -46.202  15.096 0.3000000119
19184  40.887  -55.678  18.846 0.3000000119
17520  38.760  -57.596  18.163 0.4000000060
134168  42.465  -52.691  18.924 0.3000000119
25001  42.762  -49.084  18.375 0.3000000119
17509  38.733  -57.600  19.374 0.5000000000
124878  37.879  -54.994  20.541 0.3000000119
22374  40.715  -51.375  20.061 0.3000000119
21531  41.840  -52.661  19.850 0.3000000119
19924  42.199  -53.879  19.839 0.3000000119
19943  42.139  -53.942  18.850 0.3000000119
21544  39.420  -52.703  19.779 0.3000000119
20668  37.087  -53.768  20.757 0.3000000119
23210  42.174  -50.734  19.393 0.3000000119
22376  39.068  -50.988  20.895 0.3000000119
24969  39.163  -48.749  21.421 0.3000000119
24984  39.641  -48.298  20.749 0.3000000119
24088  41.443  -49.105  19.937 0.3000000119
23187  37.769  -49.857  22.236 0.3000000119
25863  40.712  -48.053  19.290 0.3000000119
15225  34.820  -61.305  22.033 0.3000000119
14528  35.671  -62.105  21.586 0.4000000060
15239  37.383  -60.530  22.049 0.4000000060
15240  36.748  -61.139  21.593 0.4000000060
15241  35.404  -60.807  21.364 0.3000000119
16686  37.889  -59.056  21.528 0.4000000060
16685  38.866  -58.666  22.347 0.3000000119
15255  36.185  -60.596  20.737 0.4000000060
15971  36.993  -59.504  20.820 0.4000000060
17494  39.384  -58.050  21.864 0.3000000119
15980  36.707  -59.310  19.551 0.3000000119
16694  37.410  -58.780  20.264 0.4000000060
17503  38.961  -57.750  20.624 0.4000000060
16702  37.291  -58.714  18.664 0.3000000119
15268  35.914  -60.086  19.729 0.3000000119
16703  36.541  -59.316  18.300 0.3000000119
15982  35.517  -59.867  18.455 0.3000000119
15269  35.419  -59.914  19.466 0.3000000119
16701  38.008  -58.098  19.752 0.4000000060
15961  36.776  -60.249  21.243 0.4000000060
10211  32.569  -67.917  29.188 0.3000000119
13088  35.598  -63.506  22.018 0.3000000119
138432  34.856  -65.936  29.414 0.3000000119
10191  34.137  -67.031  28.990 0.3000000119
10192  33.038  -67.127  29.378 0.3000000119
10193  31.955  -67.205  29.594 0.3000000119
141528  36.231  -62.251  21.624 0.3000000119
13077  35.601  -63.590  22.253 0.3000000119
12242  34.526  -64.880  29.993 0.3000000119
122861  33.032  -65.656  29.931 0.3000000119
11541  33.581  -64.926  30.132 0.3000000119
11550  31.950  -65.652  30.053 0.3000000119
11552  30.630  -65.403  29.313 0.3000000119
14526  36.653  -62.150  21.838 0.3000000119
129194  35.507  -61.923  30.536 0.3000000119
12223  34.079  -64.194  30.291 0.3000000119
12950  34.572  -63.445  30.356 0.3000000119
11542  32.602  -64.925  30.172 0.3000000119
12224  33.087  -64.195  30.361 0.3000000119
11551  31.261  -65.132  29.874 0.3000000119
13664  34.096  -62.685  30.505 0.3000000119
13665  33.145  -62.630  30.521 0.3000000119
11543  31.866  -64.888  30.167 0.3000000119
129232  32.497  -63.391  30.469 0.3000000119
12984  30.487  -63.935  28.388 0.3000000119
13724  31.507  -63.189  26.980 0.3000000119
142227  33.700  -62.469  25.312 0.3000000119
126878  34.884  -61.148  30.640 0.3000000119
12969  30.651  -63.383  29.329 0.3000000119
12968  31.161  -63.152  30.020 0.3000000119
13710  30.808  -63.272  27.756 0.3000000119
14511  36.946  -62.169  22.420 0.3000000119
142772  33.270  -61.368  30.525 0.3000000119
126877  33.965  -61.262  30.606 0.3000000119
13666  32.224  -62.476  30.483 0.3000000119
134085  31.751  -63.023  30.363 0.3000000119
13695  30.671  -62.882  28.556 0.3000000119
13722  33.150  -62.350  25.959 0.3000000119
13753  34.714  -62.875  24.181 0.3000000119
14492  37.212  -61.216  22.804 0.3000000119
15949  37.996  -59.850  22.794 0.3000000119
13792  34.105  -63.091  22.280 0.3000000119
14389  31.934  -61.610  30.293 0.3000000119
13694  31.031  -61.969  28.669 0.3000000119
14449  32.525  -61.772  26.667 0.3000000119
14476  35.053  -61.870  24.608 0.3000000119
10852  32.462  -66.424  29.783 0.3000000119
129397  34.164  -65.663  29.733 0.3000000119
10851  33.548  -66.386  29.550 0.3000000119
7454  34.358  -72.343  19.579 0.3000000119
7812  31.741  -71.110  25.907 0.3000000119
7827  33.105  -70.788  24.566 0.3000000119
7829  31.223  -71.416  25.287 0.3000000119
7831  29.718  -70.646  25.324 0.5000000000
7849  30.630  -71.386  24.613 0.4000000060
7867  30.086  -71.036  23.968 0.4000000060
7886  33.249  -70.753  22.643 0.3000000119
7888  31.232  -71.274  22.965 0.4000000060
7951  33.717  -71.405  18.248 0.3000000119
8382  31.965  -70.262  27.197 0.4000000060
8383  30.905  -70.087  27.395 0.4000000060
8402  30.439  -70.460  26.638 0.3000000119
8414  30.023  -70.643  25.938 0.5000000000
8415  29.467  -70.055  25.598 0.4000000060
8432  29.301  -70.160  24.848 0.4000000060
8448  34.396  -69.949  23.230 0.3000000119
8467  30.335  -70.628  22.596 0.4000000060
8483  35.121  -69.746  21.233 0.3000000119
8484  34.095  -70.095  21.054 0.4000000060
8488  29.898  -69.779  21.921 0.4000000060
8503  33.372  -69.916  20.130 0.3000000119
8504  31.933  -69.998  20.347 0.4000000060
8508  26.399  -70.742  20.529 0.3000000119
8516  34.979  -69.354  19.806 0.3000000119
8519  27.402  -70.060  19.373 0.3000000119
8520  26.582  -70.436  19.398 0.3000000119
8528  35.248  -70.069  18.515 0.3000000119
8529  34.897  -70.481  18.210 0.3000000119
8543  35.042  -69.641  18.087 0.3000000119
8969  31.362  -69.144  28.319 0.4000000060
8970  30.552  -68.937  28.221 0.4000000060
8983  32.565  -69.723  27.590 0.4000000060
9023  28.958  -69.488  24.297 0.5000000000
9082  35.202  -69.519  19.562 0.3000000119
9100  34.196  -68.734  18.198 0.3000000119
9109  34.488  -69.297  17.796 0.3000000119
9110  33.605  -69.030  17.484 0.3000000119
9539  32.104  -68.683  28.685 0.4000000060
9540  30.991  -68.486  28.753 0.4000000060
9558  33.003  -69.141  28.035 0.3000000119
9560  29.750  -69.040  27.154 0.4000000060
10194  31.033  -67.113  29.399 0.4000000060
10195  30.429  -66.946  28.946 0.4000000060
10231  29.881  -67.974  27.714 0.4000000060
10246  29.649  -68.103  26.216 0.5000000000
10260  29.957  -67.446  25.830 0.4000000060
10854  30.689  -66.281  29.294 0.3000000119
10872  35.120  -66.777  28.423 0.3000000119
10912  31.173  -66.549  24.759 0.5000000000
10929  29.133  -66.120  24.689 0.4000000060
11567  30.338  -65.455  28.550 0.4000000060
11568  27.150  -65.063  28.271 0.3000000119
11581  30.303  -65.957  27.878 0.4000000060
11596  30.585  -66.118  26.907 0.4000000060
11597  27.692  -65.255  26.209 0.4000000060
11609  31.505  -66.433  24.995 0.4000000060
11610  30.900  -66.531  25.803 0.4000000060
11623  30.867  -66.345  24.514 0.5000000000
11633  32.224  -65.971  23.760 0.4000000060
12225  32.155  -64.263  30.361 0.3000000119
12226  31.413  -64.414  30.095 0.3000000119
12243  30.804  -64.590  29.585 0.3000000119
12244  30.388  -64.683  28.949 0.3000000119
12278  30.563  -64.624  27.735 0.4000000060
12294  31.483  -64.946  26.264 0.4000000060
12312  32.551  -65.312  24.722 0.4000000060
12314  29.247  -63.984  25.091 0.4000000060
12315  28.175  -64.991  25.498 0.4000000060
12330  33.254  -65.244  23.387 0.4000000060
12331  30.418  -65.375  24.290 0.4000000060
12332  29.415  -64.835  24.704 0.4000000060
12347  33.390  -65.002  22.855 0.4000000060
12349  32.029  -65.446  23.415 0.4000000060
12359  33.659  -64.394  22.645 0.4000000060
12360  33.099  -64.561  22.640 0.4000000060
12951  33.590  -63.425  30.448 0.3000000119
12952  31.611  -63.692  30.291 0.3000000119
12985  27.479  -63.539  28.368 0.4000000060
12996  30.963  -64.129  27.219 0.4000000060
13011  32.227  -63.642  26.125 0.4000000060
13029  28.718  -63.916  25.655 0.4000000060
13043  30.410  -63.543  24.280 0.4000000060
13058  35.932  -63.364  22.495 0.3000000119
13060  33.866  -64.609  23.105 0.4000000060
13061  32.523  -64.055  22.807 0.4000000060
13078  35.043  -64.017  22.243 0.3000000119
13663  35.056  -62.699  30.435 0.3000000119
13667  31.520  -62.438  30.142 0.3000000119
13682  30.938  -62.574  29.503 0.3000000119
13683  25.889  -62.231  29.170 0.5000000000
13696  27.274  -62.614  28.686 0.6000000238
13709  31.077  -62.502  27.780 0.3000000119
13711  28.368  -62.344  27.452 0.5000000000
13723  32.311  -62.707  26.438 0.3000000119
13725  29.296  -62.231  26.183 0.4000000060
13726  28.719  -62.720  26.601 0.5000000000
13738  34.301  -62.183  24.959 0.3000000119
13739  33.320  -63.183  25.266 0.4000000060
13740  32.754  -63.180  25.803 0.3000000119
13741  29.714  -62.558  25.381 0.5000000000
13752  35.464  -62.541  23.760 0.3000000119
13755  31.275  -62.580  24.062 0.4000000060
13768  36.441  -62.809  22.636 0.4000000060
13770  35.160  -63.518  23.297 0.4000000060
13773  31.842  -63.265  23.423 0.4000000060
13790  36.059  -63.232  22.207 0.3000000119
13791  34.952  -63.538  21.980 0.3000000119
13806  36.129  -62.845  21.821 0.3000000119
13807  35.497  -62.995  21.822 0.3000000119
14388  32.789  -61.845  30.522 0.3000000119
14438  27.721  -61.036  28.201 0.6000000238
14451  28.799  -61.843  26.926 0.5000000000
14478  30.749  -62.060  24.748 0.5000000000
14493  36.861  -61.890  23.062 0.3000000119
14496  32.654  -61.779  23.393 0.4000000060
14512  34.819  -62.434  22.017 0.3000000119
14513  33.972  -61.927  22.468 0.3000000119
14525  37.205  -61.412  22.204 0.3000000119
14527  36.168  -61.413  21.380 0.4000000060
15099  34.133  -60.426  30.621 0.3000000119
15139  27.023  -60.644  28.487 0.5000000000
15141  25.628  -60.986  28.252 0.5000000000
15158  26.373  -59.911  27.846 0.5000000000
15182  30.524  -60.301  25.506 0.5000000000
15194  32.154  -60.177  24.097 0.4000000060
15211  32.066  -61.178  23.952 0.5000000000
15224  37.564  -60.460  22.804 0.3000000119
15227  25.434  -60.912  22.601 0.4000000060
15256  35.864  -60.577  20.429 0.3000000119
15257  35.148  -60.056  20.480 0.3000000119
15902  27.496  -59.426  27.699 0.4000000060
15911  29.323  -58.801  26.297 0.4000000060
15912  28.893  -59.484  26.879 0.5000000000
15914  26.000  -59.759  27.169 0.5000000000
15921  26.061  -58.890  26.034 0.4000000060
15929  31.521  -59.618  24.583 0.4000000060
15930  31.027  -58.995  24.770 0.5000000000
15950  34.483  -60.323  22.110 0.4000000060
15951  33.784  -59.907  22.763 0.3000000119
15959  38.481  -59.324  22.672 0.3000000119
15960  37.586  -59.774  21.865 0.4000000060
15972  36.404  -60.005  20.150 0.3000000119
15973  34.488  -59.639  19.577 0.4000000060
15975  33.074  -58.968  20.376 0.5000000000
15981  36.093  -59.633  19.082 0.3000000119
15989  35.660  -59.821  17.335 0.4000000060
15990  35.007  -60.025  17.487 0.4000000060
15992  33.690  -59.646  17.870 0.6000000238
15993  32.948  -59.318  18.196 0.6000000238
15995  20.537  -59.715  17.714 0.5000000000
16001  35.372  -59.769  16.997 0.6000000238
16002  34.619  -59.720  17.274 0.6000000238
16633  28.367  -58.503  26.742 0.4000000060
16635  26.808  -58.570  26.596 0.4000000060
16642  30.384  -58.819  25.224 0.4000000060
16659  26.172  -58.080  24.829 0.4000000060
16668  32.495  -59.277  23.246 0.4000000060
16672  26.001  -57.980  24.094 0.5000000000
16679  31.495  -58.546  22.472 0.5000000000
16680  30.683  -58.306  22.261 0.6999999881
16687  32.179  -58.679  21.820 0.5000000000
16690  25.487  -58.936  21.520 0.5000000000
16693  38.359  -58.383  21.069 0.4000000060
16696  31.606  -58.353  19.478 0.6999999881
16704  32.356  -58.714  18.876 0.6999999881
16706  31.256  -57.722  19.179 0.6999999881
16708  25.842  -58.579  20.146 0.5000000000
16715  36.997  -59.036  17.314 0.4000000060
16718  32.211  -57.960  17.848 0.6000000238
16727  37.392  -58.522  16.718 0.5000000000
16728  36.509  -59.023  16.800 0.5000000000
16729  35.783  -59.311  16.818 0.5000000000
16730  34.974  -59.332  17.102 0.6000000238
16731  34.072  -59.142  17.394 0.6000000238
16732  32.907  -58.604  17.268 0.6000000238
16738  27.165  -57.860  15.944 0.6000000238
16739  26.889  -58.833  16.456 0.6999999881
17432  28.025  -57.798  26.172 0.4000000060
17446  26.819  -57.677  25.182 0.4000000060
17455  30.104  -57.916  23.989 0.4000000060
17456  29.349  -57.459  24.403 0.6000000238
17457  28.400  -57.229  24.780 0.4000000060
17473  27.876  -56.832  23.993 0.5000000000
17488  25.948  -57.718  22.689 0.5000000000
17496  30.089  -57.775  21.306 0.6999999881
17497  29.486  -57.200  21.821 0.6000000238
17504  26.199  -57.265  20.235 0.6000000238
17505  25.793  -57.819  20.676 0.6000000238
17508  39.291  -57.201  19.075 0.4000000060
17512  25.910  -57.893  19.955 0.6000000238
17513  21.669  -57.039  19.532 0.5000000000
17519  39.447  -56.924  18.144 0.4000000060
17521  31.679  -57.392  18.341 0.6999999881
17522  30.966  -56.818  18.906 0.6000000238
17523  26.450  -57.638  18.637 0.6999999881
17525  21.374  -58.362  18.741 0.5000000000
17530  38.240  -57.823  16.496 0.5000000000
17531  37.836  -57.900  16.353 0.5000000000
17536  32.852  -57.712  17.228 0.6000000238
17542  38.163  -57.485  16.228 0.5000000000
17544  27.358  -57.443  16.076 0.6000000238
17547  22.905  -57.117  16.807 0.6000000238
17549  27.308  -57.291  15.852 0.6000000238
18313  27.981  -56.542  22.557 0.5000000000
18314  27.171  -56.599  22.116 0.6000000238
18319  37.750  -56.221  21.867 0.3000000119
18320  29.154  -56.633  21.173 0.6999999881
18331  28.347  -56.294  21.043 0.6000000238
18333  26.702  -56.599  20.504 0.8000000119
18340  30.314  -56.333  19.385 0.6999999881
18342  28.556  -55.795  19.773 0.6999999881
18353  35.122  -57.011  18.230 0.6000000238
18359  23.303  -56.469  18.226 0.6000000238
18364  39.681  -56.022  16.628 0.6000000238
18376  38.948  -56.497  16.189 0.6000000238
18377  38.355  -56.954  16.147 0.5000000000
18380  24.140  -56.498  16.379 0.6999999881
18382  27.346  -56.874  15.704 0.6000000238
19153  36.538  -55.535  21.049 0.3000000119
19166  27.705  -55.795  19.675 0.6999999881
19176  23.475  -55.662  19.641 0.6000000238
19186  36.576  -55.914  18.316 0.6000000238
19190  31.228  -55.529  17.668 0.6000000238
19193  28.519  -55.422  18.362 0.6999999881
19203  33.242  -56.161  17.401 0.6999999881
19204  32.284  -55.124  17.109 0.6999999881
19207  30.092  -55.233  17.104 0.6999999881
19213  38.152  -56.696  16.171 0.6000000238
19215  31.268  -54.395  16.647 0.5000000000
19218  28.216  -55.717  15.844 0.6000000238
19219  24.701  -54.754  15.548 0.6999999881
19224  25.931  -55.308  15.449 0.6999999881
19913  38.760  -54.583  20.222 0.3000000119
19914  37.711  -54.355  20.465 0.3000000119
19915  23.910  -54.178  20.539 0.6000000238
19918  21.732  -54.556  20.624 0.5000000000
19932  32.917  -54.457  18.895 0.4000000060
19944  41.925  -54.449  19.245 0.3000000119
19950  25.278  -53.384  17.830 0.6999999881
19957  41.940  -53.813  18.308 0.3000000119
19961  37.842  -54.584  17.779 0.5000000000
19968  39.901  -54.833  15.976 0.4000000060
19970  38.781  -55.150  16.025 0.6000000238
19972  30.579  -54.345  16.546 0.6000000238
19974  29.048  -54.870  15.723 0.6000000238
19975  24.969  -53.806  15.696 0.6999999881
19977  39.674  -53.946  15.739 0.6000000238
19978  28.410  -54.847  15.468 0.5000000000
19979  27.522  -54.648  15.342 0.6000000238
20669  36.492  -53.070  21.430 0.3000000119
20675  42.006  -53.458  20.108 0.3000000119
20676  41.419  -53.092  19.865 0.3000000119
20683  29.496  -53.579  20.433 0.6000000238
20685  25.220  -52.658  19.769 0.8000000119
20691  42.244  -53.353  19.855 0.3000000119
20693  38.961  -53.559  19.800 0.3000000119
20694  36.478  -53.675  19.162 0.6000000238
20706  42.341  -53.345  19.341 0.3000000119
20722  42.216  -53.315  18.404 0.3000000119
20723  41.587  -53.700  17.660 0.4000000060
20724  38.520  -53.293  16.750 0.5000000000
20726  32.160  -53.963  17.017 0.6000000238
20727  31.726  -53.847  16.739 0.5000000000
20728  30.578  -53.671  16.819 0.6000000238
20734  40.504  -53.358  16.139 0.4000000060
20740  27.132  -53.076  15.881 0.6000000238
20743  40.099  -53.507  15.719 0.4000000060
21510  29.987  -52.321  22.333 0.6000000238
21530  42.093  -53.009  19.931 0.3000000119
21532  41.018  -52.217  19.767 0.3000000119
21533  40.037  -51.959  19.892 0.3000000119
21542  42.302  -52.813  19.597 0.3000000119
21543  40.358  -52.798  19.640 0.3000000119
21545  36.222  -52.370  19.494 0.4000000060
21547  26.719  -51.385  18.577 0.6000000238
21548  25.598  -51.315  18.724 0.6999999881
21554  36.911  -52.159  19.002 0.6000000238
21565  42.270  -52.536  18.101 0.3000000119
21569  26.811  -52.264  17.005 0.6000000238
21570  26.221  -51.929  17.066 0.6999999881
21571  25.942  -51.836  17.255 0.6999999881
21573  39.608  -52.515  15.835 0.4000000060
21574  38.991  -52.912  16.263 0.5000000000
21577  40.206  -52.731  15.762 0.4000000060
22363  38.481  -51.598  20.871 0.3000000119
22368  27.209  -51.542  21.953 0.6000000238
22379  33.960  -51.145  21.019 0.5000000000
22383  24.577  -51.130  20.712 0.6000000238
22388  42.268  -51.345  19.327 0.3000000119
22397  42.501  -51.290  18.955 0.3000000119
22399  26.150  -50.890  18.261 0.6000000238
22409  41.794  -51.284  17.509 0.4000000060
22411  37.975  -51.687  17.538 0.5000000000
22414  41.094  -51.489  16.488 0.4000000060
23171  31.215  -50.896  22.397 0.4000000060
23174  28.544  -50.435  22.806 0.5000000000
23176  27.246  -50.178  22.376 0.6999999881
23186  38.791  -50.337  21.349 0.3000000119
23196  41.823  -51.115  19.673 0.3000000119
23197  41.231  -50.997  19.991 0.3000000119
23207  23.199  -50.142  20.683 0.4000000060
23229  42.415  -50.518  18.632 0.4000000060
24060  39.106  -49.550  21.402 0.3000000119
24066  26.452  -48.966  21.164 0.5000000000
24074  41.106  -49.648  20.307 0.3000000119
24080  25.764  -49.382  20.080 0.6000000238
24081  24.698  -48.707  20.382 0.5000000000
24086  42.231  -50.152  19.320 0.3000000119
24087  41.748  -49.816  19.775 0.3000000119
24096  42.479  -49.918  18.787 0.3000000119
24107  42.256  -49.790  17.364 0.4000000060
24115  40.449  -49.480  15.639 0.4000000060
24118  41.507  -49.021  15.801 0.4000000060
24987  26.045  -48.357  20.745 0.4000000060
24994  41.586  -48.648  19.334 0.3000000119
25002  42.401  -48.683  18.630 0.3000000119
25013  43.356  -47.733  16.605 0.3000000119
25022  42.457  -48.628  16.186 0.4000000060
25026  43.627  -47.595  15.930 0.4000000060
25027  43.127  -47.930  15.752 0.4000000060
25028  42.247  -48.265  15.550 0.4000000060
25884  43.196  -47.890  17.289 0.3000000119
25897  44.038  -47.203  15.492 0.3000000119
25903  44.186  -47.114  15.067 0.3000000119
26759  43.511  -47.441  16.428 0.3000000119
26787  44.108  -46.634  14.832 0.3000000119
26788  43.400  -46.569  14.641 0.4000000060
26789  42.332  -46.436  14.720 0.3000000119
27617  43.866  -44.937  14.596 0.3000000119
27624  43.742  -44.982  14.519 0.3000000119
118994  38.008  -50.598  21.725 0.3000000119
119000  39.206  -51.797  20.374 0.3000000119
119147  33.151  -59.691  23.174 0.3000000119
119331  30.884  -58.382  23.710 0.5000000000
120793  30.112  -67.312  28.186 0.4000000060
121266  31.987  -54.084  16.674 0.6000000238
121282  27.863  -50.197  22.772 0.5000000000
121539  33.871  -52.055  20.803 0.5000000000
121941  31.999  -51.957  21.824 0.5000000000
123773  25.432  -59.017  22.910 0.6000000238
124051  33.344  -68.386  17.890 0.3000000119
124096  35.432  -63.680  22.578 0.4000000060
124115  37.477  -51.935  18.288 0.5000000000
124942  37.216  -52.875  21.056 0.3000000119
125174  26.519  -57.243  22.973 0.6000000238
125293  40.458  -55.524  17.505 0.3000000119
125327  29.150  -69.707  23.242 0.5000000000
125471  25.635  -59.296  25.548 0.4000000060
125589  28.378  -67.263  24.294 0.3000000119
125681  26.083  -49.533  19.863 0.6999999881
125710  39.977  -57.429  21.429 0.3000000119
125949  40.033  -51.029  15.604 0.4000000060
126049  27.152  -56.003  19.110 0.6999999881
126207  36.474  -62.716  22.183 0.3000000119
128711  27.005  -59.947  17.473 0.5000000000
128725  30.489  -58.191  21.589 0.6999999881
129068  44.078  -45.945  14.787 0.3000000119
129119  30.391  -61.345  25.404 0.5000000000
129180  36.169  -56.298  21.420 0.3000000119
129277  32.955  -70.787  25.276 0.3000000119
129645  38.325  -58.115  17.200 0.5000000000
129763  34.292  -53.947  19.816 0.4000000060
129802  30.995  -53.434  17.829 0.5000000000
129843  27.612  -56.185  15.657 0.6000000238
130054  35.148  -53.729  19.620 0.5000000000
130320  33.639  -61.960  30.571 0.3000000119
130321  34.528  -61.949  30.573 0.3000000119
130898  33.332  -59.038  17.321 0.6000000238
131212  29.769  -59.723  26.130 0.4000000060
131432  22.145  -55.107  20.605 0.4000000060
131904  26.939  -56.993  23.689 0.5000000000
131946  28.519  -55.550  16.466 0.6000000238
131958  31.150  -65.796  29.704 0.3000000119
131986  30.958  -63.881  29.857 0.3000000119
132564  22.630  -53.002  21.114 0.4000000060
132880  33.679  -59.250  19.780 0.4000000060
132992  42.452  -51.954  18.610 0.3000000119
133342  39.629  -47.615  19.791 0.3000000119
133386  24.600  -52.671  20.787 0.6000000238
134375  37.997  -55.416  16.916 0.6000000238
134429  38.014  -51.321  21.326 0.3000000119
134586  34.563  -66.376  29.240 0.3000000119
135783  28.559  -53.180  18.924 0.6000000238
136001  30.234  -53.627  20.580 0.6000000238
137713  30.729  -52.297  22.180 0.6000000238
137823  29.705  -57.200  21.080 0.6999999881
138775  34.284  -70.896  18.060 0.3000000119
138974  41.898  -50.429  19.640 0.3000000119
138997  31.519  -53.611  18.285 0.6000000238
139764  36.487  -54.297  18.992 0.6000000238
139807  31.312  -58.433  20.214 0.6999999881
140002  40.971  -48.563  19.929 0.3000000119
140200  34.406  -61.583  22.306 0.3000000119
140202  28.336  -61.480  27.643 0.6000000238
140337  33.650  -64.680  23.713 0.4000000060
141467  27.068  -57.676  15.765 0.6000000238
141729  30.522  -70.443  22.013 0.4000000060
141909  39.825  -54.452  15.804 0.6000000238
142221  29.280  -53.406  18.715 0.6000000238
142416  27.575  -55.923  17.472 0.6999999881
142451  26.545  -50.702  20.234 0.6999999881
142607  40.367  -54.651  16.376 0.4000000060
142884  32.687  -55.417  17.266 0.6999999881
143106  36.015  -59.668  18.059 0.3000000119
143273  29.669  -69.392  26.619 0.4000000060
143306  25.341  -60.966  27.817 0.5000000000
143341  41.205  -54.202  17.455 0.4000000060
143489  25.121  -55.473  15.543 0.6999999881
143517  33.997  -57.801  17.510 0.6000000238
143916  33.660  -53.976  19.963 0.6000000238
143979  30.555  -64.082  29.268 0.3000000119
144096  27.871  -63.571  27.645 0.3000000119
