#!ascii label  , from subject sub-v1s9x0051330_ses-1 vox2ras=TkReg
799
39449  -23.258  -37.936  80.279 0.0000000000
58628  -38.740  -17.551  74.425 0.0000000000
66771  -41.863  -9.508  69.920 0.0000000000
125478  -50.695  -10.872  64.468 0.0000000000
54869  -35.038  -21.360  72.949 0.0000000000
66805  -46.967  -8.757  67.270 0.0000000000
68795  -53.643  -7.072  56.936 0.0000000000
71735  -56.809  -4.378  54.706 0.0000000000
57665  -42.458  -18.242  74.928 0.0000000000
60634  -44.665  -15.790  71.935 0.0000000000
62771  -40.849  -13.390  72.863 0.0000000000
42150  -25.820  -33.785  83.724 0.0000000000
44205  -29.123  -32.119  81.573 0.0000000000
45165  -32.436  -31.952  78.017 0.0000000000
44263  -35.465  -33.370  75.338 0.0000000000
46072  -38.374  -30.354  74.228 0.0000000000
49993  -37.505  -25.940  76.300 0.0000000000
54846  -38.620  -20.586  77.548 0.0000000000
61748  -47.789  -14.281  69.714 0.0000000000
71753  -57.755  -3.613  53.035 0.0000000000
59640  -40.318  -16.978  76.127 0.0000000000
61691  -41.709  -14.619  75.091 0.0000000000
60620  -40.191  -15.966  73.604 0.0000000000
44203  -25.634  -32.173  82.164 0.0000000000
43192  -27.780  -33.750  82.429 0.0000000000
48056  -36.373  -28.004  73.108 0.0000000000
48045  -38.297  -28.432  74.932 0.0000000000
50009  -35.448  -25.830  74.614 0.0000000000
56729  -36.698  -19.654  73.369 0.0000000000
55795  -36.182  -20.821  76.299 0.0000000000
57637  -38.311  -18.728  77.248 0.0000000000
56713  -40.928  -19.670  76.146 0.0000000000
124673  -43.281  -11.971  71.277 0.0000000000
129734  -44.966  -14.315  68.974 0.0000000000
64828  -44.737  -11.050  70.344 0.0000000000
66845  -48.773  -9.886  64.952 0.0000000000
65857  -49.538  -10.102  67.702 0.0000000000
64907  -51.026  -11.422  65.848 0.0000000000
62883  -52.293  -13.636  63.094 0.0000000000
67847  -56.784  -8.109  57.524 0.0000000000
68758  -54.758  -7.459  59.416 0.0000000000
52861  -33.818  -23.217  72.555 0.0000000000
64932  -48.139  -11.418  62.884 0.0000000000
69785  -55.437  -5.479  56.307 0.0000000000
69787  -57.412  -6.930  55.228 0.0000000000
69845  -59.085  -6.683  49.933 0.0000000000
55833  -43.455  -20.033  72.314 0.0000000000
58643  -44.115  -17.320  73.740 0.0000000000
62760  -42.793  -13.338  73.894 0.0000000000
40310  -24.680  -36.648  82.800 0.0000000000
42185  -29.389  -33.590  79.290 0.0000000000
140646  -30.982  -31.641  79.332 0.0000000000
43235  -31.642  -32.953  77.655 0.0000000000
42204  -32.951  -33.247  76.661 0.0000000000
42227  -35.139  -34.360  75.807 0.0000000000
42239  -37.163  -34.612  74.532 0.0000000000
44296  -37.187  -32.445  73.837 0.0000000000
46088  -40.384  -30.577  73.580 0.0000000000
52836  -35.598  -23.446  75.876 0.0000000000
52831  -37.075  -23.451  77.203 0.0000000000
52850  -38.140  -23.351  74.588 0.0000000000
54863  -39.780  -21.651  74.637 0.0000000000
55822  -41.972  -20.222  73.708 0.0000000000
133474  -47.751  -10.296  69.702 0.0000000000
66897  -52.301  -8.639  60.667 0.0000000000
65935  -52.593  -10.563  62.639 0.0000000000
40318  -22.838  -37.015  81.759 0.0000000000
136151  -39.608  -16.609  75.751 0.0000000000
60600  -40.200  -15.998  75.367 0.0000000000
59664  -39.771  -16.340  74.194 0.0000000000
123364  -35.245  -26.294  73.023 0.0000000000
123404  -35.776  -26.551  74.047 0.0000000000
50937  -34.773  -25.475  73.344 0.0000000000
57672  -37.646  -18.556  74.060 0.0000000000
57663  -37.531  -18.582  75.092 0.0000000000
57655  -38.035  -17.974  75.680 0.0000000000
58605  -39.457  -17.397  76.547 0.0000000000
64827  -43.635  -11.168  70.425 0.0000000000
127876  -43.630  -9.774  70.565 0.0000000000
124920  -50.268  -10.554  64.878 0.0000000000
65895  -50.728  -10.627  66.064 0.0000000000
65896  -51.102  -11.243  65.332 0.0000000000
63883  -51.441  -12.565  65.032 0.0000000000
64921  -51.186  -12.168  64.016 0.0000000000
66943  -57.654  -9.503  56.681 0.0000000000
66942  -57.135  -9.190  57.395 0.0000000000
65057  -56.982  -11.190  56.424 0.0000000000
70775  -54.820  -5.073  54.485 0.0000000000
70765  -56.008  -5.090  55.715 0.0000000000
69786  -56.853  -6.157  55.799 0.0000000000
70767  -57.208  -5.987  55.223 0.0000000000
123917  -57.793  -7.408  53.685 0.0000000000
70788  -57.628  -5.587  53.994 0.0000000000
122206  -58.750  -4.879  51.853 0.0000000000
56724  -43.270  -19.025  73.730 0.0000000000
57685  -43.788  -18.880  73.096 0.0000000000
58630  -43.657  -17.462  74.266 0.0000000000
62746  -41.246  -13.665  74.257 0.0000000000
61700  -42.400  -14.362  74.836 0.0000000000
63764  -41.485  -13.140  73.756 0.0000000000
64798  -41.478  -12.275  72.672 0.0000000000
135675  -40.954  -12.305  72.328 0.0000000000
40321  -25.889  -36.988  81.991 0.0000000000
124579  -26.025  -35.720  83.054 0.0000000000
43193  -28.302  -33.413  81.983 0.0000000000
46035  -31.686  -30.916  78.194 0.0000000000
45158  -31.819  -31.878  78.381 0.0000000000
43234  -30.869  -32.838  78.311 0.0000000000
43236  -31.997  -32.822  77.647 0.0000000000
123049  -32.249  -33.179  76.742 0.0000000000
43254  -32.983  -32.963  76.963 0.0000000000
43283  -35.772  -33.670  75.549 0.0000000000
42238  -36.466  -34.784  74.975 0.0000000000
43284  -36.710  -33.728  74.960 0.0000000000
47038  -36.984  -30.023  73.090 0.0000000000
46086  -36.786  -31.135  72.951 0.0000000000
45200  -38.079  -32.169  74.193 0.0000000000
44282  -38.697  -32.514  74.243 0.0000000000
45201  -38.767  -31.771  74.300 0.0000000000
44298  -39.837  -32.415  73.411 0.0000000000
46073  -39.054  -30.895  74.424 0.0000000000
48987  -37.820  -27.116  75.565 0.0000000000
48047  -39.358  -28.387  74.725 0.0000000000
50003  -38.879  -27.005  75.268 0.0000000000
50002  -38.279  -26.285  75.740 0.0000000000
52849  -34.554  -23.330  74.115 0.0000000000
53811  -34.904  -22.651  74.344 0.0000000000
54844  -37.376  -21.230  77.556 0.0000000000
53795  -37.013  -22.094  77.530 0.0000000000
53800  -37.824  -22.307  77.317 0.0000000000
52843  -37.969  -23.915  75.988 0.0000000000
53807  -38.959  -22.179  75.989 0.0000000000
54856  -39.617  -21.616  75.701 0.0000000000
56714  -41.583  -19.097  75.683 0.0000000000
55807  -41.387  -19.979  75.396 0.0000000000
55816  -42.261  -19.757  74.295 0.0000000000
123150  -42.583  -20.149  73.196 0.0000000000
43172  -24.629  -32.655  84.058 0.0000000000
42149  -24.919  -33.728  84.100 0.0000000000
41180  -24.611  -35.115  83.785 0.0000000000
127186  -45.094  -17.260  71.768 0.0000000000
59681  -44.408  -16.342  69.835 0.0000000000
62817  -46.220  -13.863  69.877 0.0000000000
66804  -46.064  -9.064  67.577 0.0000000000
128369  -46.223  -9.164  69.447 0.0000000000
67716  -47.517  -8.860  68.531 0.0000000000
64867  -49.067  -11.359  67.573 0.0000000000
120153  -48.592  -11.458  68.297 0.0000000000
66899  -54.697  -8.558  60.237 0.0000000000
67821  -53.904  -7.793  60.387 0.0000000000
66882  -53.786  -8.947  61.221 0.0000000000
66880  -52.632  -8.823  61.993 0.0000000000
134804  -53.532  -10.827  61.342 0.0000000000
63923  -53.114  -12.831  61.615 0.0000000000
72695  -56.229  -3.358  53.554 0.0000000000
71743  -57.459  -4.177  53.609 0.0000000000
73610  -56.540  -2.592  53.256 0.0000000000
73615  -57.372  -2.155  52.587 0.0000000000
58616  -41.553  -17.504  75.762 0.0000000000
134822  -42.682  -16.763  75.282 0.0000000000
60602  -41.293  -16.038  75.517 0.0000000000
60611  -40.768  -15.014  74.880 0.0000000000
126969  -40.730  -14.564  73.368 0.0000000000
44177  -25.849  -32.306  83.386 0.0000000000
42159  -26.867  -34.211  83.109 0.0000000000
45143  -28.330  -31.737  81.748 0.0000000000
47025  -37.460  -29.087  73.725 0.0000000000
47026  -38.270  -29.283  74.394 0.0000000000
48044  -37.696  -28.354  74.515 0.0000000000
48985  -36.344  -27.009  74.813 0.0000000000
50916  -35.926  -25.701  75.545 0.0000000000
55812  -35.758  -20.560  74.091 0.0000000000
54862  -35.473  -21.140  74.680 0.0000000000
56711  -36.065  -19.958  74.877 0.0000000000
56703  -36.948  -19.531  76.659 0.0000000000
55790  -38.320  -20.038  77.615 0.0000000000
55797  -39.448  -20.360  77.160 0.0000000000
57639  -39.389  -18.562  77.215 0.0000000000
57647  -40.552  -18.104  76.586 0.0000000000
44189  -24.826  -32.256  82.829 0.0000000000
130494  -43.708  -13.564  72.107 0.0000000000
61739  -43.896  -14.607  69.893 0.0000000000
62801  -43.718  -12.748  69.887 0.0000000000
63827  -44.866  -12.679  69.772 0.0000000000
63813  -46.815  -12.092  70.388 0.0000000000
66829  -47.558  -9.068  65.911 0.0000000000
67741  -48.787  -8.783  67.361 0.0000000000
66817  -50.143  -9.482  66.953 0.0000000000
64889  -50.581  -10.891  66.549 0.0000000000
68781  -55.453  -6.696  58.031 0.0000000000
68767  -54.048  -7.161  58.801 0.0000000000
67836  -55.556  -7.839  58.928 0.0000000000
66913  -55.941  -9.795  58.827 0.0000000000
57684  -38.463  -18.343  72.593 0.0000000000
122355  -37.217  -19.311  72.783 0.0000000000
140077  -43.197  -8.869  69.614 0.0000000000
65894  -46.259  -10.056  65.056 0.0000000000
66843  -47.011  -9.890  64.793 0.0000000000
65911  -48.320  -10.488  64.186 0.0000000000
130022  -49.520  -10.834  63.380 0.0000000000
69770  -54.098  -6.340  56.539 0.0000000000
69759  -56.248  -6.513  57.057 0.0000000000
130720  -57.597  -8.088  56.270 0.0000000000
66964  -57.576  -9.309  55.357 0.0000000000
71744  -58.049  -4.729  52.760 0.0000000000
69836  -58.578  -6.429  51.573 0.0000000000
56738  -44.628  -19.410  71.941 0.0000000000
58658  -44.831  -17.731  72.261 0.0000000000
59671  -44.419  -16.033  72.698 0.0000000000
60612  -43.469  -15.620  74.514 0.0000000000
60622  -43.966  -15.664  73.947 0.0000000000
61718  -43.763  -14.220  72.886 0.0000000000
63788  -42.941  -12.693  72.823 0.0000000000
64807  -42.260  -11.343  71.830 0.0000000000
59670  -40.339  -16.417  72.612 0.0000000000
59675  -40.763  -15.835  71.829 0.0000000000
62800  -40.665  -13.239  70.659 0.0000000000
40331  -23.555  -37.625  81.237 0.0000000000
39451  -24.983  -38.199  80.631 0.0000000000
42201  -29.570  -34.043  77.319 0.0000000000
46016  -28.249  -30.885  80.987 0.0000000000
45144  -29.419  -31.337  81.013 0.0000000000
44215  -29.723  -31.809  80.853 0.0000000000
43233  -29.969  -33.267  78.306 0.0000000000
42237  -33.329  -34.342  75.409 0.0000000000
41256  -34.279  -34.825  74.562 0.0000000000
45199  -35.428  -32.704  73.973 0.0000000000
141239  -36.422  -32.735  73.816 0.0000000000
44280  -36.843  -33.341  74.423 0.0000000000
43291  -37.470  -33.653  74.372 0.0000000000
137754  -38.028  -34.280  74.169 0.0000000000
47028  -39.290  -29.191  74.626 0.0000000000
51889  -34.459  -24.744  73.625 0.0000000000
51871  -35.137  -24.322  75.250 0.0000000000
50906  -36.418  -25.083  76.263 0.0000000000
53805  -35.842  -22.291  75.943 0.0000000000
52829  -36.444  -23.300  76.976 0.0000000000
50901  -37.159  -24.606  76.655 0.0000000000
51873  -38.267  -24.934  75.913 0.0000000000
51882  -37.952  -24.353  75.048 0.0000000000
54870  -39.663  -21.524  73.120 0.0000000000
55806  -40.726  -20.468  75.857 0.0000000000
54864  -40.469  -21.204  74.421 0.0000000000
55821  -41.192  -20.760  73.165 0.0000000000
55831  -41.952  -20.443  72.812 0.0000000000
40309  -23.454  -36.402  83.264 0.0000000000
67695  -44.968  -9.311  69.862 0.0000000000
65824  -46.476  -10.960  70.432 0.0000000000
63814  -47.519  -11.971  70.285 0.0000000000
65844  -48.497  -10.192  68.983 0.0000000000
128510  -48.452  -11.541  69.105 0.0000000000
62820  -48.238  -13.350  69.432 0.0000000000
65931  -48.862  -10.815  61.873 0.0000000000
65933  -50.656  -10.021  62.802 0.0000000000
67835  -53.559  -7.754  59.193 0.0000000000
66911  -52.367  -9.112  59.179 0.0000000000
66878  -50.786  -9.377  61.252 0.0000000000
128804  -51.168  -9.398  62.281 0.0000000000
143494  -51.631  -10.455  63.227 0.0000000000
63910  -52.459  -12.833  63.116 0.0000000000
40330  -22.638  -37.269  80.777 0.0000000000
59656  -38.987  -16.924  75.312 0.0000000000
59657  -39.653  -16.341  75.042 0.0000000000
59663  -39.280  -16.891  74.325 0.0000000000
50027  -34.900  -26.423  72.049 0.0000000000
50949  -34.570  -25.720  72.522 0.0000000000
137351  -38.394  -18.063  73.604 0.0000000000
57664  -38.080  -18.022  74.632 0.0000000000
140519  -38.531  -17.633  75.178 0.0000000000
58615  -38.692  -17.448  75.930 0.0000000000
66757  -42.354  -9.592  70.672 0.0000000000
66748  -42.764  -9.893  71.014 0.0000000000
66758  -43.106  -9.378  70.535 0.0000000000
65913  -50.745  -10.795  65.245 0.0000000000
119866  -50.993  -11.113  64.498 0.0000000000
65914  -51.232  -11.502  64.578 0.0000000000
136207  -51.350  -11.209  63.703 0.0000000000
66054  -57.484  -9.903  55.859 0.0000000000
66037  -57.559  -10.104  56.463 0.0000000000
71734  -56.377  -4.395  54.676 0.0000000000
71727  -56.497  -4.795  55.096 0.0000000000
70766  -56.632  -5.273  55.432 0.0000000000
139006  -56.876  -4.712  55.001 0.0000000000
70777  -57.266  -5.318  54.883 0.0000000000
71736  -57.262  -4.575  54.458 0.0000000000
57666  -43.128  -18.260  74.274 0.0000000000
58629  -42.880  -17.485  74.780 0.0000000000
62759  -40.918  -13.650  73.599 0.0000000000
143785  -40.971  -13.123  73.321 0.0000000000
63785  -41.076  -12.670  72.991 0.0000000000
127273  -40.826  -13.019  72.242 0.0000000000
41181  -25.535  -34.898  83.617 0.0000000000
41182  -26.295  -34.714  83.339 0.0000000000
43194  -28.754  -32.778  81.664 0.0000000000
130555  -28.697  -33.388  81.467 0.0000000000
46036  -32.308  -31.505  77.834 0.0000000000
46027  -31.822  -31.376  78.372 0.0000000000
44232  -32.145  -32.423  77.960 0.0000000000
43237  -32.606  -32.729  77.407 0.0000000000
44233  -32.797  -32.404  77.555 0.0000000000
44250  -34.980  -33.311  75.770 0.0000000000
44264  -36.179  -33.483  75.029 0.0000000000
46087  -37.621  -30.759  73.559 0.0000000000
132090  -38.276  -31.304  74.155 0.0000000000
50000  -37.318  -26.573  75.945 0.0000000000
48988  -38.322  -27.054  75.464 0.0000000000
50001  -37.879  -26.509  75.969 0.0000000000
49994  -37.908  -25.920  76.240 0.0000000000
53817  -34.459  -22.202  73.536 0.0000000000
54861  -35.020  -21.836  74.088 0.0000000000
54845  -37.980  -20.897  77.620 0.0000000000
129593  -37.599  -21.754  77.552 0.0000000000
54851  -38.249  -21.473  77.457 0.0000000000
53801  -38.406  -22.116  76.885 0.0000000000
141123  -39.096  -21.311  76.866 0.0000000000
56715  -42.163  -18.871  75.182 0.0000000000
56723  -42.585  -19.124  74.429 0.0000000000
43173  -25.412  -32.711  83.829 0.0000000000
59676  -44.717  -16.571  71.384 0.0000000000
58681  -44.865  -17.296  70.800 0.0000000000
60639  -44.157  -15.647  70.611 0.0000000000
61747  -47.085  -14.416  69.963 0.0000000000
60646  -47.464  -14.987  69.561 0.0000000000
60647  -48.092  -14.897  69.338 0.0000000000
67727  -46.922  -8.838  68.116 0.0000000000
68778  -53.218  -7.798  57.332 0.0000000000
65965  -54.773  -9.818  59.949 0.0000000000
66898  -54.309  -8.981  60.710 0.0000000000
65950  -53.419  -9.779  61.637 0.0000000000
59650  -40.977  -16.812  75.720 0.0000000000
59651  -41.930  -16.764  75.605 0.0000000000
59649  -40.384  -16.364  75.716 0.0000000000
60610  -40.154  -15.689  74.669 0.0000000000
60621  -40.545  -15.086  74.010 0.0000000000
61708  -40.885  -14.234  74.294 0.0000000000
60628  -40.601  -15.475  72.926 0.0000000000
44190  -25.723  -32.074  82.936 0.0000000000
45142  -28.278  -31.428  81.491 0.0000000000
48057  -36.801  -28.901  73.013 0.0000000000
49017  -36.952  -28.184  73.791 0.0000000000
126503  -35.890  -26.403  74.978 0.0000000000
49999  -36.544  -26.500  75.517 0.0000000000
55813  -36.209  -19.912  73.976 0.0000000000
56720  -36.678  -19.468  74.279 0.0000000000
56712  -37.606  -18.712  76.395 0.0000000000
56704  -37.625  -19.280  77.183 0.0000000000
56697  -37.983  -19.572  77.501 0.0000000000
56698  -38.612  -19.261  77.534 0.0000000000
56699  -39.144  -19.049  77.504 0.0000000000
57638  -38.908  -18.574  77.340 0.0000000000
59639  -39.921  -16.909  76.218 0.0000000000
58606  -40.036  -17.498  76.582 0.0000000000
58607  -40.701  -17.455  76.166 0.0000000000
124427  -25.120  -32.355  83.499 0.0000000000
63799  -43.270  -12.764  72.170 0.0000000000
62786  -43.530  -12.895  70.908 0.0000000000
63811  -44.594  -11.842  70.044 0.0000000000
63812  -45.866  -12.365  70.221 0.0000000000
64829  -45.842  -11.488  70.398 0.0000000000
126499  -48.195  -9.388  65.481 0.0000000000
66816  -49.510  -9.036  66.702 0.0000000000
66830  -49.155  -9.380  65.815 0.0000000000
65876  -50.433  -10.165  66.801 0.0000000000
63870  -50.617  -11.720  66.205 0.0000000000
135074  -50.878  -12.492  65.698 0.0000000000
68769  -55.126  -7.131  58.700 0.0000000000
68770  -55.976  -7.483  58.197 0.0000000000
65966  -55.593  -10.319  59.130 0.0000000000
57683  -37.736  -18.685  73.110 0.0000000000
64931  -47.359  -11.541  63.020 0.0000000000
65922  -48.686  -10.886  63.472 0.0000000000
70764  -55.221  -5.280  55.529 0.0000000000
69784  -54.615  -5.748  56.068 0.0000000000
69783  -53.739  -6.332  55.567 0.0000000000
69771  -54.884  -5.903  56.921 0.0000000000
69772  -55.665  -5.993  56.891 0.0000000000
69774  -57.217  -7.106  55.993 0.0000000000
128414  -57.651  -7.970  55.376 0.0000000000
67870  -57.759  -8.839  55.648 0.0000000000
67884  -57.648  -8.665  54.784 0.0000000000
68822  -57.631  -7.720  54.518 0.0000000000
69815  -57.883  -6.518  53.404 0.0000000000
70812  -58.950  -5.490  51.374 0.0000000000
55834  -44.101  -19.914  71.885 0.0000000000
56737  -43.941  -19.456  72.442 0.0000000000
57674  -44.110  -18.005  72.965 0.0000000000
58644  -44.321  -17.101  72.839 0.0000000000
145038  -44.384  -16.563  72.769 0.0000000000
59666  -44.196  -16.444  73.451 0.0000000000
59658  -42.197  -15.965  75.431 0.0000000000
59659  -43.120  -15.993  75.102 0.0000000000
139754  -42.366  -15.158  75.225 0.0000000000
141954  -42.863  -13.898  74.306 0.0000000000
61701  -43.365  -14.743  74.319 0.0000000000
61709  -43.379  -13.995  73.767 0.0000000000
60629  -43.905  -14.892  73.513 0.0000000000
62772  -43.298  -13.277  73.125 0.0000000000
63786  -41.292  -12.083  72.436 0.0000000000
143247  -42.068  -12.000  72.254 0.0000000000
40319  -23.898  -37.058  82.329 0.0000000000
39444  -24.532  -37.743  81.436 0.0000000000
40320  -25.042  -37.159  82.149 0.0000000000
43180  -27.313  -33.496  82.852 0.0000000000
42160  -27.395  -34.454  82.565 0.0000000000
42192  -28.733  -34.462  78.988 0.0000000000
141917  -28.640  -34.661  78.261 0.0000000000
42200  -28.779  -34.508  77.572 0.0000000000
42193  -29.295  -34.056  78.200 0.0000000000
46024  -28.795  -30.882  80.511 0.0000000000
45149  -29.052  -31.042  81.082 0.0000000000
126272  -30.393  -31.748  79.945 0.0000000000
43253  -30.719  -33.244  77.675 0.0000000000
43252  -29.949  -33.607  77.687 0.0000000000
42202  -30.408  -33.625  77.136 0.0000000000
42212  -30.929  -33.590  76.486 0.0000000000
42214  -32.804  -33.736  76.263 0.0000000000
42224  -32.778  -34.180  75.715 0.0000000000
42225  -33.536  -34.212  75.985 0.0000000000
127585  -35.268  -33.907  75.967 0.0000000000
42217  -34.440  -33.761  76.298 0.0000000000
42226  -34.346  -34.282  75.970 0.0000000000
41253  -34.903  -34.695  75.408 0.0000000000
41254  -35.722  -34.817  75.291 0.0000000000
41258  -36.188  -35.152  74.598 0.0000000000
41259  -36.986  -35.132  74.235 0.0000000000
41268  -36.798  -35.288  73.254 0.0000000000
41260  -37.660  -34.887  74.136 0.0000000000
45216  -36.547  -32.000  73.204 0.0000000000
139837  -37.106  -32.923  74.108 0.0000000000
44281  -37.787  -32.958  74.320 0.0000000000
43292  -38.440  -33.346  74.182 0.0000000000
43295  -38.893  -33.661  73.711 0.0000000000
42252  -38.505  -34.282  73.392 0.0000000000
45218  -40.118  -31.431  73.570 0.0000000000
131722  -40.338  -31.688  72.966 0.0000000000
141050  -38.703  -29.039  74.731 0.0000000000
121947  -33.928  -24.165  73.010 0.0000000000
126838  -34.937  -23.309  74.799 0.0000000000
126080  -34.801  -23.871  74.665 0.0000000000
51872  -35.727  -24.715  75.731 0.0000000000
51856  -35.610  -23.958  75.861 0.0000000000
55803  -35.898  -20.660  75.410 0.0000000000
54855  -35.818  -21.398  75.639 0.0000000000
54849  -36.180  -21.664  76.538 0.0000000000
135588  -36.912  -22.875  77.395 0.0000000000
53794  -36.574  -22.748  77.202 0.0000000000
52830  -36.745  -23.366  77.149 0.0000000000
51843  -36.890  -23.970  76.996 0.0000000000
138834  -37.157  -24.119  76.868 0.0000000000
51859  -37.519  -24.643  76.549 0.0000000000
51860  -37.783  -24.432  76.343 0.0000000000
141787  -38.070  -23.374  75.404 0.0000000000
53813  -39.197  -22.203  74.869 0.0000000000
145005  -39.900  -21.526  73.887 0.0000000000
55798  -40.294  -20.092  76.673 0.0000000000
55805  -39.992  -20.886  76.340 0.0000000000
55815  -41.697  -20.152  74.596 0.0000000000
124768  -41.038  -20.698  74.990 0.0000000000
55814  -41.166  -20.731  74.078 0.0000000000
54871  -40.463  -21.177  73.550 0.0000000000
55830  -41.123  -20.623  72.129 0.0000000000
55824  -43.054  -20.039  73.038 0.0000000000
55832  -42.753  -20.363  72.468 0.0000000000
41194  -24.251  -36.126  83.321 0.0000000000
41179  -23.749  -35.475  83.922 0.0000000000
143008  -24.057  -36.611  82.939 0.0000000000
133829  -44.340  -14.939  68.874 0.0000000000
138748  -44.342  -15.743  68.965 0.0000000000
59693  -44.690  -15.675  68.727 0.0000000000
67712  -43.450  -8.852  68.987 0.0000000000
67694  -44.212  -9.072  70.023 0.0000000000
66775  -46.682  -9.544  69.727 0.0000000000
66761  -46.305  -10.117  70.235 0.0000000000
66762  -47.203  -10.222  69.985 0.0000000000
136187  -47.249  -11.420  70.370 0.0000000000
65833  -47.650  -10.969  70.123 0.0000000000
66792  -49.253  -9.623  67.978 0.0000000000
66791  -48.650  -9.540  68.505 0.0000000000
65845  -48.876  -10.156  68.389 0.0000000000
134720  -48.438  -12.494  68.898 0.0000000000
63830  -48.117  -12.318  69.636 0.0000000000
62832  -48.537  -13.687  68.862 0.0000000000
65932  -49.678  -10.522  62.512 0.0000000000
65949  -50.223  -9.722  61.983 0.0000000000
68768  -54.515  -7.155  58.995 0.0000000000
68757  -54.139  -7.428  59.667 0.0000000000
67808  -53.243  -8.171  60.913 0.0000000000
67820  -52.798  -8.435  60.096 0.0000000000
142151  -52.288  -8.841  59.962 0.0000000000
66910  -51.795  -9.164  59.967 0.0000000000
122128  -50.914  -9.592  60.073 0.0000000000
66896  -51.563  -8.972  60.857 0.0000000000
66867  -52.769  -9.640  62.283 0.0000000000
66866  -52.028  -9.254  62.485 0.0000000000
134018  -52.133  -10.035  62.785 0.0000000000
65934  -51.449  -9.846  62.895 0.0000000000
65925  -52.148  -10.906  63.152 0.0000000000
64943  -52.615  -11.680  62.785 0.0000000000
59648  -39.921  -16.548  75.918 0.0000000000
50018  -35.866  -27.177  73.123 0.0000000000
48997  -36.327  -27.434  73.958 0.0000000000
50017  -35.176  -25.908  73.865 0.0000000000
56730  -37.150  -19.075  73.649 0.0000000000
56721  -37.098  -18.926  74.467 0.0000000000
58603  -38.441  -17.995  76.547 0.0000000000
57645  -38.922  -17.999  76.891 0.0000000000
58604  -39.013  -17.347  76.456 0.0000000000
59638  -39.513  -16.916  76.202 0.0000000000
133325  -42.899  -11.183  71.451 0.0000000000
65821  -43.204  -10.396  70.960 0.0000000000
65822  -44.098  -10.410  70.411 0.0000000000
66846  -49.750  -9.942  65.318 0.0000000000
66831  -50.022  -9.550  66.194 0.0000000000
66832  -50.432  -10.148  65.738 0.0000000000
63882  -51.242  -12.215  65.567 0.0000000000
64908  -51.404  -11.868  65.192 0.0000000000
63909  -51.680  -12.913  63.553 0.0000000000
67848  -57.505  -8.642  56.848 0.0000000000
66018  -57.417  -10.301  57.153 0.0000000000
70753  -56.132  -5.576  56.187 0.0000000000
69801  -57.577  -6.521  54.429 0.0000000000
71754  -57.919  -4.055  51.985 0.0000000000
71766  -58.698  -4.225  51.271 0.0000000000
134990  -59.142  -4.909  51.198 0.0000000000
69861  -59.201  -6.206  49.404 0.0000000000
56731  -43.362  -19.608  73.091 0.0000000000
57673  -43.770  -18.140  73.732 0.0000000000
61699  -41.453  -14.121  74.778 0.0000000000
62748  -42.000  -13.594  74.294 0.0000000000
62747  -42.191  -13.069  73.804 0.0000000000
63774  -42.644  -12.863  73.440 0.0000000000
63772  -41.285  -12.661  73.149 0.0000000000
64805  -41.003  -11.765  71.846 0.0000000000
141892  -25.119  -35.903  83.176 0.0000000000
133919  -25.573  -36.549  82.652 0.0000000000
40311  -26.344  -36.258  82.405 0.0000000000
44225  -30.929  -32.214  78.926 0.0000000000
44226  -31.456  -32.063  78.641 0.0000000000
44231  -31.567  -32.599  78.178 0.0000000000
143435  -31.949  -33.002  77.198 0.0000000000
125133  -32.376  -32.915  77.195 0.0000000000
126390  -35.868  -34.330  75.535 0.0000000000
42228  -36.591  -34.233  75.148 0.0000000000
140005  -37.177  -34.101  74.614 0.0000000000
45217  -37.401  -31.695  73.583 0.0000000000
44297  -39.226  -32.879  73.942 0.0000000000
46074  -39.835  -30.820  74.068 0.0000000000
48033  -38.336  -27.744  75.262 0.0000000000
48046  -38.785  -28.443  74.995 0.0000000000
48034  -38.847  -27.748  75.198 0.0000000000
50010  -38.718  -26.259  75.133 0.0000000000
53816  -33.955  -22.458  72.989 0.0000000000
52854  -34.087  -23.317  73.397 0.0000000000
52848  -34.361  -22.748  73.647 0.0000000000
53804  -35.359  -22.969  75.420 0.0000000000
55788  -37.084  -20.731  77.421 0.0000000000
54843  -36.575  -21.930  77.229 0.0000000000
140977  -36.926  -21.425  77.473 0.0000000000
53796  -37.275  -22.601  77.433 0.0000000000
52832  -37.464  -23.083  77.080 0.0000000000
52838  -37.651  -23.468  76.549 0.0000000000
143304  -37.887  -22.738  76.883 0.0000000000
53806  -38.078  -22.804  76.107 0.0000000000
53812  -38.564  -22.750  75.175 0.0000000000
56707  -40.897  -18.869  76.373 0.0000000000
56722  -42.026  -19.532  74.975 0.0000000000
55823  -42.804  -19.775  73.688 0.0000000000
44176  -24.201  -32.496  83.724 0.0000000000
43171  -23.970  -32.732  84.241 0.0000000000
42136  -24.074  -33.179  84.450 0.0000000000
61754  -44.964  -15.104  68.709 0.0000000000
60645  -46.170  -14.912  69.300 0.0000000000
67726  -45.481  -8.991  68.266 0.0000000000
67714  -45.300  -8.787  68.908 0.0000000000
120826  -46.141  -8.958  68.502 0.0000000000
67705  -46.989  -9.056  69.165 0.0000000000
66776  -47.479  -9.644  69.481 0.0000000000
64868  -49.467  -10.738  67.594 0.0000000000
64854  -48.883  -10.786  68.290 0.0000000000
67822  -54.403  -7.797  60.111 0.0000000000
67809  -53.970  -8.243  60.764 0.0000000000
67796  -53.078  -8.422  61.594 0.0000000000
67795  -52.555  -8.543  61.437 0.0000000000
66881  -53.235  -8.916  61.739 0.0000000000
65936  -53.007  -10.822  62.111 0.0000000000
64944  -52.849  -11.958  62.149 0.0000000000
72691  -56.636  -3.961  54.220 0.0000000000
72692  -57.034  -3.931  54.167 0.0000000000
72697  -57.253  -3.407  53.556 0.0000000000
72702  -57.434  -2.769  53.164 0.0000000000
73614  -56.882  -2.215  53.061 0.0000000000
72703  -57.822  -2.926  52.472 0.0000000000
73622  -57.930  -2.044  51.858 0.0000000000
58617  -42.305  -17.499  75.407 0.0000000000
139661  -41.523  -15.197  75.323 0.0000000000
60601  -40.856  -15.500  75.256 0.0000000000
61690  -41.203  -14.678  75.038 0.0000000000
61698  -41.094  -14.215  74.745 0.0000000000
61717  -40.793  -14.095  72.848 0.0000000000
42151  -26.385  -33.764  83.453 0.0000000000
43174  -26.110  -32.878  83.580 0.0000000000
43179  -26.689  -33.138  83.265 0.0000000000
43181  -27.760  -32.893  82.439 0.0000000000
44193  -27.722  -32.085  82.205 0.0000000000
44204  -28.328  -32.424  81.931 0.0000000000
45191  -35.000  -32.999  74.956 0.0000000000
47039  -37.769  -29.910  73.768 0.0000000000
48998  -37.014  -27.621  74.610 0.0000000000
48999  -37.755  -27.724  75.142 0.0000000000
48986  -37.122  -27.124  75.343 0.0000000000
49992  -36.814  -25.916  76.171 0.0000000000
55819  -35.607  -20.834  73.160 0.0000000000
55811  -35.181  -21.214  73.757 0.0000000000
142025  -35.802  -20.612  74.793 0.0000000000
55804  -36.242  -19.976  75.988 0.0000000000
136142  -36.813  -19.257  75.414 0.0000000000
55796  -36.671  -20.324  76.873 0.0000000000
56696  -37.314  -19.944  77.324 0.0000000000
55789  -37.695  -20.393  77.551 0.0000000000
55791  -38.909  -19.746  77.604 0.0000000000
56705  -39.677  -19.568  77.221 0.0000000000
56706  -40.407  -19.332  76.797 0.0000000000
58598  -39.385  -18.025  76.902 0.0000000000
57646  -39.960  -18.274  76.932 0.0000000000
57656  -41.208  -18.232  75.990 0.0000000000
57657  -41.970  -18.267  75.564 0.0000000000
138101  -44.017  -14.344  72.068 0.0000000000
61728  -43.721  -13.965  71.020 0.0000000000
61738  -43.714  -13.509  69.912 0.0000000000
61746  -44.238  -13.941  69.206 0.0000000000
63810  -43.664  -12.085  70.166 0.0000000000
63826  -44.167  -12.431  69.709 0.0000000000
62816  -44.923  -13.459  69.460 0.0000000000
63828  -45.790  -13.057  69.971 0.0000000000
62802  -46.644  -13.029  70.321 0.0000000000
62818  -47.234  -13.703  70.186 0.0000000000
67740  -47.740  -8.726  66.819 0.0000000000
67728  -47.795  -8.663  67.787 0.0000000000
67730  -49.575  -9.120  67.327 0.0000000000
66806  -49.697  -9.502  67.496 0.0000000000
66818  -50.418  -9.939  66.428 0.0000000000
64869  -50.174  -10.440  67.163 0.0000000000
64888  -50.088  -11.125  67.020 0.0000000000
68796  -54.423  -6.467  57.437 0.0000000000
68779  -53.917  -7.093  57.883 0.0000000000
68780  -54.616  -6.753  58.258 0.0000000000
67837  -56.385  -8.524  58.214 0.0000000000
66928  -55.844  -8.873  58.897 0.0000000000
67823  -55.099  -8.176  59.609 0.0000000000
66912  -55.369  -9.225  59.502 0.0000000000
58641  -39.034  -17.443  73.692 0.0000000000
134717  -39.082  -17.676  72.926 0.0000000000
55820  -36.195  -20.242  73.228 0.0000000000
127335  -41.750  -9.706  68.912 0.0000000000
66772  -42.724  -9.094  70.074 0.0000000000
120099  -43.057  -9.268  68.352 0.0000000000
66788  -43.903  -9.093  68.399 0.0000000000
119940  -45.401  -9.560  67.088 0.0000000000
66814  -45.962  -9.376  66.695 0.0000000000
66815  -46.758  -9.036  66.380 0.0000000000
66828  -46.830  -9.513  65.528 0.0000000000
140562  -47.460  -9.513  65.279 0.0000000000
66844  -47.825  -9.883  64.777 0.0000000000
65910  -47.395  -10.461  64.206 0.0000000000
65912  -49.399  -10.562  64.297 0.0000000000
65923  -50.210  -10.840  63.985 0.0000000000
68806  -53.293  -7.033  55.996 0.0000000000
69758  -55.691  -6.426  57.427 0.0000000000
68782  -56.362  -7.070  57.485 0.0000000000
69773  -56.524  -6.342  56.502 0.0000000000
68797  -56.881  -7.135  56.723 0.0000000000
68783  -57.069  -7.807  56.956 0.0000000000
67860  -57.741  -8.967  56.273 0.0000000000
66954  -57.647  -9.471  56.026 0.0000000000
66069  -57.306  -9.692  55.241 0.0000000000
67894  -57.617  -8.200  53.919 0.0000000000
138797  -57.668  -4.947  53.587 0.0000000000
70789  -57.962  -5.662  53.041 0.0000000000
137577  -58.238  -6.421  52.539 0.0000000000
70801  -58.505  -5.584  52.215 0.0000000000
57686  -44.378  -18.714  72.456 0.0000000000
57698  -45.126  -18.650  71.910 0.0000000000
129806  -44.825  -16.662  72.223 0.0000000000
134606  -43.281  -16.840  74.785 0.0000000000
59665  -43.807  -16.516  74.307 0.0000000000
141780  -43.085  -15.100  74.990 0.0000000000
60623  -44.158  -15.650  73.267 0.0000000000
60630  -44.208  -15.123  72.575 0.0000000000
63787  -42.348  -12.492  72.786 0.0000000000
64808  -42.729  -12.109  72.130 0.0000000000
66756  -41.722  -9.898  70.694 0.0000000000
58642  -39.683  -16.901  73.364 0.0000000000
120304  -40.779  -14.855  72.387 0.0000000000
122249  -40.799  -13.987  72.037 0.0000000000
62785  -40.763  -13.393  71.505 0.0000000000
63798  -40.773  -12.590  71.574 0.0000000000
66770  -41.266  -10.060  69.349 0.0000000000
39450  -24.143  -38.220  80.552 0.0000000000
41195  -26.833  -35.322  82.723 0.0000000000
142916  -28.843  -31.425  81.412 0.0000000000
43220  -30.115  -32.624  79.098 0.0000000000
42213  -31.886  -33.508  76.370 0.0000000000
42216  -33.584  -33.244  76.661 0.0000000000
42215  -33.637  -33.793  76.359 0.0000000000
44279  -35.992  -33.155  74.664 0.0000000000
45231  -35.931  -31.583  72.419 0.0000000000
45215  -35.728  -32.181  73.191 0.0000000000
42251  -38.019  -34.745  73.767 0.0000000000
47027  -38.865  -29.838  74.563 0.0000000000
120840  -39.546  -30.049  74.382 0.0000000000
140995  -39.978  -29.507  74.332 0.0000000000
47029  -40.221  -30.017  74.049 0.0000000000
50936  -34.114  -25.062  72.889 0.0000000000
50926  -34.926  -25.286  74.176 0.0000000000
52855  -34.363  -24.008  73.891 0.0000000000
51881  -34.813  -24.546  74.443 0.0000000000
50915  -35.234  -25.092  75.011 0.0000000000
50907  -37.088  -25.244  76.500 0.0000000000
54854  -35.442  -22.063  75.000 0.0000000000
53799  -35.861  -22.991  76.239 0.0000000000
54842  -36.157  -22.468  76.762 0.0000000000
53793  -36.171  -23.013  76.817 0.0000000000
52837  -36.058  -23.521  76.445 0.0000000000
51857  -36.196  -24.238  76.334 0.0000000000
51858  -36.741  -24.464  76.650 0.0000000000
50908  -37.595  -25.314  76.453 0.0000000000
50909  -38.053  -25.370  76.270 0.0000000000
50917  -38.336  -25.695  75.661 0.0000000000
50927  -38.342  -25.488  75.048 0.0000000000
54857  -40.328  -21.165  75.358 0.0000000000
124384  -42.023  -20.531  72.122 0.0000000000
136821  -22.936  -36.752  82.639 0.0000000000
66773  -43.493  -9.005  70.132 0.0000000000
66759  -44.356  -9.523  70.225 0.0000000000
133892  -44.521  -9.946  70.355 0.0000000000
66774  -45.845  -9.376  69.908 0.0000000000
66760  -45.229  -9.774  70.172 0.0000000000
65823  -45.338  -10.526  70.367 0.0000000000
143034  -46.652  -11.493  70.435 0.0000000000
62803  -47.421  -12.751  70.229 0.0000000000
67717  -48.410  -8.845  68.242 0.0000000000
66790  -47.941  -9.153  68.929 0.0000000000
66777  -48.148  -9.861  69.250 0.0000000000
64841  -48.512  -10.785  69.093 0.0000000000
64840  -48.011  -11.448  69.816 0.0000000000
63829  -47.719  -12.123  70.127 0.0000000000
133107  -47.850  -12.819  69.873 0.0000000000
143004  -48.122  -13.900  69.559 0.0000000000
130131  -48.830  -11.015  62.741 0.0000000000
134443  -50.234  -10.644  63.268 0.0000000000
65924  -50.960  -10.615  63.595 0.0000000000
67846  -53.463  -7.817  58.251 0.0000000000
67845  -52.863  -8.597  57.696 0.0000000000
126341  -52.965  -8.489  58.628 0.0000000000
122278  -53.526  -7.837  60.065 0.0000000000
67834  -53.043  -8.284  59.454 0.0000000000
66895  -50.118  -9.758  60.464 0.0000000000
66877  -49.961  -9.765  61.174 0.0000000000
66879  -51.818  -8.873  61.751 0.0000000000
64933  -51.906  -11.916  63.413 0.0000000000
63922  -52.714  -12.827  62.543 0.0000000000
135371  -52.569  -13.521  62.794 0.0000000000
62894  -52.418  -13.999  62.605 0.0000000000
51842  -36.555  -23.802  76.854 0.0000000000
51844  -37.376  -23.893  76.771 0.0000000000
52842  -35.168  -23.661  75.381 0.0000000000
54850  -36.593  -21.134  77.066 0.0000000000
56700  -39.853  -18.905  77.164 0.0000000000
60643  -44.085  -15.461  69.460 0.0000000000
60644  -45.447  -15.745  68.736 0.0000000000
61729  -44.070  -14.919  71.410 0.0000000000
61745  -44.218  -13.095  69.513 0.0000000000
62819  -47.789  -13.498  69.848 0.0000000000
63773  -41.824  -12.747  73.341 0.0000000000
64830  -47.655  -11.619  70.231 0.0000000000
65035  -57.406  -10.876  56.756 0.0000000000
65825  -47.069  -10.741  70.316 0.0000000000
65834  -48.153  -10.610  69.584 0.0000000000
65875  -50.101  -9.883  67.228 0.0000000000
66789  -44.736  -8.947  68.358 0.0000000000
66927  -51.433  -9.762  59.181 0.0000000000
67702  -43.899  -8.842  69.591 0.0000000000
67704  -45.531  -9.024  69.461 0.0000000000
67715  -46.776  -8.901  68.727 0.0000000000
67729  -49.205  -9.096  67.883 0.0000000000
67750  -48.523  -8.923  66.318 0.0000000000
67797  -53.457  -8.472  61.259 0.0000000000
69757  -55.046  -6.200  57.598 0.0000000000
121259  -58.990  -6.114  50.707 0.0000000000
122024  -46.159  -8.934  69.052 0.0000000000
137671  -41.260  -13.093  73.577 0.0000000000
137867  -57.015  -2.786  53.423 0.0000000000
138326  -43.603  -9.564  67.914 0.0000000000
138649  -40.391  -18.695  76.830 0.0000000000
140113  -39.065  -16.895  76.030 0.0000000000
140887  -46.431  -8.974  66.952 0.0000000000
141180  -35.482  -21.041  72.469 0.0000000000
142084  -52.042  -8.700  61.227 0.0000000000
144813  -43.741  -9.316  70.330 0.0000000000
