#!ascii label  , from subject sub-v1s9x0051330_ses-1 vox2ras=TkReg
1163
139963  14.765  -37.172  85.904 0.0000000000
37438  1.440  -43.265  72.389 0.0000000000
30562  12.336  -50.152  84.950 0.0000000000
39224  13.618  -41.217  81.420 0.0000000000
41312  10.415  -39.586  73.491 0.0000000000
38280  14.911  -42.835  85.105 0.0000000000
38275  11.907  -41.667  87.328 0.0000000000
44291  14.992  -36.452  82.358 0.0000000000
38290  17.069  -43.237  82.411 0.0000000000
30582  15.482  -50.394  79.812 0.0000000000
41219  7.427  -39.123  82.264 0.0000000000
41274  12.102  -39.416  76.727 0.0000000000
43316  5.824  -37.539  77.773 0.0000000000
29682  5.868  -51.140  83.341 0.0000000000
33721  7.927  -47.788  80.052 0.0000000000
34657  13.410  -46.288  83.011 0.0000000000
42196  11.040  -37.782  85.491 0.0000000000
140872  8.782  -47.055  75.674 0.0000000000
34722  8.764  -46.870  71.290 0.0000000000
34790  9.985  -46.407  66.623 0.0000000000
43397  10.614  -37.518  69.695 0.0000000000
40188  15.825  -39.874  85.306 0.0000000000
41175  13.982  -39.276  86.798 0.0000000000
44283  14.739  -36.672  84.409 0.0000000000
41215  15.324  -39.438  82.319 0.0000000000
40191  16.297  -40.320  84.220 0.0000000000
37413  16.805  -43.402  83.221 0.0000000000
42245  6.333  -38.681  80.142 0.0000000000
140593  9.496  -51.628  84.459 0.0000000000
31607  9.238  -49.469  83.813 0.0000000000
33703  12.423  -48.139  85.144 0.0000000000
43231  9.733  -37.554  89.372 0.0000000000
41182  10.755  -39.363  87.528 0.0000000000
31614  13.843  -50.438  82.277 0.0000000000
130744  12.189  -50.920  79.690 0.0000000000
132548  11.070  -52.143  82.513 0.0000000000
134932  7.954  -52.256  81.775 0.0000000000
34667  12.263  -46.238  79.600 0.0000000000
132726  8.076  -47.341  77.957 0.0000000000
35649  12.103  -45.001  77.865 0.0000000000
41300  11.386  -39.656  74.730 0.0000000000
37434  11.860  -43.302  74.574 0.0000000000
37437  11.633  -43.490  72.112 0.0000000000
34750  9.078  -46.989  68.889 0.0000000000
38323  11.813  -42.522  70.411 0.0000000000
33697  13.828  -47.540  85.539 0.0000000000
144545  12.868  -46.193  86.716 0.0000000000
123974  13.210  -42.401  86.754 0.0000000000
42172  11.531  -38.674  88.645 0.0000000000
45302  15.644  -35.203  80.830 0.0000000000
42266  15.036  -37.672  78.689 0.0000000000
134152  14.913  -37.949  80.556 0.0000000000
39225  16.009  -42.160  80.947 0.0000000000
133344  17.883  -47.132  81.267 0.0000000000
32654  15.763  -47.709  82.829 0.0000000000
125485  11.014  -38.553  81.992 0.0000000000
40210  12.633  -40.234  79.032 0.0000000000
42244  9.878  -38.370  79.879 0.0000000000
41266  8.549  -38.669  78.075 0.0000000000
42304  7.883  -38.347  75.944 0.0000000000
47434  15.562  -33.316  87.048 0.0000000000
127356  18.867  -36.007  77.807 0.0000000000
44307  20.215  -36.024  80.394 0.0000000000
45284  16.986  -34.434  82.027 0.0000000000
46314  16.278  -34.222  84.485 0.0000000000
29694  2.857  -51.341  81.102 0.0000000000
31628  4.101  -49.676  80.013 0.0000000000
32671  6.537  -48.583  82.066 0.0000000000
33712  10.601  -47.944  81.208 0.0000000000
37415  13.887  -43.217  82.578 0.0000000000
36547  12.305  -44.276  85.852 0.0000000000
39217  12.929  -41.582  84.804 0.0000000000
42212  12.594  -38.865  83.409 0.0000000000
42216  8.333  -38.653  83.713 0.0000000000
133892  4.633  -48.897  77.182 0.0000000000
32727  4.841  -48.357  75.091 0.0000000000
132972  4.617  -48.004  72.760 0.0000000000
36573  11.834  -44.476  76.414 0.0000000000
34699  8.164  -46.959  73.332 0.0000000000
33812  5.060  -47.506  70.863 0.0000000000
34769  5.473  -46.333  68.838 0.0000000000
36637  5.841  -44.636  66.993 0.0000000000
44360  5.866  -35.758  76.065 0.0000000000
43355  8.151  -37.143  74.225 0.0000000000
45364  8.566  -35.582  72.552 0.0000000000
42350  10.390  -38.917  71.132 0.0000000000
128471  11.715  -41.812  68.106 0.0000000000
136688  15.057  -38.535  85.913 0.0000000000
42179  14.454  -37.933  86.669 0.0000000000
45252  14.190  -35.660  87.595 0.0000000000
125759  14.843  -37.471  85.264 0.0000000000
42202  15.649  -38.839  84.584 0.0000000000
43259  15.472  -38.628  85.126 0.0000000000
40187  16.156  -40.109  84.821 0.0000000000
37454  0.456  -42.874  70.834 0.0000000000
38319  1.406  -42.669  71.307 0.0000000000
30568  10.494  -51.416  84.784 0.0000000000
31599  10.507  -50.418  84.788 0.0000000000
31594  12.133  -49.618  85.051 0.0000000000
44338  15.535  -36.390  77.755 0.0000000000
30565  12.682  -50.508  84.184 0.0000000000
144055  12.113  -51.541  82.165 0.0000000000
29674  11.673  -51.604  83.872 0.0000000000
29680  9.758  -52.321  83.614 0.0000000000
36559  13.500  -44.443  80.323 0.0000000000
35643  11.933  -45.834  78.920 0.0000000000
37424  13.272  -43.486  79.305 0.0000000000
41301  10.429  -39.471  74.316 0.0000000000
39254  11.865  -41.413  74.038 0.0000000000
147014  11.778  -41.424  72.744 0.0000000000
37442  11.801  -43.111  71.373 0.0000000000
40256  11.292  -40.677  71.836 0.0000000000
36545  14.516  -44.895  85.309 0.0000000000
130500  13.598  -45.449  86.124 0.0000000000
37409  14.000  -43.481  86.010 0.0000000000
41171  12.618  -39.020  87.850 0.0000000000
45237  10.717  -35.523  89.275 0.0000000000
44300  15.140  -36.151  81.354 0.0000000000
44309  15.183  -36.058  80.425 0.0000000000
144206  14.791  -37.063  81.749 0.0000000000
40197  16.328  -40.692  82.823 0.0000000000
40199  15.930  -40.760  81.997 0.0000000000
143487  16.395  -42.091  81.824 0.0000000000
126343  17.737  -45.488  81.872 0.0000000000
37411  15.430  -43.185  84.265 0.0000000000
131435  16.627  -45.065  83.104 0.0000000000
35629  15.811  -45.620  83.704 0.0000000000
32648  14.791  -48.000  83.745 0.0000000000
42234  9.078  -38.895  81.890 0.0000000000
123370  10.004  -38.450  80.763 0.0000000000
41226  8.581  -39.038  81.127 0.0000000000
146741  6.385  -38.321  78.859 0.0000000000
41244  7.560  -38.877  79.130 0.0000000000
137429  6.819  -38.469  77.866 0.0000000000
42282  8.130  -38.626  76.882 0.0000000000
42295  6.876  -38.281  77.082 0.0000000000
45293  17.193  -34.539  81.251 0.0000000000
29684  4.295  -51.258  82.379 0.0000000000
31617  4.721  -50.232  82.100 0.0000000000
31609  5.918  -49.576  83.575 0.0000000000
32665  12.077  -48.304  82.821 0.0000000000
32667  10.886  -48.570  82.019 0.0000000000
33710  12.433  -47.932  81.864 0.0000000000
34662  13.320  -46.283  80.986 0.0000000000
35633  13.710  -45.181  82.871 0.0000000000
37406  12.329  -43.263  86.743 0.0000000000
36542  12.455  -44.654  86.379 0.0000000000
37407  12.041  -42.855  86.868 0.0000000000
42190  10.924  -38.231  86.550 0.0000000000
40189  12.068  -40.653  85.810 0.0000000000
41197  12.121  -38.962  85.122 0.0000000000
41196  12.745  -39.352  84.348 0.0000000000
130254  11.572  -38.223  84.887 0.0000000000
42214  10.646  -38.075  83.702 0.0000000000
43268  9.334  -37.555  84.661 0.0000000000
41252  15.074  -39.421  78.799 0.0000000000
41263  14.993  -39.335  77.899 0.0000000000
30591  17.131  -50.779  79.134 0.0000000000
30620  15.362  -50.929  77.638 0.0000000000
30608  14.335  -50.731  78.761 0.0000000000
30597  10.407  -50.816  79.749 0.0000000000
30610  11.751  -50.320  79.068 0.0000000000
128947  6.802  -52.238  82.036 0.0000000000
126012  5.344  -52.290  81.718 0.0000000000
32682  5.656  -48.792  79.568 0.0000000000
31650  4.776  -49.346  78.361 0.0000000000
32685  6.181  -48.504  78.986 0.0000000000
33742  8.197  -47.194  76.832 0.0000000000
33744  6.717  -47.919  76.161 0.0000000000
33751  6.539  -47.833  75.317 0.0000000000
32745  5.402  -48.091  74.321 0.0000000000
33760  7.191  -47.526  74.724 0.0000000000
41253  12.272  -39.289  78.543 0.0000000000
39234  12.627  -41.504  77.719 0.0000000000
145329  12.512  -41.638  77.003 0.0000000000
135674  10.562  -45.094  73.040 0.0000000000
36579  10.830  -45.064  74.304 0.0000000000
34709  8.691  -46.700  72.696 0.0000000000
33784  6.958  -47.677  72.317 0.0000000000
129770  7.202  -47.735  70.913 0.0000000000
34753  4.791  -46.399  70.129 0.0000000000
33821  6.656  -47.645  69.580 0.0000000000
34765  9.664  -46.799  67.841 0.0000000000
34780  7.599  -46.442  67.431 0.0000000000
34793  7.390  -45.870  66.882 0.0000000000
45344  5.790  -34.822  75.015 0.0000000000
44371  7.036  -35.968  75.080 0.0000000000
45342  7.270  -35.646  74.368 0.0000000000
45381  10.006  -35.411  70.597 0.0000000000
45373  9.502  -35.807  71.372 0.0000000000
44389  9.203  -37.046  72.260 0.0000000000
42360  10.466  -38.513  70.410 0.0000000000
40280  11.012  -40.287  70.150 0.0000000000
41347  11.130  -39.635  68.796 0.0000000000
39212  15.134  -41.335  85.319 0.0000000000
39208  14.115  -41.337  86.153 0.0000000000
41180  14.710  -39.426  86.205 0.0000000000
44286  14.907  -36.312  83.374 0.0000000000
43273  14.752  -37.723  82.510 0.0000000000
134530  15.120  -38.529  83.338 0.0000000000
41204  16.181  -39.722  83.915 0.0000000000
133239  16.567  -41.293  83.225 0.0000000000
38287  17.040  -43.318  82.858 0.0000000000
134969  16.433  -41.091  83.790 0.0000000000
39216  15.877  -41.402  84.623 0.0000000000
41229  4.973  -38.665  82.288 0.0000000000
41236  6.141  -38.782  81.009 0.0000000000
133122  4.832  -38.205  80.960 0.0000000000
42261  5.360  -37.974  79.832 0.0000000000
43309  4.920  -37.025  78.948 0.0000000000
30572  7.392  -50.893  84.203 0.0000000000
137075  7.523  -49.641  84.074 0.0000000000
31600  9.113  -50.625  84.638 0.0000000000
32657  11.548  -48.839  83.564 0.0000000000
136324  12.540  -47.781  83.727 0.0000000000
41174  10.889  -39.612  88.439 0.0000000000
145529  11.240  -40.578  87.630 0.0000000000
42182  10.195  -38.601  87.918 0.0000000000
42183  9.748  -37.297  87.532 0.0000000000
43254  9.722  -37.016  86.519 0.0000000000
43263  7.854  -37.505  85.656 0.0000000000
30576  14.100  -50.541  81.098 0.0000000000
30594  13.880  -50.742  79.524 0.0000000000
132617  12.658  -51.200  80.705 0.0000000000
30579  11.871  -51.396  80.958 0.0000000000
30586  10.000  -51.336  80.586 0.0000000000
30587  9.045  -51.364  80.694 0.0000000000
29698  8.697  -52.073  81.668 0.0000000000
29689  8.250  -52.424  82.679 0.0000000000
33724  10.024  -47.034  79.758 0.0000000000
33727  7.696  -47.641  79.188 0.0000000000
34673  9.874  -46.723  78.944 0.0000000000
126166  10.245  -46.429  78.244 0.0000000000
35651  10.902  -45.876  77.010 0.0000000000
40228  11.966  -39.507  76.011 0.0000000000
38309  12.284  -41.860  75.730 0.0000000000
39248  12.114  -41.572  74.864 0.0000000000
36581  11.478  -43.924  73.253 0.0000000000
134327  10.586  -45.099  72.259 0.0000000000
34735  9.068  -46.952  69.871 0.0000000000
35691  10.452  -45.514  70.485 0.0000000000
36622  10.982  -45.001  69.771 0.0000000000
36630  11.293  -45.046  68.832 0.0000000000
44414  10.989  -36.342  68.857 0.0000000000
135990  11.236  -39.197  68.141 0.0000000000
145373  11.640  -38.312  67.008 0.0000000000
32650  13.338  -49.128  85.187 0.0000000000
32644  13.008  -47.900  86.214 0.0000000000
34645  13.172  -46.843  86.536 0.0000000000
37405  12.757  -43.980  86.759 0.0000000000
38274  12.196  -41.899  87.377 0.0000000000
40185  13.555  -40.853  86.803 0.0000000000
41177  12.388  -39.833  87.898 0.0000000000
40177  11.670  -40.133  88.237 0.0000000000
43230  10.392  -37.675  89.465 0.0000000000
45309  16.212  -35.185  79.403 0.0000000000
44328  15.441  -36.088  78.653 0.0000000000
44317  15.243  -36.073  79.555 0.0000000000
130534  14.744  -38.162  81.678 0.0000000000
40200  15.472  -40.652  80.973 0.0000000000
133402  15.286  -40.953  80.098 0.0000000000
31624  17.979  -49.566  79.431 0.0000000000
32674  17.633  -49.138  80.682 0.0000000000
35631  17.756  -45.845  82.028 0.0000000000
33706  17.075  -47.177  82.296 0.0000000000
32664  16.187  -48.750  81.496 0.0000000000
32655  14.742  -48.696  83.175 0.0000000000
31596  13.828  -49.433  84.131 0.0000000000
42231  12.501  -38.817  81.686 0.0000000000
40204  13.225  -40.068  80.580 0.0000000000
42241  12.277  -38.813  80.862 0.0000000000
42256  11.409  -38.417  79.611 0.0000000000
137771  11.339  -38.400  78.644 0.0000000000
41234  7.694  -38.983  79.945 0.0000000000
41255  8.792  -38.706  78.794 0.0000000000
42280  10.055  -38.453  77.391 0.0000000000
42292  9.733  -38.745  76.452 0.0000000000
41277  9.597  -39.030  75.596 0.0000000000
42315  9.124  -38.865  74.407 0.0000000000
45255  14.658  -35.026  86.470 0.0000000000
123228  17.848  -35.709  77.906 0.0000000000
43304  21.495  -37.705  78.882 0.0000000000
44306  21.269  -36.367  80.682 0.0000000000
44314  20.373  -36.625  79.263 0.0000000000
44315  19.672  -35.965  79.451 0.0000000000
45307  18.395  -35.294  79.337 0.0000000000
45308  17.311  -35.054  79.592 0.0000000000
45294  16.302  -34.729  81.489 0.0000000000
45285  16.117  -34.808  82.288 0.0000000000
46342  16.698  -34.470  82.820 0.0000000000
45286  15.388  -35.440  82.679 0.0000000000
145588  14.906  -35.890  83.910 0.0000000000
45258  14.734  -35.257  85.517 0.0000000000
129870  5.379  -49.132  81.143 0.0000000000
32677  6.646  -48.278  80.904 0.0000000000
32660  7.507  -48.876  83.217 0.0000000000
32669  8.003  -48.359  81.978 0.0000000000
33714  8.797  -47.910  81.052 0.0000000000
33717  11.214  -47.468  80.594 0.0000000000
35637  13.453  -45.324  80.656 0.0000000000
143108  13.843  -42.859  81.721 0.0000000000
33699  12.736  -47.741  86.056 0.0000000000
34649  12.548  -46.463  85.209 0.0000000000
143534  12.707  -44.656  85.023 0.0000000000
39214  11.841  -41.457  86.434 0.0000000000
38286  12.316  -42.372  85.674 0.0000000000
38285  13.310  -42.940  84.254 0.0000000000
38289  13.797  -42.632  83.280 0.0000000000
40195  13.496  -40.478  83.385 0.0000000000
41216  13.461  -39.731  82.324 0.0000000000
144761  11.340  -38.511  82.662 0.0000000000
42225  9.500  -38.623  82.580 0.0000000000
41207  8.112  -39.065  82.943 0.0000000000
130203  7.775  -38.129  84.926 0.0000000000
41198  7.065  -39.051  83.920 0.0000000000
41209  6.417  -39.091  83.361 0.0000000000
145425  14.431  -50.535  75.610 0.0000000000
30609  12.768  -50.435  78.988 0.0000000000
32689  6.342  -48.290  77.462 0.0000000000
32712  4.746  -48.301  75.996 0.0000000000
35674  2.678  -45.588  72.715 0.0000000000
38298  13.099  -42.138  78.940 0.0000000000
36569  11.969  -44.816  77.147 0.0000000000
35655  10.814  -45.615  76.083 0.0000000000
37432  11.944  -43.438  75.495 0.0000000000
35659  10.829  -45.415  75.153 0.0000000000
142302  8.669  -47.002  74.257 0.0000000000
33771  6.446  -47.833  73.010 0.0000000000
33786  5.141  -47.911  72.105 0.0000000000
35682  3.743  -45.960  71.341 0.0000000000
36614  3.494  -44.432  70.569 0.0000000000
33834  6.869  -47.350  68.814 0.0000000000
35706  5.803  -45.833  68.134 0.0000000000
44340  4.688  -36.358  77.684 0.0000000000
44361  5.005  -35.755  76.427 0.0000000000
43324  5.915  -37.016  77.086 0.0000000000
43331  7.135  -37.205  76.136 0.0000000000
43341  7.817  -37.506  74.901 0.0000000000
42330  8.811  -38.348  74.064 0.0000000000
45354  8.205  -35.917  73.235 0.0000000000
43367  8.854  -37.379  72.986 0.0000000000
41319  9.938  -39.069  72.484 0.0000000000
40263  11.179  -40.727  70.951 0.0000000000
126939  11.806  -42.802  68.976 0.0000000000
36636  11.707  -44.821  67.277 0.0000000000
37488  12.105  -44.319  65.956 0.0000000000
43252  14.588  -37.431  86.396 0.0000000000
44274  14.295  -36.453  87.113 0.0000000000
145272  15.191  -38.182  85.264 0.0000000000
43260  15.065  -38.173  85.610 0.0000000000
42195  15.515  -38.952  85.330 0.0000000000
37439  1.039  -43.267  72.579 0.0000000000
37445  0.864  -42.959  71.940 0.0000000000
144661  0.975  -42.670  71.524 0.0000000000
136662  1.218  -42.905  71.971 0.0000000000
30567  11.283  -51.252  84.586 0.0000000000
30564  10.992  -50.763  84.795 0.0000000000
30563  11.583  -50.524  84.809 0.0000000000
134213  16.915  -35.811  77.760 0.0000000000
44337  16.324  -36.123  77.356 0.0000000000
44327  16.139  -35.855  78.086 0.0000000000
30571  12.295  -51.150  83.461 0.0000000000
30566  11.944  -50.905  84.504 0.0000000000
29675  11.050  -52.037  84.171 0.0000000000
138823  13.675  -42.524  81.097 0.0000000000
37422  13.472  -43.521  80.110 0.0000000000
38295  13.491  -42.617  80.388 0.0000000000
41311  11.260  -39.932  73.909 0.0000000000
135869  11.142  -40.094  73.087 0.0000000000
39263  11.684  -41.435  72.229 0.0000000000
144409  11.079  -40.194  72.391 0.0000000000
36540  14.641  -44.307  85.262 0.0000000000
140911  14.269  -42.412  85.924 0.0000000000
45295  15.514  -35.369  81.825 0.0000000000
124298  16.778  -42.397  82.471 0.0000000000
39222  16.459  -41.517  82.458 0.0000000000
123749  16.664  -42.937  81.590 0.0000000000
36555  17.270  -44.014  81.678 0.0000000000
36557  17.555  -45.063  81.492 0.0000000000
36554  17.627  -44.705  81.998 0.0000000000
36550  15.895  -44.635  83.631 0.0000000000
36544  15.167  -44.200  84.433 0.0000000000
130340  15.166  -45.190  84.485 0.0000000000
41218  8.273  -39.080  82.032 0.0000000000
41227  7.649  -39.111  81.382 0.0000000000
42272  6.239  -38.118  78.334 0.0000000000
42271  6.714  -38.525  78.613 0.0000000000
42284  6.387  -38.093  77.613 0.0000000000
43315  6.304  -37.788  77.222 0.0000000000
29683  5.021  -51.225  82.748 0.0000000000
30575  4.739  -50.632  82.642 0.0000000000
30574  5.317  -50.370  83.356 0.0000000000
33708  12.584  -47.874  82.809 0.0000000000
33709  13.052  -47.484  82.054 0.0000000000
34659  13.440  -46.773  81.949 0.0000000000
38278  12.115  -42.521  87.134 0.0000000000
38279  11.864  -42.309  87.089 0.0000000000
43261  10.460  -37.335  86.042 0.0000000000
42189  11.529  -38.595  85.807 0.0000000000
42204  10.867  -37.766  84.542 0.0000000000
43267  10.275  -37.367  85.037 0.0000000000
31626  16.659  -50.307  79.700 0.0000000000
30592  16.031  -50.781  79.137 0.0000000000
30593  14.876  -50.717  79.220 0.0000000000
30611  10.801  -50.270  79.025 0.0000000000
131451  6.697  -51.737  82.924 0.0000000000
29691  5.916  -51.882  82.366 0.0000000000
146171  5.140  -51.891  82.322 0.0000000000
29692  4.482  -51.904  82.094 0.0000000000
32681  6.426  -48.351  79.800 0.0000000000
33728  6.853  -47.943  78.891 0.0000000000
33749  8.128  -47.166  76.009 0.0000000000
33750  7.405  -47.568  75.614 0.0000000000
33761  6.283  -47.780  74.497 0.0000000000
41264  12.201  -39.361  77.602 0.0000000000
141964  12.527  -40.694  77.678 0.0000000000
135660  12.398  -40.074  77.209 0.0000000000
34708  9.409  -46.265  72.386 0.0000000000
128093  8.944  -46.694  71.978 0.0000000000
33797  7.496  -47.541  71.667 0.0000000000
33796  8.038  -47.429  70.949 0.0000000000
33810  6.532  -47.802  70.395 0.0000000000
33809  7.378  -47.714  70.207 0.0000000000
34778  9.426  -46.650  67.231 0.0000000000
34779  8.559  -46.671  67.270 0.0000000000
34791  9.091  -46.236  66.563 0.0000000000
46389  5.186  -34.442  74.556 0.0000000000
46388  5.971  -34.512  74.418 0.0000000000
45343  6.553  -35.143  74.736 0.0000000000
45356  6.769  -34.745  73.992 0.0000000000
45380  10.366  -36.166  70.078 0.0000000000
44402  9.911  -36.510  70.844 0.0000000000
43388  10.017  -37.349  70.906 0.0000000000
43387  10.333  -37.788  70.355 0.0000000000
42369  10.712  -38.795  69.710 0.0000000000
41348  10.948  -38.981  68.955 0.0000000000
39207  15.235  -40.436  85.546 0.0000000000
40183  15.295  -39.637  85.702 0.0000000000
43243  14.203  -37.092  87.142 0.0000000000
140238  14.799  -37.352  83.920 0.0000000000
43271  14.792  -37.460  83.218 0.0000000000
145067  15.991  -39.336  84.446 0.0000000000
42210  15.739  -39.065  83.973 0.0000000000
40194  16.389  -40.509  83.542 0.0000000000
39211  15.900  -40.598  85.006 0.0000000000
42235  5.329  -38.495  81.386 0.0000000000
43291  3.926  -37.464  80.334 0.0000000000
43300  3.772  -37.063  79.721 0.0000000000
43299  4.607  -37.367  79.702 0.0000000000
43310  4.078  -36.798  79.128 0.0000000000
29677  8.303  -51.137  84.376 0.0000000000
32652  11.705  -49.506  84.891 0.0000000000
31598  11.003  -49.607  84.275 0.0000000000
32656  12.146  -48.558  84.056 0.0000000000
42174  10.403  -38.779  88.531 0.0000000000
41178  10.649  -39.599  88.153 0.0000000000
146020  9.866  -38.118  88.994 0.0000000000
126721  9.190  -36.860  88.039 0.0000000000
127945  9.051  -36.655  87.031 0.0000000000
43256  7.918  -37.129  86.671 0.0000000000
30577  13.190  -51.079  81.573 0.0000000000
29686  11.680  -51.748  82.078 0.0000000000
30578  12.325  -51.408  81.560 0.0000000000
29695  11.101  -51.847  81.627 0.0000000000
125478  11.035  -51.245  80.658 0.0000000000
29696  10.425  -51.726  81.349 0.0000000000
29697  9.609  -51.855  81.545 0.0000000000
29687  10.279  -52.153  82.376 0.0000000000
29676  10.291  -52.130  84.268 0.0000000000
129379  8.730  -52.174  83.726 0.0000000000
29681  7.596  -51.832  83.599 0.0000000000
129429  10.830  -47.012  79.845 0.0000000000
33725  9.285  -47.233  79.573 0.0000000000
34669  10.529  -46.700  79.319 0.0000000000
35646  12.352  -45.207  78.550 0.0000000000
34671  11.302  -46.044  78.662 0.0000000000
34675  10.948  -46.026  78.009 0.0000000000
124410  10.252  -46.365  77.421 0.0000000000
35650  11.529  -45.440  77.497 0.0000000000
41287  11.441  -39.316  75.523 0.0000000000
40236  11.998  -39.908  75.378 0.0000000000
40243  11.889  -40.486  74.528 0.0000000000
39257  11.819  -41.391  73.240 0.0000000000
38314  11.873  -42.172  73.603 0.0000000000
37435  11.836  -42.983  73.202 0.0000000000
36588  11.041  -44.579  72.790 0.0000000000
141347  11.087  -44.487  72.162 0.0000000000
35680  10.487  -45.294  71.355 0.0000000000
36597  11.417  -44.028  71.709 0.0000000000
37452  11.761  -43.456  70.398 0.0000000000
129544  11.474  -44.214  70.165 0.0000000000
36621  11.564  -44.347  69.336 0.0000000000
45393  10.900  -35.368  68.875 0.0000000000
44413  11.302  -36.866  68.163 0.0000000000
43422  11.511  -37.501  67.365 0.0000000000
32645  13.545  -48.354  85.431 0.0000000000
33698  13.200  -47.930  86.129 0.0000000000
34644  13.731  -46.813  85.903 0.0000000000
38276  13.207  -43.302  86.646 0.0000000000
36538  13.029  -45.038  86.667 0.0000000000
124491  12.766  -42.995  87.071 0.0000000000
38277  12.531  -42.224  87.168 0.0000000000
145679  13.929  -39.964  86.540 0.0000000000
41172  11.946  -39.390  88.330 0.0000000000
129139  12.131  -40.680  87.780 0.0000000000
41173  11.294  -39.581  88.538 0.0000000000
42169  10.884  -38.198  89.082 0.0000000000
45310  15.558  -35.385  79.897 0.0000000000
45316  15.611  -35.577  79.245 0.0000000000
43290  15.084  -36.924  80.041 0.0000000000
131602  15.089  -38.774  80.116 0.0000000000
42221  14.988  -38.731  82.680 0.0000000000
39223  15.972  -41.431  81.516 0.0000000000
144810  15.418  -40.017  81.599 0.0000000000
39226  15.506  -41.750  80.074 0.0000000000
38294  15.726  -42.538  80.064 0.0000000000
35644  16.551  -45.843  79.280 0.0000000000
131152  17.950  -47.451  80.927 0.0000000000
148472  17.968  -48.684  80.291 0.0000000000
31618  17.918  -49.223  80.123 0.0000000000
32673  17.908  -48.616  80.645 0.0000000000
38288  16.767  -42.553  83.301 0.0000000000
36548  17.151  -44.096  82.786 0.0000000000
36552  17.128  -44.743  82.787 0.0000000000
147760  16.206  -46.907  82.928 0.0000000000
34651  16.884  -46.347  82.736 0.0000000000
32653  16.635  -48.002  81.894 0.0000000000
137824  15.644  -48.398  82.237 0.0000000000
31602  15.126  -49.121  82.054 0.0000000000
33701  14.332  -47.858  84.641 0.0000000000
32649  14.078  -48.638  84.457 0.0000000000
42223  11.860  -38.647  82.198 0.0000000000
126474  12.939  -39.153  81.217 0.0000000000
42232  11.685  -38.609  81.388 0.0000000000
42243  10.742  -38.314  80.186 0.0000000000
42257  10.603  -38.218  79.265 0.0000000000
131071  7.029  -38.986  80.618 0.0000000000
41235  6.990  -38.820  79.682 0.0000000000
41256  8.087  -38.831  78.568 0.0000000000
42269  9.334  -38.463  78.105 0.0000000000
42291  10.821  -38.608  76.775 0.0000000000
42281  8.872  -38.664  77.212 0.0000000000
126570  8.167  -38.606  76.236 0.0000000000
42293  8.820  -38.810  76.178 0.0000000000
41278  9.048  -38.967  75.434 0.0000000000
41289  9.547  -39.150  74.846 0.0000000000
42302  8.939  -38.914  75.023 0.0000000000
46298  15.170  -34.136  86.848 0.0000000000
47426  15.112  -33.306  87.386 0.0000000000
47425  15.808  -32.841  87.039 0.0000000000
43313  19.052  -36.452  77.207 0.0000000000
44325  18.615  -35.621  78.570 0.0000000000
44299  21.029  -35.823  81.472 0.0000000000
43296  21.133  -36.770  79.939 0.0000000000
45299  18.269  -35.011  80.183 0.0000000000
133012  16.740  -34.224  83.973 0.0000000000
46328  16.210  -34.483  83.581 0.0000000000
45272  15.943  -34.867  82.948 0.0000000000
45273  15.330  -35.244  83.534 0.0000000000
46329  15.536  -34.730  84.151 0.0000000000
46297  16.022  -33.400  86.403 0.0000000000
46315  15.319  -34.573  84.935 0.0000000000
46305  15.222  -34.356  85.908 0.0000000000
29703  2.738  -51.907  80.633 0.0000000000
30590  2.905  -50.683  81.123 0.0000000000
31616  5.311  -49.433  82.008 0.0000000000
126130  4.811  -49.754  81.312 0.0000000000
32672  5.877  -48.728  81.619 0.0000000000
32678  5.835  -48.694  80.560 0.0000000000
31608  8.185  -49.331  83.764 0.0000000000
32659  8.524  -48.761  82.973 0.0000000000
32668  9.960  -48.431  81.896 0.0000000000
133860  9.027  -48.425  81.860 0.0000000000
33713  9.661  -47.870  81.097 0.0000000000
33718  10.272  -47.440  80.433 0.0000000000
124465  13.808  -44.686  82.044 0.0000000000
36556  13.678  -44.631  81.217 0.0000000000
140120  13.667  -43.922  80.846 0.0000000000
33692  12.932  -47.003  86.626 0.0000000000
33695  12.903  -47.271  86.496 0.0000000000
34646  12.790  -46.593  86.602 0.0000000000
132145  12.389  -45.124  85.866 0.0000000000
35627  12.418  -45.973  85.725 0.0000000000
35626  12.825  -45.947  84.696 0.0000000000
40186  11.170  -40.290  87.248 0.0000000000
39210  11.673  -41.715  87.044 0.0000000000
40190  11.645  -40.862  86.722 0.0000000000
39213  12.246  -41.494  85.692 0.0000000000
144676  12.928  -42.411  84.797 0.0000000000
37414  13.693  -43.569  83.570 0.0000000000
144653  13.493  -41.925  83.899 0.0000000000
40196  13.206  -40.040  83.866 0.0000000000
41206  13.073  -39.403  83.505 0.0000000000
40198  13.629  -40.495  82.714 0.0000000000
41217  13.127  -39.222  82.793 0.0000000000
42222  12.631  -38.813  82.505 0.0000000000
146162  12.043  -38.563  83.493 0.0000000000
123201  9.134  -38.121  83.892 0.0000000000
42215  9.783  -38.222  83.353 0.0000000000
123202  8.936  -38.688  83.183 0.0000000000
43307  15.075  -36.843  78.187 0.0000000000
30621  14.467  -50.678  77.440 0.0000000000
30630  15.216  -51.002  76.806 0.0000000000
30595  12.960  -50.863  79.838 0.0000000000
124931  13.555  -50.663  79.117 0.0000000000
29702  3.230  -51.912  81.185 0.0000000000
28744  3.029  -52.501  80.576 0.0000000000
135734  4.563  -49.314  77.740 0.0000000000
32691  3.694  -49.205  77.575 0.0000000000
140402  3.116  -48.905  77.105 0.0000000000
33732  8.247  -47.343  78.597 0.0000000000
33734  6.915  -47.910  77.876 0.0000000000
33738  7.635  -47.529  77.418 0.0000000000
32711  5.684  -48.040  75.877 0.0000000000
32698  6.075  -48.248  76.776 0.0000000000
32713  3.789  -48.658  75.647 0.0000000000
32728  3.903  -48.592  74.736 0.0000000000
33773  4.988  -48.183  73.489 0.0000000000
33774  3.987  -48.288  73.392 0.0000000000
33788  3.711  -47.528  72.876 0.0000000000
34712  3.140  -46.569  72.718 0.0000000000
34711  3.824  -46.949  72.283 0.0000000000
40205  12.864  -39.916  79.850 0.0000000000
39228  13.066  -40.705  79.824 0.0000000000
39230  12.871  -41.255  79.081 0.0000000000
37429  12.458  -43.131  76.943 0.0000000000
37426  12.754  -43.022  77.827 0.0000000000
36572  12.264  -44.077  76.979 0.0000000000
35654  11.437  -45.221  76.638 0.0000000000
38310  12.099  -42.564  75.170 0.0000000000
36575  11.676  -44.151  75.094 0.0000000000
35661  9.587  -45.952  73.648 0.0000000000
34689  10.132  -45.879  74.501 0.0000000000
34690  9.364  -46.552  74.320 0.0000000000
132753  9.711  -46.580  75.030 0.0000000000
145906  8.364  -46.893  73.786 0.0000000000
34691  7.787  -47.109  74.033 0.0000000000
34700  7.338  -47.362  73.200 0.0000000000
33799  5.493  -47.861  71.387 0.0000000000
33785  6.017  -47.959  72.150 0.0000000000
33800  4.715  -47.528  71.441 0.0000000000
34724  4.123  -46.857  71.673 0.0000000000
35694  3.305  -44.948  71.253 0.0000000000
35693  4.141  -45.566  70.479 0.0000000000
35700  4.788  -45.716  69.548 0.0000000000
36623  4.236  -44.314  69.127 0.0000000000
33819  8.378  -47.398  69.178 0.0000000000
33833  7.770  -47.393  68.598 0.0000000000
35712  6.156  -45.482  67.396 0.0000000000
34781  6.656  -46.201  67.797 0.0000000000
35713  5.469  -44.912  67.840 0.0000000000
36638  5.192  -44.001  67.467 0.0000000000
45325  4.238  -35.225  76.162 0.0000000000
44339  5.183  -36.263  77.089 0.0000000000
44350  5.726  -36.251  76.666 0.0000000000
44349  6.392  -36.654  76.461 0.0000000000
44359  6.738  -36.304  75.779 0.0000000000
44370  7.609  -36.587  74.651 0.0000000000
43340  8.312  -37.945  74.476 0.0000000000
43354  8.602  -37.666  73.755 0.0000000000
45374  9.000  -35.213  71.898 0.0000000000
46412  7.700  -34.236  72.564 0.0000000000
45365  8.016  -34.982  73.000 0.0000000000
45355  7.561  -35.351  73.645 0.0000000000
43377  9.653  -37.552  71.627 0.0000000000
43366  9.365  -37.882  72.501 0.0000000000
42340  9.559  -38.596  72.854 0.0000000000
134770  10.342  -39.292  71.859 0.0000000000
40273  10.708  -39.830  71.083 0.0000000000
134449  11.484  -41.085  68.623 0.0000000000
39282  11.431  -41.287  69.674 0.0000000000
39288  11.625  -41.949  68.891 0.0000000000
37467  11.867  -43.340  68.216 0.0000000000
37474  11.866  -44.126  67.658 0.0000000000
40298  11.667  -40.332  67.298 0.0000000000
41187  15.526  -39.253  85.481 0.0000000000
41179  15.181  -39.078  85.894 0.0000000000
45247  13.954  -35.355  87.997 0.0000000000
42211  15.198  -38.297  83.987 0.0000000000
43266  15.065  -38.008  84.727 0.0000000000
42201  15.854  -39.196  84.897 0.0000000000
41195  16.122  -39.690  84.617 0.0000000000
41186  15.907  -39.520  85.101 0.0000000000
38325  0.899  -42.504  70.910 0.0000000000
37453  2.138  -42.814  70.776 0.0000000000
125366  9.855  -50.888  84.794 0.0000000000
31595  11.286  -50.214  84.879 0.0000000000
32651  12.306  -49.036  85.229 0.0000000000
30570  13.019  -50.788  82.880 0.0000000000
29685  11.975  -51.669  82.851 0.0000000000
29679  10.674  -52.280  83.407 0.0000000000
35641  13.239  -45.046  79.732 0.0000000000
35642  12.633  -45.495  79.281 0.0000000000
36563  12.896  -44.716  78.984 0.0000000000
140110  13.063  -43.908  78.785 0.0000000000
38316  11.866  -42.081  72.758 0.0000000000
125754  11.793  -42.893  72.343 0.0000000000
38318  11.774  -42.211  71.893 0.0000000000
137034  11.802  -42.184  71.140 0.0000000000
34648  14.480  -46.661  85.015 0.0000000000
36541  13.859  -44.420  85.944 0.0000000000
41176  13.241  -39.154  87.434 0.0000000000
43235  12.352  -37.733  88.453 0.0000000000
43228  11.884  -37.098  88.802 0.0000000000
43229  11.052  -37.428  89.154 0.0000000000
44253  11.034  -36.127  89.102 0.0000000000
43280  14.881  -37.016  80.946 0.0000000000
141998  15.852  -40.204  82.414 0.0000000000
35635  17.720  -46.099  81.342 0.0000000000
148080  17.764  -46.177  81.640 0.0000000000
38283  16.283  -42.746  83.704 0.0000000000
36549  16.723  -44.232  83.161 0.0000000000
36543  16.042  -43.680  83.594 0.0000000000
34652  16.000  -46.352  83.309 0.0000000000
33700  15.285  -47.202  83.731 0.0000000000
34647  15.251  -46.496  84.149 0.0000000000
35624  15.043  -45.971  84.535 0.0000000000
124179  10.009  -38.530  81.769 0.0000000000
41225  9.376  -38.716  81.206 0.0000000000
41232  9.228  -38.727  80.466 0.0000000000
42259  6.483  -38.530  79.325 0.0000000000
41245  6.998  -38.751  78.991 0.0000000000
42270  7.374  -38.749  78.315 0.0000000000
41267  8.032  -38.721  77.737 0.0000000000
42283  7.454  -38.610  77.401 0.0000000000
42294  7.629  -38.466  76.660 0.0000000000
44324  19.581  -36.647  77.730 0.0000000000
44308  20.099  -35.552  81.346 0.0000000000
45300  17.296  -34.747  80.470 0.0000000000
46352  17.863  -34.488  81.876 0.0000000000
46341  17.601  -34.368  82.693 0.0000000000
29693  3.739  -51.566  81.891 0.0000000000
30581  3.209  -51.145  81.632 0.0000000000
30580  3.897  -50.873  82.141 0.0000000000
31610  5.149  -49.750  82.943 0.0000000000
31615  5.779  -49.019  82.694 0.0000000000
31605  10.939  -48.902  83.119 0.0000000000
32658  10.169  -48.859  82.886 0.0000000000
32666  11.622  -48.451  82.355 0.0000000000
33711  11.563  -48.038  81.435 0.0000000000
33716  12.172  -47.421  80.898 0.0000000000
34660  13.021  -47.222  81.318 0.0000000000
35634  13.677  -45.628  81.797 0.0000000000
36539  12.800  -44.967  86.606 0.0000000000
35623  12.629  -45.759  86.502 0.0000000000
148401  12.496  -44.063  86.583 0.0000000000
37410  12.200  -43.648  86.536 0.0000000000
38281  11.917  -42.939  86.276 0.0000000000
41181  11.217  -39.252  86.667 0.0000000000
41189  11.730  -39.765  86.094 0.0000000000
41188  12.370  -39.793  85.242 0.0000000000
40193  12.798  -40.503  84.837 0.0000000000
42203  12.058  -38.554  84.139 0.0000000000
42213  11.430  -38.365  83.408 0.0000000000
142537  11.345  -38.163  84.146 0.0000000000
42205  10.013  -37.666  84.122 0.0000000000
132041  15.014  -38.514  78.298 0.0000000000
30605  17.370  -50.908  78.445 0.0000000000
30606  16.547  -50.986  78.662 0.0000000000
30607  15.433  -50.851  78.470 0.0000000000
125690  14.644  -50.714  78.089 0.0000000000
29699  7.335  -52.156  81.386 0.0000000000
29700  6.459  -52.343  81.122 0.0000000000
28740  4.649  -52.398  81.271 0.0000000000
28741  3.852  -52.159  81.414 0.0000000000
31627  4.842  -49.173  79.301 0.0000000000
31638  3.995  -49.556  79.143 0.0000000000
32686  5.574  -48.912  78.614 0.0000000000
32690  5.477  -48.840  77.574 0.0000000000
33737  8.268  -47.184  77.489 0.0000000000
33743  7.507  -47.545  76.494 0.0000000000
33752  5.768  -47.998  75.030 0.0000000000
32746  4.443  -48.414  74.144 0.0000000000
143732  5.923  -47.908  73.679 0.0000000000
147692  12.814  -41.644  78.443 0.0000000000
39232  12.642  -40.917  78.345 0.0000000000
37430  12.062  -43.672  76.276 0.0000000000
36582  10.960  -44.727  73.549 0.0000000000
36578  11.397  -44.193  74.210 0.0000000000
35666  10.284  -45.348  73.661 0.0000000000
34698  9.267  -46.165  73.073 0.0000000000
34710  7.839  -47.216  72.527 0.0000000000
33798  6.492  -47.871  71.339 0.0000000000
33811  5.710  -47.764  70.628 0.0000000000
34736  5.163  -47.180  70.278 0.0000000000
33822  5.835  -47.501  69.866 0.0000000000
34751  5.966  -47.223  69.073 0.0000000000
34766  9.186  -47.186  68.156 0.0000000000
33845  8.146  -47.125  67.900 0.0000000000
33831  8.956  -47.176  67.770 0.0000000000
35723  6.731  -45.213  66.705 0.0000000000
45345  5.027  -34.786  75.182 0.0000000000
45330  6.295  -35.471  75.393 0.0000000000
44381  7.897  -36.241  73.933 0.0000000000
44396  9.131  -36.147  72.101 0.0000000000
44395  9.515  -36.701  71.567 0.0000000000
42361  10.120  -38.111  71.076 0.0000000000
41331  10.679  -39.337  70.344 0.0000000000
41340  10.919  -39.563  69.523 0.0000000000
40184  14.495  -40.236  86.086 0.0000000000
42188  14.675  -38.724  86.375 0.0000000000
42180  14.004  -38.427  87.046 0.0000000000
42220  15.673  -39.301  83.274 0.0000000000
41214  16.089  -39.975  83.093 0.0000000000
39220  16.843  -41.928  82.991 0.0000000000
38291  16.952  -42.538  82.961 0.0000000000
39218  16.660  -41.852  83.344 0.0000000000
123349  16.378  -41.743  83.878 0.0000000000
39215  16.233  -40.817  84.374 0.0000000000
38284  15.733  -42.263  84.358 0.0000000000
41220  6.576  -39.056  82.500 0.0000000000
41228  6.764  -39.035  81.602 0.0000000000
132374  5.930  -38.798  81.926 0.0000000000
42246  5.541  -38.356  80.498 0.0000000000
42248  4.091  -37.981  80.974 0.0000000000
42247  4.732  -37.898  80.391 0.0000000000
132372  5.943  -38.392  79.803 0.0000000000
42260  5.960  -38.054  79.181 0.0000000000
43308  5.624  -37.510  78.627 0.0000000000
129774  6.682  -51.044  83.845 0.0000000000
30569  6.767  -50.133  84.226 0.0000000000
135959  7.642  -50.338  84.382 0.0000000000
31601  8.296  -50.037  84.398 0.0000000000
126887  9.779  -50.178  84.607 0.0000000000
31606  10.293  -49.570  83.933 0.0000000000
33707  13.036  -47.225  82.814 0.0000000000
40181  11.478  -40.615  87.763 0.0000000000
133379  11.554  -40.983  87.368 0.0000000000
40182  10.912  -40.263  87.882 0.0000000000
42175  9.773  -37.947  88.483 0.0000000000
147090  10.563  -38.473  87.330 0.0000000000
43253  10.335  -37.700  87.010 0.0000000000
43262  9.567  -37.182  85.563 0.0000000000
43255  8.799  -37.081  86.077 0.0000000000
31621  15.034  -50.112  80.677 0.0000000000
30583  14.431  -50.593  80.088 0.0000000000
30584  13.492  -50.845  80.443 0.0000000000
143423  11.836  -51.228  80.238 0.0000000000
30598  9.452  -50.824  79.762 0.0000000000
29688  9.200  -52.359  82.646 0.0000000000
29690  7.429  -52.265  82.408 0.0000000000
33720  8.704  -47.683  80.218 0.0000000000
33726  8.487  -47.442  79.395 0.0000000000
33731  8.988  -47.027  78.756 0.0000000000
33736  8.619  -47.012  78.006 0.0000000000
34672  10.692  -46.385  78.766 0.0000000000
34676  9.445  -46.666  77.950 0.0000000000
34677  8.796  -46.890  77.260 0.0000000000
34680  9.522  -46.639  76.883 0.0000000000
34685  8.801  -46.890  76.406 0.0000000000
40227  12.287  -40.213  76.277 0.0000000000
39247  12.229  -40.817  75.482 0.0000000000
38312  11.949  -42.325  74.364 0.0000000000
128289  11.680  -43.442  73.840 0.0000000000
35673  10.029  -45.857  71.941 0.0000000000
34721  9.394  -46.384  71.583 0.0000000000
128651  8.675  -47.074  70.590 0.0000000000
35681  9.856  -45.925  71.044 0.0000000000
35692  9.879  -46.296  70.214 0.0000000000
34749  9.744  -46.452  69.326 0.0000000000
36612  11.047  -44.721  70.799 0.0000000000
35699  10.399  -45.842  69.631 0.0000000000
34748  10.279  -46.038  68.842 0.0000000000
34764  10.316  -46.324  68.082 0.0000000000
35711  10.873  -45.944  67.583 0.0000000000
137149  10.670  -35.991  69.415 0.0000000000
44406  10.659  -36.714  69.548 0.0000000000
42378  10.877  -38.146  69.149 0.0000000000
43409  11.177  -37.775  68.305 0.0000000000
143475  11.729  -37.766  66.619 0.0000000000
36589  1.307  -43.682  73.087 0.0000000000
31593  12.794  -49.324  85.340 0.0000000000
32646  13.037  -48.580  85.809 0.0000000000
33694  12.993  -47.346  86.520 0.0000000000
34643  13.004  -46.715  86.702 0.0000000000
35621  13.498  -46.253  86.241 0.0000000000
35622  13.034  -46.056  86.726 0.0000000000
35620  12.852  -45.710  86.716 0.0000000000
39209  13.137  -41.722  86.963 0.0000000000
40180  13.084  -40.220  87.329 0.0000000000
39205  12.592  -41.385  87.394 0.0000000000
39206  12.028  -41.336  87.577 0.0000000000
40178  11.193  -40.111  88.324 0.0000000000
42173  10.837  -38.965  88.829 0.0000000000
42170  10.328  -38.278  89.100 0.0000000000
44260  10.649  -36.963  89.485 0.0000000000
45315  16.097  -35.474  78.747 0.0000000000
43297  15.093  -36.849  79.106 0.0000000000
134123  15.082  -37.792  79.626 0.0000000000
131288  15.099  -38.611  79.215 0.0000000000
40202  15.129  -40.356  79.286 0.0000000000
42230  14.928  -39.086  81.132 0.0000000000
41230  15.148  -39.733  80.596 0.0000000000
141672  15.212  -40.234  80.127 0.0000000000
128645  15.236  -41.284  79.282 0.0000000000
38296  16.048  -43.302  80.041 0.0000000000
129002  18.053  -49.204  79.339 0.0000000000
31625  17.611  -50.057  79.585 0.0000000000
31620  16.115  -49.806  80.346 0.0000000000
37416  17.296  -44.069  82.372 0.0000000000
127583  17.502  -44.912  82.314 0.0000000000
34655  17.782  -46.560  81.622 0.0000000000
35632  17.281  -45.570  82.608 0.0000000000
34656  17.603  -46.420  82.167 0.0000000000
33704  17.769  -47.114  81.638 0.0000000000
32663  17.435  -48.559  81.233 0.0000000000
31611  16.864  -49.332  80.953 0.0000000000
31612  15.628  -49.469  81.160 0.0000000000
31613  14.627  -49.880  81.657 0.0000000000
31603  14.262  -49.633  82.811 0.0000000000
31604  13.497  -50.165  83.589 0.0000000000
31597  13.050  -49.841  84.793 0.0000000000
41223  13.354  -39.730  81.440 0.0000000000
39227  13.371  -41.022  80.612 0.0000000000
147235  13.113  -39.549  80.903 0.0000000000
41231  12.732  -39.346  80.407 0.0000000000
42255  12.091  -38.773  80.001 0.0000000000
42233  10.829  -38.471  81.103 0.0000000000
41241  12.449  -39.358  79.480 0.0000000000
42267  11.958  -38.736  79.133 0.0000000000
145286  11.902  -38.751  78.571 0.0000000000
41254  11.801  -38.780  78.019 0.0000000000
138029  7.877  -39.080  80.654 0.0000000000
41233  8.459  -38.978  80.198 0.0000000000
41243  8.278  -38.894  79.373 0.0000000000
41242  9.046  -38.731  79.616 0.0000000000
42268  10.366  -38.238  78.321 0.0000000000
42279  11.056  -38.401  77.685 0.0000000000
41265  11.674  -38.807  77.154 0.0000000000
41276  10.595  -38.936  75.889 0.0000000000
41288  10.450  -39.298  75.100 0.0000000000
41302  9.721  -39.205  73.990 0.0000000000
44277  14.498  -36.172  86.294 0.0000000000
134313  14.443  -35.646  87.059 0.0000000000
45251  14.601  -34.874  87.300 0.0000000000
44326  16.925  -35.528  78.347 0.0000000000
141813  21.110  -37.168  79.293 0.0000000000
44323  19.533  -36.139  78.592 0.0000000000
45298  19.172  -35.455  79.879 0.0000000000
45314  17.690  -35.361  78.769 0.0000000000
134684  16.845  -35.272  78.958 0.0000000000
129198  16.519  -34.728  80.808 0.0000000000
46327  17.272  -34.234  83.551 0.0000000000
130986  14.921  -35.471  84.491 0.0000000000
140997  14.645  -36.347  85.320 0.0000000000
30589  3.449  -50.531  81.473 0.0000000000
31623  4.106  -49.902  80.946 0.0000000000
31622  4.979  -49.283  80.344 0.0000000000
32676  7.395  -47.946  80.697 0.0000000000
133576  6.847  -49.386  83.664 0.0000000000
32661  6.547  -48.867  83.031 0.0000000000
143414  7.138  -48.551  82.389 0.0000000000
142160  9.387  -48.753  82.660 0.0000000000
32670  7.273  -48.205  81.503 0.0000000000
32675  7.992  -47.851  80.956 0.0000000000
33719  9.479  -47.536  80.333 0.0000000000
34664  11.764  -46.903  80.035 0.0000000000
34663  12.631  -46.684  80.419 0.0000000000
35638  13.006  -45.890  80.041 0.0000000000
37419  13.669  -43.213  80.964 0.0000000000
141081  13.817  -42.021  81.626 0.0000000000
32647  12.784  -48.646  85.685 0.0000000000
145323  12.496  -46.325  86.272 0.0000000000
34650  12.537  -46.863  86.030 0.0000000000
34654  12.513  -47.165  85.214 0.0000000000
34653  12.943  -46.417  84.256 0.0000000000
35630  13.373  -45.628  83.866 0.0000000000
38282  11.856  -42.269  86.600 0.0000000000
139401  12.441  -43.269  85.558 0.0000000000
37412  13.040  -43.892  84.668 0.0000000000
36551  13.508  -44.632  83.916 0.0000000000
36553  13.821  -44.153  82.778 0.0000000000
40192  13.337  -40.931  84.003 0.0000000000
134067  13.853  -41.878  83.031 0.0000000000
38292  13.918  -42.327  82.425 0.0000000000
39221  13.809  -41.368  82.334 0.0000000000
40201  13.615  -40.484  81.904 0.0000000000
41224  13.161  -39.104  81.988 0.0000000000
42224  10.500  -38.413  82.774 0.0000000000
42226  8.778  -38.954  82.543 0.0000000000
41208  7.223  -39.097  83.109 0.0000000000
42197  8.601  -37.493  85.172 0.0000000000
42206  8.459  -38.077  84.410 0.0000000000
42207  6.947  -38.819  84.820 0.0000000000
42217  7.696  -38.662  84.221 0.0000000000
144654  7.690  -38.978  83.593 0.0000000000
41221  5.744  -38.997  82.769 0.0000000000
46295  14.341  -34.789  87.704 0.0000000000
43314  15.113  -36.932  77.291 0.0000000000
42278  14.929  -37.621  77.777 0.0000000000
30622  13.792  -50.421  78.290 0.0000000000
31643  13.584  -50.134  77.319 0.0000000000
31652  2.734  -49.398  78.473 0.0000000000
138871  6.267  -48.462  78.196 0.0000000000
33739  6.868  -47.895  77.019 0.0000000000
32699  5.147  -48.428  76.614 0.0000000000
32700  4.089  -48.764  76.625 0.0000000000
126851  3.182  -48.773  76.471 0.0000000000
32714  2.652  -48.449  76.092 0.0000000000
32747  3.455  -48.456  74.152 0.0000000000
35684  2.139  -44.459  72.825 0.0000000000
39229  13.255  -41.778  79.877 0.0000000000
38297  13.299  -42.763  79.536 0.0000000000
36566  12.574  -44.380  78.229 0.0000000000
38301  12.834  -42.290  78.158 0.0000000000
36568  12.536  -43.772  77.642 0.0000000000
34679  10.236  -46.264  76.450 0.0000000000
34684  9.499  -46.657  75.853 0.0000000000
39240  12.409  -41.257  76.334 0.0000000000
38307  12.162  -42.801  76.042 0.0000000000
148598  11.774  -44.112  75.805 0.0000000000
36576  11.283  -44.767  74.884 0.0000000000
35658  11.374  -44.827  75.728 0.0000000000
34683  10.241  -46.115  75.506 0.0000000000
125829  9.141  -47.069  75.002 0.0000000000
33759  8.245  -47.345  75.023 0.0000000000
138440  6.829  -47.528  73.888 0.0000000000
33772  5.532  -48.053  72.846 0.0000000000
33787  4.376  -47.530  72.157 0.0000000000
35683  3.058  -45.242  72.023 0.0000000000
131687  2.724  -44.395  71.994 0.0000000000
36599  2.748  -43.976  71.411 0.0000000000
37443  2.804  -43.544  70.699 0.0000000000
33808  8.207  -47.447  70.041 0.0000000000
34768  6.281  -46.703  68.412 0.0000000000
34767  7.235  -46.891  68.173 0.0000000000
129402  5.012  -45.221  68.700 0.0000000000
36631  4.748  -44.203  68.292 0.0000000000
44330  3.522  -36.305  78.574 0.0000000000
44329  4.373  -36.543  78.403 0.0000000000
126161  5.378  -36.797  77.582 0.0000000000
44351  4.219  -35.728  76.971 0.0000000000
43323  6.656  -37.581  76.735 0.0000000000
43322  7.314  -38.035  76.377 0.0000000000
44358  7.391  -36.904  75.383 0.0000000000
43330  7.624  -37.772  75.644 0.0000000000
42317  8.090  -38.180  75.195 0.0000000000
42316  8.602  -38.522  74.780 0.0000000000
42329  9.366  -38.728  73.662 0.0000000000
44380  8.424  -36.832  73.490 0.0000000000
133945  8.699  -36.508  72.748 0.0000000000
43353  9.089  -38.112  73.311 0.0000000000
41318  10.465  -39.620  72.609 0.0000000000
40264  10.800  -39.947  71.837 0.0000000000
148271  10.948  -40.295  71.404 0.0000000000
39276  11.568  -41.574  70.567 0.0000000000
145238  11.624  -41.915  70.062 0.0000000000
37459  11.845  -43.084  69.711 0.0000000000
126225  11.798  -43.618  69.065 0.0000000000
35704  11.426  -45.188  67.909 0.0000000000
35719  10.728  -46.136  66.745 0.0000000000
41357  11.368  -40.178  68.177 0.0000000000
129685  12.010  -43.365  67.310 0.0000000000
124783  11.952  -44.189  66.854 0.0000000000
136550  10.493  -46.157  66.127 0.0000000000
28748  2.646  -52.708  79.938 0.0000000000
29678  11.405  -52.067  83.180 0.0000000000
30573  6.034  -50.404  83.833 0.0000000000
30585  12.293  -51.194  80.266 0.0000000000
31619  17.260  -49.684  80.249 0.0000000000
31631  18.076  -49.794  78.752 0.0000000000
31651  3.867  -49.531  78.345 0.0000000000
32662  17.952  -47.828  81.118 0.0000000000
32680  7.160  -47.961  79.921 0.0000000000
33693  13.310  -47.399  86.266 0.0000000000
33696  14.618  -47.166  84.604 0.0000000000
33702  12.744  -47.154  83.989 0.0000000000
33705  17.493  -47.717  81.603 0.0000000000
33715  17.945  -48.192  80.543 0.0000000000
33733  7.568  -47.608  78.314 0.0000000000
33820  7.536  -47.620  69.376 0.0000000000
33832  8.555  -47.314  68.352 0.0000000000
34658  17.825  -46.758  81.283 0.0000000000
34661  17.894  -46.969  80.935 0.0000000000
34668  11.314  -46.431  79.286 0.0000000000
34723  8.308  -47.086  71.860 0.0000000000
34725  3.485  -46.191  72.099 0.0000000000
34734  9.260  -46.582  70.768 0.0000000000
34737  4.456  -46.806  70.812 0.0000000000
34752  5.300  -46.778  69.578 0.0000000000
34777  10.213  -46.429  67.362 0.0000000000
34792  8.088  -46.165  66.712 0.0000000000
34807  9.842  -46.158  65.933 0.0000000000
35625  14.331  -45.895  85.406 0.0000000000
35628  16.580  -45.762  83.053 0.0000000000
35647  11.698  -45.601  78.252 0.0000000000
35667  9.944  -45.657  72.879 0.0000000000
35705  10.869  -45.699  68.397 0.0000000000
35710  11.351  -45.572  66.974 0.0000000000
36546  12.833  -45.327  84.805 0.0000000000
36562  13.299  -44.197  79.505 0.0000000000
36587  11.408  -43.999  72.452 0.0000000000
36598  10.985  -44.673  71.600 0.0000000000
36600  2.075  -43.664  72.329 0.0000000000
36611  11.524  -43.990  70.956 0.0000000000
36629  11.709  -44.354  68.413 0.0000000000
36642  11.748  -45.062  66.404 0.0000000000
37404  13.214  -44.091  86.568 0.0000000000
37408  14.736  -43.736  85.219 0.0000000000
37417  13.829  -43.814  81.711 0.0000000000
37440  0.770  -43.422  72.471 0.0000000000
37444  1.966  -43.145  71.630 0.0000000000
37446  0.608  -43.109  71.650 0.0000000000
38300  13.085  -43.029  78.661 0.0000000000
38303  12.615  -42.305  77.368 0.0000000000
38306  12.425  -42.170  76.565 0.0000000000
38320  0.694  -42.771  71.203 0.0000000000
38326  0.600  -42.605  70.405 0.0000000000
38331  11.700  -42.268  69.618 0.0000000000
38339  11.795  -42.489  68.374 0.0000000000
38347  11.920  -42.566  67.710 0.0000000000
39219  13.682  -41.174  83.233 0.0000000000
39270  11.605  -41.455  71.433 0.0000000000
40179  10.952  -40.146  88.196 0.0000000000
40203  13.444  -40.496  81.185 0.0000000000
40217  12.471  -40.079  78.064 0.0000000000
40249  11.657  -40.644  73.575 0.0000000000
40272  11.288  -40.954  70.325 0.0000000000
40279  11.226  -40.325  69.163 0.0000000000
40289  11.656  -41.041  67.736 0.0000000000
41205  13.408  -39.831  83.103 0.0000000000
41275  11.509  -38.983  76.308 0.0000000000
41313  9.846  -39.179  73.184 0.0000000000
42168  11.495  -37.837  88.831 0.0000000000
42242  11.530  -38.516  80.515 0.0000000000
42258  9.666  -38.338  78.989 0.0000000000
42303  8.497  -38.668  75.541 0.0000000000
42351  9.849  -38.519  71.934 0.0000000000
42377  11.096  -38.502  68.460 0.0000000000
42398  11.810  -38.297  66.373 0.0000000000
43298  5.353  -37.528  79.313 0.0000000000
43317  5.173  -36.925  78.188 0.0000000000
43410  10.993  -37.226  68.983 0.0000000000
44259  11.400  -36.611  88.980 0.0000000000
44275  14.028  -36.410  87.524 0.0000000000
44401  10.311  -37.017  70.235 0.0000000000
45331  5.574  -35.197  75.492 0.0000000000
45387  10.494  -35.355  69.756 0.0000000000
46281  10.243  -34.768  89.353 0.0000000000
46294  14.901  -34.056  87.426 0.0000000000
46411  8.361  -34.708  72.288 0.0000000000
48572  14.859  -33.047  87.513 0.0000000000
123722  8.888  -46.613  73.568 0.0000000000
124364  11.824  -42.842  73.926 0.0000000000
124902  12.796  -43.617  78.229 0.0000000000
125034  6.910  -45.843  67.268 0.0000000000
128354  12.471  -40.889  77.032 0.0000000000
128763  12.507  -51.322  82.358 0.0000000000
130751  11.568  -40.801  72.719 0.0000000000
131365  13.533  -41.873  80.830 0.0000000000
132256  11.995  -38.601  82.951 0.0000000000
132343  15.240  -42.028  85.043 0.0000000000
134060  9.697  -46.632  68.505 0.0000000000
134202  4.202  -50.314  81.620 0.0000000000
138443  10.573  -38.160  69.862 0.0000000000
140219  11.719  -43.745  69.733 0.0000000000
141652  10.785  -45.524  69.095 0.0000000000
145490  9.757  -37.051  71.229 0.0000000000
145575  11.277  -44.365  71.272 0.0000000000
147367  15.614  -41.392  80.735 0.0000000000
147659  11.681  -43.464  72.677 0.0000000000
148096  11.703  -44.628  67.823 0.0000000000
148215  12.294  -44.413  77.582 0.0000000000
