#!ascii label  , from subject sub-v1s9x0051330_ses-1 vox2ras=TkReg
513
28802  31.101  -52.370  69.743 0.0000000000
51983  44.593  -28.943  56.307 0.0000000000
145817  51.273  -28.445  57.564 0.0000000000
45421  42.247  -35.553  64.258 0.0000000000
33859  32.490  -46.989  66.076 0.0000000000
29782  34.024  -51.854  67.696 0.0000000000
52974  47.219  -27.742  58.041 0.0000000000
50976  46.769  -30.763  61.713 0.0000000000
42453  39.131  -38.306  63.271 0.0000000000
36659  35.641  -44.926  64.462 0.0000000000
129785  55.603  -19.416  52.123 0.0000000000
57411  52.174  -24.414  56.347 0.0000000000
46550  39.310  -34.189  59.722 0.0000000000
49978  42.776  -31.730  61.232 0.0000000000
131547  31.940  -50.721  67.355 0.0000000000
28813  33.017  -52.776  68.352 0.0000000000
52976  45.799  -28.096  57.242 0.0000000000
51951  47.261  -29.727  59.502 0.0000000000
51005  45.329  -30.162  59.179 0.0000000000
39331  40.275  -41.418  62.989 0.0000000000
32793  35.325  -47.949  67.539 0.0000000000
35730  34.000  -45.735  65.872 0.0000000000
34797  37.464  -46.538  65.752 0.0000000000
62357  53.419  -18.842  53.233 0.0000000000
138751  55.084  -21.633  54.053 0.0000000000
60402  53.592  -21.284  54.985 0.0000000000
55247  49.815  -26.507  56.445 0.0000000000
56381  50.829  -25.473  54.926 0.0000000000
55218  52.143  -26.271  57.357 0.0000000000
55245  53.374  -26.561  56.436 0.0000000000
140476  52.135  -29.347  56.076 0.0000000000
43463  40.913  -37.381  64.500 0.0000000000
44487  39.025  -36.630  61.389 0.0000000000
46495  40.832  -34.855  62.799 0.0000000000
48850  40.856  -32.864  60.603 0.0000000000
47656  42.171  -33.935  64.003 0.0000000000
49957  44.480  -32.078  64.249 0.0000000000
46461  43.594  -34.305  64.812 0.0000000000
31755  33.504  -49.007  67.539 0.0000000000
54102  48.088  -26.955  56.290 0.0000000000
54054  49.764  -27.828  58.443 0.0000000000
51949  48.843  -29.438  59.874 0.0000000000
50984  48.549  -30.741  60.697 0.0000000000
39324  37.029  -41.075  63.914 0.0000000000
40320  38.938  -40.413  64.594 0.0000000000
41385  40.745  -39.492  64.621 0.0000000000
42451  41.620  -38.390  63.590 0.0000000000
44484  42.452  -36.217  62.102 0.0000000000
37503  35.623  -42.896  63.092 0.0000000000
36670  38.467  -44.413  64.031 0.0000000000
60441  56.422  -21.216  50.841 0.0000000000
58523  52.866  -22.095  54.578 0.0000000000
57409  53.823  -23.985  56.086 0.0000000000
55271  53.242  -26.737  53.749 0.0000000000
50999  43.939  -30.895  59.091 0.0000000000
50978  45.332  -30.784  61.463 0.0000000000
49955  46.276  -31.887  63.827 0.0000000000
27748  31.618  -53.890  68.854 0.0000000000
27735  31.974  -52.938  69.136 0.0000000000
27747  32.354  -53.680  68.464 0.0000000000
52977  45.210  -28.438  56.782 0.0000000000
51964  45.777  -29.315  58.504 0.0000000000
51965  45.017  -29.659  58.190 0.0000000000
33847  36.565  -47.095  66.787 0.0000000000
62358  52.876  -19.233  53.088 0.0000000000
61342  53.592  -19.965  54.345 0.0000000000
60412  52.798  -20.453  53.742 0.0000000000
136261  50.822  -27.075  57.784 0.0000000000
55235  50.805  -26.256  57.101 0.0000000000
54071  51.566  -26.940  57.501 0.0000000000
134992  52.586  -27.492  57.053 0.0000000000
44462  41.412  -36.416  64.248 0.0000000000
44474  40.482  -36.103  63.233 0.0000000000
46479  41.345  -35.229  63.692 0.0000000000
46494  41.436  -34.402  63.354 0.0000000000
46478  42.130  -34.875  64.217 0.0000000000
46462  43.373  -34.269  64.819 0.0000000000
45420  42.732  -35.358  64.275 0.0000000000
131180  33.132  -49.968  67.566 0.0000000000
137946  34.083  -50.864  67.733 0.0000000000
30729  34.446  -49.941  67.679 0.0000000000
54089  46.560  -27.219  56.592 0.0000000000
125702  46.843  -27.264  55.383 0.0000000000
54088  47.326  -27.065  56.957 0.0000000000
55221  49.173  -27.060  57.470 0.0000000000
54056  48.120  -27.735  58.151 0.0000000000
52960  49.468  -28.315  58.775 0.0000000000
52961  48.591  -28.395  58.762 0.0000000000
50996  46.971  -30.241  60.126 0.0000000000
50995  48.467  -29.986  60.375 0.0000000000
50985  48.031  -30.466  60.988 0.0000000000
49972  48.020  -31.856  61.828 0.0000000000
49973  47.540  -31.504  62.134 0.0000000000
130159  37.638  -41.750  63.775 0.0000000000
39323  37.879  -41.093  64.249 0.0000000000
39322  39.246  -41.817  63.637 0.0000000000
40335  40.616  -40.647  63.632 0.0000000000
41400  41.413  -39.178  63.897 0.0000000000
35747  34.890  -45.316  64.984 0.0000000000
36673  34.503  -44.327  63.356 0.0000000000
36672  35.365  -44.381  63.728 0.0000000000
37502  36.709  -42.907  63.408 0.0000000000
134766  37.536  -44.704  64.419 0.0000000000
62372  54.843  -18.553  52.107 0.0000000000
61367  56.212  -20.251  51.500 0.0000000000
57434  54.476  -23.376  54.199 0.0000000000
56380  51.523  -24.804  55.525 0.0000000000
57437  51.035  -24.777  53.793 0.0000000000
57424  51.607  -24.387  54.674 0.0000000000
58534  51.741  -23.098  53.101 0.0000000000
57423  52.588  -23.550  55.678 0.0000000000
59487  53.626  -22.807  55.728 0.0000000000
58494  53.279  -23.913  56.325 0.0000000000
54113  53.041  -27.671  54.778 0.0000000000
54100  53.489  -26.889  55.347 0.0000000000
42455  37.547  -38.945  62.674 0.0000000000
42471  38.088  -38.306  62.013 0.0000000000
45472  39.456  -35.107  60.670 0.0000000000
45474  38.163  -36.035  59.859 0.0000000000
48840  41.960  -32.215  61.322 0.0000000000
126236  41.159  -32.513  59.911 0.0000000000
48855  41.894  -31.993  59.829 0.0000000000
50005  42.507  -31.588  58.415 0.0000000000
49996  43.320  -31.221  59.640 0.0000000000
49995  44.068  -30.809  60.021 0.0000000000
49977  43.728  -31.282  61.755 0.0000000000
48823  45.229  -32.859  64.871 0.0000000000
49956  45.319  -32.261  64.548 0.0000000000
47653  45.525  -32.898  64.278 0.0000000000
47664  46.765  -32.936  62.895 0.0000000000
29784  32.254  -51.305  68.000 0.0000000000
28812  33.515  -52.351  68.022 0.0000000000
27756  33.687  -53.382  67.024 0.0000000000
27757  33.170  -53.839  67.378 0.0000000000
52975  46.463  -27.858  57.618 0.0000000000
52951  47.290  -28.534  58.541 0.0000000000
51963  46.706  -29.099  58.678 0.0000000000
51952  46.310  -29.813  59.343 0.0000000000
50997  46.047  -30.287  60.096 0.0000000000
131771  33.837  -47.223  67.093 0.0000000000
34801  33.673  -46.094  66.154 0.0000000000
34785  34.971  -46.426  67.054 0.0000000000
34799  35.423  -46.018  66.547 0.0000000000
35745  36.975  -45.559  65.427 0.0000000000
142557  37.614  -45.242  64.911 0.0000000000
34813  38.113  -46.420  65.034 0.0000000000
62356  54.789  -19.157  52.886 0.0000000000
60419  55.534  -21.154  53.120 0.0000000000
61341  54.266  -20.110  54.410 0.0000000000
133448  54.659  -21.726  54.890 0.0000000000
58515  54.397  -23.019  55.329 0.0000000000
55259  49.854  -26.371  55.445 0.0000000000
55246  50.583  -25.988  56.212 0.0000000000
56359  51.474  -25.612  56.757 0.0000000000
56358  52.247  -25.279  57.061 0.0000000000
56356  53.188  -25.126  56.794 0.0000000000
55233  53.074  -26.100  57.206 0.0000000000
133205  52.787  -27.753  56.611 0.0000000000
43476  39.508  -37.583  63.124 0.0000000000
44476  39.228  -37.078  62.147 0.0000000000
44475  39.899  -36.709  62.864 0.0000000000
45456  39.846  -35.397  61.537 0.0000000000
131344  39.951  -34.721  60.982 0.0000000000
47697  39.819  -33.857  60.158 0.0000000000
46514  40.888  -34.025  62.115 0.0000000000
47681  41.228  -33.279  61.947 0.0000000000
48831  42.666  -32.360  62.957 0.0000000000
48830  43.514  -32.091  63.563 0.0000000000
126544  43.106  -32.727  64.128 0.0000000000
48816  44.169  -33.575  65.130 0.0000000000
46492  44.416  -33.937  64.025 0.0000000000
30750  31.301  -50.269  66.671 0.0000000000
32806  32.178  -48.872  66.337 0.0000000000
33850  33.108  -47.494  66.701 0.0000000000
32794  34.638  -48.413  67.706 0.0000000000
31753  35.274  -48.885  67.510 0.0000000000
55248  48.948  -26.817  56.745 0.0000000000
55220  50.082  -27.107  57.758 0.0000000000
54072  50.257  -27.560  58.131 0.0000000000
51961  49.795  -28.937  58.933 0.0000000000
137995  49.691  -29.776  58.943 0.0000000000
49993  49.370  -30.322  59.268 0.0000000000
51950  48.121  -29.420  59.736 0.0000000000
50994  49.080  -30.053  60.119 0.0000000000
40330  35.807  -40.629  63.292 0.0000000000
40329  36.501  -40.568  63.699 0.0000000000
131157  37.299  -39.774  63.886 0.0000000000
41402  38.702  -39.579  64.369 0.0000000000
39313  39.819  -41.440  63.832 0.0000000000
40318  40.233  -40.140  64.699 0.0000000000
42420  39.561  -39.180  64.599 0.0000000000
43449  40.725  -38.074  64.617 0.0000000000
43447  41.533  -37.632  64.330 0.0000000000
43446  41.823  -36.946  64.159 0.0000000000
44461  42.368  -36.276  64.037 0.0000000000
43475  41.912  -37.674  63.149 0.0000000000
38379  35.926  -41.991  63.397 0.0000000000
129983  37.467  -42.466  63.525 0.0000000000
37500  38.996  -43.601  63.431 0.0000000000
36657  38.334  -45.129  64.609 0.0000000000
36669  39.054  -44.563  63.587 0.0000000000
131579  56.610  -20.853  50.057 0.0000000000
59528  52.492  -21.010  53.063 0.0000000000
148697  53.171  -21.464  54.773 0.0000000000
59486  54.091  -22.631  55.664 0.0000000000
57421  54.392  -23.793  55.073 0.0000000000
56369  53.656  -24.982  56.206 0.0000000000
56379  53.819  -25.344  55.413 0.0000000000
55270  53.397  -25.879  53.693 0.0000000000
43502  38.005  -37.268  60.733 0.0000000000
50024  43.038  -31.191  56.990 0.0000000000
51014  44.380  -30.170  57.719 0.0000000000
51006  44.503  -30.397  58.632 0.0000000000
50988  45.102  -30.626  60.287 0.0000000000
50977  46.063  -30.783  61.842 0.0000000000
49965  45.158  -31.600  63.682 0.0000000000
49964  45.842  -31.219  63.222 0.0000000000
49974  46.916  -31.323  62.563 0.0000000000
48829  46.984  -32.405  62.939 0.0000000000
45434  42.902  -35.645  63.887 0.0000000000
45454  43.224  -34.837  62.220 0.0000000000
27736  31.159  -53.231  69.595 0.0000000000
137498  44.847  -29.339  57.232 0.0000000000
61355  52.791  -19.802  53.223 0.0000000000
60420  52.584  -20.307  52.894 0.0000000000
52973  50.886  -27.726  57.930 0.0000000000
52971  51.899  -27.763  57.358 0.0000000000
44449  41.743  -36.391  64.235 0.0000000000
45435  41.702  -35.775  64.166 0.0000000000
46463  42.819  -34.793  64.551 0.0000000000
135306  33.466  -50.601  67.854 0.0000000000
142539  34.432  -51.458  67.364 0.0000000000
54076  46.861  -27.364  57.318 0.0000000000
54075  47.686  -27.304  57.574 0.0000000000
52962  47.815  -28.236  58.452 0.0000000000
50986  47.415  -30.474  61.009 0.0000000000
50975  47.490  -30.937  61.667 0.0000000000
38376  39.125  -42.551  63.395 0.0000000000
131590  38.516  -41.795  63.797 0.0000000000
36660  34.673  -44.830  64.137 0.0000000000
36671  36.403  -44.499  64.071 0.0000000000
62371  55.403  -18.628  51.448 0.0000000000
62370  55.990  -19.029  51.176 0.0000000000
61368  55.947  -20.698  52.328 0.0000000000
127965  52.084  -24.042  55.651 0.0000000000
134349  52.203  -23.619  54.907 0.0000000000
57410  52.635  -23.908  56.162 0.0000000000
53004  52.656  -28.444  55.103 0.0000000000
42454  38.447  -38.674  62.955 0.0000000000
46532  39.076  -34.818  60.008 0.0000000000
46551  38.702  -34.555  59.330 0.0000000000
48848  42.132  -31.937  60.624 0.0000000000
49988  42.690  -31.611  60.184 0.0000000000
49987  43.458  -31.208  60.628 0.0000000000
47654  44.936  -33.387  64.744 0.0000000000
47665  46.093  -33.126  63.348 0.0000000000
28814  32.421  -52.478  68.788 0.0000000000
29774  32.045  -51.795  68.660 0.0000000000
29773  32.843  -52.030  68.407 0.0000000000
144388  33.478  -53.126  67.810 0.0000000000
52985  45.511  -27.743  56.464 0.0000000000
54091  45.260  -27.571  55.849 0.0000000000
54077  46.133  -27.523  56.922 0.0000000000
52963  46.727  -28.255  58.186 0.0000000000
52964  46.122  -28.528  57.984 0.0000000000
33849  34.517  -47.047  67.360 0.0000000000
34786  34.149  -46.537  66.791 0.0000000000
33836  35.287  -47.085  67.476 0.0000000000
34798  36.737  -46.514  66.402 0.0000000000
34784  35.941  -46.533  67.058 0.0000000000
133133  36.111  -46.080  66.425 0.0000000000
35728  35.991  -45.747  66.029 0.0000000000
35727  36.742  -46.055  65.880 0.0000000000
35726  37.548  -46.014  65.490 0.0000000000
123786  52.897  -19.051  52.428 0.0000000000
137329  53.605  -18.547  52.494 0.0000000000
63342  54.114  -18.546  52.729 0.0000000000
138540  54.113  -18.939  53.415 0.0000000000
61340  54.612  -19.634  53.724 0.0000000000
62340  53.815  -19.349  53.957 0.0000000000
61333  53.935  -20.682  54.800 0.0000000000
60401  54.190  -21.453  55.163 0.0000000000
59499  54.339  -22.186  55.299 0.0000000000
56344  51.850  -25.882  57.258 0.0000000000
56370  51.812  -24.979  56.532 0.0000000000
55234  52.603  -25.696  57.274 0.0000000000
55217  52.720  -26.317  57.346 0.0000000000
52984  52.394  -28.265  56.706 0.0000000000
52994  52.629  -28.483  56.007 0.0000000000
44464  40.327  -37.344  63.925 0.0000000000
145521  40.396  -36.703  63.555 0.0000000000
129453  40.802  -35.471  63.254 0.0000000000
124201  39.986  -35.944  62.379 0.0000000000
45445  40.367  -35.394  62.469 0.0000000000
46515  40.357  -34.737  61.752 0.0000000000
47683  40.288  -34.096  60.949 0.0000000000
47668  41.577  -33.543  62.899 0.0000000000
48832  41.874  -32.728  62.260 0.0000000000
47667  42.305  -33.077  63.527 0.0000000000
47655  42.921  -33.489  64.573 0.0000000000
47646  43.548  -33.834  65.030 0.0000000000
47645  43.842  -34.018  65.153 0.0000000000
46460  44.255  -33.898  65.025 0.0000000000
46476  43.774  -34.432  64.281 0.0000000000
30732  31.130  -50.980  67.468 0.0000000000
31756  32.661  -49.342  67.005 0.0000000000
32805  32.906  -48.390  66.899 0.0000000000
32796  33.640  -48.014  67.302 0.0000000000
32795  34.049  -48.436  67.674 0.0000000000
54114  47.800  -27.204  55.280 0.0000000000
141027  48.572  -27.168  54.703 0.0000000000
54073  49.507  -27.434  58.021 0.0000000000
54053  50.138  -28.144  58.480 0.0000000000
51962  49.137  -28.891  59.333 0.0000000000
51948  49.360  -29.506  59.531 0.0000000000
148744  47.477  -29.206  59.048 0.0000000000
52950  47.987  -28.823  58.956 0.0000000000
128108  48.630  -31.675  60.377 0.0000000000
39325  36.226  -41.166  63.587 0.0000000000
40321  38.207  -40.472  64.505 0.0000000000
40328  37.306  -40.400  64.139 0.0000000000
41403  37.935  -39.887  64.344 0.0000000000
41388  38.592  -40.022  64.605 0.0000000000
39321  40.240  -41.247  63.577 0.0000000000
134509  40.667  -40.213  64.312 0.0000000000
41386  40.098  -39.520  64.820 0.0000000000
42419  40.401  -38.871  64.761 0.0000000000
42418  41.071  -38.657  64.647 0.0000000000
42434  41.491  -38.385  64.322 0.0000000000
43462  41.874  -37.743  63.934 0.0000000000
43474  42.157  -37.030  63.695 0.0000000000
35731  33.115  -45.792  65.494 0.0000000000
35748  33.448  -45.507  65.141 0.0000000000
37517  34.828  -42.936  62.608 0.0000000000
38389  34.420  -42.091  62.406 0.0000000000
38388  35.196  -42.049  62.846 0.0000000000
39333  35.525  -41.240  63.126 0.0000000000
132150  37.214  -43.986  63.793 0.0000000000
37501  37.938  -43.325  63.586 0.0000000000
61384  56.401  -19.915  50.660 0.0000000000
56382  50.092  -26.090  54.451 0.0000000000
56391  49.990  -25.879  53.401 0.0000000000
56390  50.605  -25.457  53.997 0.0000000000
58517  52.356  -22.989  54.142 0.0000000000
131518  51.690  -22.438  52.551 0.0000000000
59514  52.348  -22.098  53.358 0.0000000000
59529  51.838  -21.439  52.295 0.0000000000
59513  52.836  -21.280  54.081 0.0000000000
58507  53.664  -23.451  56.088 0.0000000000
58506  54.023  -23.249  55.863 0.0000000000
57408  54.245  -23.680  55.657 0.0000000000
55232  53.352  -25.671  56.697 0.0000000000
55244  53.625  -25.942  55.844 0.0000000000
55257  53.358  -27.046  54.428 0.0000000000
55256  53.591  -26.166  54.707 0.0000000000
56389  53.799  -25.208  54.568 0.0000000000
43488  38.508  -37.383  61.460 0.0000000000
47696  40.324  -33.437  60.472 0.0000000000
123658  41.406  -32.264  59.298 0.0000000000
50004  43.227  -31.257  58.747 0.0000000000
50013  43.130  -31.222  57.881 0.0000000000
51015  43.720  -30.674  57.329 0.0000000000
51007  43.810  -30.790  58.233 0.0000000000
49986  44.372  -30.892  61.065 0.0000000000
50987  45.989  -30.429  61.085 0.0000000000
49966  44.099  -31.543  63.014 0.0000000000
140861  45.910  -31.740  63.993 0.0000000000
130956  46.365  -31.503  63.362 0.0000000000
49963  46.689  -31.808  63.295 0.0000000000
44472  42.523  -36.340  63.305 0.0000000000
28801  31.729  -52.163  69.224 0.0000000000
135813  32.606  -53.051  68.632 0.0000000000
52986  44.827  -27.913  55.929 0.0000000000
51973  45.459  -28.856  57.664 0.0000000000
32804  35.898  -48.429  67.077 0.0000000000
33848  36.011  -47.438  67.281 0.0000000000
32803  36.533  -47.948  66.535 0.0000000000
62341  53.186  -19.435  53.753 0.0000000000
61343  53.066  -20.037  54.155 0.0000000000
61334  53.449  -20.542  54.575 0.0000000000
132754  50.621  -26.731  57.538 0.0000000000
55219  51.330  -26.507  57.444 0.0000000000
54070  52.395  -26.875  57.296 0.0000000000
44463  40.897  -36.687  64.164 0.0000000000
45436  41.153  -35.957  63.871 0.0000000000
46477  42.869  -34.223  64.665 0.0000000000
45419  43.176  -34.635  64.587 0.0000000000
30749  32.286  -50.159  67.100 0.0000000000
30731  32.744  -50.694  67.726 0.0000000000
30730  33.857  -49.911  67.899 0.0000000000
31754  34.212  -49.145  67.821 0.0000000000
54104  46.267  -27.249  55.828 0.0000000000
54103  47.201  -27.041  56.182 0.0000000000
141531  47.674  -26.973  56.675 0.0000000000
54087  48.163  -26.990  57.120 0.0000000000
54074  48.594  -27.352  57.781 0.0000000000
54055  49.023  -27.815  58.335 0.0000000000
52949  48.579  -28.991  59.407 0.0000000000
51941  47.834  -30.002  60.391 0.0000000000
49985  48.071  -31.067  61.511 0.0000000000
49984  48.401  -31.745  61.166 0.0000000000
48839  47.596  -32.467  62.315 0.0000000000
39314  38.915  -41.130  64.281 0.0000000000
41401  41.051  -39.818  64.105 0.0000000000
42435  41.242  -39.123  64.412 0.0000000000
146493  34.227  -45.515  65.417 0.0000000000
36661  33.993  -45.178  64.645 0.0000000000
36687  33.790  -44.319  63.051 0.0000000000
37504  35.132  -43.717  63.067 0.0000000000
124828  36.044  -43.748  63.516 0.0000000000
60429  56.193  -21.341  51.599 0.0000000000
59527  54.786  -22.612  53.495 0.0000000000
57425  51.137  -25.021  54.540 0.0000000000
57436  51.602  -23.912  53.719 0.0000000000
58516  52.891  -22.881  55.288 0.0000000000
58508  53.148  -23.408  55.952 0.0000000000
54101  53.127  -27.604  55.981 0.0000000000
41419  36.963  -39.427  63.265 0.0000000000
45457  39.241  -35.888  61.016 0.0000000000
44501  38.512  -36.511  60.665 0.0000000000
45473  38.797  -35.543  60.312 0.0000000000
45489  38.443  -35.246  59.609 0.0000000000
48841  41.306  -32.756  61.323 0.0000000000
48849  41.510  -32.334  60.608 0.0000000000
49998  41.907  -31.935  58.922 0.0000000000
49997  42.589  -31.597  59.280 0.0000000000
48824  44.612  -32.845  65.046 0.0000000000
48822  45.780  -32.329  64.209 0.0000000000
48821  46.432  -32.282  63.620 0.0000000000
47652  46.068  -32.671  63.763 0.0000000000
29785  31.498  -51.470  68.182 0.0000000000
29783  33.349  -51.430  67.993 0.0000000000
28823  34.006  -52.666  67.473 0.0000000000
27746  32.954  -53.462  68.139 0.0000000000
148366  46.686  -30.389  60.811 0.0000000000
38375  39.570  -42.246  63.188 0.0000000000
34787  33.325  -46.723  66.449 0.0000000000
34802  32.708  -46.256  65.711 0.0000000000
34800  34.568  -46.016  66.435 0.0000000000
35729  34.995  -45.629  65.965 0.0000000000
35746  35.886  -45.398  65.339 0.0000000000
36658  36.709  -45.057  64.755 0.0000000000
35744  38.062  -45.677  65.024 0.0000000000
34812  38.496  -45.965  64.576 0.0000000000
61354  55.373  -20.119  53.089 0.0000000000
60410  55.056  -20.576  53.981 0.0000000000
60411  54.558  -21.003  54.667 0.0000000000
59512  54.719  -22.391  54.661 0.0000000000
55258  50.470  -25.865  55.373 0.0000000000
56371  51.113  -25.440  55.890 0.0000000000
57396  52.408  -24.816  56.794 0.0000000000
57395  52.772  -24.430  56.577 0.0000000000
56357  52.795  -25.048  56.990 0.0000000000
135662  53.001  -25.470  57.161 0.0000000000
54086  53.016  -26.992  57.055 0.0000000000
43477  38.833  -37.896  62.445 0.0000000000
44486  39.513  -36.261  61.868 0.0000000000
46531  39.635  -34.417  60.415 0.0000000000
47682  40.754  -33.383  61.226 0.0000000000
127486  42.437  -32.115  61.994 0.0000000000
49967  43.143  -31.781  62.384 0.0000000000
144878  43.893  -32.548  64.507 0.0000000000
48825  43.744  -33.189  64.961 0.0000000000
48815  44.705  -33.337  65.069 0.0000000000
33851  32.328  -47.868  66.224 0.0000000000
33838  34.225  -47.755  67.527 0.0000000000
33837  34.760  -47.604  67.600 0.0000000000
143631  34.732  -49.237  67.706 0.0000000000
55260  48.916  -26.892  55.643 0.0000000000
55236  49.889  -26.716  57.243 0.0000000000
51960  50.552  -28.789  58.103 0.0000000000
51013  50.140  -29.775  58.264 0.0000000000
135888  35.498  -40.105  62.789 0.0000000000
41404  36.631  -39.944  63.627 0.0000000000
41418  37.911  -39.312  63.732 0.0000000000
42437  38.980  -38.978  63.844 0.0000000000
40319  39.666  -40.667  64.498 0.0000000000
40327  40.313  -40.796  64.177 0.0000000000
41387  39.379  -39.896  64.784 0.0000000000
42436  39.811  -38.314  64.123 0.0000000000
43448  41.254  -37.879  64.544 0.0000000000
44450  41.406  -37.080  64.413 0.0000000000
44448  42.191  -36.151  64.200 0.0000000000
44473  42.176  -36.945  62.643 0.0000000000
43486  41.642  -37.459  61.973 0.0000000000
35732  32.398  -45.822  65.131 0.0000000000
36662  33.112  -45.060  64.342 0.0000000000
38378  36.787  -41.826  63.568 0.0000000000
38377  38.309  -42.585  63.584 0.0000000000
36656  38.934  -45.119  64.187 0.0000000000
28789  30.588  -52.070  70.561 0.0000000000
60403  53.134  -20.788  54.478 0.0000000000
59501  53.361  -22.065  55.229 0.0000000000
59500  53.885  -22.055  55.449 0.0000000000
57435  54.144  -24.349  54.398 0.0000000000
57394  53.248  -24.601  56.488 0.0000000000
57422  54.117  -24.453  55.467 0.0000000000
56402  53.581  -24.990  53.532 0.0000000000
51984  43.854  -29.562  55.863 0.0000000000
50014  42.386  -31.573  57.568 0.0000000000
51022  43.564  -30.504  56.431 0.0000000000
51021  44.247  -29.937  56.747 0.0000000000
50998  44.578  -30.580  59.422 0.0000000000
49976  44.867  -31.083  62.376 0.0000000000
143914  45.706  -30.960  62.313 0.0000000000
49975  46.360  -31.100  62.598 0.0000000000
49962  47.158  -31.838  62.721 0.0000000000
47663  47.336  -33.104  62.446 0.0000000000
45433  43.251  -34.883  64.366 0.0000000000
45444  42.928  -35.638  62.797 0.0000000000
45443  43.337  -34.994  63.489 0.0000000000
138586  43.756  -34.351  63.008 0.0000000000
48864  41.246  -32.310  58.612 0.0000000000
