#!ascii label  , from subject sub-v1s9x0051330_ses-1 vox2ras=TkReg
1613
30393  21.262  -51.166  9.438 0.8999999762
29496  20.640  -52.679  9.122 0.8000000119
130771  21.518  -51.798  8.315 0.8000000119
28596  20.453  -53.551  7.874 0.6999999881
28614  20.467  -53.645  6.832 0.8000000119
30394  20.549  -51.424  9.682 0.8999999762
30416  21.523  -51.569  8.943 1.0000000000
30415  21.921  -51.093  8.257 1.0000000000
30433  21.607  -51.645  7.541 0.8999999762
29531  20.887  -52.938  7.383 0.8000000119
142654  20.753  -52.633  5.744 0.8000000119
29559  21.109  -52.096  6.088 0.8999999762
28627  20.466  -53.277  5.897 0.8000000119
28637  20.346  -52.817  5.081 0.6999999881
28638  19.798  -53.339  4.494 0.6999999881
31406  19.944  -50.801  10.037 0.8000000119
31405  20.851  -50.522  9.874 0.8999999762
144563  20.811  -49.756  10.135 0.8999999762
32437  20.367  -49.232  10.332 0.8999999762
32439  18.823  -49.597  10.115 0.8999999762
31425  21.811  -50.799  9.059 0.8999999762
31424  22.249  -50.387  8.634 1.0000000000
30438  21.506  -51.377  6.576 0.8999999762
31442  21.760  -50.562  6.592 1.0000000000
31454  21.395  -50.757  6.067 0.8999999762
30452  21.139  -51.330  5.701 0.8999999762
29560  20.796  -52.034  5.317 0.8000000119
28652  19.498  -52.870  3.803 0.6999999881
32458  21.971  -49.168  9.848 0.8999999762
32436  21.183  -49.155  10.210 0.8999999762
33509  20.630  -48.368  10.356 0.8999999762
33510  19.790  -48.649  10.327 0.8999999762
32460  18.377  -49.055  9.609 0.8999999762
32459  21.437  -49.846  9.821 0.8999999762
31403  22.139  -49.950  9.310 0.8999999762
132209  22.619  -49.571  7.424 1.0000000000
30453  20.626  -51.213  5.024 0.8000000119
29569  20.260  -51.977  4.670 0.8000000119
29582  19.647  -52.017  4.049 0.8000000119
30476  19.190  -51.336  3.670 0.8000000119
30477  18.501  -51.546  3.115 0.8000000119
30478  17.654  -51.669  2.724 0.8000000119
34481  20.350  -47.500  10.374 0.8999999762
33530  18.560  -48.225  9.713 0.8999999762
33531  17.698  -48.454  9.361 0.8999999762
34498  22.040  -47.620  10.196 0.8999999762
34499  18.826  -47.401  10.005 0.8999999762
34500  18.069  -47.489  9.604 0.8000000119
33532  16.790  -48.220  9.090 0.8000000119
32457  22.596  -49.039  9.293 0.8999999762
35471  17.621  -46.693  9.577 0.6999999881
34501  17.209  -47.478  9.425 0.6999999881
34502  16.339  -47.329  9.247 0.6999999881
33537  23.095  -48.711  8.621 0.8999999762
35473  15.975  -46.477  9.368 0.6999999881
127953  23.430  -48.198  8.050 1.0000000000
36373  15.723  -45.764  9.371 0.6000000238
33548  23.058  -48.879  7.780 1.0000000000
33549  22.701  -48.847  7.013 1.0000000000
32489  22.283  -49.492  6.732 1.0000000000
125666  21.443  -50.098  6.117 1.0000000000
31455  21.004  -50.428  5.485 0.8999999762
33559  22.119  -48.786  6.392 1.0000000000
32503  21.180  -49.559  5.665 0.8999999762
31470  20.368  -50.339  4.849 0.8000000119
31489  19.352  -50.582  3.859 0.8000000119
31490  18.661  -50.606  3.385 0.8000000119
31491  17.748  -50.257  3.053 0.8000000119
32536  18.371  -49.676  3.454 0.8000000119
32537  17.415  -49.438  3.255 0.8000000119
34480  21.172  -47.615  10.329 0.8999999762
33529  19.271  -48.076  10.122 0.8999999762
35454  21.546  -46.830  10.276 0.8999999762
35455  20.794  -46.949  10.348 0.8999999762
34482  19.584  -47.381  10.303 0.8999999762
35470  18.408  -46.617  9.840 0.8999999762
34497  22.717  -47.581  9.670 0.8999999762
128674  17.268  -46.052  9.507 0.6999999881
34496  23.309  -47.585  9.147 0.8999999762
36371  17.374  -45.332  9.491 0.6000000238
36372  16.528  -45.727  9.457 0.6000000238
34507  23.609  -47.578  8.444 1.0000000000
36387  14.573  -44.949  8.472 0.5000000000
33557  23.171  -48.144  7.293 1.0000000000
37264  14.688  -44.169  8.265 0.5000000000
34522  23.255  -47.265  6.783 1.0000000000
33558  22.608  -48.072  6.613 1.0000000000
34524  21.893  -48.059  6.027 1.0000000000
32504  20.748  -48.888  5.265 0.8999999762
130131  20.209  -49.488  4.748 0.8000000119
31471  19.730  -50.102  4.351 0.8000000119
34538  20.483  -47.965  5.108 0.8999999762
32518  19.555  -49.263  4.300 0.8000000119
34554  19.778  -47.819  4.671 0.8999999762
32519  18.877  -49.050  3.836 0.8000000119
32521  17.229  -48.714  3.386 0.8000000119
34557  17.284  -47.394  3.549 0.8000000119
33594  16.592  -48.050  3.307 0.8000000119
36360  19.830  -45.914  10.164 0.8999999762
35468  22.390  -46.825  9.992 0.8999999762
137931  21.927  -45.919  10.071 0.8999999762
36369  18.874  -45.698  9.942 0.6999999881
128625  17.954  -45.895  9.636 0.8000000119
35467  23.206  -46.821  9.478 0.8999999762
142467  22.747  -46.203  9.774 0.8999999762
37248  17.534  -44.493  9.426 0.6999999881
37249  16.700  -44.788  9.410 0.6000000238
36386  15.158  -45.387  9.050 0.6000000238
38098  16.872  -43.928  9.311 0.6999999881
37262  16.065  -44.243  9.154 0.6000000238
37263  15.291  -44.584  8.857 0.5000000000
34516  23.636  -47.499  7.634 1.0000000000
38117  15.438  -43.757  8.585 0.5000000000
38118  14.773  -43.373  8.069 0.5000000000
35491  23.892  -46.719  7.376 1.0000000000
34523  22.349  -47.302  6.175 1.0000000000
134703  21.167  -48.061  5.566 0.8999999762
36417  23.086  -45.655  6.225 1.0000000000
35516  21.927  -46.612  5.745 0.8999999762
34536  21.572  -47.346  5.735 0.8999999762
34537  20.852  -47.297  5.442 0.8999999762
35517  21.222  -46.738  5.567 0.8999999762
35530  20.193  -47.164  5.025 0.8999999762
35531  19.397  -47.018  4.685 0.8999999762
34555  18.921  -47.650  4.424 0.8999999762
35518  20.624  -46.548  5.317 0.8999999762
125676  19.952  -46.382  4.832 0.8999999762
34556  18.163  -47.517  3.915 0.8999999762
35519  19.115  -46.210  4.593 0.8999999762
36359  20.831  -46.113  10.266 0.8999999762
141922  19.618  -45.181  9.876 0.8999999762
36368  20.401  -45.249  9.969 0.8999999762
37245  19.987  -44.382  9.621 1.0000000000
37246  19.023  -44.712  9.665 0.8000000119
123533  21.872  -44.827  9.843 0.8999999762
36370  18.190  -45.052  9.575 0.6999999881
134316  23.653  -47.066  8.871 0.8999999762
135016  23.348  -46.069  9.467 0.8999999762
38115  17.081  -43.105  9.121 0.6999999881
38116  16.257  -43.393  8.885 0.5000000000
126955  24.015  -46.948  8.197 1.0000000000
39033  15.552  -42.817  8.323 0.5000000000
39034  14.789  -42.703  7.865 0.5000000000
36400  24.103  -46.041  7.216 1.0000000000
36416  23.920  -45.536  6.738 1.0000000000
35499  23.565  -46.311  6.736 1.0000000000
35500  22.758  -46.492  6.221 1.0000000000
37288  23.474  -44.820  6.232 1.0000000000
36431  22.243  -45.812  5.698 0.8999999762
36432  21.228  -45.938  5.474 0.8999999762
36433  20.697  -45.051  5.001 0.8999999762
127235  20.687  -43.895  2.487 0.6999999881
38197  20.245  -43.081  2.236 0.8000000119
38198  19.569  -43.770  2.002 0.8000000119
38213  18.783  -43.172  1.560 0.8000000119
36366  22.812  -45.408  9.617 0.8999999762
128291  20.948  -44.599  9.813 1.0000000000
123925  19.152  -43.825  9.443 0.6999999881
37247  18.347  -44.190  9.438 0.6999999881
35466  23.943  -46.353  8.897 0.8999999762
37242  23.421  -44.753  9.320 0.8999999762
38097  17.690  -43.659  9.323 0.6999999881
39032  16.518  -42.550  8.658 0.6000000238
36399  24.469  -45.409  7.362 1.0000000000
35481  24.349  -46.105  7.954 0.8999999762
37261  24.308  -44.876  8.780 0.8999999762
40010  15.129  -42.022  7.872 0.4000000060
37295  23.030  -44.130  5.568 1.0000000000
124317  22.174  -44.268  5.152 1.0000000000
131650  16.922  -43.033  2.736 0.8999999762
38194  23.173  -43.250  2.308 0.6000000238
38196  21.232  -43.228  2.474 0.6000000238
39115  20.790  -42.396  2.261 0.8000000119
38212  19.480  -42.981  1.699 0.8000000119
134107  17.711  -43.820  2.256 0.8999999762
37347  16.885  -44.392  2.991 0.8999999762
37243  22.635  -44.588  9.566 0.8999999762
124962  19.122  -42.981  9.325 0.8000000119
38096  18.452  -43.375  9.332 0.6999999881
39017  17.871  -42.884  9.184 0.6999999881
129273  16.851  -41.751  8.511 0.6000000238
40013  15.570  -41.092  7.907 0.4000000060
37278  24.890  -44.584  7.438 1.0000000000
36384  24.725  -45.255  8.055 0.8999999762
36415  24.393  -44.773  6.777 1.0000000000
38133  23.960  -43.868  6.245 1.0000000000
38140  24.065  -43.034  5.854 1.0000000000
38141  23.364  -43.274  5.441 1.0000000000
39065  22.900  -42.624  4.868 1.0000000000
38162  17.476  -43.188  3.454 0.8999999762
39100  17.080  -42.459  3.181 0.8999999762
128951  16.905  -43.206  3.058 0.8999999762
126511  17.601  -41.814  1.820 0.8999999762
39132  17.194  -42.586  2.245 0.8999999762
40078  24.934  -41.488  2.291 0.6000000238
39111  24.221  -42.547  2.134 0.6000000238
39113  22.716  -42.587  2.457 0.6000000238
40081  22.201  -41.818  2.273 0.8000000119
40099  20.484  -41.604  1.760 0.8000000119
39131  18.101  -42.521  1.682 0.8999999762
148787  21.454  -44.085  9.691 0.8999999762
38094  20.773  -43.770  9.601 0.8999999762
38095  19.969  -43.288  9.424 0.6999999881
38093  21.558  -43.274  9.565 0.8999999762
125007  20.758  -43.019  9.512 0.8999999762
141929  18.521  -42.713  9.215 0.6000000238
128854  24.500  -44.150  8.665 1.0000000000
38114  24.294  -43.482  8.903 1.0000000000
38091  23.477  -43.369  9.322 1.0000000000
39993  18.527  -41.474  8.865 0.6000000238
40009  17.703  -41.567  8.643 0.6000000238
148091  17.133  -40.878  8.394 0.5000000000
37259  25.212  -43.963  7.701 1.0000000000
38112  25.319  -43.230  7.894 1.0000000000
145379  25.132  -44.019  7.255 1.0000000000
124746  24.906  -44.037  6.848 1.0000000000
38132  24.812  -43.140  6.468 1.0000000000
39063  24.455  -42.373  5.875 1.0000000000
39064  23.670  -42.455  5.361 1.0000000000
40038  22.326  -41.904  4.593 1.0000000000
39066  22.038  -42.762  4.637 1.0000000000
40039  21.423  -42.063  4.427 1.0000000000
39067  21.200  -42.883  4.488 1.0000000000
39083  20.544  -42.294  4.153 1.0000000000
39084  19.946  -42.859  4.020 0.8999999762
38144  20.565  -43.052  4.313 0.8999999762
39086  17.996  -42.476  3.531 0.8999999762
39116  16.856  -42.477  2.790 0.8999999762
136778  18.573  -41.829  1.469 0.8999999762
41066  27.458  -40.312  1.369 0.6000000238
40076  26.017  -41.049  2.142 0.6000000238
133614  24.697  -40.870  2.405 0.6000000238
40079  24.095  -41.641  2.408 0.6000000238
40082  21.306  -41.755  2.152 0.8000000119
38092  22.547  -43.283  9.481 0.8999999762
39013  21.189  -42.309  9.556 0.6999999881
39015  19.650  -42.538  9.333 0.6000000238
140141  19.203  -41.428  9.132 0.6000000238
39029  23.964  -42.727  9.207 0.8999999762
38113  24.926  -43.718  8.317 1.0000000000
39038  25.529  -42.696  7.490 1.0000000000
39028  24.793  -42.803  8.540 0.8999999762
145562  25.420  -42.792  6.885 1.0000000000
39050  25.125  -42.273  6.462 1.0000000000
40036  24.811  -41.593  5.942 1.0000000000
40037  24.029  -41.640  5.386 1.0000000000
41018  23.530  -40.742  4.993 1.0000000000
127758  23.209  -41.750  4.867 1.0000000000
40052  20.847  -41.468  4.076 1.0000000000
40053  19.989  -41.565  3.781 1.0000000000
40054  18.745  -41.634  3.595 0.8999999762
125045  17.010  -41.773  2.942 0.8999999762
40102  17.478  -40.935  1.962 0.8999999762
41049  27.057  -39.873  2.071 0.6000000238
130422  25.865  -40.305  2.410 0.6000000238
41052  23.950  -40.619  2.363 0.6000000238
41067  23.179  -40.281  1.946 0.6999999881
145989  22.038  -40.656  1.619 0.6999999881
127306  20.888  -40.867  1.488 0.6999999881
134201  19.961  -40.911  1.246 0.8000000119
41071  19.095  -40.465  1.288 0.8999999762
41065  28.111  -39.826  1.376 0.6000000238
41069  21.550  -40.267  1.275 0.6999999881
41070  20.623  -40.201  0.997 0.8000000119
138720  19.867  -40.152  1.014 0.8999999762
131238  19.844  -41.791  9.316 0.6999999881
40990  18.980  -40.765  8.941 0.6000000238
39988  22.755  -41.879  9.440 0.8999999762
39012  22.144  -42.503  9.509 0.8000000119
39990  21.152  -41.428  9.514 0.6999999881
40008  23.541  -42.094  9.334 0.8000000119
39027  25.417  -42.528  8.066 1.0000000000
40006  25.168  -41.946  8.431 0.8000000119
40012  25.655  -41.889  7.863 0.8999999762
138192  25.522  -41.298  8.266 0.8000000119
39049  25.552  -42.133  7.108 1.0000000000
40024  25.390  -41.508  6.628 1.0000000000
41017  24.411  -40.875  5.514 1.0000000000
145393  24.112  -40.389  5.303 1.0000000000
42045  23.202  -39.970  4.789 1.0000000000
41027  22.117  -40.380  4.439 1.0000000000
40051  21.669  -41.132  4.366 1.0000000000
144383  20.352  -40.973  3.776 1.0000000000
41030  19.494  -40.728  3.643 0.8999999762
40055  17.829  -41.102  3.317 0.8999999762
40065  17.251  -41.096  3.082 0.8999999762
41054  17.333  -40.262  2.304 0.8999999762
134091  25.172  -40.370  2.414 0.6000000238
42083  22.888  -39.549  1.449 0.6999999881
134523  18.090  -40.212  1.487 0.8999999762
43139  29.332  -38.948  1.414 0.6000000238
42082  27.664  -39.574  1.891 0.6000000238
42084  22.069  -39.529  0.985 0.6999999881
42085  21.124  -39.457  0.529 0.6999999881
146342  20.588  -41.829  9.473 0.6999999881
39992  19.714  -40.941  9.303 0.6000000238
39989  21.887  -41.704  9.524 0.8000000119
40973  21.126  -40.561  9.442 0.6999999881
39991  20.443  -41.167  9.430 0.6999999881
137707  24.708  -41.091  8.773 0.6999999881
137577  23.527  -41.290  9.289 0.8000000119
130868  25.848  -41.028  7.884 0.6999999881
41003  25.684  -40.702  7.006 0.8000000119
42027  25.485  -39.985  6.278 0.8000000119
41004  25.173  -40.806  6.067 0.8000000119
144057  24.700  -40.032  5.554 0.8999999762
42039  23.831  -39.888  5.137 1.0000000000
42046  22.530  -39.623  4.514 1.0000000000
41028  20.961  -40.706  3.925 1.0000000000
42049  20.168  -39.508  3.531 1.0000000000
126230  21.913  -38.995  4.259 1.0000000000
42047  21.713  -39.749  4.232 1.0000000000
41029  20.288  -40.307  3.670 1.0000000000
134522  19.626  -39.950  3.588 1.0000000000
136958  18.873  -39.933  3.595 0.8999999762
137362  18.067  -39.905  3.291 0.8999999762
135191  17.563  -39.922  3.014 0.8999999762
42073  17.474  -39.556  2.583 0.8999999762
42067  27.751  -38.957  2.129 0.6000000238
147708  25.903  -39.631  2.475 0.6000000238
42071  24.554  -40.084  2.346 0.6000000238
42072  23.712  -39.730  1.978 0.6999999881
42088  17.934  -39.247  1.374 0.8999999762
42087  19.142  -39.531  1.074 0.8999999762
43142  22.534  -38.799  0.909 0.6999999881
43143  21.850  -38.917  0.421 0.6999999881
42097  20.257  -39.036  -0.209 0.8999999762
42098  19.492  -39.183  -0.007 0.8999999762
40971  22.943  -40.483  9.396 0.6999999881
40972  22.055  -40.429  9.502 0.6000000238
40975  19.625  -40.042  9.204 0.6000000238
40989  23.890  -40.413  9.195 0.6999999881
41991  22.540  -39.771  9.476 0.6000000238
40988  24.699  -40.218  8.822 0.6999999881
40987  25.561  -40.451  8.355 0.6999999881
40995  25.989  -40.177  7.759 0.6999999881
42026  25.884  -39.210  6.553 0.8000000119
42038  25.284  -39.178  5.794 0.8000000119
43092  24.227  -38.974  5.285 0.8000000119
43101  23.319  -39.242  4.795 1.0000000000
130311  23.410  -38.323  4.777 0.8000000119
42058  21.339  -39.237  3.957 1.0000000000
43114  21.297  -38.547  3.979 1.0000000000
42059  20.733  -39.006  3.649 1.0000000000
43104  19.209  -38.407  3.545 1.0000000000
44141  18.624  -37.817  3.354 1.0000000000
43106  17.906  -38.401  3.123 1.0000000000
43117  17.575  -38.640  2.617 0.8999999762
42070  25.295  -39.606  2.403 0.6000000238
131568  17.548  -38.785  1.598 0.8999999762
43140  28.848  -38.516  1.858 0.6000000238
137678  26.850  -38.235  2.562 0.6000000238
43127  25.055  -38.706  2.254 0.6999999881
43145  17.935  -38.469  1.088 0.8999999762
43128  24.244  -38.407  1.793 0.6999999881
43154  22.085  -38.142  0.194 0.6999999881
43156  20.439  -38.382  -0.521 0.8999999762
135530  20.602  -39.789  9.361 0.5000000000
147289  23.315  -39.880  9.355 0.6000000238
135192  22.311  -39.026  9.504 0.5000000000
42008  24.077  -39.531  9.146 0.6999999881
42007  25.156  -39.572  8.676 0.6999999881
43061  26.093  -38.941  7.948 0.6999999881
42006  25.917  -39.583  8.179 0.6999999881
43076  26.318  -38.430  6.827 0.6999999881
43091  25.037  -38.255  5.540 0.8000000119
133874  24.781  -37.337  5.403 0.8000000119
44126  24.132  -37.888  5.181 0.8000000119
45109  24.057  -37.115  5.086 0.8000000119
44138  22.675  -37.766  4.514 0.8999999762
43103  21.937  -38.166  4.306 1.0000000000
44137  23.429  -37.393  4.742 0.8000000119
44139  21.922  -37.293  4.359 0.8999999762
44151  20.524  -37.310  3.815 1.0000000000
44152  19.699  -37.758  3.580 1.0000000000
44142  17.865  -37.545  3.044 1.0000000000
44154  17.624  -37.604  2.556 0.8999999762
128557  17.485  -38.069  2.161 0.8999999762
43146  17.579  -38.040  1.421 0.8999999762
44166  17.449  -37.272  1.742 0.8999999762
128875  17.889  -37.998  0.307 0.8999999762
43125  27.478  -38.472  2.361 0.6000000238
134637  26.211  -37.940  2.606 0.6000000238
138491  23.647  -38.048  1.378 0.6999999881
44192  21.171  -37.875  -0.368 0.8000000119
44194  18.911  -37.483  -1.193 0.8999999762
44161  28.749  -37.687  2.113 0.6000000238
44176  24.225  -37.648  1.638 0.6999999881
128779  22.949  -38.070  0.909 0.6999999881
44193  20.119  -37.704  -0.703 0.8000000119
44181  18.025  -37.352  -0.524 0.8999999762
44179  21.805  -37.265  0.044 0.6999999881
45180  18.926  -36.752  -0.964 0.8999999762
41990  23.121  -39.219  9.408 0.5000000000
43028  22.108  -38.376  9.515 0.5000000000
43046  24.620  -38.679  8.956 0.6999999881
43027  22.929  -38.383  9.439 0.5000000000
43044  26.060  -38.254  8.097 0.6999999881
43045  25.602  -38.886  8.449 0.6999999881
43060  26.309  -38.599  7.499 0.6999999881
44093  26.466  -37.988  7.329 0.6999999881
44107  26.206  -37.654  6.335 0.6999999881
43090  25.800  -38.411  6.125 0.6999999881
45119  24.480  -36.517  5.174 0.8000000119
45120  23.626  -36.533  4.753 0.8000000119
45121  22.697  -36.742  4.530 0.8000000119
45122  21.818  -36.468  4.396 0.8999999762
44140  21.195  -36.900  4.156 1.0000000000
134178  19.887  -36.953  3.689 1.0000000000
44153  19.116  -37.010  3.520 1.0000000000
46128  22.311  -35.993  4.477 0.8000000119
45134  20.470  -36.416  3.941 0.8999999762
45124  18.276  -36.949  3.186 1.0000000000
45135  19.558  -36.309  3.701 0.8999999762
46132  17.913  -36.170  3.036 1.0000000000
45137  17.699  -36.764  2.661 1.0000000000
45150  17.335  -36.515  2.132 1.0000000000
45163  17.674  -36.492  0.029 0.8999999762
134869  24.770  -38.004  2.074 0.6999999881
45164  17.283  -36.290  1.320 0.8999999762
44162  27.687  -37.657  2.440 0.6000000238
44163  26.748  -37.321  2.627 0.6000000238
46195  18.484  -36.284  -0.308 0.8999999762
44165  24.994  -37.221  2.106 0.6999999881
44177  23.429  -37.298  1.158 0.6999999881
126479  22.893  -36.791  0.926 0.6999999881
45178  20.892  -37.077  -0.306 0.6999999881
45162  20.582  -36.310  -0.009 0.8000000119
45160  22.285  -36.675  0.577 0.6999999881
46194  19.522  -36.207  -0.138 0.8000000119
46177  17.948  -35.710  0.399 0.8999999762
45161  21.552  -36.452  0.168 0.6999999881
43047  23.720  -38.767  9.293 0.6000000238
43026  23.853  -38.059  9.295 0.5000000000
131020  25.321  -38.219  8.674 0.6999999881
44078  24.647  -37.779  9.012 0.5000000000
136611  26.583  -37.262  7.163 0.6999999881
44077  26.243  -37.475  7.898 0.6999999881
44106  26.484  -37.679  6.814 0.6999999881
45057  26.335  -36.785  7.735 0.6999999881
45088  26.526  -36.875  6.523 0.6999999881
45089  26.159  -36.890  5.919 0.6999999881
140514  25.960  -36.224  5.609 0.6999999881
131935  25.390  -36.725  5.503 0.6999999881
46126  24.118  -35.735  4.765 0.8000000119
46127  23.086  -35.729  4.509 0.8000000119
47244  23.705  -34.857  4.440 0.8000000119
47245  22.742  -34.853  4.333 0.8000000119
46129  21.619  -35.650  4.407 0.8000000119
136628  20.802  -35.650  4.229 0.8999999762
45136  19.119  -35.618  3.659 0.8999999762
148721  18.360  -35.682  3.370 1.0000000000
48411  22.397  -34.160  3.995 0.8000000119
47246  21.805  -34.783  4.300 0.8000000119
46143  17.200  -35.784  2.459 1.0000000000
47263  17.570  -35.413  3.107 1.0000000000
45146  27.444  -36.571  2.540 0.6000000238
46158  16.855  -35.661  1.951 1.0000000000
132919  24.260  -36.816  1.570 0.6999999881
45159  23.538  -36.266  1.247 0.6999999881
134542  17.388  -35.829  0.970 0.8999999762
46178  16.848  -35.380  1.686 1.0000000000
148841  22.796  -36.229  0.951 0.6999999881
46173  22.184  -35.833  0.891 0.8000000119
46175  20.160  -35.569  0.545 0.8000000119
45075  26.736  -36.486  7.100 0.6999999881
46077  26.894  -35.588  7.083 0.6999999881
126480  26.887  -36.142  6.524 0.6999999881
45108  26.699  -36.120  5.915 0.6999999881
127768  26.225  -35.568  5.405 0.6999999881
46112  25.189  -35.818  5.191 0.6999999881
46125  25.714  -35.047  4.822 0.6999999881
136561  24.703  -35.054  4.658 0.8000000119
138962  24.404  -34.467  4.312 0.8000000119
139007  23.144  -34.294  4.119 0.8000000119
46130  20.409  -34.962  4.116 0.8999999762
46131  19.548  -34.912  3.766 0.8999999762
47247  20.923  -34.466  4.107 0.8000000119
47248  20.000  -34.174  3.889 0.8999999762
124274  18.483  -34.929  3.469 0.8999999762
45147  26.445  -36.209  2.486 0.6000000238
48414  19.189  -33.611  3.572 0.8999999762
48415  18.197  -33.983  3.503 0.8999999762
47264  16.923  -35.000  2.683 1.0000000000
46153  28.033  -35.906  2.355 0.6000000238
46159  16.599  -35.107  1.951 0.8999999762
138385  23.926  -35.240  1.380 0.6999999881
47295  16.660  -34.713  1.737 0.8999999762
46174  21.207  -35.705  0.662 0.8000000119
46176  19.038  -35.550  0.351 0.8999999762
47293  18.548  -34.799  0.958 0.8000000119
46093  27.130  -35.519  6.242 0.6999999881
46111  26.974  -35.297  5.660 0.6999999881
47242  26.182  -34.327  4.526 0.6999999881
47243  25.207  -34.444  4.377 0.6999999881
48412  21.544  -34.016  3.867 0.8000000119
48413  20.736  -33.782  3.730 0.8000000119
48433  21.315  -33.381  3.442 0.8000000119
139418  20.646  -33.216  3.385 0.8000000119
47250  17.412  -34.595  3.232 0.8999999762
45148  25.510  -36.394  2.268 0.6000000238
48434  19.992  -33.367  3.588 0.8000000119
48435  19.220  -32.784  3.352 0.8999999762
47251  17.215  -33.835  3.245 0.8999999762
137764  16.801  -34.257  2.882 0.8999999762
46154  27.298  -35.624  2.322 0.6000000238
125647  24.409  -35.926  1.634 0.6999999881
48446  16.466  -33.950  2.052 0.8999999762
46172  23.075  -35.517  1.133 0.6999999881
48462  16.867  -34.017  1.508 0.8000000119
47291  20.745  -34.784  1.228 0.6999999881
135501  19.239  -34.049  1.174 0.8000000119
46092  27.293  -34.824  5.958 0.6999999881
47241  27.104  -34.056  4.887 0.6999999881
48432  22.103  -33.500  3.575 0.8000000119
133454  21.781  -32.973  3.207 0.8000000119
49552  20.128  -32.741  3.191 0.8000000119
49531  18.415  -33.207  3.363 0.8999999762
143521  17.650  -32.893  3.067 0.8999999762
46156  25.853  -35.642  2.108 0.6000000238
49555  16.658  -33.080  2.624 0.8999999762
46171  24.775  -35.153  1.416 0.6999999881
47288  24.298  -34.422  1.104 0.6999999881
49571  16.427  -33.012  2.160 0.8999999762
48458  21.618  -33.960  1.192 0.6999999881
48459  20.061  -34.170  1.128 0.8000000119
49583  17.304  -33.148  1.384 0.8000000119
144919  20.714  -33.696  1.234 0.6999999881
138912  18.946  -33.193  1.136 0.8000000119
48461  18.077  -33.879  1.361 0.8000000119
48460  19.873  -33.373  1.109 0.8000000119
47226  27.404  -34.060  5.659 0.6999999881
48392  27.469  -33.433  5.212 0.6000000238
46155  26.551  -35.146  1.842 0.6000000238
50631  19.538  -32.149  2.898 0.8000000119
50632  18.058  -31.529  2.637 0.8999999762
50634  16.572  -31.862  2.280 0.8999999762
47286  26.036  -34.623  0.972 0.6000000238
50675  16.488  -31.396  1.750 0.8999999762
47289  23.413  -34.574  1.138 0.8000000119
49601  16.778  -31.958  1.589 0.8999999762
49582  18.048  -32.951  1.051 0.8000000119
48475  22.323  -33.197  0.786 0.6999999881
48478  19.596  -32.447  0.818 0.8000000119
50686  18.033  -31.477  0.441 0.8000000119
47287  25.132  -34.558  0.869 0.6999999881
50657  18.971  -31.498  2.687 0.8000000119
47312  24.626  -33.939  0.464 0.5000000000
47313  23.748  -33.753  0.671 0.6000000238
127897  24.208  -33.448  0.126 0.6000000238
130722  23.043  -33.332  0.539 0.6999999881
50688  16.673  -31.060  1.377 0.8000000119
49596  22.901  -32.703  0.244 0.6000000238
49597  22.127  -32.444  0.408 0.6000000238
50684  20.344  -31.711  0.416 0.6999999881
50685  19.188  -31.574  0.447 0.8000000119
49600  17.531  -32.231  1.049 0.8000000119
49598  21.278  -32.192  0.440 0.6000000238
51573  17.652  -30.205  2.065 0.8000000119
51574  16.878  -30.240  2.071 0.8000000119
51575  16.560  -30.656  1.682 0.8999999762
48473  24.689  -33.861  -0.446 0.6000000238
50705  18.673  -30.761  0.111 0.8000000119
50687  17.160  -31.202  1.010 0.8000000119
51612  16.673  -30.411  0.948 0.8000000119
52530  17.918  -29.490  1.618 0.8000000119
52555  16.574  -29.489  1.069 0.8000000119
48490  23.920  -33.301  -0.654 0.6000000238
49615  23.304  -32.652  -0.648 0.6000000238
51611  17.532  -30.408  0.423 0.8000000119
49617  21.965  -31.786  -0.079 0.6000000238
51632  18.305  -29.930  -0.191 0.6999999881
52575  16.794  -29.100  0.664 0.8000000119
51629  21.029  -30.548  -1.051 0.6000000238
51631  19.167  -30.344  -0.602 0.6000000238
52592  18.860  -29.645  -0.859 0.6999999881
49634  22.775  -32.283  -1.582 0.6000000238
50702  21.745  -31.117  -0.675 0.6000000238
53573  19.190  -28.703  0.824 0.8000000119
53550  17.143  -28.926  1.315 0.8000000119
48489  24.003  -34.075  -1.708 0.6000000238
52554  18.060  -28.706  1.193 0.8000000119
47341  23.986  -35.395  -2.851 0.5000000000
53616  17.508  -28.426  -0.173 0.8000000119
137842  16.813  -28.853  0.929 0.8000000119
48503  23.257  -34.437  -3.149 0.6000000238
49614  23.287  -33.260  -1.982 0.6000000238
53630  18.068  -28.389  -0.987 0.6000000238
47342  23.502  -35.032  -3.718 0.5000000000
50718  22.412  -31.469  -1.621 0.6000000238
51649  20.439  -30.092  -1.383 0.6000000238
49648  22.530  -33.054  -3.134 0.6000000238
50719  21.868  -30.770  -1.562 0.6000000238
51648  21.231  -30.245  -1.685 0.6000000238
52609  20.092  -29.568  -1.562 0.6000000238
54728  18.306  -27.982  0.544 0.8000000119
53574  17.433  -28.414  0.743 0.8000000119
53597  19.452  -27.821  0.565 0.8000000119
54751  18.717  -27.220  0.287 0.6999999881
54752  17.884  -27.110  0.184 0.6999999881
48504  22.798  -33.688  -3.280 0.6000000238
52611  18.672  -29.025  -1.019 0.6000000238
54791  18.390  -27.545  -1.443 0.6000000238
53631  17.740  -27.524  -0.760 0.6999999881
48528  22.916  -33.708  -3.526 0.5000000000
53628  19.797  -28.836  -1.683 0.6000000238
125441  22.819  -32.783  -3.353 0.5000000000
50734  21.955  -30.519  -2.153 0.6000000238
51665  21.402  -29.896  -2.099 0.6000000238
49662  23.656  -32.806  -3.511 0.5000000000
54750  20.409  -27.698  0.452 0.6999999881
55897  18.519  -26.512  -0.179 0.6000000238
54792  18.011  -26.984  -1.115 0.6000000238
54776  17.689  -27.030  -0.432 0.6000000238
54804  18.867  -26.815  -2.072 0.6000000238
55945  18.209  -25.946  -1.117 0.6000000238
146349  22.758  -32.052  -3.247 0.5000000000
51664  22.147  -30.134  -2.623 0.6000000238
52625  21.683  -29.389  -2.444 0.6000000238
52626  20.730  -29.224  -1.972 0.6000000238
53645  19.359  -27.882  -1.836 0.6000000238
54805  18.285  -26.529  -1.480 0.6000000238
51676  22.862  -30.336  -3.271 0.6000000238
52624  22.435  -29.515  -3.078 0.6000000238
50745  24.495  -31.671  -3.308 0.5000000000
51675  23.574  -30.756  -3.507 0.5000000000
51674  24.263  -31.017  -3.527 0.4000000060
131807  24.465  -30.245  -3.776 0.5000000000
146880  19.161  -26.331  -0.290 0.6000000238
55923  18.837  -25.715  -0.599 0.6000000238
53643  21.292  -28.497  -2.381 0.6000000238
130851  19.831  -27.192  -2.333 0.6000000238
55944  18.614  -25.322  -1.080 0.6000000238
53642  22.048  -28.777  -2.801 0.6000000238
53659  21.883  -27.873  -2.976 0.6000000238
52636  23.659  -29.944  -3.809 0.5000000000
52637  23.086  -29.555  -3.634 0.6000000238
142952  24.341  -29.598  -4.125 0.5000000000
52635  25.165  -30.010  -3.686 0.4000000060
127122  24.944  -29.627  -4.198 0.4000000060
54803  20.224  -26.635  -2.974 0.6000000238
55972  19.506  -25.239  -2.536 0.5000000000
57057  19.322  -25.250  -1.089 0.5000000000
55922  19.825  -26.216  -0.562 0.5000000000
54802  20.843  -27.543  -2.544 0.6000000238
54820  20.694  -26.192  -3.294 0.5000000000
53658  22.774  -28.715  -3.553 0.6000000238
53657  23.807  -29.130  -4.139 0.5000000000
53656  24.723  -29.140  -4.637 0.4000000060
57055  20.888  -25.268  -1.729 0.4000000060
129764  21.887  -27.126  -3.549 0.6000000238
132785  21.409  -26.359  -3.602 0.5000000000
54817  23.496  -28.300  -4.155 0.4000000060
54818  22.698  -27.651  -3.765 0.6000000238
55982  22.315  -26.538  -4.064 0.6000000238
55970  20.781  -25.363  -3.455 0.4000000060
53671  24.391  -28.486  -4.737 0.4000000060
54835  24.800  -27.813  -5.402 0.4000000060
57078  21.279  -24.675  -3.848 0.4000000060
54836  23.662  -27.366  -4.479 0.4000000060
55969  21.555  -25.668  -3.856 0.4000000060
53670  25.092  -28.643  -5.232 0.4000000060
55981  23.151  -26.120  -4.671 0.4000000060
146131  22.362  -25.101  -1.946 0.4000000060
58131  21.028  -24.301  -3.115 0.4000000060
136030  21.919  -25.340  -4.446 0.4000000060
55988  24.806  -26.806  -5.607 0.4000000060
131538  24.175  -26.809  -5.045 0.4000000060
55980  23.909  -25.883  -5.262 0.4000000060
136976  22.469  -24.811  -5.052 0.4000000060
133427  22.209  -24.512  -2.715 0.4000000060
58130  21.616  -24.032  -3.718 0.4000000060
58143  21.186  -24.284  -3.643 0.4000000060
57092  24.715  -25.686  -5.877 0.3000000119
58150  21.579  -24.198  -4.408 0.4000000060
59169  22.621  -23.931  -3.401 0.4000000060
59189  21.846  -23.139  -4.714 0.4000000060
37346  18.018  -44.674  2.359 0.8000000119
139262  17.040  -44.881  2.778 0.8999999762
37329  16.843  -44.808  3.123 0.8999999762
36488  16.760  -45.259  3.030 0.8999999762
36466  16.405  -46.197  3.110 0.8999999762
127183  21.712  -45.065  5.325 0.8999999762
38143  21.716  -43.569  4.744 1.0000000000
38142  22.550  -43.453  5.018 1.0000000000
142108  20.452  -45.861  5.110 0.8999999762
146088  20.607  -44.237  4.644 0.8999999762
35520  18.400  -46.066  4.374 0.8999999762
37298  19.912  -44.521  4.481 0.8999999762
37309  19.182  -43.920  4.125 0.8999999762
124040  20.920  -43.617  4.590 1.0000000000
37311  17.350  -44.482  3.466 0.8999999762
134246  19.401  -43.277  3.976 0.8999999762
57079  20.178  -24.884  -3.005 0.4000000060
58118  20.436  -24.771  -2.245 0.4000000060
57054  21.928  -25.549  -1.620 0.4000000060
31404  21.537  -50.475  9.500 0.8999999762
31432  21.990  -50.905  7.261 1.0000000000
142193  19.933  -52.612  4.408 0.8000000119
32438  19.588  -49.415  10.296 0.8999999762
138623  22.681  -49.593  8.440 1.0000000000
30465  19.842  -51.085  4.404 0.8000000119
133558  21.476  -48.797  5.827 0.8999999762
142096  20.690  -49.736  5.212 0.8000000119
32535  19.184  -49.857  3.750 0.8000000119
32520  18.072  -48.878  3.550 0.8000000119
33591  19.274  -48.452  4.353 0.8999999762
35533  17.692  -46.163  3.966 0.8999999762
35534  16.923  -46.596  3.437 0.8000000119
37299  18.960  -44.726  4.331 0.8999999762
36367  21.201  -45.329  10.046 0.8999999762
39031  17.370  -42.338  8.837 0.6000000238
130472  15.983  -41.905  8.298 0.4000000060
37296  22.620  -44.973  5.653 1.0000000000
37297  21.304  -44.308  4.924 0.8999999762
36487  18.213  -45.588  2.350 0.6999999881
39130  19.073  -42.470  1.448 0.8000000119
38195  22.282  -43.460  2.486 0.6000000238
38215  17.195  -43.351  2.508 0.8999999762
39014  20.330  -42.464  9.431 0.6999999881
132357  16.367  -41.226  8.269 0.4000000060
37310  18.119  -44.050  3.786 0.8999999762
40101  18.234  -41.100  1.553 0.8999999762
41053  23.318  -41.024  2.292 0.6999999881
40097  22.520  -41.040  2.017 0.6999999881
39011  23.060  -42.632  9.413 0.8999999762
40050  22.622  -41.048  4.605 1.0000000000
38145  20.104  -43.647  4.306 0.8999999762
134294  19.702  -42.205  3.826 0.8999999762
39085  19.085  -42.629  3.769 0.8999999762
38161  18.541  -43.264  3.759 0.8999999762
40083  17.132  -41.066  2.640 0.8999999762
40007  24.334  -41.989  9.027 0.8000000119
41040  17.378  -40.425  2.871 0.8999999762
40023  25.666  -41.462  7.347 0.8999999762
43141  23.458  -38.808  1.490 0.6999999881
43144  18.629  -38.690  0.492 0.8999999762
43155  21.198  -38.637  -0.071 0.8000000119
40974  20.289  -40.490  9.387 0.6000000238
41992  21.609  -39.615  9.478 0.6000000238
130705  25.841  -39.869  7.022 0.6999999881
43102  22.635  -38.686  4.505 1.0000000000
42051  18.379  -39.222  3.400 1.0000000000
44180  18.500  -38.054  -0.688 0.8999999762
41994  20.025  -39.125  9.257 0.5000000000
42015  26.158  -39.277  7.415 0.6999999881
132069  21.670  -38.802  9.491 0.5000000000
44125  25.648  -37.572  5.749 0.8000000119
44182  17.570  -37.214  0.653 0.8999999762
44060  23.230  -37.622  9.414 0.5000000000
45123  21.176  -36.217  4.290 0.8999999762
147148  22.318  -35.389  4.436 0.8000000119
47294  17.368  -34.945  1.317 0.8999999762
44059  23.947  -37.172  9.310 0.5000000000
132794  25.477  -37.498  8.610 0.6999999881
138379  21.107  -35.089  4.321 0.8999999762
47249  19.109  -34.295  3.648 0.8999999762
47290  21.824  -34.958  1.150 0.8000000119
47292  19.663  -34.813  0.847 0.8000000119
46124  26.639  -34.864  5.077 0.6999999881
48431  23.060  -33.581  3.691 0.8000000119
49584  16.623  -33.123  1.701 0.8999999762
47227  27.135  -34.642  5.430 0.6999999881
123288  18.700  -32.100  3.006 0.8999999762
47212  27.378  -34.292  6.299 0.6000000238
48476  21.447  -32.980  0.966 0.6999999881
51552  16.653  -31.085  2.215 0.8999999762
50704  19.725  -30.925  -0.031 0.6999999881
50683  21.232  -31.512  0.035 0.6000000238
51630  20.095  -30.459  -0.781 0.6000000238
52594  17.490  -29.391  0.235 0.8000000119
51650  19.641  -29.927  -1.135 0.6000000238
53598  17.469  -28.294  0.336 0.6999999881
50733  22.404  -31.323  -2.303 0.6000000238
53644  20.329  -28.197  -2.042 0.6000000238
146588  22.538  -30.978  -2.674 0.6000000238
55957  19.393  -26.125  -2.597 0.6000000238
58117  21.312  -24.842  -2.335 0.4000000060
58144  20.536  -24.514  -3.080 0.4000000060
57093  23.542  -24.960  -5.575 0.4000000060
36444  17.313  -45.323  3.578 0.8999999762
22284  17.123  -59.603  8.682 0.4000000060
23267  15.955  -58.849  9.984 0.4000000060
23249  15.183  -58.400  10.171 0.4000000060
23280  17.514  -58.092  8.495 0.4000000060
23248  15.960  -57.973  10.298 0.4000000060
24284  15.138  -57.583  10.528 0.4000000060
24332  17.785  -57.703  7.681 0.3000000119
24298  17.253  -57.550  9.236 0.4000000060
24348  17.753  -57.368  6.936 0.4000000060
25390  17.595  -57.005  6.199 0.4000000060
25416  17.495  -56.922  5.446 0.4000000060
26507  17.865  -56.303  4.778 0.4000000060
25313  15.853  -56.985  10.474 0.5000000000
25314  15.003  -56.663  10.754 0.4000000060
25329  17.553  -56.704  9.064 0.4000000060
138549  17.059  -56.856  9.590 0.4000000060
133799  18.040  -56.632  6.948 0.5000000000
25389  18.119  -56.290  6.370 0.4000000060
26506  18.413  -55.739  5.231 0.4000000060
26520  18.380  -55.414  4.454 0.5000000000
26531  18.141  -55.060  3.503 0.5000000000
27619  18.534  -54.202  3.005 0.6000000238
26532  17.448  -55.777  2.938 0.5000000000
27621  17.172  -54.819  2.556 0.6000000238
27622  15.952  -54.414  2.236 0.4000000060
141925  15.989  -56.155  10.461 0.5000000000
26401  15.357  -55.980  10.710 0.5000000000
148200  14.703  -55.918  10.820 0.5000000000
26403  13.211  -55.525  11.150 0.5000000000
26450  17.833  -55.911  9.040 0.6000000238
129878  17.209  -56.145  9.582 0.6000000238
26449  18.398  -55.636  8.369 0.5000000000
147924  18.759  -55.012  8.679 0.6000000238
143742  18.603  -55.577  7.584 0.5000000000
126985  18.410  -55.874  6.934 0.5000000000
26484  18.617  -55.613  6.080 0.4000000060
27600  18.965  -54.968  5.190 0.6000000238
27609  18.838  -54.600  4.077 0.6000000238
28639  19.273  -53.762  3.761 0.6000000238
28653  18.893  -53.188  3.022 0.6000000238
28654  17.860  -53.407  2.634 0.6000000238
29585  17.212  -52.469  2.551 0.6000000238
137524  17.754  -54.266  2.676 0.6000000238
28655  16.879  -53.913  2.492 0.6000000238
29586  15.974  -52.423  2.229 0.6000000238
30480  15.140  -51.622  2.251 0.6000000238
26425  16.649  -55.566  10.092 0.5000000000
128508  14.996  -55.285  10.775 0.5000000000
26402  14.143  -55.360  10.953 0.5000000000
27501  13.498  -54.683  11.018 0.5000000000
26423  18.224  -55.157  9.133 0.6000000238
26424  17.478  -55.335  9.566 0.6000000238
143279  18.971  -55.116  7.987 0.6000000238
27545  19.298  -54.571  8.530 0.6000000238
26465  19.069  -55.191  7.013 0.5000000000
28582  19.980  -54.122  8.309 0.6000000238
27583  19.209  -54.896  6.130 0.6000000238
27599  19.634  -54.354  5.667 0.6000000238
29583  19.035  -52.233  3.382 0.6000000238
30479  16.467  -51.642  2.468 0.6000000238
133014  15.717  -50.682  2.442 0.6999999881
27499  15.403  -54.547  10.579 0.6000000238
27500  14.476  -54.558  10.745 0.5000000000
28554  13.911  -53.860  10.490 0.5000000000
27525  18.764  -54.490  9.177 0.6000000238
27526  17.839  -54.398  9.643 0.6000000238
27498  16.293  -54.658  10.298 0.6000000238
28573  14.263  -53.049  10.113 0.5000000000
28574  13.393  -53.269  9.890 0.5000000000
133195  18.603  -53.682  9.554 0.6000000238
27582  19.788  -54.427  6.692 0.6000000238
142583  16.716  -49.989  2.749 0.6999999881
28572  16.860  -53.862  10.126 0.6000000238
28552  15.861  -53.794  10.404 0.6000000238
28553  14.909  -53.636  10.512 0.6000000238
28571  17.713  -53.359  9.957 0.6000000238
130565  15.523  -53.083  10.434 0.6000000238
29482  15.019  -52.706  10.260 0.6000000238
29500  14.593  -52.323  9.755 0.6000000238
29501  13.907  -52.637  9.390 0.6000000238
29498  18.459  -52.690  9.898 0.6000000238
29513  13.874  -52.504  8.397 0.5000000000
27524  19.509  -53.846  9.109 0.6000000238
29532  14.562  -52.047  7.880 0.6000000238
143574  15.707  -49.719  2.503 0.6999999881
28551  16.968  -52.970  10.237 0.6000000238
30384  15.973  -51.703  10.128 0.6000000238
30396  18.763  -51.779  10.024 0.6000000238
29478  18.005  -51.880  10.310 0.6000000238
29480  16.593  -52.176  10.336 0.6000000238
30398  14.940  -51.807  9.466 0.6000000238
29512  14.435  -52.022  8.985 0.6000000238
134752  19.206  -53.166  9.514 0.6000000238
30419  15.257  -51.619  8.504 0.6000000238
29497  19.966  -53.036  9.370 0.6000000238
29511  20.785  -52.873  8.326 0.6000000238
33605  15.699  -48.253  2.639 0.6999999881
34569  15.477  -47.671  2.397 0.6999999881
131672  19.403  -52.449  9.679 0.6000000238
30383  16.642  -51.427  10.214 0.6999999881
127926  16.403  -51.099  9.653 0.6999999881
135279  20.273  -52.253  9.523 0.6000000238
35568  16.032  -46.663  2.842 0.6999999881
30381  18.082  -51.101  10.359 0.6999999881
30395  19.672  -51.631  9.836 0.6999999881
30380  19.031  -50.967  10.123 0.6999999881
31385  17.120  -50.827  10.162 0.6999999881
31408  17.005  -50.522  9.443 0.6999999881
30418  16.042  -51.173  8.659 0.6000000238
31426  16.673  -50.613  8.653 0.6999999881
32471  16.704  -50.191  8.000 0.6000000238
31433  16.300  -50.792  7.910 0.5000000000
36503  17.477  -45.428  2.555 0.8000000119
31382  19.336  -50.181  10.243 0.6999999881
31383  18.498  -50.355  10.230 0.6999999881
32462  17.216  -49.986  8.710 0.6999999881
32478  15.454  -50.027  7.511 0.5000000000
32470  17.151  -49.144  8.829 0.6999999881
148222  16.809  -49.629  8.315 0.6000000238
32472  16.028  -49.568  8.019 0.6000000238
50629  21.124  -32.033  2.644 0.6999999881
48409  24.684  -33.933  3.961 0.6999999881
48410  23.837  -34.071  4.032 0.6999999881
49550  22.509  -32.931  3.216 0.6999999881
48408  25.590  -33.774  4.099 0.6000000238
49570  21.892  -32.345  2.762 0.6999999881
50630  20.396  -32.131  2.705 0.6999999881
146498  19.250  -30.974  2.305 0.6999999881
48407  26.522  -33.529  4.309 0.6000000238
48429  25.085  -33.359  3.573 0.6000000238
48430  24.103  -33.364  3.546 0.6999999881
49569  22.855  -32.378  2.678 0.6999999881
49530  26.768  -32.771  3.986 0.6000000238
50655  20.695  -31.450  2.385 0.6999999881
51571  20.073  -30.673  2.107 0.6999999881
52553  18.981  -29.387  1.430 0.6999999881
48428  26.009  -33.172  3.650 0.6000000238
49547  25.464  -32.791  3.075 0.6000000238
49567  24.728  -32.432  2.621 0.6000000238
49568  23.750  -32.381  2.616 0.6999999881
50653  22.369  -31.719  2.296 0.6999999881
51570  21.094  -30.882  1.954 0.6999999881
51597  20.709  -30.006  1.590 0.6999999881
131381  19.982  -29.285  1.261 0.6999999881
49546  26.324  -32.501  3.219 0.6000000238
50650  25.488  -31.373  2.240 0.5000000000
50651  24.168  -31.807  2.185 0.6000000238
51594  23.059  -30.534  1.382 0.5000000000
51595  22.328  -30.641  1.539 0.6999999881
52574  21.684  -29.279  0.679 0.6999999881
53596  20.187  -28.559  0.773 0.6999999881
55967  27.078  -26.270  -3.428 0.3000000119
55968  26.515  -26.923  -4.332 0.3000000119
22269  16.574  -59.219  9.421 0.4000000060
23268  15.079  -59.119  9.823 0.3000000119
146224  14.525  -58.655  9.987 0.4000000060
22283  17.604  -58.871  8.204 0.3000000119
23250  14.380  -58.021  10.174 0.4000000060
23316  17.740  -58.089  6.901 0.4000000060
24285  14.261  -57.213  10.502 0.4000000060
24365  17.381  -57.609  5.562 0.4000000060
126476  17.381  -57.186  4.738 0.4000000060
25438  17.458  -56.603  3.896 0.4000000060
26521  17.859  -55.821  3.930 0.5000000000
26533  16.503  -55.455  2.474 0.4000000060
137038  12.958  -56.372  10.870 0.4000000060
144669  15.758  -53.288  2.028 0.5000000000
26404  12.364  -55.649  10.726 0.5000000000
30494  14.691  -51.522  1.924 0.6000000238
27503  12.016  -55.009  10.414 0.5000000000
27502  12.238  -54.341  10.129 0.5000000000
27528  12.011  -54.129  9.041 0.5000000000
31492  14.897  -49.959  2.229 0.6000000238
28583  13.181  -52.965  8.980 0.5000000000
28597  13.311  -53.013  7.814 0.4000000060
33620  14.966  -48.405  2.206 0.6999999881
34585  15.659  -47.281  2.340 0.6999999881
31434  15.688  -50.775  7.524 0.5000000000
35588  16.633  -46.725  2.268 0.8000000119
35567  17.703  -46.249  2.266 0.6999999881
32479  14.504  -49.735  7.456 0.5000000000
32473  15.036  -49.231  7.894 0.6000000238
141957  25.867  -36.962  8.314 0.6000000238
46061  26.339  -36.038  7.750 0.6000000238
48406  27.267  -33.121  4.650 0.6000000238
49545  26.895  -32.142  3.645 0.5000000000
127458  26.281  -31.215  2.448 0.5000000000
51592  25.043  -30.286  1.509 0.5000000000
51593  24.059  -30.426  1.178 0.5000000000
52549  23.255  -29.853  0.864 0.5000000000
52573  22.598  -29.242  0.533 0.5000000000
54749  21.348  -27.744  0.127 0.5000000000
57077  27.277  -25.500  -3.672 0.3000000119
140432  26.901  -26.080  -4.254 0.3000000119
55979  25.932  -27.155  -5.431 0.3000000119
28570  20.272  -53.407  8.784 0.6000000238
27557  20.147  -54.155  7.499 0.6000000238
32461  17.669  -49.425  9.353 0.8000000119
143746  17.098  -50.874  2.689 0.6999999881
32538  16.388  -49.006  2.821 0.6999999881
138121  16.008  -47.699  3.021 0.6999999881
51572  18.878  -30.246  1.912 0.6999999881
54833  25.985  -27.787  -5.005 0.3000000119
36504  16.787  -45.909  2.738 0.8000000119
131510  17.512  -47.137  1.797 0.6999999881
49549  23.383  -32.886  3.186 0.6999999881
23265  17.203  -58.180  9.132 0.4000000060
24315  17.701  -57.250  8.427 0.4000000060
127145  17.810  -58.319  7.754 0.3000000119
25371  18.261  -56.186  7.644 0.5000000000
25316  13.495  -56.991  10.558 0.5000000000
25452  17.009  -56.870  3.181 0.3000000119
26534  15.581  -55.153  2.163 0.4000000060
25317  12.085  -56.423  10.468 0.5000000000
32477  16.096  -50.294  7.709 0.6000000238
50674  21.939  -31.110  1.852 0.6999999881
51598  19.767  -29.894  1.717 0.6999999881
49548  24.692  -32.949  3.195 0.6999999881
139508  24.122  -32.794  3.066 0.6999999881
50652  23.257  -31.776  2.214 0.6999999881
49566  25.786  -32.076  2.557 0.6000000238
135281  24.973  -31.778  2.286 0.5000000000
50672  23.667  -31.175  1.718 0.6000000238
50673  22.760  -31.169  1.818 0.6999999881
52551  21.429  -29.808  1.164 0.6999999881
52552  20.838  -29.308  0.904 0.6999999881
50628  26.698  -31.763  2.994 0.5000000000
50670  25.683  -30.728  1.990 0.5000000000
50671  24.710  -31.096  1.862 0.5000000000
52550  22.279  -29.983  1.091 0.5000000000
53595  21.993  -28.530  0.236 0.5000000000
132187  21.076  -28.552  0.500 0.6999999881
50627  27.171  -31.474  3.737 0.5000000000
52548  24.627  -29.875  1.032 0.5000000000
53594  22.943  -28.540  0.039 0.5000000000
34608  15.328  -47.521  1.962 0.6000000238
132930  16.331  -47.384  1.828 0.6000000238
36484  20.760  -45.324  2.333 0.5000000000
35587  18.589  -46.897  1.817 0.6000000238
35566  18.795  -46.173  2.152 0.6000000238
37357  22.608  -44.704  1.554 0.5000000000
37343  21.340  -44.726  2.421 0.5000000000
36485  19.914  -45.384  2.270 0.6000000238
35483  14.546  -46.670  8.831 0.5000000000
37345  19.189  -44.628  2.051 0.6000000238
135829  23.900  -43.646  1.188 0.5000000000
37342  22.197  -44.365  2.318 0.5000000000
39128  24.551  -43.052  1.328 0.5000000000
36374  14.378  -45.827  8.571 0.4000000060
147308  13.981  -45.238  8.058 0.4000000060
145398  23.461  -43.655  1.777 0.5000000000
39127  25.250  -42.503  1.016 0.5000000000
39110  24.840  -42.217  1.959 0.5000000000
37279  14.187  -43.869  7.533 0.4000000060
40095  26.301  -41.403  1.430 0.5000000000
40077  25.571  -41.712  1.821 0.5000000000
38127  14.290  -43.088  7.380 0.4000000060
40991  18.083  -40.706  8.557 0.4000000060
147958  17.536  -40.363  8.413 0.4000000060
131627  17.056  -40.003  8.234 0.4000000060
40992  16.337  -40.511  8.096 0.3000000119
43029  21.363  -38.055  9.454 0.4000000060
42009  19.164  -39.252  9.020 0.4000000060
132582  18.696  -39.978  8.744 0.4000000060
45045  21.547  -37.086  9.501 0.4000000060
132371  17.845  -39.856  8.473 0.4000000060
43048  18.894  -37.954  8.982 0.4000000060
132815  18.394  -39.206  8.678 0.4000000060
147133  17.362  -39.542  8.400 0.4000000060
42010  16.890  -39.154  8.249 0.4000000060
41993  20.945  -38.941  9.372 0.4000000060
43030  20.362  -38.265  9.259 0.4000000060
45044  22.271  -36.816  9.497 0.4000000060
44062  20.571  -37.283  9.371 0.4000000060
44063  19.715  -37.697  9.140 0.4000000060
44079  19.072  -37.169  9.099 0.4000000060
134780  17.644  -39.107  8.513 0.4000000060
45061  18.566  -36.519  8.933 0.4000000060
147691  17.658  -37.140  8.555 0.4000000060
43050  17.317  -38.517  8.409 0.4000000060
129287  24.738  -37.112  9.007 0.4000000060
125006  21.827  -36.297  9.490 0.4000000060
124999  21.000  -36.416  9.490 0.4000000060
45046  20.172  -36.426  9.354 0.4000000060
45042  24.451  -36.469  9.085 0.4000000060
45043  23.640  -36.316  9.374 0.4000000060
127321  22.741  -36.120  9.491 0.4000000060
46049  20.553  -35.686  9.480 0.4000000060
123698  19.792  -37.004  9.208 0.4000000060
45060  19.374  -36.422  9.153 0.4000000060
45047  18.889  -35.720  9.020 0.4000000060
126005  17.805  -36.622  8.685 0.4000000060
45058  25.796  -36.357  8.316 0.5000000000
45059  25.227  -36.713  8.731 0.5000000000
46045  24.210  -35.607  9.112 0.5000000000
132878  22.868  -35.167  9.503 0.4000000060
46047  22.137  -35.633  9.486 0.4000000060
46048  21.394  -35.650  9.495 0.4000000060
46050  19.720  -35.693  9.350 0.4000000060
131407  25.074  -35.969  8.748 0.5000000000
142168  23.618  -35.106  9.292 0.4000000060
128789  21.944  -34.867  9.492 0.4000000060
128633  20.988  -34.916  9.507 0.4000000060
47169  23.361  -34.385  9.264 0.4000000060
47170  22.624  -34.443  9.468 0.4000000060
47171  21.450  -34.134  9.487 0.4000000060
48362  24.269  -33.239  8.512 0.4000000060
48363  23.422  -33.495  8.945 0.4000000060
48364  22.745  -32.985  9.125 0.4000000060
49477  22.564  -32.279  8.662 0.4000000060
47184  25.742  -34.280  8.161 0.5000000000
48361  25.266  -33.372  8.204 0.4000000060
49476  23.451  -32.592  8.516 0.4000000060
50564  22.257  -31.591  8.240 0.3000000119
47199  27.213  -34.816  6.665 0.5000000000
137712  24.785  -34.093  8.638 0.5000000000
47185  24.172  -34.721  8.945 0.4000000060
48338  22.731  -33.768  9.361 0.4000000060
48339  21.993  -33.343  9.444 0.4000000060
47186  23.970  -34.004  8.804 0.4000000060
141663  26.346  -33.530  7.623 0.5000000000
138004  24.204  -32.497  8.213 0.4000000060
49496  23.868  -31.927  7.970 0.4000000060
48382  27.293  -33.050  6.696 0.5000000000
49475  24.779  -32.739  8.103 0.4000000060
49495  24.619  -32.128  7.730 0.4000000060
50584  23.492  -31.390  7.627 0.4000000060
50563  23.068  -31.791  8.120 0.3000000119
50585  21.843  -30.984  7.884 0.3000000119
49507  26.979  -32.203  6.665 0.5000000000
48381  27.438  -33.715  6.310 0.4000000060
124223  27.540  -33.215  5.859 0.5000000000
50582  25.196  -31.675  7.240 0.3000000119
50583  24.287  -31.332  7.352 0.4000000060
51504  22.781  -30.309  6.968 0.3000000119
137041  22.716  -31.048  7.601 0.3000000119
146717  21.557  -30.036  7.176 0.3000000119
51505  21.340  -30.459  7.610 0.3000000119
50581  26.123  -31.957  7.037 0.3000000119
49506  27.531  -32.392  6.098 0.4000000060
125589  27.562  -31.794  5.054 0.4000000060
49529  27.306  -32.165  4.411 0.4000000060
50599  24.906  -31.119  6.852 0.3000000119
51503  23.548  -30.754  7.180 0.3000000119
126488  22.062  -30.422  7.375 0.3000000119
52482  20.612  -29.302  6.870 0.3000000119
52466  20.157  -29.775  7.405 0.3000000119
50598  25.735  -31.249  6.608 0.3000000119
52481  21.372  -29.537  6.794 0.3000000119
52483  19.812  -29.055  7.041 0.3000000119
50596  27.273  -31.598  6.155 0.3000000119
51550  27.011  -30.762  3.076 0.4000000060
51569  26.485  -30.360  2.337 0.4000000060
51591  25.953  -29.993  1.671 0.4000000060
53502  19.482  -28.326  6.655 0.3000000119
51518  25.757  -30.560  6.297 0.3000000119
128399  25.161  -30.696  6.562 0.3000000119
50597  26.589  -31.567  6.532 0.3000000119
51517  26.658  -30.865  6.138 0.3000000119
126387  27.242  -30.166  4.908 0.3000000119
123327  27.375  -30.666  3.918 0.3000000119
51549  27.341  -29.784  3.509 0.4000000060
51568  26.992  -29.889  2.796 0.4000000060
52529  26.630  -29.517  2.159 0.4000000060
134518  25.316  -29.588  1.213 0.4000000060
52571  24.718  -29.283  0.771 0.4000000060
136592  24.059  -29.666  0.704 0.4000000060
52572  23.477  -29.155  0.437 0.4000000060
146758  26.835  -30.341  5.518 0.3000000119
52528  27.198  -28.993  2.820 0.3000000119
53571  26.792  -28.652  1.944 0.3000000119
139576  25.450  -28.892  0.927 0.4000000060
145714  25.545  -28.264  0.709 0.4000000060
142495  24.171  -29.049  0.468 0.4000000060
54772  23.879  -27.077  -0.323 0.4000000060
54747  23.406  -27.819  -0.248 0.4000000060
54774  21.592  -27.073  -0.290 0.4000000060
54775  20.625  -27.037  -0.097 0.5000000000
53549  27.458  -28.318  3.103 0.3000000119
54726  26.861  -27.705  1.625 0.3000000119
53572  26.179  -28.425  1.177 0.3000000119
54727  26.042  -27.719  0.827 0.4000000060
54745  25.206  -27.716  0.366 0.4000000060
54746  24.341  -27.789  -0.036 0.4000000060
55895  24.838  -26.925  -0.055 0.3000000119
55919  23.447  -26.518  -0.508 0.4000000060
146494  22.325  -26.963  -0.431 0.3000000119
57034  22.422  -25.981  -0.973 0.3000000119
55921  20.959  -26.511  -0.686 0.3000000119
54725  27.376  -27.143  2.388 0.3000000119
130196  27.100  -26.902  1.677 0.3000000119
54744  26.489  -27.022  1.073 0.3000000119
135275  25.694  -27.038  0.509 0.3000000119
55894  25.533  -26.435  0.166 0.3000000119
55917  25.033  -26.005  -0.313 0.3000000119
55918  24.162  -26.277  -0.436 0.3000000119
57033  23.394  -25.793  -0.746 0.3000000119
57052  23.708  -24.916  -0.939 0.3000000119
55875  26.984  -26.367  1.243 0.3000000119
55893  26.252  -26.409  0.625 0.3000000119
57016  25.948  -25.712  0.138 0.3000000119
57031  25.286  -25.137  -0.413 0.3000000119
57032  24.316  -25.370  -0.574 0.3000000119
58098  24.570  -24.601  -0.794 0.3000000119
58116  23.152  -24.760  -1.711 0.3000000119
57053  22.906  -25.395  -1.277 0.3000000119
58115  24.059  -24.273  -1.434 0.3000000119
59168  23.666  -23.778  -3.076 0.3000000119
141231  25.722  -35.711  8.345 0.5000000000
46062  26.147  -35.211  7.948 0.5000000000
34586  14.989  -47.843  2.014 0.6000000238
33643  15.899  -48.205  1.586 0.5000000000
33642  17.368  -48.074  1.462 0.5000000000
34606  19.532  -47.433  1.538 0.5000000000
33641  18.458  -48.404  1.382 0.5000000000
38226  23.623  -43.952  0.200 0.5000000000
36510  22.016  -46.154  0.800 0.5000000000
35586  20.262  -46.804  1.604 0.5000000000
34508  15.950  -48.038  8.786 0.6000000238
35482  15.335  -47.186  9.048 0.6000000238
34510  14.264  -47.533  8.624 0.5000000000
35484  13.766  -46.626  8.270 0.5000000000
35492  12.971  -46.549  7.279 0.5000000000
36388  13.583  -45.832  7.788 0.4000000060
36401  13.574  -45.144  7.297 0.4000000060
37280  13.540  -44.463  6.881 0.4000000060
38128  13.702  -43.576  6.804 0.4000000060
40014  14.499  -41.324  7.364 0.3000000119
140312  15.723  -40.275  7.736 0.3000000119
42011  16.248  -39.647  7.798 0.4000000060
44081  17.387  -37.697  8.421 0.4000000060
45062  17.161  -36.879  8.461 0.4000000060
46063  18.016  -35.865  8.926 0.4000000060
46064  17.533  -35.318  8.845 0.4000000060
128468  20.090  -34.923  9.545 0.4000000060
46051  19.246  -34.928  9.281 0.4000000060
47172  20.543  -34.144  9.501 0.4000000060
47174  18.812  -34.293  9.319 0.4000000060
140921  22.128  -32.626  9.178 0.4000000060
49478  21.734  -32.018  8.856 0.4000000060
48340  21.044  -33.393  9.419 0.4000000060
49453  21.454  -32.662  9.297 0.4000000060
51491  21.093  -30.965  8.165 0.3000000119
51506  20.560  -30.441  7.782 0.3000000119
132322  19.702  -30.334  7.911 0.3000000119
38225  24.195  -43.545  0.163 0.5000000000
39039  14.349  -42.281  7.391 0.4000000060
125262  17.173  -35.965  8.510 0.4000000060
47173  19.590  -34.042  9.478 0.4000000060
139042  21.565  -43.952  2.535 0.5000000000
44061  22.335  -37.611  9.496 0.4000000060
49514  27.571  -32.575  5.267 0.5000000000
128442  23.020  -36.934  9.454 0.4000000060
47198  27.207  -33.905  6.982 0.5000000000
54748  22.367  -27.696  -0.200 0.4000000060
53593  23.851  -28.505  0.121 0.4000000060
142958  19.374  -46.688  1.819 0.6000000238
36501  21.599  -45.692  1.904 0.5000000000
37368  22.802  -45.014  0.387 0.5000000000
43049  18.132  -38.347  8.566 0.4000000060
44080  18.230  -37.351  8.702 0.4000000060
46046  23.425  -35.660  9.402 0.4000000060
124617  25.162  -35.055  8.698 0.5000000000
135208  22.164  -34.093  9.507 0.4000000060
47200  26.695  -34.576  7.443 0.5000000000
49493  26.603  -32.733  7.219 0.5000000000
48372  26.934  -33.294  7.184 0.5000000000
49494  25.560  -32.564  7.638 0.4000000060
140345  27.358  -31.044  5.369 0.3000000119
50615  27.414  -31.302  4.508 0.3000000119
52547  26.091  -29.194  1.470 0.4000000060
53592  24.752  -28.506  0.464 0.4000000060
54703  27.343  -28.048  2.529 0.3000000119
54773  23.022  -27.082  -0.413 0.4000000060
55874  27.359  -26.346  1.939 0.3000000119
57015  26.610  -25.218  0.386 0.3000000119
58128  24.105  -23.937  -2.233 0.3000000119
47187  18.270  -35.000  9.153 0.4000000060
29533  13.851  -52.421  7.361 0.4000000060
30435  14.231  -51.826  7.121 0.4000000060
30440  13.674  -51.625  6.640 0.4000000060
30439  14.292  -51.112  6.940 0.4000000060
31436  13.988  -50.265  7.090 0.3000000119
29610  14.903  -52.247  1.709 0.5000000000
33550  13.976  -48.918  7.839 0.5000000000
32480  13.678  -49.490  7.282 0.3000000119
128394  14.506  -50.969  1.973 0.5000000000
31536  15.141  -50.195  1.561 0.5000000000
30502  14.683  -51.507  1.863 0.5000000000
34509  15.125  -47.989  8.696 0.5000000000
33541  13.812  -48.165  8.191 0.4000000060
125131  14.673  -49.717  1.936 0.5000000000
31535  15.940  -50.369  1.133 0.5000000000
129370  16.503  -49.714  1.155 0.3000000119
33664  15.107  -48.808  1.690 0.5000000000
32585  15.514  -49.620  1.456 0.4000000060
32566  16.910  -48.959  1.286 0.4000000060
31533  18.263  -50.549  0.698 0.3000000119
32583  17.563  -49.742  1.021 0.3000000119
32582  18.636  -49.707  0.976 0.3000000119
32565  18.017  -48.994  1.277 0.3000000119
34622  21.169  -48.051  0.935 0.3000000119
33663  19.944  -48.889  1.028 0.3000000119
33640  19.286  -48.269  1.367 0.4000000060
132802  12.942  -45.682  6.895 0.3000000119
35595  22.514  -46.852  0.110 0.4000000060
35596  21.648  -46.800  0.829 0.4000000060
34605  20.483  -47.540  1.356 0.4000000060
148533  13.092  -45.100  6.562 0.3000000119
39040  13.719  -42.721  6.752 0.3000000119
42016  16.346  -38.932  7.742 0.3000000119
43051  16.604  -38.283  8.110 0.3000000119
43062  16.001  -38.524  7.612 0.3000000119
44082  16.513  -37.363  8.245 0.3000000119
44094  15.785  -37.788  7.780 0.3000000119
45063  16.401  -36.504  8.285 0.3000000119
132285  16.841  -35.094  8.591 0.3000000119
47175  18.099  -34.101  9.317 0.3000000119
47188  17.428  -34.620  9.043 0.3000000119
47189  16.612  -34.255  8.812 0.3000000119
127512  15.924  -34.828  8.338 0.3000000119
48341  20.185  -33.361  9.505 0.3000000119
48342  18.759  -33.430  9.475 0.3000000119
48343  17.960  -33.374  9.390 0.3000000119
48344  17.340  -33.840  9.245 0.3000000119
49454  20.652  -32.652  9.373 0.3000000119
49455  19.864  -32.619  9.480 0.3000000119
137565  19.110  -32.581  9.581 0.3000000119
49456  18.178  -32.471  9.506 0.3000000119
50549  18.884  -31.833  9.530 0.3000000119
147417  18.271  -31.588  9.445 0.3000000119
50565  20.995  -31.559  8.753 0.3000000119
50547  20.260  -31.873  9.226 0.3000000119
50548  19.518  -32.033  9.482 0.3000000119
50568  18.685  -31.177  9.177 0.3000000119
29600  15.006  -52.312  1.957 0.5000000000
34604  21.139  -47.266  1.170 0.4000000060
37289  12.950  -44.013  6.331 0.3000000119
143116  19.489  -33.212  9.534 0.3000000119
33551  13.261  -48.329  7.631 0.3000000119
34511  13.351  -47.445  7.781 0.3000000119
129730  11.832  -57.034  10.327 0.4000000060
125805  11.010  -56.787  10.360 0.4000000060
25318  11.351  -56.262  10.283 0.4000000060
26453  9.756  -55.572  8.644 0.4000000060
26452  10.407  -55.219  8.322 0.3000000119
25331  11.029  -55.712  9.857 0.4000000060
26427  10.558  -55.447  9.207 0.4000000060
26451  10.842  -55.011  8.517 0.4000000060
136962  16.698  -56.289  2.690 0.3000000119
27529  11.588  -54.758  9.706 0.4000000060
129391  11.346  -54.733  7.573 0.3000000119
27560  11.666  -54.633  6.804 0.3000000119
27547  11.343  -54.621  8.566 0.4000000060
140050  12.192  -53.724  6.240 0.3000000119
131598  11.315  -55.167  6.189 0.3000000119
28616  12.482  -52.991  6.132 0.3000000119
27546  11.973  -54.150  7.721 0.4000000060
27559  12.230  -54.048  6.722 0.3000000119
29534  13.229  -52.885  6.765 0.3000000119
25319  10.127  -56.646  10.101 0.4000000060
136961  10.086  -55.861  9.549 0.4000000060
29549  13.088  -52.227  6.362 0.3000000119
131292  12.735  -57.259  10.458 0.3000000119
29561  11.826  -52.901  5.726 0.3000000119
22259  14.377  -59.205  9.903 0.4000000060
23251  13.844  -58.496  10.097 0.4000000060
23266  16.709  -58.293  9.650 0.4000000060
23281  17.174  -58.733  8.992 0.4000000060
24286  13.605  -57.699  10.320 0.4000000060
24299  16.614  -57.377  9.958 0.4000000060
25315  13.971  -56.284  10.760 0.5000000000
25330  16.581  -56.515  10.063 0.5000000000
25332  10.710  -56.062  9.987 0.4000000060
25352  17.995  -56.449  8.391 0.5000000000
25372  17.942  -56.943  7.658 0.3000000119
25415  18.009  -56.332  5.690 0.4000000060
26400  15.805  -55.366  10.527 0.5000000000
26405  11.531  -55.555  10.234 0.4000000060
26426  11.088  -55.171  9.366 0.4000000060
27527  17.031  -54.764  9.922 0.6000000238
27558  19.569  -54.626  7.674 0.6000000238
27584  11.783  -54.442  6.049 0.3000000119
27608  19.504  -54.159  4.708 0.6999999881
27620  17.846  -54.805  2.885 0.5000000000
28555  12.981  -54.024  10.503 0.5000000000
28575  12.641  -53.601  9.577 0.5000000000
28584  12.622  -53.534  8.413 0.4000000060
28598  12.746  -53.566  7.279 0.4000000060
28615  20.106  -53.897  6.066 0.8000000119
28669  15.083  -52.941  1.384 0.5000000000
29479  17.500  -52.430  10.268 0.6000000238
29481  15.726  -52.405  10.314 0.6000000238
29495  20.980  -51.950  9.313 0.8999999762
29499  15.238  -51.989  10.015 0.6000000238
29510  21.185  -52.252  8.751 0.8000000119
29530  21.241  -52.318  7.893 0.8999999762
29546  21.264  -52.236  6.968 0.8000000119
29547  20.880  -52.841  6.462 0.8000000119
29548  13.661  -52.202  6.764 0.3000000119
29584  18.271  -52.431  2.812 0.8000000119
30382  17.328  -51.501  10.339 0.6999999881
30397  15.600  -51.548  9.509 0.6000000238
30417  15.798  -51.255  7.878 0.5000000000
30434  15.074  -51.433  7.487 0.5000000000
30516  15.252  -50.947  1.405 0.5000000000
31381  20.163  -49.996  10.237 0.8999999762
31384  17.786  -50.536  10.228 0.6999999881
31407  17.512  -50.160  9.680 0.6999999881
31431  22.371  -50.326  7.818 1.0000000000
31435  14.858  -50.572  7.287 0.4000000060
31441  22.265  -50.188  7.019 1.0000000000
31504  14.592  -50.489  1.981 0.5000000000
31516  14.602  -50.490  1.938 0.5000000000
32440  18.102  -49.850  9.941 0.8999999762
32490  21.687  -49.439  6.230 1.0000000000
32539  15.189  -49.059  2.440 0.6999999881
32546  14.763  -49.151  2.151 0.6999999881
32564  19.003  -48.984  1.197 0.4000000060
32567  14.791  -49.558  1.838 0.5000000000
32581  19.645  -49.587  0.795 0.3000000119
32584  15.972  -49.062  1.419 0.4000000060
33508  21.617  -48.410  10.219 0.8999999762
33511  19.052  -48.823  10.050 0.8999999762
33526  23.337  -48.087  8.739 0.8999999762
33527  22.944  -48.247  9.257 0.8999999762
33528  22.359  -48.368  9.800 0.8999999762
33538  16.415  -48.893  8.520 0.6000000238
33539  15.533  -48.689  8.373 0.6000000238
33540  14.580  -48.425  8.343 0.5000000000
33590  20.059  -48.639  4.679 0.8000000119
33592  18.537  -48.261  3.910 0.8000000119
33593  17.699  -48.133  3.569 0.8000000119
33639  20.231  -48.179  1.244 0.4000000060
34558  16.338  -47.205  3.275 0.6999999881
34568  15.821  -47.099  2.824 0.6999999881
34607  18.484  -47.697  1.536 0.5000000000
34609  15.020  -48.124  1.857 0.5000000000
35456  20.088  -46.733  10.352 0.8999999762
35469  19.231  -46.611  10.215 0.8999999762
35472  16.810  -46.633  9.462 0.6999999881
35474  15.164  -46.214  9.175 0.5000000000
35532  18.476  -46.793  4.351 0.8999999762
35546  16.155  -46.687  3.119 0.6999999881
35565  19.681  -46.100  2.073 0.6000000238
35585  21.044  -46.680  1.473 0.4000000060
35589  16.159  -46.663  2.621 0.6999999881
36365  23.763  -45.531  9.188 0.8999999762
36385  24.316  -45.660  8.587 0.8999999762
36434  18.734  -45.494  4.415 0.8999999762
36443  18.083  -44.937  4.055 0.8999999762
36445  16.963  -45.942  3.388 0.8999999762
36465  16.660  -45.563  3.115 0.8999999762
36486  18.989  -45.426  2.207 0.6999999881
36489  16.452  -46.083  2.901 0.6999999881
36500  22.264  -45.436  1.050 0.5000000000
36502  20.684  -46.098  2.006 0.5000000000
37244  22.165  -43.996  9.625 0.8999999762
37250  15.881  -45.063  9.342 0.6000000238
37260  24.915  -44.478  8.192 1.0000000000
37341  22.925  -44.010  2.059 0.5000000000
37344  20.232  -44.619  2.386 0.6999999881
37358  22.062  -45.048  1.989 0.5000000000
37359  18.528  -43.888  1.831 0.8000000119
37360  17.176  -44.060  2.681 0.8999999762
38126  25.334  -43.465  7.160 1.0000000000
38182  16.913  -44.034  3.059 0.8999999762
38193  23.864  -43.150  1.960 0.5000000000
38199  16.935  -43.640  2.906 0.8999999762
38211  23.297  -44.264  1.096 0.5000000000
38214  17.857  -43.219  1.968 0.8999999762
39016  19.001  -42.158  9.169 0.6000000238
39030  18.171  -42.189  8.969 0.6000000238
39112  23.541  -42.501  2.352 0.6000000238
39114  21.767  -42.542  2.424 0.8000000119
39129  19.915  -42.367  1.801 0.8000000119
39149  24.861  -43.091  0.083 0.5000000000
40080  23.111  -41.801  2.421 0.6999999881
40096  25.829  -41.979  0.613 0.5000000000
40098  21.656  -41.088  1.778 0.8000000119
40100  19.515  -41.742  1.466 0.8000000119
41026  22.806  -40.352  4.636 1.0000000000
41031  18.440  -40.630  3.454 0.8999999762
41032  17.625  -40.487  3.174 0.8999999762
41050  26.648  -40.604  1.977 0.6000000238
41051  25.403  -40.983  2.335 0.6000000238
41068  22.438  -40.266  1.568 0.6999999881
41072  17.597  -40.033  1.775 0.8999999762
42048  20.971  -39.862  3.807 1.0000000000
42050  19.249  -39.183  3.574 1.0000000000
42060  17.722  -39.275  3.027 0.8999999762
42068  27.039  -39.110  2.388 0.6000000238
42069  26.421  -39.736  2.385 0.6000000238
42081  28.411  -39.180  1.730 0.6000000238
42086  20.132  -39.672  0.495 0.8999999762
42089  17.412  -39.457  1.906 0.8999999762
42096  28.773  -39.680  1.069 0.6000000238
43031  19.491  -38.494  9.117 0.4000000060
43105  18.639  -38.608  3.467 1.0000000000
43115  20.577  -38.167  3.720 1.0000000000
43116  19.969  -38.669  3.472 1.0000000000
43124  28.157  -38.424  2.138 0.6000000238
43126  26.042  -38.882  2.545 0.6000000238
43129  24.378  -39.212  2.076 0.6999999881
43130  17.403  -38.776  2.086 0.8999999762
43157  19.380  -38.514  -0.810 0.8999999762
44150  21.236  -37.725  4.073 1.0000000000
44164  25.882  -37.189  2.558 0.6000000238
44178  22.567  -37.384  0.592 0.6999999881
45149  24.862  -36.420  1.934 0.6999999881
45179  19.830  -36.909  -0.640 0.8000000119
45181  18.342  -36.854  -0.856 0.8999999762
46142  20.022  -35.634  3.862 0.8999999762
46144  16.702  -35.238  2.204 1.0000000000
46157  25.168  -35.746  1.880 0.6999999881
46170  25.632  -35.075  1.526 0.6000000238
46179  16.607  -34.976  1.868 0.8999999762
47274  16.582  -34.624  2.261 0.8999999762
47296  16.557  -34.638  1.908 0.8999999762
48416  16.784  -33.634  2.937 0.8999999762
48436  16.572  -33.775  2.469 0.8999999762
48457  22.650  -34.073  0.982 0.6999999881
48463  16.574  -34.032  1.811 0.8999999762
48474  23.578  -33.103  0.141 0.6000000238
48477  20.546  -32.714  0.876 0.6999999881
48517  23.177  -34.375  -3.782 0.6000000238
48538  23.100  -33.434  -3.614 0.5000000000
49532  17.032  -33.215  3.087 0.8999999762
49551  21.041  -32.728  2.988 0.6999999881
49553  17.782  -32.244  2.793 0.8999999762
49554  16.897  -32.484  2.717 0.8999999762
49585  16.438  -32.465  1.922 0.8999999762
49599  18.527  -32.326  0.729 0.8000000119
49616  22.691  -32.110  -0.310 0.6000000238
49633  22.529  -32.967  -2.747 0.6000000238
49649  22.513  -32.297  -2.604 0.6000000238
49663  22.439  -32.096  -3.008 0.5000000000
50546  21.040  -32.112  9.192 0.3000000119
50633  17.088  -31.660  2.522 0.8999999762
50654  21.524  -31.576  2.339 0.6999999881
50656  19.840  -31.504  2.482 0.6999999881
50658  16.411  -32.086  2.051 0.8999999762
50703  20.715  -30.964  -0.270 0.6000000238
50746  23.467  -31.753  -3.392 0.5000000000
50747  22.877  -31.350  -3.145 0.5000000000
51551  17.345  -30.880  2.396 0.8000000119
51596  21.630  -30.413  1.530 0.6999999881
51599  16.536  -30.528  1.318 0.8999999762
51633  16.777  -29.805  0.676 0.8000000119
51663  25.090  -30.709  -3.348 0.4000000060
51666  20.755  -29.799  -1.749 0.6000000238
52464  22.081  -29.849  6.835 0.3000000119
52465  20.929  -29.930  7.266 0.3000000119
52531  17.056  -29.616  1.683 0.8000000119
52532  16.633  -29.876  1.500 0.8000000119
52556  16.506  -30.075  1.222 0.8000000119
52576  16.504  -29.883  0.955 0.8000000119
52593  18.084  -29.119  -0.557 0.6000000238
52610  19.353  -29.292  -1.277 0.6000000238
53629  18.936  -28.542  -1.403 0.6000000238
54729  17.627  -27.798  0.320 0.6999999881
54753  17.586  -27.321  0.005 0.6999999881
54819  21.133  -27.016  -3.220 0.6000000238
54834  25.474  -28.013  -5.496 0.3000000119
54847  25.304  -27.407  -5.650 0.3000000119
55896  19.551  -26.964  0.067 0.6000000238
55898  17.876  -26.660  -0.257 0.6000000238
55920  22.762  -26.472  -0.631 0.3000000119
55924  18.252  -25.988  -0.635 0.6000000238
55925  17.992  -26.491  -0.713 0.6000000238
55946  18.012  -26.508  -1.037 0.6000000238
55958  18.786  -25.733  -1.819 0.6000000238
55971  19.962  -25.611  -3.091 0.5000000000
57035  21.424  -26.033  -1.195 0.3000000119
57036  20.372  -25.701  -1.185 0.4000000060
57056  19.929  -24.912  -1.705 0.5000000000
57069  19.951  -24.731  -2.510 0.4000000060
57070  19.231  -25.024  -1.799 0.4000000060
58129  23.369  -24.264  -2.407 0.3000000119
58132  20.528  -24.567  -2.740 0.4000000060
58142  21.587  -23.792  -4.338 0.4000000060
126342  20.036  -53.679  5.290 0.6000000238
127182  23.012  -44.007  9.431 1.0000000000
127918  27.562  -31.866  5.628 0.3000000119
129031  12.665  -54.846  10.908 0.5000000000
129130  23.889  -44.110  9.155 1.0000000000
130392  14.676  -50.913  2.133 0.6000000238
130399  15.907  -47.147  2.150 0.8000000119
130832  16.530  -32.479  2.328 0.8999999762
131165  17.014  -41.788  2.382 0.8999999762
131393  17.511  -27.619  -0.190 0.6999999881
131846  17.973  -50.994  2.975 0.8000000119
131888  21.919  -26.547  -0.692 0.3000000119
132246  18.395  -32.640  3.136 0.8999999762
133621  16.231  -53.023  10.397 0.6000000238
134720  17.753  -46.888  3.850 0.8999999762
134812  21.726  -41.042  9.489 0.6000000238
134884  16.441  -31.419  1.972 0.8999999762
135554  21.866  -49.955  6.551 1.0000000000
135837  17.459  -41.738  3.278 0.8999999762
136343  18.042  -45.596  4.181 0.8999999762
136614  17.500  -57.683  6.293 0.4000000060
136675  19.905  -47.990  10.334 0.8999999762
136770  16.737  -53.124  2.440 0.6000000238
137010  22.462  -41.129  9.445 0.8000000119
137181  21.408  -46.335  1.462 0.4000000060
137312  25.503  -38.009  2.429 0.6999999881
137785  16.463  -33.350  1.928 0.8999999762
138113  17.672  -33.428  3.287 0.8999999762
138436  21.482  -40.375  4.192 1.0000000000
139012  14.738  -48.724  2.002 0.5000000000
141506  22.853  -40.635  1.966 0.6999999881
141630  20.725  -24.579  -3.354 0.4000000060
141674  22.619  -35.005  1.132 0.6999999881
141685  18.710  -36.293  3.489 1.0000000000
141906  19.729  -45.466  4.647 0.8999999762
142773  21.591  -31.421  8.377 0.4000000060
142836  18.810  -38.658  8.889 0.4000000060
143568  16.745  -29.302  1.328 0.8000000119
144478  12.611  -53.445  6.591 0.3000000119
144742  18.359  -30.854  2.414 0.8000000119
144844  14.083  -44.618  7.778 0.4000000060
144964  21.065  -41.286  1.836 0.6999999881
145179  17.245  -43.797  3.338 0.8999999762
145924  15.550  -56.450  10.613 0.4000000060
146112  17.019  -32.620  1.487 0.8000000119
147561  19.078  -41.221  1.342 0.8999999762
147773  22.437  -31.660  -0.808 0.6000000238
148336  13.312  -48.951  7.422 0.3000000119
148337  17.546  -50.951  10.346 0.6999999881
148440  21.281  -24.041  -4.105 0.4000000060
148852  17.836  -26.882  -0.812 0.6000000238
