#!ascii label  , from subject sub-v1s9x0051331_ses-1 vox2ras=TkReg
379
63106  -24.432  -11.105  -3.349 0.0000000000
65951  -21.549  -7.748  -9.401 0.0000000000
80211  -19.141  6.459  -13.491 0.0000000000
76621  -20.766  2.381  -10.840 0.0000000000
72615  -22.550  -1.258  -8.769 0.0000000000
68751  -25.200  -5.730  -4.323 0.0000000000
81810  -17.905  8.439  -15.168 0.0000000000
74698  -21.407  0.563  -9.660 0.0000000000
71668  -20.376  -2.414  -10.209 0.0000000000
64918  -22.957  -9.430  -6.274 0.0000000000
144311  -23.450  -6.751  -7.038 0.0000000000
65883  -24.755  -8.394  -4.679 0.0000000000
57935  -22.235  -16.257  -2.691 0.0000000000
62219  -22.286  -12.365  -5.750 0.0000000000
85689  -15.328  13.798  -14.295 0.0000000000
84881  -15.913  12.586  -16.631 0.0000000000
84873  -17.900  12.137  -15.367 0.0000000000
131485  -19.750  11.089  -13.495 0.0000000000
81802  -21.269  9.257  -12.747 0.0000000000
78378  -20.739  4.953  -12.016 0.0000000000
80176  -22.482  6.185  -11.150 0.0000000000
78353  -22.702  4.479  -9.641 0.0000000000
75676  -22.965  1.805  -8.291 0.0000000000
73597  -23.505  -0.125  -6.967 0.0000000000
69719  -22.289  -4.809  -8.811 0.0000000000
70653  -24.046  -3.760  -6.578 0.0000000000
72636  -19.771  -1.696  -11.110 0.0000000000
71666  -18.881  -3.089  -10.902 0.0000000000
64002  -23.797  -10.106  -4.550 0.0000000000
65900  -24.236  -8.628  -5.336 0.0000000000
64881  -24.969  -9.585  -3.887 0.0000000000
144179  -22.668  -19.448  0.353 0.0000000000
55999  -22.937  -18.844  0.128 0.0000000000
56951  -23.534  -17.561  -0.405 0.0000000000
63171  -22.120  -11.875  -8.194 0.0000000000
61317  -21.135  -13.583  -7.675 0.0000000000
84872  -17.176  12.012  -16.551 0.0000000000
81799  -18.679  7.469  -14.162 0.0000000000
82554  -18.988  9.408  -13.817 0.0000000000
135610  -19.623  8.855  -13.607 0.0000000000
82556  -20.694  9.845  -13.159 0.0000000000
81787  -20.286  7.791  -13.283 0.0000000000
77489  -20.548  3.635  -11.503 0.0000000000
145249  -21.264  5.460  -11.515 0.0000000000
78361  -21.772  4.330  -10.648 0.0000000000
79258  -22.549  5.515  -10.657 0.0000000000
77473  -21.645  3.606  -10.510 0.0000000000
73637  -21.967  -0.742  -9.272 0.0000000000
75675  -22.458  1.429  -8.900 0.0000000000
74694  -23.105  0.123  -8.345 0.0000000000
74679  -23.386  0.453  -7.699 0.0000000000
134813  -23.501  -1.049  -7.895 0.0000000000
67872  -21.029  -6.792  -9.646 0.0000000000
138944  -20.457  -5.457  -9.823 0.0000000000
67861  -21.645  -6.498  -9.691 0.0000000000
131226  -24.237  -6.184  -6.167 0.0000000000
68779  -23.622  -5.115  -6.764 0.0000000000
69682  -24.551  -4.922  -5.744 0.0000000000
70654  -24.429  -3.148  -5.975 0.0000000000
70625  -25.274  -3.671  -4.636 0.0000000000
57936  -22.949  -15.933  -2.092 0.0000000000
60143  -21.959  -15.068  -3.765 0.0000000000
60128  -22.999  -14.719  -2.675 0.0000000000
61248  -23.397  -13.300  -3.402 0.0000000000
74719  -20.331  0.762  -10.663 0.0000000000
75694  -21.203  1.869  -10.299 0.0000000000
73649  -20.293  -0.274  -10.645 0.0000000000
73635  -20.691  -0.720  -10.040 0.0000000000
135481  -21.696  -1.949  -9.423 0.0000000000
65918  -22.401  -8.547  -8.275 0.0000000000
66896  -22.493  -7.442  -8.500 0.0000000000
121627  -23.184  -8.122  -6.892 0.0000000000
66875  -24.400  -7.393  -5.671 0.0000000000
67796  -25.030  -6.643  -4.487 0.0000000000
57925  -23.193  -16.522  -1.512 0.0000000000
64948  -21.711  -9.773  -9.070 0.0000000000
124270  -22.131  -10.049  -7.852 0.0000000000
63129  -22.631  -10.834  -5.908 0.0000000000
63130  -22.808  -11.500  -5.212 0.0000000000
87411  -14.613  15.788  -14.907 0.0000000000
84846  -15.824  12.394  -14.295 0.0000000000
85704  -15.341  13.626  -15.304 0.0000000000
85718  -16.623  13.381  -16.546 0.0000000000
85705  -17.400  13.525  -16.130 0.0000000000
142426  -18.453  12.864  -14.619 0.0000000000
83318  -18.409  9.825  -15.220 0.0000000000
128905  -18.634  11.633  -13.954 0.0000000000
84849  -19.726  12.542  -13.610 0.0000000000
84054  -20.226  11.823  -13.459 0.0000000000
84043  -21.365  10.860  -13.094 0.0000000000
82540  -22.024  9.856  -12.287 0.0000000000
79279  -20.263  5.607  -12.559 0.0000000000
80192  -21.290  6.780  -12.028 0.0000000000
81012  -21.730  7.601  -11.958 0.0000000000
81774  -23.056  8.976  -11.355 0.0000000000
80998  -23.429  7.720  -10.603 0.0000000000
78354  -23.103  4.933  -9.060 0.0000000000
125524  -22.296  2.637  -9.593 0.0000000000
77460  -22.758  3.091  -9.057 0.0000000000
69727  -19.323  -4.485  -10.357 0.0000000000
70675  -21.419  -3.487  -9.466 0.0000000000
70676  -22.128  -3.178  -9.015 0.0000000000
68801  -23.088  -5.719  -8.112 0.0000000000
69711  -23.131  -4.128  -7.887 0.0000000000
71645  -23.106  -2.302  -7.924 0.0000000000
128875  -23.994  -2.180  -6.952 0.0000000000
72593  -24.122  -1.379  -6.054 0.0000000000
130507  -22.170  -12.960  -5.010 0.0000000000
62190  -23.567  -12.415  -3.592 0.0000000000
62191  -24.345  -12.011  -3.121 0.0000000000
63986  -23.985  -10.623  -3.870 0.0000000000
64003  -24.381  -9.974  -4.085 0.0000000000
63987  -24.662  -10.304  -3.538 0.0000000000
63988  -25.270  -9.877  -3.160 0.0000000000
63969  -25.012  -10.743  -2.964 0.0000000000
55007  -23.511  -19.664  1.392 0.0000000000
55022  -23.264  -19.256  0.699 0.0000000000
55984  -23.906  -18.964  1.077 0.0000000000
81033  -18.650  6.779  -14.011 0.0000000000
81800  -19.493  8.047  -13.640 0.0000000000
145717  -20.201  8.443  -13.390 0.0000000000
81023  -20.315  7.141  -13.153 0.0000000000
75706  -20.311  2.079  -11.304 0.0000000000
76634  -20.325  2.872  -11.458 0.0000000000
77472  -20.976  3.160  -10.824 0.0000000000
78379  -21.117  3.950  -11.005 0.0000000000
76623  -21.593  3.055  -10.358 0.0000000000
73621  -22.472  -0.162  -8.863 0.0000000000
73622  -23.129  -0.706  -8.355 0.0000000000
72616  -23.151  -1.499  -8.183 0.0000000000
66912  -21.067  -7.492  -9.734 0.0000000000
67873  -21.875  -7.049  -9.902 0.0000000000
67795  -24.588  -6.132  -4.962 0.0000000000
68766  -24.456  -5.761  -5.672 0.0000000000
68750  -24.675  -5.297  -4.957 0.0000000000
69668  -24.847  -4.371  -4.959 0.0000000000
127122  -25.130  -4.940  -4.465 0.0000000000
69669  -25.430  -4.303  -4.221 0.0000000000
132477  -25.449  -5.050  -4.048 0.0000000000
59012  -23.336  -15.166  -2.228 0.0000000000
123844  -19.817  0.090  -11.110 0.0000000000
73666  -19.852  -0.813  -11.177 0.0000000000
71667  -19.725  -2.618  -10.796 0.0000000000
72625  -20.578  -1.599  -10.106 0.0000000000
72626  -21.331  -1.273  -9.620 0.0000000000
125791  -21.053  -2.135  -9.727 0.0000000000
64922  -22.446  -9.128  -7.706 0.0000000000
65914  -22.800  -8.494  -7.553 0.0000000000
64923  -23.070  -8.918  -7.007 0.0000000000
140770  -24.241  -8.051  -5.810 0.0000000000
124632  -24.478  -7.994  -5.230 0.0000000000
66853  -24.783  -7.491  -4.707 0.0000000000
66854  -25.404  -7.198  -4.162 0.0000000000
65884  -25.454  -8.023  -4.081 0.0000000000
54011  -22.095  -20.020  0.224 0.0000000000
53994  -22.317  -20.801  1.006 0.0000000000
124129  -23.350  -17.110  -0.929 0.0000000000
57910  -23.778  -16.367  -0.884 0.0000000000
62236  -22.265  -12.277  -7.011 0.0000000000
63157  -22.344  -11.754  -7.734 0.0000000000
140690  -22.369  -11.590  -6.094 0.0000000000
86504  -15.305  14.756  -14.055 0.0000000000
86509  -14.984  14.587  -14.890 0.0000000000
84090  -15.762  12.080  -16.501 0.0000000000
84871  -15.640  12.104  -15.915 0.0000000000
84870  -15.684  12.751  -15.942 0.0000000000
85716  -15.761  13.473  -16.131 0.0000000000
85717  -16.115  13.351  -16.543 0.0000000000
84882  -16.305  12.550  -16.825 0.0000000000
84857  -17.669  12.861  -15.720 0.0000000000
85690  -18.285  13.696  -15.293 0.0000000000
82576  -17.828  9.153  -15.426 0.0000000000
83300  -19.168  10.323  -13.670 0.0000000000
83299  -18.713  9.891  -14.209 0.0000000000
138982  -19.005  11.119  -13.711 0.0000000000
84848  -18.860  12.384  -13.861 0.0000000000
136394  -19.314  11.785  -13.602 0.0000000000
142374  -20.863  10.462  -13.179 0.0000000000
83302  -21.334  10.153  -12.790 0.0000000000
83284  -21.870  10.560  -12.649 0.0000000000
81789  -21.924  9.036  -12.203 0.0000000000
77488  -20.008  3.495  -12.049 0.0000000000
78389  -19.965  4.807  -12.632 0.0000000000
80203  -20.520  6.530  -12.694 0.0000000000
79280  -20.937  5.915  -12.025 0.0000000000
80193  -21.643  6.136  -11.529 0.0000000000
136174  -22.066  6.898  -11.528 0.0000000000
81773  -22.298  8.405  -11.785 0.0000000000
81013  -22.397  7.591  -11.511 0.0000000000
81014  -22.970  8.029  -11.228 0.0000000000
80997  -22.878  7.069  -11.062 0.0000000000
125477  -22.411  4.787  -10.302 0.0000000000
80177  -23.103  6.240  -10.623 0.0000000000
79246  -23.082  5.517  -9.848 0.0000000000
144200  -23.471  6.037  -9.399 0.0000000000
75684  -21.591  1.355  -9.759 0.0000000000
76614  -21.846  2.090  -9.884 0.0000000000
76604  -22.596  2.266  -8.932 0.0000000000
78345  -23.062  4.043  -8.883 0.0000000000
76605  -23.046  2.605  -8.359 0.0000000000
74669  -23.814  0.092  -6.159 0.0000000000
143895  -18.873  -4.784  -10.415 0.0000000000
69718  -21.550  -4.900  -9.289 0.0000000000
145598  -20.931  -5.007  -9.579 0.0000000000
129661  -21.932  -4.080  -9.137 0.0000000000
66892  -23.090  -7.055  -7.741 0.0000000000
67851  -22.684  -6.470  -8.376 0.0000000000
67839  -23.252  -6.247  -7.613 0.0000000000
69694  -23.576  -4.418  -6.776 0.0000000000
69703  -23.291  -4.663  -7.389 0.0000000000
70660  -23.272  -3.903  -7.117 0.0000000000
70668  -23.129  -3.255  -7.758 0.0000000000
131626  -23.523  -3.266  -7.052 0.0000000000
71637  -23.582  -2.577  -7.312 0.0000000000
71625  -24.010  -2.861  -6.681 0.0000000000
71610  -24.754  -2.537  -5.371 0.0000000000
71626  -24.236  -2.194  -6.163 0.0000000000
72578  -24.535  -1.654  -5.479 0.0000000000
61235  -23.772  -13.611  -2.679 0.0000000000
62176  -24.032  -12.853  -2.970 0.0000000000
135601  -24.591  -12.567  -2.635 0.0000000000
70686  -19.426  -3.600  -10.499 0.0000000000
64023  -22.948  -10.081  -5.837 0.0000000000
64912  -23.592  -9.480  -5.398 0.0000000000
64900  -24.457  -9.296  -4.600 0.0000000000
64882  -25.258  -8.923  -4.160 0.0000000000
137826  -25.435  -9.262  -3.631 0.0000000000
138712  -25.716  -9.743  -2.613 0.0000000000
55006  -22.841  -19.952  0.871 0.0000000000
56950  -22.977  -17.830  -0.813 0.0000000000
56015  -23.313  -18.183  -0.165 0.0000000000
56935  -24.132  -17.723  0.209 0.0000000000
62268  -20.931  -12.416  -8.504 0.0000000000
62249  -22.276  -12.733  -8.127 0.0000000000
62235  -22.032  -13.150  -7.658 0.0000000000
130089  -15.888  13.979  -13.241 0.0000000000
84091  -15.864  11.444  -16.306 0.0000000000
84883  -16.536  12.056  -16.931 0.0000000000
84092  -16.326  11.422  -16.538 0.0000000000
84093  -17.313  11.305  -15.969 0.0000000000
82568  -18.585  9.178  -14.881 0.0000000000
134259  -18.721  8.411  -14.242 0.0000000000
82555  -19.864  9.652  -13.480 0.0000000000
83301  -20.187  10.405  -13.382 0.0000000000
81801  -20.478  9.076  -13.291 0.0000000000
133028  -20.834  8.407  -13.017 0.0000000000
138810  -20.757  4.274  -11.545 0.0000000000
79270  -21.210  4.813  -11.074 0.0000000000
79271  -21.831  5.510  -11.078 0.0000000000
79257  -21.938  4.995  -10.716 0.0000000000
78362  -22.224  3.994  -10.152 0.0000000000
125780  -21.883  0.033  -9.367 0.0000000000
74699  -22.068  0.776  -9.283 0.0000000000
74693  -22.581  0.638  -8.711 0.0000000000
126552  -22.992  0.971  -8.278 0.0000000000
75662  -23.361  1.315  -7.648 0.0000000000
73611  -23.460  -0.386  -7.833 0.0000000000
126383  -23.632  -0.938  -7.239 0.0000000000
68820  -20.029  -5.866  -9.945 0.0000000000
68821  -20.782  -6.178  -9.759 0.0000000000
68810  -21.178  -5.654  -9.553 0.0000000000
68811  -21.755  -5.608  -9.108 0.0000000000
67828  -23.680  -6.036  -6.764 0.0000000000
68780  -24.243  -5.464  -6.275 0.0000000000
69695  -24.252  -4.632  -6.369 0.0000000000
126172  -24.632  -4.052  -5.889 0.0000000000
70640  -24.898  -3.433  -5.228 0.0000000000
71598  -25.265  -2.876  -4.629 0.0000000000
59027  -22.111  -15.538  -3.252 0.0000000000
59011  -22.659  -15.375  -2.668 0.0000000000
60144  -22.508  -14.708  -3.280 0.0000000000
61247  -22.748  -13.861  -3.783 0.0000000000
60145  -23.116  -14.065  -2.988 0.0000000000
123496  -20.168  1.427  -11.099 0.0000000000
75693  -20.600  1.639  -10.730 0.0000000000
76622  -21.378  2.546  -10.394 0.0000000000
74707  -20.915  1.117  -10.099 0.0000000000
73650  -20.746  0.228  -10.008 0.0000000000
72637  -20.267  -1.184  -10.724 0.0000000000
73636  -21.322  -0.303  -9.630 0.0000000000
72627  -22.008  -1.487  -9.235 0.0000000000
71655  -22.285  -2.194  -9.046 0.0000000000
65933  -21.986  -8.109  -8.743 0.0000000000
66903  -21.843  -7.404  -9.135 0.0000000000
143195  -22.538  -8.051  -8.369 0.0000000000
65919  -22.889  -7.892  -7.794 0.0000000000
66887  -23.385  -7.416  -6.969 0.0000000000
65908  -23.593  -8.574  -6.132 0.0000000000
65909  -23.977  -7.755  -6.360 0.0000000000
67829  -24.033  -6.909  -6.387 0.0000000000
67813  -24.424  -6.565  -5.732 0.0000000000
138585  -24.530  -6.848  -5.037 0.0000000000
67787  -25.586  -6.509  -3.804 0.0000000000
65861  -25.687  -8.686  -3.554 0.0000000000
53094  -22.546  -21.079  2.074 0.0000000000
56980  -22.036  -17.085  -2.260 0.0000000000
56966  -22.632  -17.318  -1.521 0.0000000000
57924  -22.600  -16.617  -1.998 0.0000000000
138696  -21.639  -8.507  -9.276 0.0000000000
121729  -21.994  -8.963  -8.957 0.0000000000
64933  -22.007  -9.413  -8.428 0.0000000000
64917  -22.565  -9.724  -7.117 0.0000000000
125654  -22.096  -11.071  -8.045 0.0000000000
64034  -22.389  -10.733  -7.371 0.0000000000
64022  -22.616  -10.310  -6.530 0.0000000000
64012  -23.233  -10.509  -5.226 0.0000000000
63120  -23.351  -10.972  -4.389 0.0000000000
87407  -15.304  15.741  -13.812 0.0000000000
128274  -15.666  13.125  -13.566 0.0000000000
84855  -15.550  12.791  -14.940 0.0000000000
86515  -15.392  14.444  -15.661 0.0000000000
134240  -16.936  12.642  -16.640 0.0000000000
86516  -17.905  14.243  -15.847 0.0000000000
86517  -18.582  14.442  -15.600 0.0000000000
86510  -19.198  14.079  -15.051 0.0000000000
133366  -18.953  13.530  -14.579 0.0000000000
83330  -17.664  10.464  -15.647 0.0000000000
84073  -18.326  11.418  -15.100 0.0000000000
84053  -18.616  10.691  -14.452 0.0000000000
85682  -19.234  13.106  -13.951 0.0000000000
85691  -19.701  13.711  -14.368 0.0000000000
85683  -20.141  13.230  -13.788 0.0000000000
84851  -21.582  12.590  -13.574 0.0000000000
124584  -20.632  11.061  -13.341 0.0000000000
84055  -21.247  11.726  -13.381 0.0000000000
79278  -19.580  5.400  -12.930 0.0000000000
80202  -19.697  6.091  -12.996 0.0000000000
124875  -20.978  7.509  -12.715 0.0000000000
81788  -21.519  8.369  -12.417 0.0000000000
82541  -22.550  9.263  -11.897 0.0000000000
125152  -23.291  7.029  -10.355 0.0000000000
80166  -23.470  6.542  -9.757 0.0000000000
80156  -23.792  6.364  -9.132 0.0000000000
76615  -21.870  2.698  -10.068 0.0000000000
142360  -22.437  3.145  -9.571 0.0000000000
139079  -22.270  1.987  -9.409 0.0000000000
125269  -22.540  3.653  -9.562 0.0000000000
70687  -20.109  -3.249  -10.205 0.0000000000
120640  -19.865  -5.022  -10.135 0.0000000000
70674  -20.621  -3.791  -9.794 0.0000000000
71653  -20.847  -2.952  -9.783 0.0000000000
71654  -21.609  -2.648  -9.423 0.0000000000
121575  -22.054  -6.878  -9.167 0.0000000000
67850  -21.995  -6.219  -8.904 0.0000000000
68800  -22.505  -5.630  -8.578 0.0000000000
68790  -23.322  -5.461  -7.516 0.0000000000
69710  -23.070  -4.888  -8.221 0.0000000000
70667  -22.657  -3.874  -8.472 0.0000000000
71644  -22.638  -2.791  -8.427 0.0000000000
129792  -22.739  -1.996  -8.484 0.0000000000
72605  -23.598  -1.728  -7.494 0.0000000000
72592  -23.936  -1.549  -6.751 0.0000000000
73598  -23.826  -0.756  -6.427 0.0000000000
61302  -21.871  -12.960  -6.498 0.0000000000
61284  -21.980  -13.163  -5.749 0.0000000000
61264  -22.197  -13.675  -4.513 0.0000000000
61265  -22.912  -12.952  -4.267 0.0000000000
62202  -22.613  -12.299  -4.871 0.0000000000
62203  -23.108  -11.903  -4.277 0.0000000000
63105  -23.712  -11.463  -3.688 0.0000000000
60130  -24.190  -13.972  -2.088 0.0000000000
63145  -22.474  -11.260  -6.826 0.0000000000
63170  -21.668  -12.069  -8.438 0.0000000000
64048  -21.810  -10.361  -8.519 0.0000000000
65932  -21.503  -9.195  -9.521 0.0000000000
69717  -20.441  -4.630  -9.823 0.0000000000
69728  -19.903  -4.124  -10.112 0.0000000000
76590  -23.395  2.203  -7.619 0.0000000000
77461  -23.243  3.362  -8.324 0.0000000000
77469  -22.116  3.239  -10.002 0.0000000000
78377  -20.299  4.152  -12.148 0.0000000000
80212  -19.913  6.691  -13.223 0.0000000000
81034  -19.534  7.208  -13.560 0.0000000000
81041  -17.800  7.655  -14.839 0.0000000000
84104  -15.986  11.953  -16.843 0.0000000000
139783  -18.406  12.130  -14.468 0.0000000000
141953  -21.170  -4.310  -9.525 0.0000000000
142363  -20.160  -1.914  -10.697 0.0000000000
144256  -22.060  1.531  -9.501 0.0000000000
