#!ascii label  , from subject sub-v1s9x0051331_ses-1 vox2ras=TkReg
1643
48554  12.708  -30.437  81.948 0.0000000000
68152  48.010  -11.309  52.231 0.0000000000
125175  30.963  -21.684  69.494 0.0000000000
62794  37.853  -16.116  70.132 0.0000000000
51451  24.673  -27.391  71.861 0.0000000000
51314  20.535  -27.056  82.222 0.0000000000
75885  54.819  -3.111  45.992 0.0000000000
72001  57.079  -6.679  53.452 0.0000000000
61847  42.094  -16.392  60.360 0.0000000000
76935  57.422  -1.462  36.429 0.0000000000
53450  30.548  -24.706  76.017 0.0000000000
123370  16.757  -28.979  82.026 0.0000000000
72944  56.351  -5.394  47.901 0.0000000000
136816  51.877  -7.375  47.526 0.0000000000
66053  47.870  -12.710  57.579 0.0000000000
67088  53.183  -11.490  57.915 0.0000000000
66058  42.698  -12.758  57.431 0.0000000000
58722  35.205  -19.329  65.152 0.0000000000
60717  33.093  -17.806  69.405 0.0000000000
52403  27.063  -26.029  77.466 0.0000000000
52353  25.098  -26.043  83.187 0.0000000000
51383  22.185  -27.582  76.978 0.0000000000
50471  17.836  -28.177  76.537 0.0000000000
53516  27.870  -25.054  70.368 0.0000000000
75879  60.248  -2.295  44.145 0.0000000000
74823  60.562  -3.125  48.663 0.0000000000
70111  52.140  -8.741  52.614 0.0000000000
67026  43.580  -11.642  61.964 0.0000000000
128779  41.327  -19.388  66.483 0.0000000000
121946  55.958  -4.686  40.799 0.0000000000
133796  62.276  -3.616  39.682 0.0000000000
75986  63.805  -2.104  36.110 0.0000000000
54490  29.052  -24.468  79.403 0.0000000000
48541  14.095  -29.804  82.045 0.0000000000
49444  15.779  -28.685  85.602 0.0000000000
49446  13.968  -29.401  85.638 0.0000000000
73874  50.181  -4.278  47.366 0.0000000000
67043  47.050  -11.937  60.787 0.0000000000
67040  49.904  -11.755  60.291 0.0000000000
47452  7.402  -30.640  84.729 0.0000000000
65114  43.141  -13.827  54.308 0.0000000000
59718  30.804  -19.427  65.932 0.0000000000
136770  31.845  -17.793  66.754 0.0000000000
58686  32.005  -19.803  68.844 0.0000000000
51423  25.603  -26.940  74.590 0.0000000000
50454  24.465  -27.975  77.523 0.0000000000
122226  23.333  -27.591  74.669 0.0000000000
52467  25.968  -26.467  70.925 0.0000000000
52430  27.134  -26.292  74.133 0.0000000000
51312  22.487  -26.762  82.588 0.0000000000
75882  57.374  -3.020  44.948 0.0000000000
75853  59.812  -2.210  46.183 0.0000000000
76867  56.745  -2.199  46.473 0.0000000000
72912  56.959  -5.579  51.152 0.0000000000
73848  59.489  -4.645  50.837 0.0000000000
68183  47.762  -10.850  49.575 0.0000000000
69183  49.723  -9.480  49.866 0.0000000000
69136  49.993  -9.984  52.318 0.0000000000
64039  41.014  -14.812  58.171 0.0000000000
66027  41.258  -11.988  59.312 0.0000000000
64013  43.239  -14.403  61.188 0.0000000000
60748  36.553  -18.085  67.854 0.0000000000
59729  38.158  -18.502  66.137 0.0000000000
60729  40.063  -17.471  68.196 0.0000000000
73911  52.718  -4.521  43.383 0.0000000000
74911  54.078  -3.817  41.048 0.0000000000
72980  55.834  -5.518  43.087 0.0000000000
73917  58.751  -4.884  42.655 0.0000000000
76988  61.187  -1.487  33.162 0.0000000000
146558  60.151  -2.444  35.129 0.0000000000
121822  62.980  -3.164  38.124 0.0000000000
74975  59.675  -3.870  37.352 0.0000000000
54562  30.489  -23.585  72.658 0.0000000000
56636  31.924  -21.685  72.069 0.0000000000
55552  31.989  -22.880  75.783 0.0000000000
50402  18.370  -28.323  82.172 0.0000000000
146678  19.871  -27.317  85.388 0.0000000000
50387  17.530  -27.878  85.691 0.0000000000
74866  51.779  -3.879  45.983 0.0000000000
126044  54.508  -2.445  47.187 0.0000000000
74835  52.818  -3.286  47.709 0.0000000000
72065  54.301  -6.346  47.763 0.0000000000
72039  54.334  -6.550  50.422 0.0000000000
67125  47.882  -11.887  54.957 0.0000000000
68119  50.446  -11.255  55.045 0.0000000000
66035  50.220  -12.496  58.133 0.0000000000
59839  40.455  -18.419  59.980 0.0000000000
140602  41.472  -15.908  70.855 0.0000000000
130440  10.833  -31.059  81.764 0.0000000000
48517  11.539  -30.436  84.891 0.0000000000
47450  9.419  -30.946  84.562 0.0000000000
66157  45.494  -12.794  51.534 0.0000000000
66109  45.285  -12.977  54.180 0.0000000000
66055  45.304  -12.876  57.826 0.0000000000
67062  44.413  -11.641  59.878 0.0000000000
121800  32.584  -18.667  64.709 0.0000000000
61761  33.841  -17.458  67.666 0.0000000000
61734  35.474  -16.437  69.579 0.0000000000
59664  33.324  -19.164  71.921 0.0000000000
61702  34.635  -16.845  71.942 0.0000000000
132062  27.793  -25.224  79.654 0.0000000000
52337  27.024  -25.777  82.614 0.0000000000
51341  25.577  -26.903  80.305 0.0000000000
51343  23.988  -27.704  80.642 0.0000000000
51345  21.437  -27.570  80.288 0.0000000000
141434  20.786  -27.125  73.805 0.0000000000
51399  19.878  -27.328  76.245 0.0000000000
50445  19.519  -27.785  79.410 0.0000000000
49489  17.408  -28.708  79.728 0.0000000000
121741  15.308  -29.298  78.987 0.0000000000
48583  12.942  -30.127  78.576 0.0000000000
57745  29.582  -21.297  66.088 0.0000000000
54625  28.367  -23.343  66.702 0.0000000000
54595  29.538  -23.305  69.823 0.0000000000
53479  29.132  -25.167  73.417 0.0000000000
52412  28.300  -25.823  76.612 0.0000000000
72942  62.145  -5.769  47.508 0.0000000000
74826  58.064  -3.254  48.525 0.0000000000
70180  49.715  -8.352  47.657 0.0000000000
71137  51.823  -8.245  50.383 0.0000000000
71091  54.267  -7.892  53.207 0.0000000000
68116  52.926  -10.626  55.068 0.0000000000
70060  54.911  -9.041  54.978 0.0000000000
67109  40.252  -12.286  56.782 0.0000000000
147707  42.270  -10.305  59.532 0.0000000000
69016  43.776  -9.553  62.248 0.0000000000
59783  39.686  -18.866  63.190 0.0000000000
59762  42.116  -19.020  64.083 0.0000000000
60714  43.346  -18.226  69.867 0.0000000000
58708  44.052  -19.748  67.218 0.0000000000
61803  43.510  -16.485  63.997 0.0000000000
63956  45.106  -14.769  65.116 0.0000000000
66987  45.838  -11.702  64.625 0.0000000000
74959  57.354  -3.498  38.475 0.0000000000
73017  59.435  -4.996  40.265 0.0000000000
74909  61.263  -3.275  41.743 0.0000000000
53410  29.440  -24.854  80.298 0.0000000000
48553  13.458  -30.069  81.727 0.0000000000
49465  14.112  -29.749  83.824 0.0000000000
48529  13.383  -29.980  83.356 0.0000000000
68043  47.271  -10.736  61.932 0.0000000000
68042  48.190  -10.875  61.826 0.0000000000
47464  6.404  -30.468  83.264 0.0000000000
57729  30.892  -20.945  67.617 0.0000000000
58695  31.447  -19.703  67.174 0.0000000000
57728  31.426  -20.504  68.470 0.0000000000
133938  24.855  -27.321  72.841 0.0000000000
51410  24.156  -27.564  74.881 0.0000000000
51437  23.826  -27.602  73.217 0.0000000000
52483  25.889  -26.369  70.037 0.0000000000
51466  25.310  -26.921  71.377 0.0000000000
52439  25.952  -26.793  72.841 0.0000000000
51313  21.598  -26.863  82.386 0.0000000000
51295  21.473  -26.755  84.691 0.0000000000
75884  55.703  -2.934  45.750 0.0000000000
76875  57.070  -2.404  45.819 0.0000000000
76876  55.465  -2.403  46.423 0.0000000000
72025  56.302  -5.991  51.666 0.0000000000
72902  58.575  -5.485  52.618 0.0000000000
68174  47.801  -11.136  50.454 0.0000000000
69161  48.940  -10.112  50.860 0.0000000000
68151  48.782  -10.840  52.474 0.0000000000
61858  41.309  -16.551  59.041 0.0000000000
62907  41.672  -15.680  59.200 0.0000000000
65039  41.960  -13.970  59.298 0.0000000000
62888  42.953  -15.321  61.211 0.0000000000
61747  37.603  -17.032  68.976 0.0000000000
60731  37.967  -17.580  68.369 0.0000000000
61730  39.034  -16.634  69.556 0.0000000000
73898  53.753  -4.672  44.310 0.0000000000
73909  54.218  -5.022  43.395 0.0000000000
73897  54.673  -4.711  44.424 0.0000000000
73895  56.517  -4.502  44.408 0.0000000000
76949  59.492  -2.039  34.746 0.0000000000
75991  58.772  -2.305  35.930 0.0000000000
74987  60.026  -3.520  36.578 0.0000000000
75970  58.498  -2.577  36.490 0.0000000000
53477  30.573  -24.351  74.204 0.0000000000
54535  31.604  -23.217  74.308 0.0000000000
54528  31.073  -24.079  75.646 0.0000000000
50403  17.579  -28.747  82.095 0.0000000000
122357  18.269  -27.814  84.058 0.0000000000
49462  16.943  -28.670  83.607 0.0000000000
49437  15.465  -28.616  87.399 0.0000000000
50373  16.325  -28.455  87.530 0.0000000000
74867  50.128  -3.841  45.514 0.0000000000
75858  51.817  -3.474  46.724 0.0000000000
74836  51.392  -3.614  47.189 0.0000000000
72949  51.262  -5.491  47.595 0.0000000000
144610  52.059  -5.518  47.614 0.0000000000
71157  52.696  -6.943  47.699 0.0000000000
71143  54.115  -6.923  48.691 0.0000000000
71144  53.577  -7.303  49.295 0.0000000000
66071  47.406  -12.501  56.716 0.0000000000
66069  49.205  -12.510  56.710 0.0000000000
66036  49.338  -12.749  58.268 0.0000000000
137025  51.285  -4.040  44.390 0.0000000000
141091  9.808  -31.071  83.888 0.0000000000
47461  8.994  -31.188  83.741 0.0000000000
65140  44.170  -13.317  51.977 0.0000000000
66129  45.393  -12.857  53.227 0.0000000000
66130  44.518  -13.378  53.557 0.0000000000
66093  43.205  -13.507  55.873 0.0000000000
123954  44.250  -13.303  55.755 0.0000000000
127295  44.239  -12.942  57.078 0.0000000000
66026  45.028  -12.650  59.364 0.0000000000
66042  43.895  -12.595  58.356 0.0000000000
59751  31.634  -18.049  64.639 0.0000000000
61753  32.981  -17.877  67.896 0.0000000000
60765  32.587  -17.629  66.578 0.0000000000
61762  33.540  -17.463  67.923 0.0000000000
61750  34.443  -17.148  68.333 0.0000000000
61736  33.935  -16.954  69.375 0.0000000000
56615  32.733  -21.306  73.337 0.0000000000
57693  32.682  -20.404  71.959 0.0000000000
57673  33.369  -20.550  73.628 0.0000000000
60672  34.787  -17.570  73.655 0.0000000000
147107  35.386  -16.060  72.725 0.0000000000
53434  27.302  -25.501  79.009 0.0000000000
52386  26.808  -25.792  79.954 0.0000000000
52396  26.261  -26.822  78.915 0.0000000000
50455  23.583  -27.909  77.372 0.0000000000
50427  24.601  -27.903  79.647 0.0000000000
50444  22.945  -27.909  78.642 0.0000000000
51344  22.385  -27.836  80.039 0.0000000000
51373  21.372  -27.672  78.595 0.0000000000
122319  21.241  -27.255  72.448 0.0000000000
50480  18.508  -27.722  75.144 0.0000000000
51415  19.310  -27.438  75.136 0.0000000000
50470  18.588  -27.798  76.655 0.0000000000
50457  19.412  -27.702  78.073 0.0000000000
128644  18.726  -27.902  78.004 0.0000000000
131159  18.271  -28.302  79.072 0.0000000000
50448  17.443  -28.515  77.988 0.0000000000
48572  14.501  -29.695  79.159 0.0000000000
58723  29.298  -19.789  65.236 0.0000000000
122653  29.027  -21.050  65.549 0.0000000000
53530  27.142  -25.380  69.033 0.0000000000
54597  28.223  -24.247  69.081 0.0000000000
54607  28.726  -23.651  68.664 0.0000000000
54586  28.956  -23.960  70.329 0.0000000000
54564  29.303  -24.379  71.969 0.0000000000
53503  28.659  -24.809  71.620 0.0000000000
124174  27.141  -26.242  75.814 0.0000000000
52422  27.897  -26.041  75.779 0.0000000000
147951  27.277  -26.000  77.004 0.0000000000
53433  27.840  -25.333  78.873 0.0000000000
52352  26.020  -25.860  82.962 0.0000000000
145795  10.950  -29.955  86.336 0.0000000000
49440  12.071  -29.536  87.198 0.0000000000
147606  60.998  -2.738  45.066 0.0000000000
74830  60.540  -2.845  47.800 0.0000000000
127240  61.098  -3.591  47.409 0.0000000000
73860  61.518  -4.259  48.889 0.0000000000
122814  61.560  -4.795  49.411 0.0000000000
74832  55.105  -2.868  47.798 0.0000000000
146143  56.800  -2.772  48.069 0.0000000000
73862  57.840  -4.306  48.614 0.0000000000
73839  60.205  -4.469  51.361 0.0000000000
121753  51.212  -8.878  51.448 0.0000000000
70148  50.763  -8.920  50.337 0.0000000000
71125  51.857  -8.387  51.375 0.0000000000
139925  53.051  -7.779  52.014 0.0000000000
124078  53.449  -8.360  53.235 0.0000000000
67105  51.583  -11.705  56.301 0.0000000000
68118  51.219  -10.942  55.082 0.0000000000
67104  52.861  -11.284  56.336 0.0000000000
67097  39.166  -12.257  56.449 0.0000000000
67047  42.003  -11.333  60.456 0.0000000000
68081  41.249  -10.729  59.370 0.0000000000
68047  42.309  -9.971  60.923 0.0000000000
69045  43.308  -9.708  60.841 0.0000000000
68028  43.309  -9.914  62.147 0.0000000000
58732  34.823  -19.641  64.404 0.0000000000
58730  36.408  -19.317  64.722 0.0000000000
136027  39.944  -18.328  66.058 0.0000000000
59766  38.661  -18.721  64.424 0.0000000000
59743  40.106  -18.827  64.822 0.0000000000
129393  40.972  -18.919  63.449 0.0000000000
58720  41.695  -19.726  65.345 0.0000000000
61719  42.484  -16.578  70.698 0.0000000000
59710  45.133  -18.794  67.907 0.0000000000
60758  44.138  -17.867  66.125 0.0000000000
60757  44.730  -17.183  66.603 0.0000000000
62852  44.571  -15.291  64.604 0.0000000000
62813  45.378  -15.932  67.028 0.0000000000
73946  55.363  -4.239  40.890 0.0000000000
73968  56.551  -4.108  39.767 0.0000000000
73982  57.894  -4.313  39.099 0.0000000000
73944  57.595  -5.053  40.384 0.0000000000
74887  59.767  -2.895  43.614 0.0000000000
73916  59.596  -4.314  42.315 0.0000000000
75904  61.066  -2.672  42.947 0.0000000000
74897  62.143  -2.752  42.449 0.0000000000
76948  62.792  -1.891  35.110 0.0000000000
74956  62.656  -3.501  38.875 0.0000000000
142529  63.013  -3.450  39.430 0.0000000000
74917  62.291  -3.440  40.481 0.0000000000
54510  29.348  -24.205  78.055 0.0000000000
54508  30.726  -23.923  77.421 0.0000000000
130633  30.294  -23.829  78.915 0.0000000000
143494  15.315  -29.389  82.010 0.0000000000
121757  16.341  -28.856  84.046 0.0000000000
49464  14.971  -29.483  83.380 0.0000000000
142141  14.566  -29.354  85.032 0.0000000000
125191  13.984  -28.991  87.368 0.0000000000
72951  49.669  -4.820  47.295 0.0000000000
123655  49.740  -5.628  47.373 0.0000000000
66023  47.990  -12.985  59.281 0.0000000000
66022  48.925  -12.739  59.122 0.0000000000
67041  49.012  -11.913  60.494 0.0000000000
69029  49.588  -10.250  62.155 0.0000000000
47462  8.087  -31.110  83.497 0.0000000000
47463  7.211  -30.896  83.294 0.0000000000
48519  6.552  -30.294  84.833 0.0000000000
65142  42.598  -13.816  52.882 0.0000000000
66095  41.348  -13.555  55.892 0.0000000000
129300  31.156  -17.910  65.597 0.0000000000
59734  31.099  -18.591  65.987 0.0000000000
60737  32.153  -18.442  67.582 0.0000000000
60718  32.684  -18.350  68.918 0.0000000000
133420  26.020  -27.063  76.265 0.0000000000
51382  26.123  -27.348  78.009 0.0000000000
51394  25.284  -27.492  75.940 0.0000000000
50479  24.318  -27.714  75.785 0.0000000000
51411  22.709  -27.502  75.361 0.0000000000
50472  17.106  -28.557  76.223 0.0000000000
49524  16.196  -28.793  75.736 0.0000000000
52495  26.527  -25.923  69.534 0.0000000000
52481  27.287  -25.591  70.852 0.0000000000
52450  27.520  -25.837  72.647 0.0000000000
52451  26.749  -26.232  72.272 0.0000000000
51422  26.605  -26.602  74.968 0.0000000000
52354  24.176  -26.233  83.349 0.0000000000
75896  59.302  -2.526  44.366 0.0000000000
75866  59.831  -2.193  45.026 0.0000000000
76884  59.077  -2.213  45.029 0.0000000000
76865  58.606  -1.995  46.455 0.0000000000
136273  59.197  -2.293  47.677 0.0000000000
72046  56.367  -5.827  48.897 0.0000000000
72937  57.548  -5.014  48.609 0.0000000000
72924  57.717  -5.326  50.493 0.0000000000
72901  59.566  -5.028  52.542 0.0000000000
69193  48.735  -9.612  48.374 0.0000000000
69174  49.013  -9.878  50.005 0.0000000000
70134  50.126  -9.396  51.093 0.0000000000
69135  50.699  -9.686  52.481 0.0000000000
68100  53.870  -11.168  57.806 0.0000000000
65076  40.063  -13.510  57.488 0.0000000000
66044  39.843  -12.244  57.466 0.0000000000
65040  41.181  -12.928  58.927 0.0000000000
65023  42.329  -13.213  59.923 0.0000000000
66000  43.646  -12.676  61.665 0.0000000000
59716  36.072  -18.476  67.209 0.0000000000
127311  36.969  -18.831  65.783 0.0000000000
59714  37.924  -18.302  67.029 0.0000000000
60746  38.799  -18.060  67.315 0.0000000000
60744  40.585  -17.839  67.522 0.0000000000
74902  52.304  -4.008  42.508 0.0000000000
74913  52.674  -3.334  41.846 0.0000000000
74901  53.067  -4.081  42.276 0.0000000000
124484  54.386  -4.909  42.435 0.0000000000
72992  55.956  -5.418  41.952 0.0000000000
72991  57.298  -5.564  41.635 0.0000000000
72979  56.723  -5.460  43.090 0.0000000000
74889  57.900  -3.622  44.249 0.0000000000
76968  59.695  -1.665  33.959 0.0000000000
76006  60.611  -2.074  34.468 0.0000000000
75988  62.261  -2.310  35.636 0.0000000000
75966  63.587  -2.444  36.748 0.0000000000
75968  61.647  -2.836  36.136 0.0000000000
74974  60.946  -3.899  37.328 0.0000000000
73990  60.349  -4.319  38.026 0.0000000000
55623  30.543  -22.612  70.647 0.0000000000
56669  31.338  -21.527  70.507 0.0000000000
55592  31.648  -22.403  72.719 0.0000000000
55564  32.126  -22.526  74.155 0.0000000000
56577  32.966  -21.763  75.796 0.0000000000
51315  19.725  -27.464  82.447 0.0000000000
143867  20.254  -26.903  84.100 0.0000000000
50398  18.954  -27.566  83.520 0.0000000000
50386  18.810  -27.681  85.734 0.0000000000
50388  16.731  -28.082  85.964 0.0000000000
138306  17.644  -28.090  86.994 0.0000000000
74864  53.204  -3.745  45.738 0.0000000000
75869  54.622  -2.669  46.451 0.0000000000
75870  53.566  -3.101  46.346 0.0000000000
74834  53.464  -2.989  47.726 0.0000000000
137381  54.705  -4.531  47.756 0.0000000000
73873  51.361  -3.939  47.599 0.0000000000
143306  53.001  -4.476  47.762 0.0000000000
72064  55.174  -6.290  47.729 0.0000000000
72047  55.427  -6.189  49.333 0.0000000000
142793  55.144  -6.106  50.472 0.0000000000
72014  55.731  -6.532  52.110 0.0000000000
67149  47.519  -11.701  53.641 0.0000000000
68127  49.220  -11.133  54.061 0.0000000000
136228  49.317  -11.836  55.427 0.0000000000
67106  50.778  -12.006  56.444 0.0000000000
67090  51.929  -11.861  57.803 0.0000000000
129958  50.276  -12.011  59.588 0.0000000000
122017  51.168  -11.670  59.504 0.0000000000
68089  52.890  -11.220  59.048 0.0000000000
60833  41.681  -17.315  60.743 0.0000000000
62782  39.772  -15.742  70.827 0.0000000000
75908  50.654  -2.661  42.810 0.0000000000
74891  51.303  -4.023  43.633 0.0000000000
73900  52.021  -4.413  44.026 0.0000000000
78933  57.175  0.663  35.068 0.0000000000
77947  56.430  -0.073  36.458 0.0000000000
47484  11.778  -30.822  81.829 0.0000000000
47459  12.002  -30.523  83.269 0.0000000000
47460  11.403  -30.819  83.591 0.0000000000
48518  10.782  -30.533  85.231 0.0000000000
135267  9.880  -29.975  86.691 0.0000000000
47451  8.362  -30.930  84.481 0.0000000000
67179  47.088  -11.760  50.879 0.0000000000
67194  45.808  -12.440  50.086 0.0000000000
67165  46.808  -12.142  52.364 0.0000000000
138391  46.833  -12.067  53.233 0.0000000000
67127  46.699  -12.201  54.624 0.0000000000
143149  46.333  -12.550  56.005 0.0000000000
66110  44.506  -13.326  54.530 0.0000000000
66092  45.041  -12.882  56.053 0.0000000000
66054  46.818  -12.753  57.604 0.0000000000
66025  46.019  -12.815  59.416 0.0000000000
67044  46.007  -11.748  60.792 0.0000000000
68060  45.488  -10.841  61.217 0.0000000000
59749  34.351  -19.215  65.024 0.0000000000
60780  32.340  -17.742  65.840 0.0000000000
59733  33.501  -18.076  66.010 0.0000000000
131220  34.863  -18.294  66.509 0.0000000000
60749  35.691  -17.952  67.840 0.0000000000
61749  35.798  -16.841  68.953 0.0000000000
62795  36.677  -16.035  69.967 0.0000000000
57707  31.899  -20.867  70.648 0.0000000000
146562  32.665  -19.684  70.858 0.0000000000
147141  32.976  -18.550  70.456 0.0000000000
59646  33.988  -18.964  73.357 0.0000000000
59663  33.848  -18.590  72.349 0.0000000000
60706  33.678  -17.534  70.781 0.0000000000
61710  34.519  -16.521  71.059 0.0000000000
62786  35.848  -15.805  70.818 0.0000000000
62769  37.209  -15.405  71.314 0.0000000000
53398  28.265  -25.499  81.000 0.0000000000
52366  27.161  -25.800  81.944 0.0000000000
52367  26.423  -25.837  81.988 0.0000000000
52368  25.402  -26.053  82.296 0.0000000000
51371  25.663  -27.586  78.897 0.0000000000
51342  24.750  -27.614  80.334 0.0000000000
51310  24.476  -26.514  82.422 0.0000000000
51327  22.837  -26.980  81.607 0.0000000000
126108  21.927  -27.029  81.701 0.0000000000
51346  20.714  -27.457  80.502 0.0000000000
122320  22.195  -27.493  72.687 0.0000000000
51425  22.467  -27.458  74.486 0.0000000000
51412  21.842  -27.358  75.755 0.0000000000
51427  19.712  -27.229  74.475 0.0000000000
51414  20.095  -27.161  75.341 0.0000000000
128738  21.336  -27.420  76.967 0.0000000000
51374  20.565  -27.541  78.745 0.0000000000
51375  20.111  -27.476  79.104 0.0000000000
51347  20.021  -27.540  80.775 0.0000000000
50419  18.787  -28.131  80.550 0.0000000000
143991  17.951  -28.574  80.484 0.0000000000
49490  16.778  -28.936  80.316 0.0000000000
49509  16.689  -28.834  77.613 0.0000000000
139101  16.057  -28.976  78.784 0.0000000000
49491  15.764  -29.230  80.532 0.0000000000
49492  14.894  -29.507  80.755 0.0000000000
48552  13.973  -29.811  81.078 0.0000000000
48565  12.629  -30.550  80.310 0.0000000000
48566  11.922  -30.820  80.359 0.0000000000
47501  10.535  -30.967  80.215 0.0000000000
59736  29.557  -19.127  64.967 0.0000000000
57744  30.080  -20.777  66.016 0.0000000000
56694  30.387  -21.755  67.941 0.0000000000
56713  29.070  -21.912  65.913 0.0000000000
55651  29.833  -22.408  68.223 0.0000000000
56671  30.338  -22.538  69.764 0.0000000000
55610  30.165  -23.200  71.088 0.0000000000
54548  30.002  -24.042  72.987 0.0000000000
53469  29.913  -25.031  74.526 0.0000000000
52436  28.456  -25.741  73.881 0.0000000000
134038  29.389  -25.662  75.122 0.0000000000
53451  29.808  -25.032  76.366 0.0000000000
53442  28.847  -24.648  78.117 0.0000000000
53424  28.629  -24.846  79.872 0.0000000000
143111  12.629  -29.889  85.475 0.0000000000
49439  12.815  -29.354  86.854 0.0000000000
74862  61.009  -3.186  45.847 0.0000000000
76868  55.691  -2.305  46.560 0.0000000000
75840  57.396  -2.343  47.529 0.0000000000
74824  59.558  -3.074  48.742 0.0000000000
73855  59.321  -4.539  49.540 0.0000000000
73854  60.248  -4.147  50.132 0.0000000000
73853  61.128  -3.859  50.198 0.0000000000
72071  48.333  -5.841  47.444 0.0000000000
71159  50.335  -7.710  47.517 0.0000000000
69192  49.961  -9.061  47.967 0.0000000000
70156  51.415  -8.680  48.941 0.0000000000
70155  52.038  -8.265  48.438 0.0000000000
71123  53.006  -7.319  50.806 0.0000000000
72015  54.039  -6.894  51.708 0.0000000000
71089  56.224  -7.314  53.643 0.0000000000
68136  49.702  -10.731  53.564 0.0000000000
69103  51.163  -10.202  53.911 0.0000000000
69101  52.831  -9.775  54.257 0.0000000000
68107  54.083  -10.445  56.163 0.0000000000
68115  53.724  -10.262  55.135 0.0000000000
70076  53.285  -9.055  53.888 0.0000000000
139799  54.765  -8.699  54.231 0.0000000000
127363  56.317  -7.660  54.381 0.0000000000
66096  40.468  -13.386  55.676 0.0000000000
66059  41.825  -12.377  57.241 0.0000000000
67082  40.283  -11.791  57.770 0.0000000000
67094  41.219  -11.545  57.813 0.0000000000
67079  42.539  -11.535  58.564 0.0000000000
68078  43.559  -10.766  59.914 0.0000000000
68046  44.054  -9.722  61.153 0.0000000000
69014  45.175  -9.220  62.776 0.0000000000
124594  37.810  -18.754  64.706 0.0000000000
147219  40.552  -18.746  62.070 0.0000000000
59799  41.182  -18.540  62.278 0.0000000000
60817  42.285  -17.529  62.644 0.0000000000
61728  40.932  -16.593  69.708 0.0000000000
60716  41.989  -17.285  69.101 0.0000000000
59703  41.788  -18.731  68.037 0.0000000000
58684  43.609  -19.997  69.101 0.0000000000
58703  42.779  -20.359  67.568 0.0000000000
59741  42.680  -19.511  65.375 0.0000000000
61792  43.156  -17.383  64.191 0.0000000000
61814  42.802  -16.706  62.591 0.0000000000
62864  43.714  -15.576  63.300 0.0000000000
63985  44.120  -14.674  63.046 0.0000000000
64988  44.835  -13.372  63.213 0.0000000000
63923  45.934  -14.469  67.075 0.0000000000
64973  45.675  -13.336  64.997 0.0000000000
130436  44.735  -11.691  63.302 0.0000000000
68005  45.014  -10.182  63.980 0.0000000000
76924  56.242  -1.173  37.200 0.0000000000
75948  57.504  -2.567  37.346 0.0000000000
74977  57.791  -3.174  37.778 0.0000000000
73980  59.979  -4.624  38.713 0.0000000000
73964  60.534  -4.667  39.292 0.0000000000
125452  59.041  -5.267  41.163 0.0000000000
73005  59.890  -4.750  40.777 0.0000000000
73941  61.528  -3.792  40.295 0.0000000000
74896  62.522  -3.155  41.899 0.0000000000
53397  28.895  -25.321  80.877 0.0000000000
48542  13.413  -30.046  82.483 0.0000000000
48543  12.708  -30.287  82.896 0.0000000000
69032  46.922  -10.173  62.555 0.0000000000
69031  47.803  -10.351  62.448 0.0000000000
56682  30.942  -21.364  68.577 0.0000000000
139777  31.349  -21.042  69.157 0.0000000000
51436  24.569  -27.399  73.640 0.0000000000
139110  24.064  -27.631  72.383 0.0000000000
51450  25.367  -27.004  72.155 0.0000000000
140760  21.087  -26.887  82.328 0.0000000000
51304  21.652  -26.658  83.807 0.0000000000
51305  20.872  -26.722  83.909 0.0000000000
75868  55.369  -2.554  45.956 0.0000000000
72013  56.685  -6.348  52.483 0.0000000000
72012  57.719  -6.073  52.914 0.0000000000
68167  47.846  -11.280  51.369 0.0000000000
140184  48.407  -10.948  51.753 0.0000000000
61857  41.785  -16.290  59.615 0.0000000000
62900  42.122  -15.624  59.779 0.0000000000
62899  42.560  -15.487  60.412 0.0000000000
61846  42.549  -16.049  61.000 0.0000000000
61731  38.146  -16.647  69.607 0.0000000000
62793  38.647  -16.183  70.100 0.0000000000
74878  54.238  -4.025  45.216 0.0000000000
74877  55.202  -3.827  45.202 0.0000000000
76950  58.596  -1.813  35.287 0.0000000000
76934  58.142  -1.934  36.103 0.0000000000
75971  57.799  -2.195  36.801 0.0000000000
53459  30.599  -24.620  75.105 0.0000000000
53468  31.063  -23.871  74.737 0.0000000000
54518  30.969  -24.106  76.551 0.0000000000
49471  17.101  -28.804  82.864 0.0000000000
74853  50.915  -3.804  46.340 0.0000000000
74854  49.847  -3.817  46.477 0.0000000000
72068  51.347  -6.495  47.438 0.0000000000
139196  52.021  -6.346  47.500 0.0000000000
71151  53.385  -7.288  48.311 0.0000000000
70166  52.578  -7.812  47.946 0.0000000000
66070  48.331  -12.472  56.721 0.0000000000
66037  48.411  -12.902  58.401 0.0000000000
47472  9.232  -31.302  82.082 0.0000000000
66159  43.807  -12.883  51.196 0.0000000000
65156  43.345  -13.305  51.688 0.0000000000
65126  44.062  -13.459  52.785 0.0000000000
65141  43.362  -13.570  52.408 0.0000000000
66076  42.511  -13.068  56.615 0.0000000000
66075  43.594  -13.181  56.683 0.0000000000
66057  43.634  -12.873  57.609 0.0000000000
67092  42.966  -12.457  58.229 0.0000000000
60735  32.901  -18.003  68.619 0.0000000000
61752  33.451  -17.623  68.172 0.0000000000
61751  33.749  -17.235  68.601 0.0000000000
61737  33.450  -17.398  69.004 0.0000000000
57660  33.132  -21.179  74.273 0.0000000000
57659  33.709  -20.516  74.467 0.0000000000
128392  27.123  -25.868  78.393 0.0000000000
52395  26.838  -25.983  79.112 0.0000000000
52404  26.739  -26.435  78.212 0.0000000000
50456  22.763  -27.792  77.716 0.0000000000
50443  23.675  -27.986  78.136 0.0000000000
51372  22.196  -27.773  78.346 0.0000000000
51384  21.746  -27.605  77.725 0.0000000000
126446  18.218  -27.900  75.900 0.0000000000
50458  19.008  -27.712  77.369 0.0000000000
50459  18.139  -28.071  77.439 0.0000000000
50447  18.162  -28.190  78.366 0.0000000000
50460  17.294  -28.495  77.099 0.0000000000
53529  27.767  -24.903  69.494 0.0000000000
53541  27.679  -24.751  68.624 0.0000000000
53528  28.396  -24.477  69.908 0.0000000000
53515  28.516  -24.641  70.763 0.0000000000
53504  28.002  -25.230  71.237 0.0000000000
52414  27.059  -26.164  76.601 0.0000000000
53444  27.547  -25.710  78.262 0.0000000000
128555  25.647  -26.134  83.775 0.0000000000
48484  10.483  -29.744  87.790 0.0000000000
48483  11.271  -29.683  87.521 0.0000000000
75878  61.052  -2.404  43.909 0.0000000000
74875  61.355  -2.696  44.365 0.0000000000
75865  60.674  -2.326  44.621 0.0000000000
139903  61.120  -3.561  48.349 0.0000000000
74822  61.176  -3.528  49.086 0.0000000000
74814  61.378  -3.918  49.612 0.0000000000
73869  55.638  -4.186  47.898 0.0000000000
73868  56.583  -4.319  48.094 0.0000000000
72943  57.128  -4.825  48.248 0.0000000000
70112  51.697  -8.812  52.006 0.0000000000
71093  52.854  -8.266  52.615 0.0000000000
70093  52.668  -8.802  53.188 0.0000000000
126111  52.270  -11.652  56.921 0.0000000000
132179  52.218  -11.438  56.149 0.0000000000
67103  53.220  -11.375  57.159 0.0000000000
132964  43.205  -11.992  61.392 0.0000000000
67028  42.222  -10.710  60.846 0.0000000000
67027  42.915  -10.962  61.343 0.0000000000
68029  42.878  -9.922  61.598 0.0000000000
67012  43.170  -10.503  61.973 0.0000000000
58731  35.655  -19.547  64.533 0.0000000000
58721  35.884  -19.315  65.162 0.0000000000
59727  40.654  -18.721  66.230 0.0000000000
124724  40.431  -18.819  65.491 0.0000000000
59726  41.155  -19.374  65.703 0.0000000000
59742  41.045  -19.257  64.838 0.0000000000
58711  41.755  -20.035  66.058 0.0000000000
59701  45.791  -18.664  68.477 0.0000000000
143641  44.981  -18.123  67.406 0.0000000000
61760  45.098  -16.683  66.951 0.0000000000
61769  44.906  -16.450  66.452 0.0000000000
61759  45.487  -16.665  67.485 0.0000000000
74919  55.165  -3.696  40.418 0.0000000000
74918  55.846  -4.052  40.171 0.0000000000
73967  57.270  -4.460  39.776 0.0000000000
73945  56.669  -4.722  40.411 0.0000000000
75895  59.981  -2.412  43.827 0.0000000000
75905  60.389  -2.731  43.231 0.0000000000
75894  60.640  -2.481  43.532 0.0000000000
75893  61.436  -2.570  43.323 0.0000000000
76947  63.491  -1.831  35.331 0.0000000000
140145  64.025  -1.805  35.466 0.0000000000
75964  64.327  -2.222  36.054 0.0000000000
73978  61.763  -3.993  38.849 0.0000000000
74916  62.961  -3.402  40.161 0.0000000000
54499  29.183  -24.313  78.716 0.0000000000
54498  29.780  -23.981  78.488 0.0000000000
54489  29.749  -24.205  79.263 0.0000000000
49484  14.761  -29.550  81.613 0.0000000000
49473  15.550  -29.348  82.650 0.0000000000
49474  14.802  -29.540  82.435 0.0000000000
49455  13.996  -29.610  84.691 0.0000000000
49438  14.368  -28.959  86.452 0.0000000000
140049  48.514  -5.001  46.955 0.0000000000
72952  48.865  -5.055  47.130 0.0000000000
67059  47.535  -12.542  60.071 0.0000000000
67058  48.506  -12.485  59.930 0.0000000000
67042  48.063  -12.038  60.699 0.0000000000
47474  6.845  -30.745  82.456 0.0000000000
145107  6.064  -30.080  84.874 0.0000000000
59735  30.360  -18.930  65.382 0.0000000000
60768  30.724  -18.202  65.520 0.0000000000
59696  31.586  -19.617  68.038 0.0000000000
59705  31.783  -18.979  67.424 0.0000000000
59704  32.200  -18.937  68.303 0.0000000000
59687  32.458  -19.126  69.284 0.0000000000
51408  25.829  -26.960  75.466 0.0000000000
137090  23.583  -27.631  75.335 0.0000000000
51395  23.352  -27.680  76.030 0.0000000000
52482  26.582  -25.968  70.454 0.0000000000
52466  26.658  -26.076  71.352 0.0000000000
51435  25.328  -27.053  73.696 0.0000000000
51434  26.280  -26.718  73.903 0.0000000000
51407  26.613  -26.600  75.960 0.0000000000
51302  23.274  -26.448  83.471 0.0000000000
52342  23.155  -26.436  84.410 0.0000000000
75897  58.369  -2.783  44.586 0.0000000000
134454  59.044  -2.273  44.744 0.0000000000
75881  58.572  -2.394  44.891 0.0000000000
142716  57.084  -2.232  46.044 0.0000000000
76874  57.785  -2.210  45.638 0.0000000000
76852  58.187  -2.011  46.923 0.0000000000
75838  58.711  -2.022  47.136 0.0000000000
72925  56.705  -5.542  50.118 0.0000000000
68196  47.511  -10.432  48.754 0.0000000000
69184  48.375  -10.110  49.204 0.0000000000
146441  49.390  -10.341  52.176 0.0000000000
69160  49.634  -9.878  51.510 0.0000000000
69159  50.520  -9.442  51.681 0.0000000000
127228  39.628  -13.862  57.070 0.0000000000
128507  40.544  -13.940  57.882 0.0000000000
147614  40.278  -13.299  57.850 0.0000000000
65056  41.186  -13.923  58.527 0.0000000000
136718  42.546  -14.056  59.995 0.0000000000
65022  42.924  -13.581  60.610 0.0000000000
66001  43.119  -12.686  61.049 0.0000000000
65011  43.482  -13.539  61.380 0.0000000000
59715  36.948  -18.486  67.157 0.0000000000
60747  37.437  -18.001  67.773 0.0000000000
60730  38.976  -17.635  68.176 0.0000000000
136315  38.210  -17.893  67.728 0.0000000000
60745  39.684  -17.906  67.477 0.0000000000
73920  52.676  -4.411  42.849 0.0000000000
72981  55.080  -5.287  42.863 0.0000000000
73918  55.243  -5.108  42.134 0.0000000000
72987  55.682  -5.424  42.508 0.0000000000
72986  56.312  -5.562  42.480 0.0000000000
74890  57.118  -3.931  44.606 0.0000000000
74888  58.957  -3.329  44.060 0.0000000000
75989  61.135  -2.425  35.323 0.0000000000
76005  61.833  -2.024  34.793 0.0000000000
75967  62.762  -2.626  36.532 0.0000000000
146423  61.218  -4.187  38.177 0.0000000000
55609  30.733  -22.758  71.433 0.0000000000
56653  31.310  -22.237  71.782 0.0000000000
55593  30.937  -22.924  72.274 0.0000000000
54527  31.563  -23.415  75.267 0.0000000000
141186  31.724  -22.823  73.575 0.0000000000
130134  31.993  -22.732  74.923 0.0000000000
55563  32.429  -22.243  74.682 0.0000000000
55551  32.482  -22.311  75.381 0.0000000000
50401  18.983  -27.762  82.683 0.0000000000
143594  19.513  -27.417  83.124 0.0000000000
50392  17.747  -27.879  84.810 0.0000000000
50391  18.551  -27.570  84.967 0.0000000000
139803  18.156  -27.734  85.516 0.0000000000
50377  18.963  -27.953  86.337 0.0000000000
50378  18.174  -27.905  86.331 0.0000000000
49453  15.861  -28.882  84.698 0.0000000000
49452  16.481  -28.502  84.943 0.0000000000
74865  52.605  -3.844  45.799 0.0000000000
75857  52.479  -3.169  47.323 0.0000000000
75844  53.245  -2.958  47.564 0.0000000000
73870  53.905  -3.464  47.851 0.0000000000
73871  53.110  -3.585  47.866 0.0000000000
74837  49.913  -3.883  46.934 0.0000000000
141817  50.652  -3.860  47.252 0.0000000000
145895  50.720  -4.057  47.490 0.0000000000
72067  52.750  -6.060  47.503 0.0000000000
72948  52.534  -5.026  47.672 0.0000000000
72947  53.505  -5.620  47.575 0.0000000000
72946  54.560  -5.659  47.598 0.0000000000
72054  55.567  -6.335  48.169 0.0000000000
72055  54.749  -6.754  48.039 0.0000000000
72048  54.205  -6.790  49.565 0.0000000000
129708  54.779  -6.437  49.775 0.0000000000
72026  55.368  -6.162  51.383 0.0000000000
72027  54.536  -6.432  51.177 0.0000000000
67138  47.438  -11.864  54.456 0.0000000000
67137  48.373  -11.495  54.205 0.0000000000
143806  48.573  -11.839  55.163 0.0000000000
66051  49.707  -12.624  57.415 0.0000000000
145361  49.991  -12.348  56.596 0.0000000000
138263  50.544  -12.350  57.280 0.0000000000
136719  51.368  -11.979  57.124 0.0000000000
67091  51.069  -12.146  57.984 0.0000000000
67057  49.422  -12.271  59.759 0.0000000000
68077  51.077  -11.260  60.160 0.0000000000
68076  51.758  -11.087  59.935 0.0000000000
67055  52.113  -11.437  59.215 0.0000000000
68053  53.207  -10.279  60.310 0.0000000000
60858  40.906  -17.716  59.507 0.0000000000
60845  41.102  -17.820  60.312 0.0000000000
74892  50.557  -3.451  43.539 0.0000000000
74904  51.088  -3.417  43.018 0.0000000000
74879  51.788  -4.022  44.991 0.0000000000
137667  52.570  -4.227  44.901 0.0000000000
77957  56.755  0.323  35.778 0.0000000000
47470  11.306  -30.914  82.726 0.0000000000
47449  10.396  -30.870  84.513 0.0000000000
47440  9.926  -30.686  85.332 0.0000000000
48506  10.436  -30.217  86.063 0.0000000000
48507  9.481  -30.371  86.136 0.0000000000
129972  7.553  -30.898  84.000 0.0000000000
47442  8.034  -30.647  85.446 0.0000000000
67205  46.584  -11.656  49.433 0.0000000000
67193  46.504  -12.136  49.979 0.0000000000
66158  44.669  -12.855  51.340 0.0000000000
66176  45.240  -12.566  50.741 0.0000000000
67180  46.167  -12.359  50.970 0.0000000000
66156  46.191  -12.556  51.920 0.0000000000
66144  46.144  -12.467  52.822 0.0000000000
142785  46.198  -12.503  53.840 0.0000000000
66108  45.915  -12.586  54.794 0.0000000000
143846  46.486  -12.366  55.379 0.0000000000
66091  45.774  -12.684  55.620 0.0000000000
65128  42.670  -13.897  53.693 0.0000000000
65113  43.917  -13.678  54.166 0.0000000000
66111  43.757  -13.542  54.986 0.0000000000
66074  44.441  -13.033  56.494 0.0000000000
129872  45.040  -12.854  56.966 0.0000000000
136390  45.926  -12.721  57.233 0.0000000000
136434  46.031  -12.929  57.971 0.0000000000
66039  46.489  -12.942  58.593 0.0000000000
66040  45.598  -12.921  58.632 0.0000000000
67061  45.492  -12.214  60.106 0.0000000000
67045  45.018  -11.311  60.628 0.0000000000
58734  33.049  -19.313  64.047 0.0000000000
58733  33.930  -19.599  64.252 0.0000000000
59768  33.456  -19.054  64.881 0.0000000000
60767  31.375  -18.009  66.175 0.0000000000
60781  31.696  -17.795  65.449 0.0000000000
60766  31.845  -17.768  66.248 0.0000000000
60764  33.450  -17.693  66.708 0.0000000000
60779  32.942  -17.774  66.122 0.0000000000
59732  34.174  -18.190  66.240 0.0000000000
60763  34.392  -17.814  66.964 0.0000000000
60762  35.251  -18.169  67.140 0.0000000000
128245  34.958  -16.787  68.936 0.0000000000
60734  35.282  -17.307  68.401 0.0000000000
61733  36.298  -16.468  69.567 0.0000000000
56652  31.617  -21.573  71.244 0.0000000000
57694  32.204  -21.009  71.556 0.0000000000
58645  33.125  -19.797  72.337 0.0000000000
58661  32.876  -19.729  71.548 0.0000000000
59679  33.012  -19.009  71.092 0.0000000000
60682  34.633  -17.331  72.739 0.0000000000
60673  34.277  -18.169  73.126 0.0000000000
61703  34.242  -17.397  72.012 0.0000000000
60693  33.852  -17.916  71.623 0.0000000000
61711  34.044  -17.112  71.372 0.0000000000
132397  33.962  -16.960  70.674 0.0000000000
62771  35.726  -15.706  71.638 0.0000000000
62770  36.442  -15.489  71.414 0.0000000000
53412  28.081  -25.264  80.449 0.0000000000
53399  27.603  -25.613  81.161 0.0000000000
52377  26.467  -26.009  80.764 0.0000000000
51324  25.598  -26.337  81.317 0.0000000000
50466  25.459  -27.780  77.313 0.0000000000
50453  25.239  -27.913  78.192 0.0000000000
50416  24.143  -27.937  80.003 0.0000000000
132338  24.469  -27.290  80.991 0.0000000000
51326  23.888  -27.140  81.522 0.0000000000
122133  23.118  -27.611  80.838 0.0000000000
51358  21.475  -27.712  79.442 0.0000000000
122761  22.159  -27.463  80.962 0.0000000000
51328  21.337  -27.284  81.099 0.0000000000
122321  21.398  -27.251  73.330 0.0000000000
139201  21.486  -27.235  74.310 0.0000000000
142433  21.909  -27.309  75.043 0.0000000000
51413  21.069  -27.114  75.310 0.0000000000
126747  19.391  -27.209  73.787 0.0000000000
51428  18.798  -27.472  74.251 0.0000000000
144586  19.604  -27.374  75.668 0.0000000000
126400  20.544  -27.170  75.970 0.0000000000
51398  20.565  -27.283  76.742 0.0000000000
51385  20.726  -27.457  77.774 0.0000000000
51386  19.862  -27.429  77.321 0.0000000000
147677  19.653  -27.657  78.726 0.0000000000
51360  20.114  -27.576  79.928 0.0000000000
50430  19.424  -27.851  80.233 0.0000000000
50418  19.309  -27.848  81.048 0.0000000000
50431  18.706  -28.185  79.725 0.0000000000
50433  17.542  -28.554  78.933 0.0000000000
50432  17.973  -28.472  79.591 0.0000000000
49481  17.231  -28.837  81.268 0.0000000000
49499  16.752  -28.843  79.313 0.0000000000
49516  16.498  -28.836  76.742 0.0000000000
49500  15.944  -29.063  79.641 0.0000000000
49483  15.512  -29.344  81.359 0.0000000000
49501  15.113  -29.414  79.864 0.0000000000
48573  13.649  -30.027  79.329 0.0000000000
48563  14.276  -29.808  80.072 0.0000000000
48564  13.418  -30.141  80.237 0.0000000000
124514  12.827  -30.379  79.473 0.0000000000
121659  12.008  -30.640  79.628 0.0000000000
47500  11.217  -30.826  79.896 0.0000000000
127266  29.362  -20.402  65.634 0.0000000000
56703  30.161  -21.435  66.940 0.0000000000
55686  28.578  -22.455  65.604 0.0000000000
55676  28.794  -22.644  66.299 0.0000000000
138254  28.903  -22.809  67.053 0.0000000000
55639  29.158  -23.260  69.105 0.0000000000
55652  29.233  -23.009  68.407 0.0000000000
55638  29.731  -22.760  69.029 0.0000000000
146039  30.031  -23.047  70.407 0.0000000000
54585  29.606  -23.600  70.708 0.0000000000
53489  29.553  -24.565  72.773 0.0000000000
54563  29.900  -23.953  72.293 0.0000000000
53478  29.916  -24.617  73.599 0.0000000000
144729  29.555  -25.099  73.945 0.0000000000
52437  27.662  -25.897  73.528 0.0000000000
52449  28.315  -25.540  73.002 0.0000000000
136094  27.814  -25.956  74.273 0.0000000000
52429  28.461  -25.924  74.864 0.0000000000
52421  28.802  -25.850  75.804 0.0000000000
142097  29.490  -25.552  75.869 0.0000000000
53452  29.092  -25.434  76.590 0.0000000000
53441  29.408  -24.732  77.305 0.0000000000
53453  28.620  -25.289  77.395 0.0000000000
51309  27.328  -26.196  82.522 0.0000000000
51297  19.887  -27.018  84.799 0.0000000000
51296  20.698  -26.856  84.764 0.0000000000
51291  20.463  -27.161  85.342 0.0000000000
48531  11.880  -30.513  84.091 0.0000000000
48516  12.480  -30.129  84.716 0.0000000000
48504  12.036  -30.026  85.397 0.0000000000
49424  11.960  -29.511  87.937 0.0000000000
49433  12.749  -29.314  87.623 0.0000000000
49432  13.395  -29.198  87.810 0.0000000000
48473  13.407  -29.575  88.183 0.0000000000
74863  60.453  -2.486  45.532 0.0000000000
74852  60.606  -2.747  46.689 0.0000000000
73867  61.584  -4.545  47.979 0.0000000000
75855  54.894  -2.414  46.706 0.0000000000
75854  55.183  -2.371  46.542 0.0000000000
75842  55.027  -2.192  47.232 0.0000000000
75833  57.356  -2.678  48.091 0.0000000000
75832  58.191  -2.611  48.110 0.0000000000
141982  58.934  -2.645  48.184 0.0000000000
74825  58.934  -3.141  48.570 0.0000000000
72932  58.597  -5.109  49.913 0.0000000000
73856  58.257  -4.744  49.091 0.0000000000
73847  60.667  -4.206  50.608 0.0000000000
147549  60.708  -3.774  50.031 0.0000000000
73846  61.016  -4.416  50.669 0.0000000000
73845  61.406  -4.442  50.059 0.0000000000
71161  48.434  -6.991  47.578 0.0000000000
71160  49.405  -7.342  47.527 0.0000000000
125664  49.219  -9.672  49.134 0.0000000000
146138  49.413  -9.399  48.355 0.0000000000
69182  50.038  -9.322  48.932 0.0000000000
70147  51.359  -8.602  49.970 0.0000000000
70157  50.772  -8.978  49.435 0.0000000000
70167  51.345  -8.476  48.062 0.0000000000
71146  51.980  -8.257  49.530 0.0000000000
71145  52.782  -7.820  49.068 0.0000000000
71136  52.441  -7.813  50.265 0.0000000000
71092  53.585  -7.785  52.623 0.0000000000
127483  53.651  -7.362  52.066 0.0000000000
71107  54.392  -7.289  52.469 0.0000000000
145707  55.228  -6.982  52.512 0.0000000000
71090  55.244  -7.496  53.169 0.0000000000
68126  49.903  -11.030  54.355 0.0000000000
68117  52.040  -10.619  55.004 0.0000000000
146775  51.423  -10.492  54.531 0.0000000000
69102  51.984  -10.011  54.229 0.0000000000
68124  52.598  -10.268  54.613 0.0000000000
69087  55.378  -9.233  55.910 0.0000000000
69088  54.537  -9.755  55.552 0.0000000000
69100  53.576  -9.720  54.481 0.0000000000
70075  54.155  -9.138  54.343 0.0000000000
147226  39.447  -12.365  55.900 0.0000000000
66079  40.072  -12.844  56.051 0.0000000000
66078  40.788  -12.882  56.357 0.0000000000
67108  41.062  -12.264  57.042 0.0000000000
66028  40.656  -12.002  58.679 0.0000000000
67081  40.607  -11.484  58.395 0.0000000000
68080  41.830  -10.313  59.559 0.0000000000
68101  41.076  -10.956  58.381 0.0000000000
67080  41.699  -11.084  58.401 0.0000000000
68091  42.209  -10.688  59.036 0.0000000000
68090  42.927  -11.120  59.013 0.0000000000
68079  42.813  -10.538  59.584 0.0000000000
69035  43.491  -9.615  61.493 0.0000000000
69034  44.234  -9.497  61.847 0.0000000000
68045  44.843  -9.932  61.540 0.0000000000
69015  44.599  -9.359  62.611 0.0000000000
59746  37.622  -18.702  65.566 0.0000000000
59767  37.058  -18.961  65.069 0.0000000000
59765  39.619  -18.822  64.106 0.0000000000
59784  38.900  -18.781  63.569 0.0000000000
122782  39.084  -18.829  62.822 0.0000000000
59801  39.757  -18.861  62.277 0.0000000000
59782  41.642  -18.734  63.400 0.0000000000
123487  41.244  -18.699  62.912 0.0000000000
60806  41.713  -18.249  62.727 0.0000000000
60818  41.761  -17.782  61.757 0.0000000000
60805  42.214  -18.204  63.358 0.0000000000
125548  40.775  -15.630  71.075 0.0000000000
137842  40.340  -16.030  70.209 0.0000000000
142244  41.058  -16.055  70.376 0.0000000000
60705  42.998  -17.216  70.224 0.0000000000
61727  42.193  -16.974  69.917 0.0000000000
60715  42.579  -17.698  69.526 0.0000000000
146474  41.998  -18.405  68.442 0.0000000000
59695  42.863  -18.693  69.182 0.0000000000
58691  44.621  -19.940  68.749 0.0000000000
58683  44.267  -20.036  69.110 0.0000000000
57717  43.560  -20.199  68.573 0.0000000000
57727  43.051  -20.389  68.231 0.0000000000
58702  43.614  -20.282  67.681 0.0000000000
58718  42.735  -19.937  66.017 0.0000000000
58709  43.280  -20.097  66.737 0.0000000000
61780  44.092  -17.034  65.498 0.0000000000
60778  43.648  -17.993  65.308 0.0000000000
61791  43.601  -17.144  64.772 0.0000000000
61804  42.838  -17.252  63.426 0.0000000000
132743  43.200  -16.359  63.179 0.0000000000
62865  43.213  -15.881  62.532 0.0000000000
63969  44.362  -14.995  63.805 0.0000000000
125915  45.010  -14.525  64.260 0.0000000000
64989  44.358  -13.895  62.822 0.0000000000
64974  45.427  -13.603  63.998 0.0000000000
134392  45.869  -15.159  67.428 0.0000000000
63914  46.289  -14.410  67.781 0.0000000000
64959  45.957  -13.133  65.940 0.0000000000
65964  45.908  -12.424  65.269 0.0000000000
65974  45.763  -12.595  64.324 0.0000000000
134079  45.361  -11.701  63.914 0.0000000000
66998  44.780  -10.845  63.708 0.0000000000
66988  45.395  -10.909  64.262 0.0000000000
77939  56.094  -0.438  37.054 0.0000000000
74912  53.332  -3.610  41.433 0.0000000000
75911  52.884  -2.877  40.976 0.0000000000
74921  53.619  -3.128  40.669 0.0000000000
124912  56.886  -2.637  37.932 0.0000000000
73966  58.733  -4.874  39.615 0.0000000000
73981  58.937  -4.497  38.834 0.0000000000
73965  59.702  -4.834  39.451 0.0000000000
144223  58.225  -5.536  41.997 0.0000000000
72990  59.077  -5.072  41.919 0.0000000000
74910  60.417  -3.706  41.944 0.0000000000
73925  59.766  -4.578  41.479 0.0000000000
73924  60.741  -4.012  40.995 0.0000000000
134724  61.774  -3.355  41.042 0.0000000000
74908  62.045  -2.998  41.749 0.0000000000
74885  62.429  -3.073  42.654 0.0000000000
77005  60.850  -1.109  32.387 0.0000000000
75946  63.315  -2.778  37.415 0.0000000000
48528  14.142  -29.793  82.923 0.0000000000
48515  13.319  -29.927  84.250 0.0000000000
68058  47.616  -11.399  61.338 0.0000000000
58712  30.639  -20.202  66.207 0.0000000000
144875  31.139  -19.788  66.530 0.0000000000
146111  31.294  -20.222  67.679 0.0000000000
57718  31.744  -20.478  69.358 0.0000000000
51409  24.976  -27.309  75.145 0.0000000000
51424  24.767  -27.298  74.340 0.0000000000
123872  23.975  -27.580  74.095 0.0000000000
122323  23.127  -27.621  73.883 0.0000000000
51485  25.247  -26.820  70.507 0.0000000000
52452  26.027  -26.617  71.819 0.0000000000
141379  21.838  -26.708  83.051 0.0000000000
51303  22.435  -26.586  83.657 0.0000000000
51294  22.091  -26.952  85.200 0.0000000000
75883  56.575  -2.859  45.535 0.0000000000
76887  57.222  -2.588  45.521 0.0000000000
75867  56.072  -2.569  45.747 0.0000000000
128094  56.235  -2.362  46.201 0.0000000000
72903  57.379  -5.846  52.029 0.0000000000
145568  58.381  -5.827  53.218 0.0000000000
68182  48.401  -10.487  50.177 0.0000000000
68173  48.371  -10.719  51.050 0.0000000000
140220  48.926  -10.470  51.644 0.0000000000
68150  49.510  -10.507  52.850 0.0000000000
62908  41.265  -15.681  58.524 0.0000000000
62915  41.529  -14.849  58.842 0.0000000000
64031  41.934  -14.993  59.398 0.0000000000
64025  42.396  -14.802  59.850 0.0000000000
64024  42.831  -14.625  60.516 0.0000000000
60732  37.059  -17.621  68.460 0.0000000000
61746  38.533  -17.043  68.892 0.0000000000
61745  39.505  -17.025  68.853 0.0000000000
73899  52.918  -4.545  44.163 0.0000000000
73910  53.378  -4.723  43.559 0.0000000000
73908  55.239  -5.177  43.661 0.0000000000
131940  56.185  -5.178  43.775 0.0000000000
73896  55.672  -4.618  44.484 0.0000000000
74876  56.320  -3.656  45.066 0.0000000000
75990  59.383  -2.449  35.491 0.0000000000
75969  60.339  -2.905  35.856 0.0000000000
122906  59.287  -2.844  36.191 0.0000000000
74988  59.012  -3.205  36.877 0.0000000000
54547  30.528  -23.912  73.425 0.0000000000
55579  31.088  -23.194  73.197 0.0000000000
125605  31.095  -23.680  73.915 0.0000000000
54517  31.574  -23.608  76.217 0.0000000000
135075  18.312  -28.018  83.097 0.0000000000
123496  17.827  -28.521  82.753 0.0000000000
50399  17.638  -28.391  83.549 0.0000000000
50393  17.124  -28.340  84.305 0.0000000000
121847  15.210  -28.705  86.476 0.0000000000
50380  16.070  -28.345  86.699 0.0000000000
122106  51.008  -3.926  45.264 0.0000000000
72950  50.343  -5.088  47.547 0.0000000000
142096  50.881  -4.499  47.645 0.0000000000
72066  53.434  -6.538  47.766 0.0000000000
72056  53.977  -6.773  48.110 0.0000000000
72040  53.652  -6.986  50.208 0.0000000000
67107  47.893  -12.267  55.778 0.0000000000
123119  48.804  -12.232  55.963 0.0000000000
66052  48.827  -12.727  57.519 0.0000000000
138537  50.480  -11.097  60.673 0.0000000000
130318  10.001  -31.222  81.669 0.0000000000
47471  10.279  -31.201  82.487 0.0000000000
129649  9.602  -31.286  83.106 0.0000000000
140430  44.965  -13.178  51.924 0.0000000000
66145  45.519  -12.902  52.319 0.0000000000
66146  44.772  -13.193  52.633 0.0000000000
65104  42.755  -13.723  55.141 0.0000000000
66056  44.482  -12.864  57.719 0.0000000000
67077  44.180  -12.214  59.059 0.0000000000
137863  32.403  -17.938  67.388 0.0000000000
127643  32.415  -17.676  66.961 0.0000000000
61763  33.059  -17.720  67.522 0.0000000000
60751  33.073  -17.600  67.288 0.0000000000
133955  34.048  -17.193  68.298 0.0000000000
124474  34.243  -16.922  68.841 0.0000000000
61735  34.654  -16.575  69.667 0.0000000000
56635  32.472  -21.113  72.404 0.0000000000
57684  32.963  -20.485  72.800 0.0000000000
58644  33.547  -19.851  73.083 0.0000000000
62759  35.047  -16.533  72.678 0.0000000000
53425  27.171  -25.426  79.629 0.0000000000
53413  27.276  -25.440  80.446 0.0000000000
52387  26.261  -26.416  79.750 0.0000000000
50442  24.427  -28.006  78.404 0.0000000000
50428  23.880  -28.048  79.175 0.0000000000
50417  23.434  -27.946  80.056 0.0000000000
50429  22.972  -27.948  79.407 0.0000000000
51357  22.205  -27.869  79.081 0.0000000000
51400  19.064  -27.574  75.929 0.0000000000
51387  19.297  -27.559  76.707 0.0000000000
50446  18.922  -27.944  78.767 0.0000000000
49511  14.708  -29.553  78.263 0.0000000000
48582  13.824  -29.849  78.400 0.0000000000
57751  28.981  -20.225  65.134 0.0000000000
54608  28.141  -24.119  68.210 0.0000000000
54616  28.700  -23.420  67.692 0.0000000000
54596  28.822  -23.810  69.491 0.0000000000
54576  29.078  -24.142  71.170 0.0000000000
53490  28.840  -24.960  72.490 0.0000000000
130429  27.509  -26.232  74.964 0.0000000000
52413  27.498  -26.036  76.558 0.0000000000
52402  27.812  -25.839  77.392 0.0000000000
53443  28.243  -25.318  78.210 0.0000000000
48505  11.334  -30.057  85.799 0.0000000000
48494  11.417  -29.809  86.660 0.0000000000
75837  59.869  -2.320  47.256 0.0000000000
72936  61.867  -5.530  48.604 0.0000000000
72931  61.642  -5.682  49.412 0.0000000000
127731  55.497  -2.489  47.417 0.0000000000
74831  56.169  -3.056  48.014 0.0000000000
73863  57.180  -3.572  48.308 0.0000000000
73840  59.776  -4.646  51.873 0.0000000000
123233  48.820  -8.070  47.625 0.0000000000
70133  50.689  -9.022  51.028 0.0000000000
70158  50.282  -9.191  49.860 0.0000000000
70132  51.373  -8.518  50.853 0.0000000000
135517  52.047  -8.028  50.911 0.0000000000
71124  52.566  -7.787  51.352 0.0000000000
67123  50.998  -11.551  55.684 0.0000000000
67122  51.774  -11.250  55.631 0.0000000000
67121  52.527  -11.031  55.661 0.0000000000
70059  55.875  -8.547  55.477 0.0000000000
67110  39.076  -12.045  55.916 0.0000000000
133546  39.613  -12.321  56.376 0.0000000000
66012  41.902  -12.145  59.902 0.0000000000
67065  40.854  -11.230  59.085 0.0000000000
67064  41.407  -11.074  59.837 0.0000000000
131449  41.639  -10.450  59.896 0.0000000000
68063  41.960  -9.933  60.217 0.0000000000
69058  42.343  -9.946  59.937 0.0000000000
69046  42.611  -9.893  60.566 0.0000000000
69017  43.193  -9.676  61.739 0.0000000000
68016  43.883  -9.974  62.820 0.0000000000
59728  39.075  -18.445  65.896 0.0000000000
59745  38.417  -18.613  65.292 0.0000000000
144782  39.755  -18.589  65.444 0.0000000000
124104  40.269  -18.900  63.535 0.0000000000
59764  40.569  -18.957  64.127 0.0000000000
59763  41.398  -19.141  64.022 0.0000000000
62781  42.090  -16.012  71.118 0.0000000000
61709  42.739  -16.308  71.526 0.0000000000
61718  43.282  -16.844  71.064 0.0000000000
60704  43.756  -17.748  70.670 0.0000000000
58701  44.504  -19.739  67.965 0.0000000000
59724  44.087  -19.087  66.597 0.0000000000
134884  44.610  -18.049  66.841 0.0000000000
62838  44.101  -16.170  64.912 0.0000000000
61779  44.622  -16.319  65.748 0.0000000000
62837  44.804  -15.550  65.421 0.0000000000
63938  45.259  -14.965  65.961 0.0000000000
73947  54.799  -3.845  40.867 0.0000000000
74936  56.082  -3.525  39.385 0.0000000000
74935  56.934  -3.819  39.194 0.0000000000
136801  57.992  -4.847  39.827 0.0000000000
73943  58.496  -5.165  40.414 0.0000000000
74900  59.302  -3.852  43.180 0.0000000000
74899  60.114  -3.379  42.819 0.0000000000
74898  60.820  -3.077  42.519 0.0000000000
75910  61.530  -2.864  42.367 0.0000000000
75903  61.720  -2.628  42.832 0.0000000000
76966  62.488  -1.669  34.274 0.0000000000
76987  62.241  -1.439  33.410 0.0000000000
76965  63.208  -1.584  34.564 0.0000000000
76964  63.852  -1.570  34.612 0.0000000000
74955  63.383  -3.351  38.754 0.0000000000
74915  63.258  -3.596  40.005 0.0000000000
54519  30.281  -24.495  76.887 0.0000000000
54509  29.947  -24.111  77.708 0.0000000000
54497  30.436  -23.759  78.263 0.0000000000
54477  30.069  -24.358  79.781 0.0000000000
130383  15.979  -29.262  81.997 0.0000000000
49472  16.302  -29.101  82.701 0.0000000000
49463  15.886  -29.206  83.375 0.0000000000
122701  15.535  -29.252  84.127 0.0000000000
127470  14.754  -29.477  84.326 0.0000000000
49454  15.223  -29.120  84.889 0.0000000000
141883  14.735  -28.762  87.157 0.0000000000
49431  14.710  -28.917  88.008 0.0000000000
74838  49.249  -4.119  46.661 0.0000000000
73875  49.353  -4.334  46.943 0.0000000000
125439  50.586  -6.065  47.439 0.0000000000
125598  50.928  -7.099  47.369 0.0000000000
66038  47.441  -12.946  58.498 0.0000000000
68056  49.513  -11.260  60.937 0.0000000000
68057  48.590  -11.414  61.178 0.0000000000
68041  49.106  -10.836  61.670 0.0000000000
68040  50.014  -10.669  61.459 0.0000000000
47473  8.264  -31.270  82.083 0.0000000000
136290  7.728  -31.120  82.623 0.0000000000
47453  6.809  -30.622  84.035 0.0000000000
123012  6.447  -30.424  86.035 0.0000000000
66112  41.935  -13.764  55.282 0.0000000000
66094  42.240  -13.506  55.931 0.0000000000
59717  31.438  -19.146  66.565 0.0000000000
60752  31.698  -18.268  66.830 0.0000000000
60736  32.642  -18.254  68.076 0.0000000000
52415  26.687  -26.633  76.771 0.0000000000
139123  26.626  -26.733  77.482 0.0000000000
51393  26.142  -27.218  77.043 0.0000000000
143710  25.582  -27.561  76.606 0.0000000000
50467  24.862  -27.827  76.621 0.0000000000
50468  23.955  -27.890  76.678 0.0000000000
50469  23.051  -27.714  76.833 0.0000000000
51396  22.484  -27.533  76.228 0.0000000000
50489  17.857  -27.784  74.403 0.0000000000
50481  17.718  -28.029  75.216 0.0000000000
131571  17.596  -28.243  75.852 0.0000000000
53517  27.208  -25.476  69.962 0.0000000000
52465  27.410  -25.751  71.740 0.0000000000
52438  26.885  -26.284  73.219 0.0000000000
75880  59.583  -2.283  44.435 0.0000000000
76872  59.162  -2.092  45.836 0.0000000000
76873  58.478  -2.109  45.672 0.0000000000
75831  59.939  -2.602  48.139 0.0000000000
72938  56.887  -5.451  48.387 0.0000000000
72933  57.502  -5.317  49.234 0.0000000000
72923  58.582  -5.072  50.958 0.0000000000
72911  58.051  -5.419  51.518 0.0000000000
72910  59.066  -5.045  51.762 0.0000000000
130999  48.002  -9.913  48.194 0.0000000000
69173  49.595  -9.639  50.653 0.0000000000
70113  51.150  -9.265  52.021 0.0000000000
70094  51.453  -9.276  52.707 0.0000000000
67072  53.448  -11.208  58.523 0.0000000000
65077  39.530  -12.950  57.215 0.0000000000
66060  39.458  -12.373  57.077 0.0000000000
65058  40.058  -12.798  57.693 0.0000000000
65057  40.553  -12.964  58.234 0.0000000000
133894  41.798  -12.872  59.434 0.0000000000
66011  42.592  -12.461  60.417 0.0000000000
59748  35.709  -18.947  65.736 0.0000000000
59747  36.407  -19.020  65.481 0.0000000000
140564  36.414  -18.728  66.340 0.0000000000
59730  37.335  -18.629  66.363 0.0000000000
60761  38.655  -18.319  66.631 0.0000000000
60760  39.395  -18.251  66.736 0.0000000000
60759  40.204  -18.248  66.847 0.0000000000
59713  41.014  -18.392  66.919 0.0000000000
75906  52.020  -3.286  42.146 0.0000000000
73928  53.834  -4.287  41.931 0.0000000000
73919  53.416  -4.702  42.808 0.0000000000
129109  54.752  -4.457  41.542 0.0000000000
73927  55.600  -4.934  41.422 0.0000000000
73926  56.444  -5.233  41.285 0.0000000000
73007  57.194  -5.257  40.952 0.0000000000
143140  56.612  -5.590  41.940 0.0000000000
126231  57.153  -5.599  42.342 0.0000000000
72985  57.739  -5.189  42.902 0.0000000000
126930  57.240  -4.724  43.857 0.0000000000
73907  58.351  -4.343  43.537 0.0000000000
76989  60.019  -1.346  33.072 0.0000000000
124029  60.581  -1.707  33.719 0.0000000000
76967  61.512  -1.765  33.974 0.0000000000
75987  63.180  -2.235  35.914 0.0000000000
144614  63.966  -2.319  36.763 0.0000000000
74973  62.175  -3.222  37.163 0.0000000000
74986  61.028  -3.326  36.561 0.0000000000
73989  61.999  -3.652  38.092 0.0000000000
56670  30.911  -22.010  70.237 0.0000000000
147522  31.194  -21.574  70.032 0.0000000000
123990  30.941  -22.021  71.025 0.0000000000
131933  32.185  -21.716  72.794 0.0000000000
56594  32.625  -21.884  74.113 0.0000000000
134766  32.873  -21.760  74.902 0.0000000000
54507  31.461  -23.577  77.125 0.0000000000
55544  31.957  -22.946  76.728 0.0000000000
55535  31.915  -22.929  77.823 0.0000000000
145396  23.586  -27.615  71.494 0.0000000000
129076  20.210  -26.989  83.203 0.0000000000
51306  19.643  -27.166  83.850 0.0000000000
51292  19.288  -27.331  85.220 0.0000000000
51298  19.082  -27.322  84.418 0.0000000000
50385  19.468  -27.653  85.745 0.0000000000
134125  16.512  -28.927  83.311 0.0000000000
122805  17.086  -28.044  85.129 0.0000000000
140817  17.398  -27.923  86.442 0.0000000000
75886  53.939  -3.396  45.981 0.0000000000
134913  54.196  -2.589  46.865 0.0000000000
75871  52.618  -3.281  46.542 0.0000000000
75856  53.311  -2.777  47.043 0.0000000000
75843  53.839  -2.710  47.443 0.0000000000
74833  54.250  -2.774  47.634 0.0000000000
139383  54.680  -3.399  47.890 0.0000000000
130742  50.522  -3.750  46.847 0.0000000000
133622  52.117  -3.544  47.600 0.0000000000
132295  51.692  -4.632  47.763 0.0000000000
73872  52.314  -3.888  47.844 0.0000000000
136441  53.786  -4.564  47.749 0.0000000000
72945  55.466  -5.569  47.662 0.0000000000
72053  56.230  -5.934  48.081 0.0000000000
72926  55.875  -5.809  49.975 0.0000000000
123791  54.785  -6.533  48.899 0.0000000000
72913  55.988  -5.775  50.842 0.0000000000
72002  56.036  -6.941  52.861 0.0000000000
127333  47.445  -11.694  52.752 0.0000000000
68138  48.142  -11.263  53.145 0.0000000000
67136  49.178  -11.437  54.708 0.0000000000
67124  49.770  -11.472  55.031 0.0000000000
123624  50.114  -11.834  55.741 0.0000000000
67076  49.824  -12.444  58.964 0.0000000000
67075  50.703  -12.144  58.824 0.0000000000
67056  50.588  -11.589  60.054 0.0000000000
67074  51.600  -11.850  58.645 0.0000000000
67073  52.561  -11.586  58.409 0.0000000000
68074  53.666  -10.761  59.419 0.0000000000
144562  41.116  -17.180  59.270 0.0000000000
60844  41.483  -17.070  59.810 0.0000000000
62783  38.355  -15.813  70.686 0.0000000000
138491  39.043  -15.862  70.588 0.0000000000
62766  40.057  -15.142  71.620 0.0000000000
74903  51.630  -3.808  42.761 0.0000000000
73912  52.068  -4.305  43.174 0.0000000000
137553  53.368  -4.188  45.068 0.0000000000
77946  57.086  -0.606  36.072 0.0000000000
47469  12.102  -30.584  82.539 0.0000000000
47448  11.157  -30.815  84.242 0.0000000000
140642  10.588  -31.063  83.522 0.0000000000
145126  10.987  -30.700  84.724 0.0000000000
48495  10.615  -29.855  86.926 0.0000000000
130319  8.649  -31.309  82.854 0.0000000000
47441  8.979  -30.760  85.383 0.0000000000
48496  9.029  -29.946  86.981 0.0000000000
48485  9.177  -29.903  87.733 0.0000000000
68184  47.030  -11.098  49.146 0.0000000000
67192  47.195  -11.572  49.827 0.0000000000
67164  47.360  -11.769  51.857 0.0000000000
128610  46.729  -12.118  51.601 0.0000000000
67150  46.941  -12.055  53.965 0.0000000000
67126  47.205  -12.062  55.220 0.0000000000
66090  46.981  -12.350  55.960 0.0000000000
66072  46.553  -12.576  56.657 0.0000000000
65127  43.480  -13.742  53.400 0.0000000000
145140  44.396  -13.242  55.094 0.0000000000
124944  45.000  -12.911  55.130 0.0000000000
66073  45.788  -12.702  56.416 0.0000000000
66024  47.012  -12.901  59.366 0.0000000000
67060  46.526  -12.434  60.142 0.0000000000
68059  46.526  -11.116  61.445 0.0000000000
138321  46.493  -10.416  62.052 0.0000000000
60797  30.964  -17.832  64.940 0.0000000000
141600  32.267  -17.879  65.195 0.0000000000
59750  33.016  -18.202  65.457 0.0000000000
127454  33.892  -18.655  65.584 0.0000000000
121884  34.824  -18.769  65.814 0.0000000000
59731  35.536  -18.582  66.474 0.0000000000
60750  34.797  -17.628  67.735 0.0000000000
60733  36.176  -17.570  68.483 0.0000000000
61748  36.694  -16.960  68.983 0.0000000000
61732  37.218  -16.515  69.663 0.0000000000
138490  37.201  -15.958  70.154 0.0000000000
57708  31.461  -21.071  69.897 0.0000000000
136084  31.853  -20.439  70.009 0.0000000000
58677  32.142  -19.863  69.715 0.0000000000
140754  32.476  -20.321  71.127 0.0000000000
58662  32.261  -20.064  70.395 0.0000000000
142997  32.589  -19.230  70.229 0.0000000000
60708  32.801  -18.439  69.761 0.0000000000
60707  33.219  -17.922  70.217 0.0000000000
58627  33.887  -19.844  73.915 0.0000000000
141588  33.619  -19.298  72.591 0.0000000000
59678  33.524  -18.597  71.578 0.0000000000
60694  33.347  -18.230  70.966 0.0000000000
61722  33.624  -17.266  69.939 0.0000000000
61721  34.219  -16.728  70.189 0.0000000000
125154  34.747  -16.315  70.408 0.0000000000
62772  35.088  -16.098  71.929 0.0000000000
62787  35.115  -15.971  70.996 0.0000000000
62797  35.261  -16.069  70.228 0.0000000000
62796  36.007  -15.987  70.089 0.0000000000
62785  36.699  -15.765  70.618 0.0000000000
62784  37.557  -15.752  70.698 0.0000000000
52364  28.313  -25.780  81.405 0.0000000000
52365  27.686  -25.846  81.669 0.0000000000
53400  27.075  -25.693  81.318 0.0000000000
52351  26.717  -25.889  82.616 0.0000000000
145644  25.802  -27.114  79.505 0.0000000000
50426  24.863  -27.911  78.999 0.0000000000
51356  25.254  -27.605  79.638 0.0000000000
135838  25.005  -26.962  80.885 0.0000000000
51325  24.805  -26.722  81.596 0.0000000000
51311  23.512  -26.693  82.482 0.0000000000
123973  21.177  -26.989  81.812 0.0000000000
51329  20.622  -27.272  81.330 0.0000000000
51452  23.203  -27.653  72.471 0.0000000000
138843  22.920  -27.634  73.185 0.0000000000
122322  22.261  -27.457  73.651 0.0000000000
51397  21.788  -27.431  76.419 0.0000000000
51426  20.082  -27.105  73.795 0.0000000000
124748  20.534  -27.104  74.517 0.0000000000
122922  21.165  -27.227  76.191 0.0000000000
125948  20.985  -27.648  79.085 0.0000000000
123443  20.059  -27.435  78.310 0.0000000000
51359  20.730  -27.584  79.577 0.0000000000
51330  19.901  -27.505  81.616 0.0000000000
50407  19.142  -27.864  81.867 0.0000000000
50408  18.590  -28.236  81.262 0.0000000000
50409  17.972  -28.610  81.460 0.0000000000
129227  16.786  -28.808  78.455 0.0000000000
145739  16.167  -28.973  78.071 0.0000000000
49482  16.337  -29.099  81.248 0.0000000000
125714  13.086  -30.263  81.068 0.0000000000
48555  12.281  -30.743  81.070 0.0000000000
47485  11.287  -30.959  80.877 0.0000000000
47486  10.273  -31.154  80.935 0.0000000000
47487  9.355  -31.165  81.068 0.0000000000
60783  30.021  -18.489  64.875 0.0000000000
58713  29.993  -19.887  65.431 0.0000000000
57738  30.585  -20.768  66.753 0.0000000000
55665  29.438  -22.144  66.778 0.0000000000
136703  29.327  -22.643  67.628 0.0000000000
55664  29.853  -22.094  67.504 0.0000000000
56683  30.392  -22.109  68.827 0.0000000000
54574  30.377  -23.416  71.848 0.0000000000
54575  29.754  -23.799  71.501 0.0000000000
53460  30.015  -25.168  75.486 0.0000000000
53491  28.152  -25.398  72.112 0.0000000000
53470  29.206  -25.546  74.288 0.0000000000
53432  28.532  -24.844  79.045 0.0000000000
53411  28.781  -25.036  80.422 0.0000000000
51290  21.228  -27.033  85.315 0.0000000000
48530  12.638  -30.236  83.769 0.0000000000
48503  13.263  -29.809  85.132 0.0000000000
48493  12.205  -29.754  86.187 0.0000000000
49447  13.097  -29.630  85.978 0.0000000000
124571  13.581  -29.229  86.590 0.0000000000
142958  13.962  -29.181  88.044 0.0000000000
76877  55.135  -2.393  46.522 0.0000000000
76854  56.644  -2.081  47.270 0.0000000000
76855  55.769  -2.224  47.032 0.0000000000
76853  57.488  -2.088  46.989 0.0000000000
75839  58.308  -2.260  47.544 0.0000000000
142886  59.489  -2.709  48.325 0.0000000000
75828  60.095  -2.944  48.850 0.0000000000
73861  58.773  -4.029  48.841 0.0000000000
74817  59.679  -3.704  49.110 0.0000000000
74816  60.266  -3.555  49.333 0.0000000000
74815  60.786  -3.476  49.457 0.0000000000
72953  48.181  -5.080  47.157 0.0000000000
72070  49.133  -6.215  47.469 0.0000000000
72069  50.019  -6.688  47.383 0.0000000000
69206  49.075  -9.067  47.745 0.0000000000
70168  50.692  -8.866  48.484 0.0000000000
70179  50.570  -8.468  47.802 0.0000000000
71158  51.225  -7.965  47.568 0.0000000000
141963  51.875  -8.086  47.771 0.0000000000
71135  53.110  -7.470  49.929 0.0000000000
131785  53.301  -7.231  51.500 0.0000000000
72028  53.738  -6.758  51.019 0.0000000000
71106  54.873  -6.713  51.898 0.0000000000
68137  48.951  -10.977  53.404 0.0000000000
69118  50.169  -10.166  53.047 0.0000000000
68125  50.740  -10.716  54.436 0.0000000000
68135  50.393  -10.452  53.721 0.0000000000
69117  50.890  -9.895  53.195 0.0000000000
69116  51.625  -9.619  53.472 0.0000000000
69115  52.363  -9.350  53.716 0.0000000000
68108  53.510  -11.019  56.474 0.0000000000
68109  53.291  -10.836  55.773 0.0000000000
69080  54.927  -9.886  56.404 0.0000000000
142298  53.161  -10.196  54.650 0.0000000000
70092  54.160  -8.582  53.756 0.0000000000
70091  54.989  -8.212  53.729 0.0000000000
70074  55.576  -8.313  54.510 0.0000000000
70090  55.686  -7.855  53.836 0.0000000000
71078  56.993  -7.113  54.277 0.0000000000
66077  41.635  -12.912  56.511 0.0000000000
67096  39.880  -12.105  57.032 0.0000000000
135944  40.535  -11.835  57.483 0.0000000000
68082  40.861  -10.926  58.711 0.0000000000
67095  40.704  -11.313  58.120 0.0000000000
67093  42.106  -11.841  57.898 0.0000000000
67078  43.372  -11.915  58.767 0.0000000000
67063  43.557  -11.412  59.385 0.0000000000
68062  43.047  -9.935  60.180 0.0000000000
68061  43.999  -10.407  60.506 0.0000000000
130988  44.684  -10.424  61.013 0.0000000000
68044  45.726  -10.293  61.856 0.0000000000
58743  37.128  -19.141  64.080 0.0000000000
59785  38.058  -18.816  63.816 0.0000000000
59815  40.201  -18.770  61.479 0.0000000000
59800  40.550  -18.844  62.803 0.0000000000
59814  40.958  -18.408  61.557 0.0000000000
140626  41.227  -17.923  61.040 0.0000000000
61831  42.231  -16.804  61.267 0.0000000000
62792  39.468  -16.121  70.105 0.0000000000
61729  39.953  -16.603  69.578 0.0000000000
61744  40.470  -17.068  68.935 0.0000000000
61720  41.689  -16.393  70.315 0.0000000000
61743  41.290  -17.178  68.993 0.0000000000
60728  40.924  -17.473  68.234 0.0000000000
60743  41.244  -18.092  67.686 0.0000000000
59712  41.548  -19.124  67.332 0.0000000000
58675  44.741  -19.618  69.842 0.0000000000
58676  44.086  -19.706  69.572 0.0000000000
59694  43.520  -19.322  69.513 0.0000000000
58685  43.023  -19.678  68.900 0.0000000000
58694  42.153  -19.815  67.822 0.0000000000
58704  42.032  -19.839  66.935 0.0000000000
58719  42.111  -20.089  65.718 0.0000000000
59761  42.650  -18.934  64.673 0.0000000000
59725  43.440  -19.166  65.836 0.0000000000
147942  43.135  -18.743  65.153 0.0000000000
60796  42.692  -18.204  64.020 0.0000000000
61830  42.805  -16.201  61.774 0.0000000000
62878  43.194  -15.475  61.919 0.0000000000
62877  43.638  -15.038  62.379 0.0000000000
62853  43.991  -15.671  64.155 0.0000000000
64012  43.655  -14.309  61.846 0.0000000000
65010  43.960  -13.509  62.154 0.0000000000
65001  44.380  -13.188  62.679 0.0000000000
65990  44.067  -12.556  62.343 0.0000000000
62804  45.871  -15.874  67.808 0.0000000000
62822  45.497  -15.128  66.719 0.0000000000
63937  45.626  -14.505  66.430 0.0000000000
64948  45.937  -13.798  66.601 0.0000000000
63955  45.559  -14.092  65.697 0.0000000000
64960  45.424  -14.098  64.773 0.0000000000
65975  45.223  -12.604  63.546 0.0000000000
65982  44.088  -11.682  62.734 0.0000000000
66999  44.181  -10.803  63.144 0.0000000000
68015  44.442  -10.095  63.457 0.0000000000
130893  44.822  -9.661  63.708 0.0000000000
68995  44.429  -9.436  63.163 0.0000000000
76936  56.689  -0.950  36.712 0.0000000000
76923  56.946  -1.827  37.172 0.0000000000
75947  58.171  -2.903  37.114 0.0000000000
74976  58.662  -3.538  37.567 0.0000000000
74958  58.282  -3.875  38.282 0.0000000000
74957  59.279  -4.132  38.112 0.0000000000
73979  60.901  -4.479  38.738 0.0000000000
73963  61.274  -4.264  39.465 0.0000000000
73006  58.024  -5.474  41.119 0.0000000000
73942  60.524  -4.608  40.075 0.0000000000
74907  62.634  -3.267  41.084 0.0000000000
49423  12.944  -29.442  87.975 0.0000000000
49445  14.836  -28.996  85.650 0.0000000000
51286  20.086  -27.599  85.593 0.0000000000
56616  32.173  -22.105  73.446 0.0000000000
57736  43.983  -20.249  68.397 0.0000000000
57737  43.340  -20.407  68.107 0.0000000000
58692  43.176  -20.140  68.623 0.0000000000
58693  42.705  -20.148  68.288 0.0000000000
58696  31.070  -20.327  66.971 0.0000000000
58710  42.419  -20.076  66.465 0.0000000000
58728  42.155  -19.568  64.951 0.0000000000
58729  41.752  -19.464  64.589 0.0000000000
59702  42.346  -19.172  68.537 0.0000000000
59711  44.622  -18.980  67.270 0.0000000000
59744  39.256  -18.691  65.006 0.0000000000
59827  40.637  -18.407  60.834 0.0000000000
60683  34.139  -17.864  72.388 0.0000000000
60726  42.233  -18.088  68.841 0.0000000000
60727  41.593  -17.823  68.475 0.0000000000
60742  45.045  -17.346  67.193 0.0000000000
60795  43.169  -18.047  64.672 0.0000000000
61770  44.526  -16.954  66.079 0.0000000000
61815  42.436  -17.045  61.984 0.0000000000
62823  45.056  -15.712  66.246 0.0000000000
63984  44.767  -14.217  63.483 0.0000000000
64000  43.353  -14.923  61.699 0.0000000000
65981  44.564  -12.527  62.953 0.0000000000
66041  44.737  -12.795  58.516 0.0000000000
66043  40.197  -12.106  58.066 0.0000000000
67011  43.699  -10.771  62.461 0.0000000000
67046  42.724  -11.717  60.899 0.0000000000
67089  52.646  -11.646  57.649 0.0000000000
68064  41.857  -10.431  60.375 0.0000000000
68092  41.425  -10.724  58.909 0.0000000000
69033  45.022  -9.486  62.204 0.0000000000
69036  42.912  -9.749  61.238 0.0000000000
69099  54.201  -9.632  54.844 0.0000000000
70149  50.197  -9.259  50.511 0.0000000000
71108  52.361  -8.308  51.982 0.0000000000
72063  55.811  -6.048  47.831 0.0000000000
75841  56.470  -2.482  47.548 0.0000000000
76864  59.225  -2.023  46.795 0.0000000000
76866  57.752  -2.053  46.296 0.0000000000
76885  58.484  -2.221  45.132 0.0000000000
76886  57.871  -2.345  45.305 0.0000000000
124162  40.777  -17.378  58.685 0.0000000000
125867  21.081  -26.757  82.956 0.0000000000
126931  51.999  -9.094  53.156 0.0000000000
134858  43.971  -14.301  62.438 0.0000000000
142129  57.894  -2.501  44.990 0.0000000000
143643  41.623  -16.892  69.597 0.0000000000
144088  54.813  -2.497  47.374 0.0000000000
144478  52.490  -7.690  50.884 0.0000000000
144593  63.472  -1.465  34.159 0.0000000000
145104  13.273  -29.139  87.306 0.0000000000
145193  49.489  -12.181  56.082 0.0000000000
145555  31.417  -23.260  73.736 0.0000000000
147001  17.683  -28.091  84.160 0.0000000000
