#!ascii label  , from subject sub-v1s9x0051331_ses-1 vox2ras=TkReg
556
141354  24.429  -16.157  -2.674 0.0000000000
69744  30.374  -9.757  -8.395 0.0000000000
122042  26.393  -0.122  -8.674 0.0000000000
136689  22.407  -3.152  -5.428 0.0000000000
58430  25.669  -21.048  -0.019 0.0000000000
61492  29.551  -17.756  -1.602 0.0000000000
65747  27.985  -13.922  -6.913 0.0000000000
143425  25.000  -8.498  -6.551 0.0000000000
140581  27.818  -5.270  -8.483 0.0000000000
77546  31.396  -1.754  -11.874 0.0000000000
141145  27.848  4.397  -9.447 0.0000000000
59506  24.830  -18.667  -2.021 0.0000000000
59467  28.072  -19.320  -0.838 0.0000000000
60537  27.035  -18.217  -3.686 0.0000000000
69715  23.524  -9.505  -4.560 0.0000000000
71639  22.526  -7.489  -3.543 0.0000000000
77488  23.873  -1.699  -7.514 0.0000000000
74420  24.699  -4.007  -7.996 0.0000000000
76459  26.541  -2.677  -9.113 0.0000000000
75440  29.798  -3.795  -9.134 0.0000000000
77500  30.140  -0.886  -8.718 0.0000000000
84426  27.301  6.140  -7.259 0.0000000000
82751  26.094  4.434  -7.796 0.0000000000
138831  28.939  6.140  -9.197 0.0000000000
66759  28.790  -12.705  -7.547 0.0000000000
130883  30.425  -13.995  -5.542 0.0000000000
68760  31.505  -11.253  -5.488 0.0000000000
146103  23.518  0.882  -7.438 0.0000000000
71694  31.388  -7.777  -7.828 0.0000000000
65709  23.906  -13.662  -3.336 0.0000000000
63669  26.640  -15.524  -5.061 0.0000000000
66744  25.056  -12.270  -5.193 0.0000000000
67775  26.116  -10.947  -6.977 0.0000000000
142712  28.114  -9.435  -8.025 0.0000000000
73449  23.389  -5.170  -5.808 0.0000000000
72591  25.890  -7.274  -8.204 0.0000000000
71714  28.732  -8.177  -9.172 0.0000000000
138952  30.975  -6.185  -10.965 0.0000000000
81036  24.701  3.191  -8.264 0.0000000000
132359  27.515  2.522  -8.810 0.0000000000
83574  31.130  6.155  -11.886 0.0000000000
81920  31.416  3.493  -10.814 0.0000000000
80191  30.689  1.409  -9.433 0.0000000000
79379  30.297  -1.034  -13.370 0.0000000000
145754  28.546  -16.628  -4.669 0.0000000000
63642  23.554  -15.345  -1.795 0.0000000000
63630  23.512  -16.049  -1.736 0.0000000000
61510  25.111  -17.399  -2.847 0.0000000000
60517  25.865  -18.435  -3.044 0.0000000000
61535  25.355  -17.047  -3.312 0.0000000000
136253  24.894  -1.231  -8.754 0.0000000000
133207  25.318  -2.357  -9.116 0.0000000000
77503  27.297  -1.443  -8.711 0.0000000000
77502  28.331  -1.607  -8.481 0.0000000000
78432  28.355  -0.654  -8.262 0.0000000000
140004  28.334  7.016  -8.070 0.0000000000
84432  28.367  6.166  -8.562 0.0000000000
84431  28.855  6.907  -9.036 0.0000000000
68776  29.710  -11.048  -8.263 0.0000000000
67763  30.715  -12.047  -6.940 0.0000000000
144612  31.177  -10.771  -6.887 0.0000000000
79307  22.354  0.326  -5.257 0.0000000000
80162  22.704  1.705  -5.895 0.0000000000
58448  24.229  -20.749  -0.792 0.0000000000
57441  24.295  -21.487  0.454 0.0000000000
57423  26.502  -21.267  1.673 0.0000000000
58415  27.687  -20.619  1.450 0.0000000000
60497  29.123  -18.284  -1.117 0.0000000000
59455  29.045  -18.946  0.796 0.0000000000
140182  23.961  -13.011  -3.960 0.0000000000
66736  23.806  -12.172  -4.087 0.0000000000
69731  24.080  -9.079  -5.117 0.0000000000
68769  25.181  -10.190  -6.181 0.0000000000
69738  25.577  -9.737  -6.981 0.0000000000
69745  26.674  -9.873  -7.626 0.0000000000
70793  25.965  -8.715  -7.879 0.0000000000
73438  22.790  -5.374  -4.732 0.0000000000
75392  22.606  -3.879  -5.336 0.0000000000
74437  25.569  -4.825  -8.526 0.0000000000
73500  25.428  -5.306  -8.131 0.0000000000
134605  26.531  -6.046  -8.430 0.0000000000
71702  27.147  -7.720  -8.654 0.0000000000
72588  28.296  -6.760  -8.820 0.0000000000
72596  30.347  -7.016  -9.711 0.0000000000
73496  29.642  -5.463  -8.889 0.0000000000
140689  30.953  -3.052  -10.588 0.0000000000
75453  31.044  -3.792  -10.669 0.0000000000
82756  26.931  4.701  -9.226 0.0000000000
81904  25.887  3.858  -8.204 0.0000000000
81913  26.018  3.668  -8.991 0.0000000000
131601  26.028  2.506  -8.958 0.0000000000
81043  27.958  3.158  -9.006 0.0000000000
131030  30.860  2.056  -9.941 0.0000000000
139519  30.908  1.159  -12.088 0.0000000000
144466  30.864  0.554  -10.711 0.0000000000
64727  27.162  -14.970  -5.630 0.0000000000
62538  27.298  -16.701  -5.122 0.0000000000
63687  28.544  -15.767  -5.980 0.0000000000
65707  30.836  -13.937  -3.780 0.0000000000
64698  30.559  -14.734  -3.523 0.0000000000
59491  23.902  -19.040  -1.322 0.0000000000
58462  25.393  -20.103  -1.434 0.0000000000
58445  27.150  -20.255  -0.273 0.0000000000
59487  26.974  -19.591  -1.936 0.0000000000
60499  27.599  -19.035  -2.227 0.0000000000
61508  28.706  -18.049  -2.990 0.0000000000
140447  22.367  -8.847  -3.258 0.0000000000
70757  22.757  -8.203  -3.884 0.0000000000
71668  23.629  -7.128  -5.164 0.0000000000
76440  22.946  -2.484  -6.522 0.0000000000
75401  22.973  -3.420  -6.627 0.0000000000
75412  23.786  -3.089  -7.729 0.0000000000
75425  25.117  -3.303  -9.046 0.0000000000
132562  27.063  -3.850  -8.691 0.0000000000
74433  29.476  -4.538  -8.673 0.0000000000
76457  28.660  -2.976  -8.255 0.0000000000
76473  29.911  -2.766  -8.949 0.0000000000
77533  30.986  -1.727  -10.853 0.0000000000
83550  26.443  5.818  -6.874 0.0000000000
83557  27.061  5.414  -7.682 0.0000000000
83563  27.230  5.298  -8.727 0.0000000000
82755  27.770  5.105  -9.226 0.0000000000
65759  28.725  -13.635  -7.470 0.0000000000
64736  29.441  -14.640  -6.922 0.0000000000
65744  30.029  -14.132  -7.407 0.0000000000
66734  30.873  -13.076  -5.179 0.0000000000
125684  22.167  -1.817  -4.583 0.0000000000
78408  22.978  -0.964  -6.226 0.0000000000
78419  23.732  -0.636  -7.505 0.0000000000
79329  24.633  0.332  -8.513 0.0000000000
59443  28.588  -19.685  1.091 0.0000000000
136950  31.032  -8.575  -8.029 0.0000000000
69737  31.434  -9.547  -6.648 0.0000000000
124466  24.206  -14.590  -3.101 0.0000000000
63651  25.463  -15.714  -3.835 0.0000000000
123273  24.929  -14.378  -3.985 0.0000000000
65733  25.848  -13.713  -5.386 0.0000000000
65749  26.186  -13.282  -6.102 0.0000000000
68748  24.363  -10.943  -4.844 0.0000000000
67758  25.403  -12.017  -6.018 0.0000000000
66761  27.036  -12.295  -7.197 0.0000000000
67773  27.495  -11.828  -7.552 0.0000000000
140879  28.436  -10.779  -7.847 0.0000000000
69752  28.778  -9.641  -8.539 0.0000000000
72546  22.996  -6.084  -4.649 0.0000000000
71667  24.249  -6.507  -5.919 0.0000000000
74412  23.890  -4.758  -6.556 0.0000000000
72562  24.648  -6.109  -6.728 0.0000000000
71683  25.376  -7.473  -7.173 0.0000000000
70804  26.555  -8.549  -8.102 0.0000000000
70812  28.513  -8.808  -8.981 0.0000000000
140720  29.680  -8.997  -9.108 0.0000000000
70801  30.603  -7.937  -9.394 0.0000000000
72586  31.373  -6.597  -9.821 0.0000000000
74454  30.872  -5.194  -10.874 0.0000000000
80177  23.823  1.815  -8.064 0.0000000000
80186  24.643  1.401  -8.429 0.0000000000
79326  26.893  0.758  -8.553 0.0000000000
83569  29.836  5.980  -10.265 0.0000000000
82759  30.170  4.756  -9.893 0.0000000000
82764  31.092  4.435  -10.418 0.0000000000
81917  30.074  3.764  -9.413 0.0000000000
81042  28.953  2.902  -8.824 0.0000000000
80181  29.222  2.038  -8.245 0.0000000000
146858  29.482  0.581  -7.864 0.0000000000
78446  30.564  -0.288  -9.293 0.0000000000
78454  30.749  -0.764  -10.460 0.0000000000
77553  31.010  -1.471  -12.725 0.0000000000
61548  26.802  -17.117  -4.634 0.0000000000
61546  27.825  -17.348  -4.365 0.0000000000
61530  29.214  -17.540  -3.396 0.0000000000
63665  29.700  -15.238  -5.248 0.0000000000
62496  30.211  -16.550  -3.086 0.0000000000
63641  23.981  -15.757  -2.323 0.0000000000
62499  23.997  -16.419  -2.186 0.0000000000
61511  24.028  -17.063  -2.027 0.0000000000
62498  24.645  -16.820  -2.665 0.0000000000
62518  25.002  -16.310  -3.206 0.0000000000
78434  25.583  -0.534  -8.782 0.0000000000
77505  25.483  -1.580  -8.936 0.0000000000
130599  26.342  -1.003  -8.807 0.0000000000
78433  27.206  -0.309  -8.524 0.0000000000
68775  30.474  -10.385  -8.101 0.0000000000
68767  30.656  -11.164  -7.465 0.0000000000
58447  25.247  -20.645  -0.839 0.0000000000
58431  24.697  -21.199  -0.232 0.0000000000
57440  25.176  -21.378  0.623 0.0000000000
57439  26.079  -21.108  0.907 0.0000000000
58416  26.913  -20.835  1.188 0.0000000000
58429  26.570  -20.711  0.336 0.0000000000
60481  29.267  -18.265  -0.242 0.0000000000
61482  29.708  -17.645  -0.609 0.0000000000
61481  30.286  -16.975  -0.584 0.0000000000
67740  23.104  -11.793  -3.512 0.0000000000
67741  22.736  -10.942  -3.352 0.0000000000
127014  24.541  -8.823  -5.833 0.0000000000
69739  25.075  -9.297  -6.430 0.0000000000
69746  26.011  -9.445  -7.618 0.0000000000
70785  25.508  -8.860  -7.260 0.0000000000
73498  26.889  -5.274  -8.468 0.0000000000
73499  26.079  -5.225  -8.495 0.0000000000
138023  27.547  -6.000  -8.573 0.0000000000
73497  28.619  -5.786  -8.563 0.0000000000
72587  29.543  -6.474  -9.040 0.0000000000
76483  31.314  -2.458  -10.950 0.0000000000
76482  31.595  -3.204  -10.838 0.0000000000
81912  26.610  3.867  -9.236 0.0000000000
81911  27.451  3.836  -9.391 0.0000000000
132039  27.062  3.171  -9.250 0.0000000000
81910  28.544  3.708  -9.315 0.0000000000
81062  30.923  2.086  -12.047 0.0000000000
81063  30.331  0.908  -12.981 0.0000000000
64739  27.592  -14.413  -6.275 0.0000000000
64726  27.922  -15.285  -6.176 0.0000000000
64738  28.331  -14.663  -6.721 0.0000000000
65695  31.371  -13.409  -3.063 0.0000000000
65696  31.041  -14.184  -3.029 0.0000000000
145893  24.550  -18.066  -2.141 0.0000000000
60483  23.499  -18.259  -1.290 0.0000000000
60500  24.218  -18.481  -1.704 0.0000000000
59490  24.459  -19.277  -1.552 0.0000000000
59489  25.144  -19.442  -1.746 0.0000000000
59488  26.013  -19.727  -1.814 0.0000000000
59505  25.541  -18.854  -2.287 0.0000000000
60538  26.288  -18.083  -3.716 0.0000000000
60516  26.598  -18.619  -3.178 0.0000000000
60515  27.379  -18.692  -3.018 0.0000000000
60514  28.179  -18.549  -2.565 0.0000000000
61509  27.849  -18.201  -3.402 0.0000000000
71653  23.030  -7.335  -4.336 0.0000000000
70756  23.353  -7.867  -4.635 0.0000000000
76439  23.451  -2.554  -7.304 0.0000000000
76448  24.161  -2.537  -7.952 0.0000000000
76460  25.538  -2.818  -9.268 0.0000000000
76461  24.904  -2.822  -9.088 0.0000000000
131642  26.063  -3.473  -9.027 0.0000000000
75424  27.054  -3.166  -8.928 0.0000000000
75423  27.901  -3.363  -8.514 0.0000000000
77501  29.259  -1.327  -8.307 0.0000000000
124483  29.021  -2.243  -8.402 0.0000000000
76456  29.942  -1.835  -9.003 0.0000000000
122643  30.555  -2.381  -10.066 0.0000000000
77520  30.555  -1.328  -9.716 0.0000000000
85312  27.535  7.222  -7.089 0.0000000000
84418  26.467  6.713  -6.656 0.0000000000
83556  27.743  5.762  -8.053 0.0000000000
83562  27.906  5.555  -8.784 0.0000000000
83561  28.617  5.489  -9.199 0.0000000000
65758  29.333  -13.611  -7.520 0.0000000000
65757  29.926  -13.518  -7.446 0.0000000000
67757  31.227  -12.092  -6.196 0.0000000000
66749  30.797  -12.887  -6.729 0.0000000000
66741  31.305  -12.177  -5.314 0.0000000000
66733  31.317  -12.346  -4.324 0.0000000000
77436  22.101  -1.120  -4.292 0.0000000000
77435  22.359  -1.244  -4.886 0.0000000000
78392  22.510  -0.650  -5.430 0.0000000000
79316  23.381  0.762  -6.818 0.0000000000
78407  23.339  -0.174  -6.651 0.0000000000
79319  23.593  0.300  -7.478 0.0000000000
79330  23.885  0.019  -8.143 0.0000000000
80187  24.023  0.922  -8.247 0.0000000000
59468  27.420  -19.837  -1.076 0.0000000000
59457  27.879  -19.914  0.396 0.0000000000
121713  27.778  -19.706  -0.320 0.0000000000
59442  29.397  -19.307  1.521 0.0000000000
65697  23.626  -14.168  -2.581 0.0000000000
129433  24.784  -14.905  -3.619 0.0000000000
65708  24.441  -14.264  -3.655 0.0000000000
66735  24.552  -12.644  -4.479 0.0000000000
65734  25.131  -13.248  -4.952 0.0000000000
66743  25.551  -12.860  -5.654 0.0000000000
68750  22.999  -10.094  -3.821 0.0000000000
68749  23.876  -10.283  -4.666 0.0000000000
67765  25.466  -11.080  -6.299 0.0000000000
146785  25.031  -10.770  -5.876 0.0000000000
67764  26.193  -11.847  -6.613 0.0000000000
67774  26.761  -11.458  -7.289 0.0000000000
125837  27.331  -9.612  -7.790 0.0000000000
68787  27.353  -10.366  -7.604 0.0000000000
68786  28.003  -10.184  -7.754 0.0000000000
68785  28.563  -10.231  -8.218 0.0000000000
73450  23.103  -5.506  -5.156 0.0000000000
72545  23.476  -6.102  -5.378 0.0000000000
74421  24.175  -3.613  -7.509 0.0000000000
140064  23.936  -3.957  -6.823 0.0000000000
74411  24.394  -4.387  -7.255 0.0000000000
126043  25.858  -6.273  -8.148 0.0000000000
123441  24.958  -5.781  -7.306 0.0000000000
144759  25.622  -6.702  -7.835 0.0000000000
71696  25.289  -6.596  -7.284 0.0000000000
71695  25.604  -7.392  -7.800 0.0000000000
71704  25.914  -8.019  -8.112 0.0000000000
71703  26.425  -7.881  -8.382 0.0000000000
72598  27.982  -7.574  -9.056 0.0000000000
71715  27.850  -8.298  -8.957 0.0000000000
70802  29.020  -9.154  -8.904 0.0000000000
70811  29.285  -8.654  -9.197 0.0000000000
70810  30.033  -8.323  -9.444 0.0000000000
71713  29.744  -7.974  -9.424 0.0000000000
128215  31.010  -6.578  -10.640 0.0000000000
71711  31.020  -6.848  -10.347 0.0000000000
72595  31.109  -6.383  -10.816 0.0000000000
73509  31.463  -5.903  -10.459 0.0000000000
74455  30.153  -4.907  -9.908 0.0000000000
75439  30.586  -4.306  -10.477 0.0000000000
83558  26.330  5.039  -7.251 0.0000000000
141586  25.429  4.267  -7.624 0.0000000000
81905  25.131  3.772  -7.902 0.0000000000
81906  24.316  3.675  -7.522 0.0000000000
81037  24.025  2.849  -7.855 0.0000000000
81038  23.659  2.348  -7.194 0.0000000000
80184  26.704  2.470  -9.027 0.0000000000
80185  25.434  1.916  -8.639 0.0000000000
129165  26.243  1.575  -8.763 0.0000000000
80183  27.120  1.755  -8.682 0.0000000000
84437  30.533  6.292  -11.161 0.0000000000
83565  29.773  5.320  -9.940 0.0000000000
83568  30.508  5.329  -10.455 0.0000000000
82763  31.536  4.174  -11.503 0.0000000000
133876  30.462  4.189  -9.758 0.0000000000
81921  30.869  3.633  -9.953 0.0000000000
81909  29.562  3.359  -9.047 0.0000000000
81048  30.437  2.953  -9.418 0.0000000000
137847  30.483  2.194  -9.110 0.0000000000
80180  30.246  1.740  -8.601 0.0000000000
79324  28.930  1.079  -7.779 0.0000000000
79323  29.864  1.092  -8.064 0.0000000000
78430  30.006  0.086  -8.302 0.0000000000
79337  30.468  0.755  -8.918 0.0000000000
79373  30.572  -0.609  -12.353 0.0000000000
79361  30.836  -0.160  -11.115 0.0000000000
78466  30.738  -1.282  -11.903 0.0000000000
78480  30.658  -1.260  -13.064 0.0000000000
137505  26.212  -15.871  -4.509 0.0000000000
62539  26.238  -16.520  -4.234 0.0000000000
129478  26.751  -16.408  -4.977 0.0000000000
62551  27.940  -16.266  -5.616 0.0000000000
62537  27.933  -16.778  -4.854 0.0000000000
62515  28.640  -17.067  -4.183 0.0000000000
62514  29.666  -16.951  -3.696 0.0000000000
64735  30.075  -14.394  -6.604 0.0000000000
63685  29.341  -14.851  -6.084 0.0000000000
64677  30.890  -14.835  -2.474 0.0000000000
63639  30.374  -15.615  -3.219 0.0000000000
124263  30.543  -15.883  -2.132 0.0000000000
62484  30.242  -16.737  -2.317 0.0000000000
133755  24.578  -17.501  -2.377 0.0000000000
130286  25.140  -18.083  -2.621 0.0000000000
61534  25.612  -17.783  -3.356 0.0000000000
77507  24.441  -1.803  -8.323 0.0000000000
75426  24.567  -2.672  -8.638 0.0000000000
77506  24.875  -2.159  -8.864 0.0000000000
77504  26.170  -2.020  -9.117 0.0000000000
144400  26.928  -2.146  -8.982 0.0000000000
76458  27.726  -2.439  -8.676 0.0000000000
78431  29.449  -0.561  -8.159 0.0000000000
84425  27.888  6.440  -7.791 0.0000000000
67771  29.158  -11.875  -7.860 0.0000000000
66758  29.488  -12.756  -7.476 0.0000000000
67770  29.935  -11.983  -7.535 0.0000000000
67762  31.280  -11.229  -6.482 0.0000000000
79317  22.761  0.767  -6.045 0.0000000000
80174  23.087  1.442  -6.456 0.0000000000
58449  23.648  -20.279  -0.573 0.0000000000
58450  22.999  -19.819  -0.087 0.0000000000
140721  23.793  -20.908  -0.497 0.0000000000
132064  23.953  -21.198  -0.232 0.0000000000
57412  26.968  -21.595  2.245 0.0000000000
57422  27.304  -21.089  1.861 0.0000000000
58403  28.087  -20.912  2.111 0.0000000000
60482  28.678  -18.752  -0.567 0.0000000000
59456  28.398  -19.259  0.119 0.0000000000
66721  23.413  -12.691  -3.418 0.0000000000
67752  24.468  -11.708  -4.652 0.0000000000
68762  24.110  -9.785  -5.131 0.0000000000
69730  24.601  -9.612  -5.682 0.0000000000
68768  25.682  -10.430  -6.747 0.0000000000
68777  26.684  -10.647  -7.419 0.0000000000
68778  26.082  -10.182  -7.315 0.0000000000
69753  26.649  -9.164  -7.820 0.0000000000
74403  22.916  -4.741  -5.287 0.0000000000
74438  25.090  -4.435  -8.350 0.0000000000
144144  25.832  -5.512  -8.287 0.0000000000
72590  26.427  -7.071  -8.478 0.0000000000
72589  27.254  -6.901  -8.720 0.0000000000
72597  29.157  -7.400  -9.077 0.0000000000
73511  30.645  -6.051  -10.522 0.0000000000
76472  30.449  -3.349  -10.018 0.0000000000
82750  26.636  4.892  -8.459 0.0000000000
81903  26.262  4.379  -8.860 0.0000000000
81914  25.542  3.351  -8.515 0.0000000000
81044  25.381  2.745  -8.653 0.0000000000
126014  26.376  3.153  -9.131 0.0000000000
81052  31.385  2.677  -11.186 0.0000000000
81053  31.093  2.766  -10.396 0.0000000000
80199  31.142  1.807  -11.060 0.0000000000
80200  30.897  1.164  -10.409 0.0000000000
80212  30.882  0.616  -11.479 0.0000000000
80223  30.350  0.091  -12.670 0.0000000000
63668  27.389  -16.009  -5.652 0.0000000000
63688  28.101  -15.806  -6.032 0.0000000000
63667  28.624  -16.241  -5.268 0.0000000000
65719  30.700  -13.713  -4.592 0.0000000000
64709  30.351  -14.540  -4.638 0.0000000000
59471  23.396  -19.199  -0.731 0.0000000000
59470  24.040  -19.838  -1.108 0.0000000000
58463  24.708  -20.084  -1.312 0.0000000000
58446  26.210  -20.576  -0.563 0.0000000000
58461  25.909  -20.308  -1.216 0.0000000000
59469  26.643  -20.164  -1.217 0.0000000000
59504  26.332  -18.994  -2.447 0.0000000000
59503  26.965  -19.035  -2.610 0.0000000000
59486  27.709  -19.359  -1.541 0.0000000000
60498  28.370  -18.836  -1.569 0.0000000000
61493  28.990  -18.300  -2.096 0.0000000000
69716  22.844  -9.139  -3.907 0.0000000000
129475  23.389  -8.641  -4.586 0.0000000000
70773  24.087  -8.119  -5.235 0.0000000000
70772  24.560  -8.114  -6.037 0.0000000000
76428  22.516  -2.501  -5.689 0.0000000000
128409  22.738  -3.035  -6.295 0.0000000000
124965  23.032  -3.058  -7.090 0.0000000000
75411  24.435  -3.346  -8.249 0.0000000000
126041  24.667  -3.133  -8.772 0.0000000000
136805  24.867  -3.645  -8.596 0.0000000000
126306  25.437  -3.983  -8.704 0.0000000000
74436  26.232  -4.465  -8.663 0.0000000000
74435  27.387  -4.603  -8.446 0.0000000000
74434  28.594  -4.774  -8.377 0.0000000000
145930  27.953  -4.049  -8.383 0.0000000000
75422  28.871  -3.769  -8.224 0.0000000000
147725  29.276  -3.082  -8.326 0.0000000000
82754  28.714  4.573  -9.449 0.0000000000
65746  28.567  -14.199  -7.304 0.0000000000
64737  28.844  -14.707  -6.924 0.0000000000
65745  29.151  -14.277  -7.449 0.0000000000
137927  30.409  -13.522  -7.215 0.0000000000
65731  30.636  -13.607  -6.598 0.0000000000
76411  22.114  -2.579  -4.745 0.0000000000
125089  22.338  -1.975  -5.164 0.0000000000
77456  22.679  -1.679  -5.846 0.0000000000
77476  23.280  -1.785  -6.708 0.0000000000
126480  22.652  -0.148  -5.965 0.0000000000
77475  23.521  -1.071  -6.872 0.0000000000
78437  24.049  -1.003  -8.070 0.0000000000
78435  24.923  -0.410  -8.707 0.0000000000
127294  25.296  0.162  -8.698 0.0000000000
58428  27.377  -20.425  0.700 0.0000000000
59444  28.009  -20.215  1.055 0.0000000000
134104  30.551  -9.201  -8.430 0.0000000000
69743  30.948  -9.495  -7.687 0.0000000000
128042  23.949  -14.988  -2.424 0.0000000000
63640  24.521  -15.502  -3.039 0.0000000000
64710  25.907  -15.126  -4.492 0.0000000000
65721  24.620  -13.640  -4.129 0.0000000000
65720  25.342  -14.276  -4.670 0.0000000000
64728  26.301  -14.576  -5.120 0.0000000000
65732  26.772  -14.025  -5.720 0.0000000000
65748  27.128  -13.567  -6.427 0.0000000000
67753  23.654  -11.108  -4.117 0.0000000000
68761  24.587  -10.415  -5.444 0.0000000000
67759  24.901  -11.321  -5.535 0.0000000000
66751  25.892  -12.571  -6.250 0.0000000000
66750  26.639  -12.771  -6.603 0.0000000000
140386  27.528  -13.105  -6.990 0.0000000000
65760  28.230  -13.484  -7.336 0.0000000000
138515  28.417  -12.977  -7.419 0.0000000000
67772  28.189  -12.183  -7.655 0.0000000000
67783  27.274  -11.059  -7.484 0.0000000000
67782  27.982  -11.072  -7.572 0.0000000000
67781  28.587  -11.622  -7.807 0.0000000000
67780  28.943  -11.036  -8.254 0.0000000000
68784  29.224  -10.308  -8.531 0.0000000000
68783  29.864  -10.117  -8.589 0.0000000000
72534  22.810  -6.756  -4.071 0.0000000000
125602  24.425  -7.401  -5.880 0.0000000000
141223  22.807  -3.517  -5.943 0.0000000000
74402  23.212  -4.118  -6.185 0.0000000000
73480  24.866  -5.029  -7.780 0.0000000000
73463  24.476  -5.280  -6.987 0.0000000000
73464  24.027  -5.642  -6.214 0.0000000000
71684  24.869  -6.942  -6.581 0.0000000000
70786  24.945  -7.759  -6.554 0.0000000000
141156  25.609  -8.117  -7.670 0.0000000000
134690  27.322  -8.938  -7.949 0.0000000000
70803  27.181  -8.413  -8.390 0.0000000000
69758  27.916  -8.850  -8.421 0.0000000000
69757  28.458  -9.181  -8.581 0.0000000000
69751  29.420  -9.584  -8.746 0.0000000000
69750  30.050  -9.415  -8.812 0.0000000000
70792  30.429  -8.687  -9.021 0.0000000000
139092  31.029  -7.982  -8.883 0.0000000000
71712  30.623  -7.368  -9.726 0.0000000000
71701  31.008  -7.358  -9.617 0.0000000000
72579  31.486  -7.083  -8.559 0.0000000000
127123  31.088  -4.561  -10.796 0.0000000000
73510  31.091  -5.841  -10.979 0.0000000000
80173  23.485  1.526  -7.181 0.0000000000
81045  24.584  2.374  -8.403 0.0000000000
79328  25.416  0.980  -8.589 0.0000000000
79327  25.964  0.476  -8.699 0.0000000000
138691  29.428  7.278  -9.780 0.0000000000
84434  29.424  6.516  -9.702 0.0000000000
128702  29.305  5.714  -9.626 0.0000000000
133538  29.337  5.009  -9.621 0.0000000000
82770  31.194  5.284  -11.399 0.0000000000
82760  29.681  4.343  -9.546 0.0000000000
81918  29.319  3.927  -9.361 0.0000000000
137106  28.343  2.526  -8.592 0.0000000000
81041  29.891  2.600  -8.720 0.0000000000
80182  28.072  1.744  -8.233 0.0000000000
79325  27.995  0.591  -8.091 0.0000000000
127442  29.036  0.152  -7.804 0.0000000000
79349  30.785  0.405  -9.999 0.0000000000
79378  30.727  -1.248  -14.001 0.0000000000
78479  31.000  -1.550  -13.389 0.0000000000
77552  31.483  -1.581  -12.659 0.0000000000
62517  25.656  -16.586  -3.687 0.0000000000
62516  26.162  -17.269  -3.882 0.0000000000
61533  26.835  -17.665  -4.196 0.0000000000
61547  27.234  -17.317  -4.665 0.0000000000
61532  27.443  -17.753  -4.096 0.0000000000
61531  28.284  -17.728  -3.814 0.0000000000
61507  29.466  -17.732  -2.516 0.0000000000
64725  28.879  -15.104  -6.314 0.0000000000
63686  29.057  -15.662  -5.799 0.0000000000
63666  29.387  -15.897  -4.832 0.0000000000
133479  30.112  -15.429  -4.257 0.0000000000
63650  29.954  -16.268  -3.967 0.0000000000
62497  29.964  -17.245  -2.907 0.0000000000
145829  29.920  -17.189  -1.217 0.0000000000
68774  31.103  -10.302  -7.219 0.0000000000
147008  31.524  -10.808  -5.940 0.0000000000
60473  28.934  -18.681  0.145 0.0000000000
62485  29.964  -17.239  -2.009 0.0000000000
62536  29.150  -16.508  -4.437 0.0000000000
63705  28.511  -15.233  -6.337 0.0000000000
64711  25.295  -14.882  -4.094 0.0000000000
64724  29.953  -14.613  -5.619 0.0000000000
66742  31.123  -12.809  -6.101 0.0000000000
66757  30.190  -12.814  -7.204 0.0000000000
66760  27.823  -12.675  -7.422 0.0000000000
68766  31.453  -10.376  -6.338 0.0000000000
72533  23.172  -6.676  -4.723 0.0000000000
72580  25.452  -5.911  -7.682 0.0000000000
72604  31.155  -5.900  -10.954 0.0000000000
75400  23.390  -3.462  -7.063 0.0000000000
78436  24.413  -0.717  -8.478 0.0000000000
78484  30.592  -1.364  -13.578 0.0000000000
81898  24.689  4.385  -7.277 0.0000000000
128361  25.911  3.096  -8.920 0.0000000000
129940  23.624  0.943  -7.911 0.0000000000
139782  24.321  -3.002  -8.371 0.0000000000
144461  27.486  1.243  -8.351 0.0000000000
145000  25.392  -8.133  -7.073 0.0000000000
