#!ascii label  , from subject sub-v1s9x0051331_ses-1 vox2ras=TkReg
2124
4913  19.094  -84.434  2.429 0.6999999881
4914  18.331  -84.334  2.771 0.8000000119
125340  16.982  -84.402  3.103 0.8000000119
139967  16.301  -84.754  2.859 0.6999999881
132980  19.060  -84.542  1.139 0.6000000238
4928  18.441  -84.353  1.908 0.6000000238
144004  16.764  -84.367  2.334 0.6000000238
146826  19.533  -84.761  0.617 0.6000000238
4898  17.375  -84.481  3.882 0.8000000119
4293  16.370  -84.862  3.712 0.6999999881
4285  15.944  -85.075  4.436 0.6999999881
4295  14.789  -85.700  3.959 0.6999999881
4926  20.127  -84.684  1.982 0.6000000238
4897  18.236  -84.237  3.511 0.6999999881
4294  15.537  -85.303  3.876 0.6999999881
140359  20.962  -84.964  -0.172 0.6000000238
130427  21.726  -85.104  -0.342 0.6000000238
4365  20.383  -84.756  -0.525 0.6000000238
4377  21.785  -85.117  -2.857 0.6000000238
4979  20.400  -84.468  -2.571 0.6000000238
122837  17.678  -84.617  5.511 0.8000000119
4861  16.870  -84.814  5.587 0.8000000119
130028  15.998  -85.078  5.234 0.6999999881
4272  15.292  -85.391  5.846 0.6999999881
3769  13.890  -86.126  6.303 0.6999999881
138949  18.863  -84.292  4.485 0.8000000119
4273  14.514  -85.726  5.589 0.6999999881
122610  18.877  -84.183  3.854 0.6999999881
4879  17.519  -84.559  4.825 0.8000000119
4286  15.206  -85.435  4.785 0.6999999881
131629  19.484  -84.366  3.516 0.6999999881
4326  20.643  -84.914  1.237 0.6999999881
4348  21.201  -85.015  0.524 0.6000000238
4375  21.887  -84.917  -2.170 0.6000000238
4364  21.286  -84.821  -1.190 0.6000000238
121780  22.297  -85.641  -3.185 0.6000000238
3375  21.106  -87.524  -3.563 0.6999999881
3382  21.087  -86.529  -3.730 0.6000000238
2930  20.753  -89.143  -2.754 0.5000000000
147350  20.803  -88.121  -3.354 0.6000000238
2510  20.118  -89.326  -2.335 0.5000000000
128275  17.518  -84.722  6.301 0.8999999762
4270  16.719  -84.959  6.491 0.8000000119
4258  16.181  -85.296  7.146 0.6999999881
128193  19.300  -84.416  4.988 0.6999999881
145906  18.160  -84.542  5.800 0.8999999762
4260  14.633  -85.757  6.521 0.6999999881
4895  20.255  -84.497  3.631 0.8000000119
130016  20.305  -84.442  4.753 0.8000000119
128904  21.034  -84.543  3.342 0.8000000119
4307  21.915  -84.845  2.068 0.6999999881
135856  20.605  -84.602  2.733 0.6999999881
4325  21.530  -84.932  1.303 0.8000000119
133715  22.203  -85.113  0.547 0.8000000119
4363  22.588  -85.310  -0.542 0.6999999881
138853  22.203  -85.122  -1.427 0.6999999881
4374  22.722  -85.376  -2.551 0.6000000238
3374  21.866  -86.940  -3.642 0.6999999881
2929  21.630  -89.112  -2.907 0.6999999881
4847  19.389  -84.255  6.638 0.8999999762
4257  17.026  -84.891  7.314 0.8000000119
127760  14.728  -85.695  7.352 0.6999999881
141898  20.739  -84.373  5.632 0.8000000119
4859  19.849  -84.404  5.680 0.8000000119
4858  21.396  -84.335  5.109 0.6999999881
4909  23.354  -84.614  3.048 0.6999999881
4894  21.801  -84.527  3.545 0.6000000238
4911  21.443  -84.664  2.746 0.8000000119
4324  23.017  -85.124  1.129 0.8000000119
4347  23.173  -85.349  0.200 0.8000000119
139134  22.916  -85.362  -1.536 0.6999999881
145674  23.720  -85.932  -2.819 0.8000000119
3855  23.991  -86.407  -3.345 0.8000000119
2927  23.363  -88.534  -2.909 0.6999999881
3372  23.507  -87.567  -3.464 0.6999999881
4379  23.161  -86.075  -3.152 0.6999999881
2507  22.983  -89.270  -2.399 0.6999999881
2938  22.110  -88.305  -3.301 0.6999999881
7084  10.521  -79.989  2.331 0.6000000238
8238  11.266  -78.928  2.543 0.6000000238
8240  9.627  -78.244  2.321 0.6000000238
9493  8.606  -76.892  2.764 0.6999999881
4834  18.601  -84.416  7.521 0.8999999762
4247  16.337  -85.202  8.059 0.6999999881
4876  22.153  -84.325  4.480 0.6000000238
4893  22.822  -84.416  3.783 0.6000000238
137690  23.965  -84.853  2.471 0.6999999881
4346  24.790  -85.614  0.660 0.6999999881
140930  24.456  -85.365  1.322 0.6999999881
6005  16.597  -82.659  8.810 0.6999999881
5454  15.307  -83.163  7.374 0.6999999881
130370  24.094  -85.573  -0.093 0.8000000119
141370  23.857  -85.368  0.835 0.8000000119
6010  17.159  -82.228  7.956 0.6000000238
132115  16.118  -82.799  7.229 0.6000000238
5468  15.268  -83.222  6.301 0.6999999881
4362  23.442  -85.491  -0.862 0.6999999881
6017  15.850  -83.008  6.551 0.5000000000
139420  14.416  -83.365  5.842 0.6999999881
3847  25.108  -86.181  -2.808 0.8000000119
4372  24.394  -85.914  -2.476 0.8000000119
6523  16.937  -82.411  6.934 0.5000000000
6016  16.511  -82.609  6.063 0.5000000000
3364  24.227  -87.965  -2.999 0.6999999881
7044  17.144  -81.287  5.495 0.5000000000
142290  17.391  -80.407  5.819 0.6000000238
7045  16.439  -81.176  4.836 0.5000000000
6555  15.337  -81.768  4.072 0.6000000238
6031  14.355  -82.514  3.902 0.6999999881
6583  11.921  -81.071  2.618 0.6999999881
7054  15.679  -81.101  4.298 0.5000000000
6556  14.718  -81.912  3.688 0.6000000238
6567  13.978  -81.948  3.341 0.6000000238
7073  12.149  -80.473  2.636 0.6000000238
7580  16.613  -80.038  5.337 0.6000000238
7056  14.041  -80.682  3.560 0.6000000238
7606  13.388  -80.377  3.260 0.6000000238
7046  15.814  -80.116  4.743 0.5000000000
126949  15.159  -80.205  4.350 0.5000000000
7608  11.989  -79.510  2.756 0.6000000238
8239  10.399  -78.476  2.422 0.6000000238
8836  10.015  -77.501  2.947 0.6999999881
139116  7.928  -76.713  3.906 0.6000000238
9459  6.482  -76.783  4.148 0.6999999881
7593  14.358  -79.866  4.259 0.6000000238
7595  13.096  -79.627  3.828 0.6000000238
8228  11.702  -78.829  3.078 0.6000000238
8229  10.943  -78.243  3.157 0.6999999881
8803  9.349  -76.875  4.605 0.5000000000
4835  17.726  -84.755  8.010 0.8999999762
4845  21.636  -83.993  6.208 0.6999999881
4822  16.440  -84.608  8.902 0.8000000119
137222  14.170  -85.703  7.599 0.6999999881
4823  15.479  -84.364  9.034 0.6999999881
4810  16.948  -83.968  9.532 0.8000000119
5998  16.953  -82.827  9.321 0.8000000119
6012  15.691  -83.081  8.484 0.6000000238
6503  18.227  -81.776  8.874 0.6999999881
6521  18.644  -81.240  8.170 0.6000000238
4360  25.203  -85.900  -2.106 0.8000000119
141501  26.023  -86.092  -1.064 0.8000000119
3853  25.747  -86.404  -2.907 0.8000000119
7037  18.385  -81.055  7.108 0.5000000000
7038  17.700  -81.184  6.252 0.5000000000
8192  18.550  -78.905  5.926 0.5000000000
7569  18.004  -79.142  6.027 0.6000000238
126568  18.070  -80.059  6.326 0.6000000238
7570  17.249  -79.398  5.757 0.6000000238
8775  7.717  -77.732  6.107 0.5000000000
8788  8.322  -77.267  5.548 0.5000000000
9440  7.212  -76.946  4.611 0.6000000238
7583  14.062  -79.147  5.053 0.6000000238
7584  12.647  -79.151  4.804 0.6999999881
8208  11.926  -78.929  4.607 0.6999999881
142756  9.860  -77.048  3.880 0.6999999881
8207  15.254  -78.664  6.126 0.6000000238
8209  11.299  -78.644  5.042 0.6000000238
122968  14.280  -78.867  5.875 0.6999999881
132528  12.578  -79.053  5.807 0.6000000238
7585  11.930  -78.950  5.505 0.5000000000
4846  20.511  -84.186  6.433 0.6999999881
4832  20.246  -83.924  7.335 0.6999999881
4819  19.061  -84.030  8.330 0.6999999881
130107  18.661  -83.887  9.009 0.8000000119
5420  19.068  -82.934  9.504 0.6999999881
6502  18.729  -81.841  9.219 0.6999999881
5421  18.271  -83.038  9.548 0.6999999881
8186  7.247  -78.521  7.683 0.5000000000
8818  17.144  -77.605  3.936 0.5000000000
8206  17.659  -77.694  5.248 0.6000000238
8199  7.004  -78.143  6.766 0.5000000000
8801  16.858  -77.029  4.159 0.5000000000
8227  15.789  -77.886  3.173 0.5000000000
128801  17.075  -78.434  5.734 0.6000000238
7581  15.800  -79.253  5.287 0.6000000238
8210  10.596  -78.144  5.533 0.5000000000
9471  16.231  -76.697  3.997 0.5000000000
8785  17.047  -77.007  5.359 0.6000000238
8194  16.358  -77.909  6.268 0.6000000238
9422  16.537  -76.806  6.032 0.6000000238
5453  21.245  -83.683  7.166 0.6999999881
5440  20.953  -83.456  8.087 0.6999999881
5431  20.406  -83.158  8.654 0.6999999881
8196  15.093  -78.552  7.406 0.5000000000
8821  14.427  -77.421  3.080 0.5000000000
7573  13.044  -79.156  6.536 0.5000000000
9454  15.884  -76.356  4.759 0.5000000000
9408  15.882  -76.834  6.787 0.5000000000
8195  15.706  -78.228  6.730 0.5000000000
146277  13.774  -78.944  6.429 0.5000000000
8181  15.083  -78.134  8.057 0.5000000000
8182  14.928  -78.714  8.279 0.5000000000
10060  13.855  -76.114  4.985 0.5000000000
9424  13.931  -76.538  6.626 0.5000000000
7561  14.617  -79.179  8.151 0.5000000000
9456  13.436  -76.121  3.860 0.5000000000
9437  14.742  -76.237  5.882 0.5000000000
8772  15.741  -77.652  7.081 0.5000000000
9473  13.965  -76.707  3.379 0.5000000000
126085  15.114  -76.199  5.213 0.5000000000
10061  12.736  -75.657  5.348 0.5000000000
8149  4.821  -78.606  9.311 0.6000000238
135771  4.043  -78.295  8.304 0.6000000238
144684  6.084  -79.122  9.461 0.5000000000
8138  4.894  -78.369  10.051 0.6999999881
8723  4.205  -78.115  9.693 0.6000000238
8742  3.472  -77.865  8.191 0.6000000238
9381  2.075  -76.627  9.892 0.6999999881
122583  4.836  -77.415  10.445 0.6000000238
9362  4.018  -77.157  10.223 0.6999999881
8725  2.828  -77.194  9.552 0.6999999881
9397  2.137  -76.728  8.820 0.6999999881
9977  2.213  -75.397  10.649 0.8000000119
9360  6.306  -76.544  11.006 0.5000000000
8709  5.528  -77.688  10.984 0.5000000000
9363  3.160  -76.725  10.305 0.8000000119
9975  3.862  -76.331  10.208 0.6000000238
11170  1.763  -73.407  11.140 0.6999999881
9359  7.153  -76.418  11.208 0.5000000000
9351  6.681  -77.110  11.703 0.5000000000
10574  2.875  -74.058  10.244 0.6999999881
10550  1.107  -74.126  10.916 0.6999999881
10002  3.705  -75.393  9.998 0.6999999881
10000  5.419  -75.846  9.655 0.6999999881
11800  1.175  -72.864  11.700 0.6999999881
138838  3.282  -72.744  9.755 0.6999999881
9974  6.186  -75.942  10.116 0.6000000238
10001  4.699  -75.556  9.391 0.8000000119
122874  6.003  -67.463  11.752 0.6999999881
14486  4.756  -67.730  11.721 0.8000000119
10534  10.633  -74.855  11.259 0.4000000060
12430  1.424  -71.883  11.604 0.6999999881
10535  10.115  -75.325  10.796 0.5000000000
12442  2.475  -71.712  10.366 0.6999999881
9972  8.403  -75.626  10.385 0.6000000238
10570  7.515  -74.756  9.295 0.6000000238
10573  3.552  -74.388  9.742 0.6999999881
139026  6.164  -75.310  9.436 0.8000000119
10020  4.980  -74.769  8.726 0.8000000119
15091  4.674  -68.014  17.012 0.5000000000
14423  6.612  -68.525  16.639 0.5000000000
14412  7.849  -69.275  16.941 0.5000000000
15159  10.287  -66.661  11.963 0.5000000000
146559  9.580  -66.259  10.495 0.6000000238
15971  10.471  -66.238  10.814 0.6000000238
15142  11.516  -67.275  12.792 0.6000000238
130106  12.782  -68.597  17.631 0.6000000238
15161  8.564  -66.643  11.898 0.6999999881
15160  9.373  -66.644  11.910 0.6999999881
15162  7.324  -67.143  11.987 0.6999999881
14466  8.216  -68.813  12.347 0.6999999881
13128  2.606  -70.701  9.679 0.6999999881
13814  3.356  -69.589  9.492 0.6999999881
14512  3.733  -68.648  9.880 0.8000000119
143938  10.171  -74.442  10.444 0.5000000000
13129  2.171  -70.970  10.086 0.6999999881
10547  8.819  -75.047  10.000 0.6000000238
11832  3.362  -72.240  9.636 0.8000000119
10597  6.157  -74.253  8.803 0.6999999881
128486  4.379  -72.656  8.826 0.8000000119
10600  4.096  -73.809  9.054 0.8000000119
15098  4.093  -67.015  16.716 0.5000000000
15096  5.076  -67.783  16.294 0.6000000238
134085  6.226  -67.230  15.937 0.5000000000
15111  6.658  -67.347  15.555 0.6000000238
129584  7.936  -68.684  16.260 0.6000000238
124342  8.622  -69.013  16.726 0.6000000238
15108  9.575  -67.820  15.742 0.6000000238
15095  10.523  -67.664  16.450 0.5000000000
15970  11.680  -66.417  10.552 0.5000000000
15944  11.405  -66.619  12.146 0.5000000000
15194  10.487  -67.445  9.079 0.6000000238
15129  12.628  -67.057  14.010 0.6000000238
15121  12.296  -67.848  14.327 0.6999999881
15089  11.571  -67.512  17.168 0.6000000238
15195  9.415  -67.010  9.132 0.6000000238
15972  8.493  -66.036  10.557 0.6999999881
14465  8.957  -68.259  12.457 0.6999999881
14463  10.438  -68.372  12.777 0.6999999881
14450  10.835  -68.714  13.443 0.8000000119
14440  12.727  -68.005  15.274 0.6999999881
15215  8.528  -67.617  8.605 0.6999999881
15995  7.185  -66.467  10.041 0.6999999881
14509  6.931  -67.334  9.416 0.6999999881
124005  5.808  -67.158  10.425 0.8000000119
13831  5.645  -69.161  8.588 0.8000000119
15181  4.611  -67.549  10.610 0.8000000119
10568  9.071  -74.097  9.802 0.5000000000
11828  8.914  -72.384  8.734 0.6000000238
13144  3.754  -70.916  9.113 0.8000000119
126210  4.917  -69.781  8.622 0.8000000119
10595  7.763  -74.026  9.233 0.6000000238
11197  8.502  -73.166  9.309 0.6999999881
12477  5.084  -72.078  8.236 0.8000000119
11199  6.616  -73.533  8.732 0.6999999881
11217  6.374  -73.016  8.326 0.6999999881
11201  5.209  -73.558  8.408 0.8000000119
16716  3.798  -65.832  16.877 0.4000000060
15910  4.849  -66.742  16.541 0.5000000000
15123  7.053  -66.867  15.036 0.4000000060
15109  8.538  -67.647  15.069 0.5000000000
15905  10.682  -66.190  15.890 0.5000000000
15992  11.970  -66.822  9.410 0.5000000000
15930  12.814  -65.935  12.905 0.6000000238
125150  13.037  -66.231  13.763 0.6000000238
15891  11.978  -66.665  16.968 0.6000000238
15232  11.002  -68.004  7.413 0.6000000238
15120  12.934  -67.227  14.956 0.6999999881
15094  13.095  -67.316  16.528 0.6999999881
15233  9.921  -67.861  7.755 0.6000000238
14523  6.310  -68.293  9.007 0.8000000119
135927  8.300  -71.801  7.870 0.6999999881
128525  6.935  -72.451  7.943 0.6999999881
13168  5.303  -71.386  7.960 0.8000000119
127772  6.359  -70.566  7.502 0.8000000119
11215  7.904  -72.470  8.535 0.6999999881
17511  4.707  -65.203  16.794 0.4000000060
17513  3.675  -64.556  16.649 0.4000000060
19227  3.352  -63.414  16.491 0.4000000060
16730  6.603  -65.996  15.636 0.5000000000
129552  6.045  -66.253  16.266 0.4000000060
19210  2.954  -62.912  17.080 0.5000000000
15906  9.759  -66.567  14.978 0.5000000000
17525  13.008  -64.306  14.715 0.5000000000
16727  12.243  -65.432  16.048 0.5000000000
18363  12.930  -63.284  13.432 0.5000000000
16741  13.368  -65.817  15.383 0.6999999881
14538  8.562  -68.756  7.427 0.6000000238
136179  6.737  -69.815  7.683 0.8000000119
11827  9.527  -71.807  8.003 0.6000000238
12474  9.490  -71.505  7.076 0.6000000238
12493  10.222  -71.327  6.240 0.6999999881
13870  8.700  -70.330  6.295 0.6999999881
12497  7.474  -71.519  7.500 0.6999999881
20132  3.909  -61.415  18.047 0.3000000119
16708  6.659  -65.362  16.925 0.4000000060
16709  6.144  -65.378  17.237 0.3000000119
17496  4.916  -64.632  16.770 0.4000000060
18320  4.573  -63.638  16.272 0.4000000060
19225  4.587  -62.252  16.051 0.4000000060
20156  4.187  -61.743  16.872 0.5000000000
16745  7.888  -65.206  14.503 0.4000000060
20131  4.691  -61.166  17.369 0.3000000119
15920  8.941  -65.894  14.355 0.4000000060
139680  13.441  -64.076  13.633 0.5000000000
16744  9.564  -65.108  14.404 0.4000000060
17554  13.572  -64.003  12.051 0.6000000238
130733  8.543  -65.101  14.198 0.4000000060
18379  13.310  -63.234  12.597 0.4000000060
136815  11.294  -64.483  14.688 0.5000000000
14539  7.763  -68.965  7.767 0.6999999881
13193  8.509  -70.883  6.575 0.6999999881
125266  3.237  -62.024  18.437 0.4000000060
124461  5.231  -61.727  16.001 0.4000000060
21113  5.562  -61.039  17.354 0.3000000119
17510  7.396  -64.704  15.231 0.3000000119
17542  9.793  -63.542  13.828 0.4000000060
19275  11.763  -62.555  12.326 0.4000000060
18365  10.701  -63.155  13.359 0.4000000060
17484  6.650  -64.785  18.208 0.3000000119
18307  5.938  -63.190  17.516 0.3000000119
138627  5.418  -62.481  16.512 0.4000000060
19223  6.007  -62.043  17.041 0.3000000119
20178  6.332  -60.903  16.907 0.3000000119
17489  7.346  -64.999  17.542 0.3000000119
17530  7.932  -64.051  14.589 0.3000000119
138364  9.822  -62.901  13.370 0.3000000119
17543  8.796  -63.486  14.164 0.3000000119
19276  10.834  -62.364  12.402 0.3000000119
19208  6.615  -62.523  17.778 0.3000000119
127524  7.540  -61.259  17.574 0.3000000119
19189  7.728  -63.339  18.583 0.3000000119
20129  7.900  -61.608  18.174 0.3000000119
19258  8.342  -62.310  14.364 0.3000000119
19267  9.203  -62.129  13.650 0.3000000119
134572  10.231  -61.749  12.407 0.3000000119
21095  4.618  -60.804  18.316 0.3000000119
18293  8.147  -64.086  18.409 0.3000000119
18291  9.877  -63.202  18.293 0.3000000119
20191  9.254  -61.375  14.162 0.3000000119
6022  15.491  -82.989  5.115 0.6000000238
6030  15.154  -82.449  4.243 0.6999999881
6049  13.553  -82.443  3.696 0.6999999881
6568  13.159  -81.793  3.203 0.6999999881
131035  11.230  -65.501  15.741 0.4000000060
16740  13.499  -65.133  14.908 0.6000000238
21112  6.994  -61.045  17.214 0.3000000119
124410  17.400  -84.208  1.704 0.6999999881
4287  14.335  -85.776  4.721 0.6999999881
4308  21.033  -84.781  2.000 0.8000000119
3861  21.741  -86.068  -3.542 0.6000000238
3860  22.574  -86.455  -3.488 0.6999999881
4877  21.133  -84.449  4.120 0.6000000238
4238  15.750  -85.048  8.540 0.6999999881
4361  24.397  -85.751  -1.311 0.8000000119
3371  24.243  -86.919  -3.579 0.6999999881
3363  25.021  -87.051  -3.212 0.8000000119
9475  8.848  -76.720  3.408 0.6999999881
6543  16.022  -82.130  4.551 0.5000000000
6582  12.683  -81.175  2.810 0.6000000238
8805  5.686  -77.105  4.608 0.6000000238
128819  13.373  -79.049  5.590 0.6999999881
5423  16.529  -83.432  9.428 0.8000000119
7560  19.137  -80.139  6.957 0.5000000000
7036  18.718  -80.133  6.791 0.6000000238
8771  16.957  -77.568  5.762 0.6000000238
12458  3.860  -71.604  9.193 0.8000000119
2435  19.450  -89.307  4.717 0.4000000060
2056  21.250  -89.674  5.232 0.4000000060
129701  19.258  -88.384  2.596 0.3000000119
2851  18.772  -89.048  4.381 0.4000000060
2068  18.894  -89.694  4.189 0.4000000060
2434  20.314  -89.634  4.935 0.4000000060
3306  22.478  -87.612  3.672 0.4000000060
3283  22.709  -87.369  4.370 0.5000000000
125644  21.246  -87.400  5.231 0.5000000000
127882  21.879  -87.681  3.339 0.3000000119
3307  21.027  -87.606  3.707 0.4000000060
2849  19.989  -88.264  5.207 0.4000000060
2877  20.872  -88.184  2.263 0.3000000119
3309  19.529  -88.017  3.763 0.3000000119
2850  19.387  -88.685  4.813 0.3000000119
2878  20.014  -88.242  2.404 0.3000000119
3322  22.597  -87.966  3.008 0.4000000060
3305  23.334  -87.780  3.487 0.4000000060
3282  23.649  -87.253  4.451 0.5000000000
2875  23.269  -88.363  2.584 0.3000000119
136485  21.722  -88.227  2.170 0.3000000119
2900  20.895  -89.038  0.832 0.4000000060
134912  21.044  -89.793  -1.513 0.4000000060
2483  20.183  -89.744  -1.004 0.4000000060
2498  19.739  -89.546  -1.659 0.4000000060
2874  24.138  -88.337  2.847 0.4000000060
139906  24.841  -88.957  2.250 0.4000000060
133640  23.942  -88.908  2.059 0.4000000060
2886  24.656  -89.400  1.449 0.4000000060
2447  26.489  -89.614  1.751 0.5000000000
125202  23.096  -88.821  1.747 0.4000000060
2456  24.675  -89.797  0.545 0.4000000060
2470  21.335  -89.445  0.005 0.4000000060
2482  21.669  -89.731  -0.909 0.5000000000
2468  23.318  -89.695  -0.470 0.4000000060
3383  20.415  -86.983  -3.721 0.6000000238
133826  20.139  -88.891  -2.782 0.4000000060
2453  27.389  -89.525  1.531 0.6000000238
2464  27.055  -89.575  0.787 0.6000000238
2466  25.187  -89.899  -0.221 0.6000000238
2478  26.099  -89.656  -0.166 0.6000000238
2479  24.701  -89.695  -0.919 0.6000000238
2492  25.503  -89.497  -0.921 0.6999999881
127962  23.240  -89.737  -1.275 0.5000000000
2494  23.568  -89.494  -1.784 0.6000000238
2926  25.173  -88.122  -2.481 0.6999999881
2895  28.008  -88.279  -0.180 0.6999999881
3341  28.146  -87.426  -1.266 0.6999999881
2896  27.233  -88.986  0.073 0.6000000238
2903  27.453  -88.247  -0.881 0.6999999881
3360  27.282  -86.366  -2.905 0.6999999881
3846  26.231  -85.977  -2.724 0.6999999881
123113  25.083  -85.834  -0.333 0.6999999881
131366  26.390  -88.292  -1.743 0.6999999881
3361  26.455  -86.676  -2.793 0.6999999881
3348  26.081  -87.735  -2.355 0.6999999881
3833  29.337  -86.395  -1.119 0.5000000000
3842  28.849  -86.054  -1.774 0.6000000238
3346  27.606  -87.238  -2.038 0.6999999881
4376  27.553  -85.728  -3.026 0.6000000238
3835  26.991  -85.779  -1.955 0.6999999881
128064  27.546  -85.468  -1.425 0.6999999881
3347  26.834  -87.453  -2.274 0.6999999881
125804  26.894  -85.744  -0.424 0.6999999881
4345  26.018  -85.820  0.481 0.6000000238
4371  27.716  -85.575  -2.609 0.6000000238
4359  28.264  -85.282  -1.653 0.6000000238
122442  27.590  -85.318  -0.333 0.6000000238
4892  23.957  -84.095  3.862 0.5000000000
3801  13.541  -86.069  3.830 0.6000000238
3800  14.305  -86.046  3.263 0.6000000238
4344  27.010  -85.439  0.746 0.6000000238
4321  26.287  -85.315  1.482 0.6000000238
4907  25.833  -84.627  2.724 0.5000000000
143941  25.542  -84.320  3.265 0.5000000000
135873  12.247  -86.723  5.108 0.6000000238
124586  13.749  -86.089  5.446 0.6000000238
3786  12.900  -86.261  4.479 0.6000000238
4343  27.523  -84.897  0.667 0.6000000238
4303  26.263  -84.914  2.144 0.5000000000
4304  25.555  -85.068  2.123 0.5000000000
3772  11.615  -86.733  6.012 0.6000000238
3757  12.524  -86.451  6.502 0.6000000238
3771  12.354  -86.669  5.827 0.6000000238
147924  11.662  -86.920  5.499 0.6000000238
131431  13.012  -86.393  5.296 0.6000000238
3742  14.041  -86.031  7.026 0.6000000238
3770  13.145  -86.442  6.100 0.6000000238
5452  22.225  -83.338  7.047 0.6000000238
3745  12.055  -86.312  6.711 0.6000000238
4837  12.529  -85.007  7.533 0.6000000238
4251  13.026  -85.654  7.545 0.6000000238
4825  14.196  -84.115  8.179 0.6000000238
4836  13.405  -84.779  7.809 0.6000000238
5442  14.708  -83.495  8.052 0.5000000000
4824  14.729  -84.469  8.644 0.6000000238
5433  15.030  -83.763  8.686 0.5000000000
3773  10.744  -86.998  5.722 0.6999999881
3758  11.259  -86.413  6.236 0.6000000238
4252  12.325  -85.809  7.235 0.6000000238
5444  13.593  -83.980  7.604 0.6000000238
5455  14.505  -83.422  7.112 0.6000000238
136427  8.995  -83.428  4.457 0.6000000238
4261  11.661  -85.804  6.811 0.6000000238
4851  11.453  -84.928  6.726 0.6000000238
5457  12.660  -83.708  6.321 0.5000000000
4862  11.034  -84.522  5.995 0.6000000238
5488  11.536  -83.224  5.033 0.6000000238
5489  10.512  -83.188  4.948 0.6000000238
6036  9.283  -82.744  4.216 0.6000000238
4852  10.861  -85.578  6.173 0.6000000238
5469  13.517  -83.488  5.835 0.6000000238
5471  11.406  -83.792  5.669 0.6000000238
5470  12.122  -83.499  5.526 0.5000000000
5487  12.424  -83.142  4.772 0.6000000238
6034  11.210  -82.589  4.373 0.5000000000
6035  10.201  -82.599  4.329 0.5000000000
6023  14.583  -83.058  4.654 0.6000000238
6032  13.009  -82.875  4.201 0.6000000238
6033  12.210  -82.706  4.226 0.6000000238
6052  10.884  -82.011  3.697 0.6000000238
6571  10.549  -81.318  3.153 0.6999999881
6572  9.427  -81.197  3.217 0.6999999881
6586  8.528  -80.765  2.768 0.6999999881
7088  7.341  -79.890  2.000 0.6999999881
6050  12.752  -82.285  3.594 0.6000000238
6570  11.555  -81.454  3.017 0.6999999881
7075  10.509  -80.344  2.443 0.6999999881
129975  9.452  -80.512  2.583 0.6999999881
7077  8.956  -80.044  2.306 0.6999999881
7635  7.988  -79.436  2.207 0.6000000238
7074  11.273  -80.484  2.505 0.6000000238
5482  25.059  -83.101  3.987 0.5000000000
4875  24.195  -83.508  4.528 0.5000000000
6549  24.216  -82.276  4.112 0.5000000000
5483  24.515  -83.085  4.558 0.5000000000
5465  23.837  -82.674  5.529 0.6000000238
6063  22.650  -82.275  2.443 0.6000000238
6062  23.474  -82.200  2.761 0.6000000238
136530  23.968  -82.268  5.020 0.6000000238
5450  23.444  -82.646  6.115 0.6000000238
5451  22.958  -82.892  6.682 0.6000000238
6578  22.235  -82.089  3.133 0.5000000000
6551  22.612  -81.585  4.786 0.6000000238
5439  21.775  -83.087  7.806 0.6000000238
123251  20.896  -82.039  4.003 0.6000000238
6540  21.937  -81.514  6.165 0.5000000000
6533  22.057  -81.721  7.034 0.6000000238
5430  21.237  -82.815  8.373 0.6000000238
6553  20.369  -81.823  4.580 0.5000000000
6519  21.678  -81.811  7.859 0.6000000238
7014  19.257  -80.980  8.321 0.5000000000
7035  19.613  -80.444  7.035 0.5000000000
5995  19.358  -81.882  9.301 0.6000000238
123946  20.823  -81.436  8.207 0.6000000238
2508  22.132  -89.523  -2.411 0.6000000238
2914  24.247  -88.947  -2.211 0.6999999881
122027  23.345  -83.838  4.791 0.5000000000
5486  13.069  -83.308  5.098 0.6000000238
6584  11.091  -80.886  2.637 0.6999999881
5467  22.587  -83.525  6.308 0.6000000238
6003  20.592  -82.432  8.848 0.6000000238
7013  19.992  -81.078  8.476 0.6000000238
2864  19.003  -88.473  4.158 0.3000000119
3324  20.332  -87.839  3.136 0.3000000119
123739  20.788  -87.562  4.621 0.4000000060
2890  20.456  -88.648  1.650 0.3000000119
2888  22.223  -88.684  1.529 0.4000000060
2899  21.822  -89.061  0.746 0.4000000060
143168  25.785  -89.066  2.394 0.4000000060
2887  23.836  -89.322  1.157 0.3000000119
147044  25.154  -89.752  1.029 0.5000000000
2465  26.465  -89.739  0.678 0.6000000238
2469  22.267  -89.540  -0.183 0.5000000000
2480  23.929  -89.755  -1.064 0.5000000000
2481  22.534  -89.773  -1.123 0.5000000000
2904  26.754  -88.990  -0.501 0.6000000238
3345  28.194  -86.591  -2.112 0.6999999881
4850  12.114  -84.439  7.030 0.6000000238
7104  6.940  -79.660  1.744 0.6000000238
6550  23.532  -81.873  4.509 0.6000000238
6065  20.877  -82.487  2.075 0.5000000000
6538  23.382  -81.749  5.403 0.6000000238
6531  23.172  -81.788  6.178 0.6000000238
6564  21.888  -81.841  3.917 0.5000000000
125282  21.922  -81.543  5.394 0.6000000238
138300  20.308  -82.330  2.703 0.5000000000
6534  21.101  -81.427  6.589 0.5000000000
7034  20.315  -81.067  6.925 0.5000000000
1217  17.880  -92.505  13.851 0.4000000060
650  18.278  -93.872  13.862 0.4000000060
912  17.887  -93.168  12.578 0.5000000000
1972  17.003  -90.092  12.871 0.5000000000
1959  15.877  -90.280  13.550 0.5000000000
1570  15.116  -91.559  13.598 0.5000000000
130109  17.364  -90.646  12.773 0.5000000000
128182  17.500  -90.415  13.473 0.5000000000
649  18.483  -94.045  14.442 0.4000000060
146165  19.011  -94.318  14.036 0.4000000060
656  19.330  -94.486  13.460 0.5000000000
1689  24.339  -91.281  3.643 0.3000000119
1688  24.991  -91.998  3.713 0.3000000119
1701  23.055  -91.173  2.801 0.3000000119
2075  22.110  -90.620  3.666 0.3000000119
1946  17.845  -90.252  14.391 0.4000000060
1957  17.024  -89.924  13.786 0.5000000000
1948  16.056  -90.273  14.426 0.5000000000
1568  17.984  -91.314  14.025 0.4000000060
129594  18.371  -93.813  15.091 0.3000000119
142182  18.410  -93.182  15.392 0.3000000119
465  20.163  -94.858  12.555 0.4000000060
648  19.229  -94.336  14.723 0.3000000119
647  20.238  -94.555  14.826 0.4000000060
640  20.726  -94.310  15.674 0.3000000119
1687  25.534  -91.962  4.314 0.3000000119
1346  24.586  -92.654  3.430 0.3000000119
2065  23.198  -90.708  3.830 0.3000000119
124615  22.102  -90.196  4.613 0.3000000119
2066  21.208  -90.201  4.439 0.3000000119
1567  18.400  -91.221  14.844 0.3000000119
2334  17.253  -89.779  14.721 0.4000000060
139558  18.470  -92.093  15.327 0.3000000119
634  20.329  -94.265  16.500 0.3000000119
142632  21.906  -94.133  14.067 0.4000000060
655  21.652  -94.394  13.290 0.4000000060
646  21.337  -94.297  14.834 0.4000000060
633  21.219  -93.996  16.284 0.3000000119
1677  26.617  -91.756  5.659 0.4000000060
1678  26.092  -91.919  4.972 0.4000000060
1325  26.208  -92.652  5.588 0.4000000060
1006  25.446  -93.246  5.614 0.4000000060
989  25.049  -93.511  6.274 0.4000000060
990  24.295  -93.934  6.504 0.5000000000
2053  25.155  -90.346  4.946 0.3000000119
2064  24.928  -90.997  4.236 0.3000000119
140292  24.363  -90.194  4.793 0.3000000119
2055  22.098  -89.704  5.433 0.3000000119
134141  20.652  -89.131  5.531 0.3000000119
1560  18.706  -91.205  15.710 0.3000000119
1215  22.768  -92.598  15.155 0.3000000119
645  22.497  -93.534  14.073 0.3000000119
916  22.226  -94.046  12.792 0.4000000060
662  22.105  -94.224  12.015 0.4000000060
880  21.801  -93.333  17.432 0.3000000119
900  22.541  -93.185  15.611 0.3000000119
896  22.028  -93.473  16.516 0.3000000119
901  21.760  -93.850  15.634 0.3000000119
946  23.408  -93.700  9.029 0.5000000000
947  22.837  -93.714  9.743 0.5000000000
1629  27.908  -91.235  9.369 0.3000000119
1660  27.512  -91.604  7.815 0.3000000119
2035  27.629  -90.878  7.788 0.3000000119
1661  27.225  -91.981  6.975 0.3000000119
1324  26.728  -92.352  6.298 0.4000000060
1280  24.762  -92.770  8.215 0.5000000000
956  24.312  -93.530  7.998 0.5000000000
1668  27.398  -91.231  7.044 0.3000000119
1310  25.923  -93.107  6.432 0.4000000060
1297  25.836  -93.003  7.218 0.4000000060
1298  25.012  -93.218  7.545 0.5000000000
2423  24.306  -89.663  5.558 0.3000000119
146206  22.808  -89.691  5.489 0.3000000119
2425  22.330  -89.226  6.069 0.3000000119
2426  21.384  -88.996  5.993 0.3000000119
2829  21.320  -88.174  6.454 0.4000000060
126689  22.638  -92.325  14.368 0.3000000119
1596  22.335  -92.424  12.866 0.4000000060
1194  22.229  -92.704  17.743 0.3000000119
1209  22.702  -92.479  16.106 0.3000000119
1559  22.764  -91.957  15.904 0.3000000119
1232  22.436  -92.892  12.144 0.4000000060
879  22.281  -92.954  17.048 0.3000000119
935  22.476  -93.937  10.716 0.4000000060
125382  22.501  -94.312  9.903 0.5000000000
1266  22.274  -91.816  9.716 0.4000000060
1255  22.511  -92.949  10.335 0.5000000000
1593  27.269  -91.291  12.231 0.3000000119
1265  23.081  -92.554  9.249 0.5000000000
1253  27.387  -91.925  9.722 0.3000000119
1632  23.676  -91.387  9.179 0.4000000060
1633  22.817  -91.386  9.350 0.5000000000
2012  27.984  -90.674  9.367 0.3000000119
1277  27.296  -92.183  8.260 0.4000000060
1278  26.752  -92.512  8.181 0.4000000060
1649  24.224  -92.089  8.743 0.5000000000
1281  23.943  -92.832  8.620 0.5000000000
2043  26.958  -90.710  6.472 0.3000000119
129921  26.646  -92.650  7.006 0.4000000060
136321  26.468  -92.665  7.565 0.5000000000
1279  25.780  -92.732  7.938 0.5000000000
2415  25.647  -89.411  6.436 0.3000000119
2416  24.724  -89.154  6.312 0.4000000060
2827  24.041  -88.449  7.029 0.3000000119
2417  22.791  -88.799  6.578 0.4000000060
2418  21.940  -88.505  6.637 0.4000000060
5558  16.740  -83.252  -2.555 0.5000000000
144801  21.042  -87.524  5.763 0.3000000119
1523  22.324  -91.176  19.175 0.3000000119
147852  22.754  -91.763  17.184 0.3000000119
1597  21.803  -91.597  12.691 0.3000000119
128067  22.564  -91.950  17.959 0.3000000119
123265  21.388  -91.259  11.788 0.3000000119
1256  21.965  -92.029  10.399 0.5000000000
141071  21.760  -90.680  9.887 0.4000000060
1618  21.646  -91.190  10.188 0.3000000119
1967  27.526  -90.846  12.753 0.3000000119
2015  22.308  -90.676  9.649 0.5000000000
141664  27.410  -91.607  10.661 0.3000000119
2013  24.001  -91.016  9.702 0.4000000060
2014  23.141  -90.626  9.570 0.4000000060
1254  26.587  -92.361  9.658 0.4000000060
1616  25.895  -92.074  10.350 0.4000000060
1617  24.876  -91.593  9.935 0.4000000060
1631  24.506  -91.756  9.203 0.4000000060
2408  27.275  -90.213  7.854 0.3000000119
2409  26.639  -89.622  7.529 0.3000000119
1264  26.245  -92.509  8.764 0.4000000060
1648  25.152  -92.393  8.644 0.5000000000
2411  25.005  -88.601  7.015 0.3000000119
2819  24.303  -87.716  7.564 0.4000000060
2820  23.383  -87.717  7.364 0.4000000060
5533  17.013  -83.494  -1.301 0.5000000000
125829  21.820  -87.936  6.925 0.4000000060
3247  22.921  -87.187  7.300 0.5000000000
5564  17.411  -83.481  -3.119 0.5000000000
1536  22.565  -91.208  18.517 0.3000000119
3787  11.360  -87.187  4.930 0.5000000000
2393  21.894  -90.100  9.886 0.3000000119
1997  21.254  -90.263  10.373 0.3000000119
134695  12.142  -86.516  4.290 0.5000000000
3310  10.017  -87.609  4.422 0.6000000238
1940  27.252  -90.655  14.382 0.3000000119
146262  26.618  -91.340  13.061 0.3000000119
1966  27.987  -90.290  12.353 0.3000000119
1603  26.863  -91.693  11.578 0.3000000119
1604  26.138  -91.640  12.132 0.3000000119
2391  23.027  -90.011  10.028 0.4000000060
2392  22.558  -90.155  9.807 0.4000000060
144621  15.235  -85.396  2.581 0.5000000000
3789  7.570  -86.709  5.277 0.5000000000
126465  26.112  -91.842  11.271 0.3000000119
1605  25.250  -91.566  10.943 0.3000000119
1995  24.382  -90.899  10.567 0.3000000119
142122  23.967  -90.153  11.249 0.3000000119
4309  15.677  -85.115  2.658 0.5000000000
2390  27.258  -89.327  9.099 0.3000000119
2403  26.082  -88.785  8.035 0.3000000119
4930  16.443  -84.139  1.447 0.5000000000
2811  25.676  -87.818  8.465 0.3000000119
4963  16.907  -83.807  -0.086 0.5000000000
4962  17.482  -83.884  -0.782 0.6000000238
3231  25.717  -87.057  8.735 0.4000000060
3731  24.552  -86.802  7.696 0.5000000000
4974  19.065  -84.089  -1.390 0.5000000000
3740  24.011  -86.584  7.244 0.4000000060
3753  23.342  -86.541  6.924 0.3000000119
3755  22.182  -87.088  6.509 0.4000000060
5555  18.876  -83.929  -3.043 0.6000000238
3764  26.857  -86.903  6.012 0.3000000119
3782  25.724  -86.858  5.376 0.4000000060
3784  23.876  -86.660  5.587 0.4000000060
141673  22.241  -86.943  5.888 0.3000000119
4994  19.943  -84.846  -3.766 0.6000000238
4987  18.559  -84.123  -3.565 0.5000000000
3253  27.804  -87.296  5.827 0.3000000119
3264  27.290  -87.379  5.252 0.5000000000
3280  25.531  -87.236  4.661 0.4000000060
3304  24.370  -87.750  3.680 0.4000000060
4388  18.833  -85.235  -4.066 0.6000000238
3263  28.885  -87.969  5.535 0.3000000119
135835  27.756  -87.972  4.582 0.5000000000
3302  26.342  -87.855  4.041 0.4000000060
3303  25.336  -87.769  3.847 0.4000000060
3278  28.680  -88.407  4.669 0.4000000060
3301  27.381  -88.274  3.933 0.5000000000
2862  26.039  -88.487  3.191 0.4000000060
2873  26.733  -89.180  2.493 0.5000000000
3287  10.488  -87.547  5.003 0.6000000238
3288  9.682  -87.730  4.950 0.6000000238
1927  27.661  -90.293  15.198 0.3000000119
1941  26.886  -90.873  14.374 0.3000000119
1942  26.214  -90.637  14.121 0.3000000119
1595  26.236  -91.353  12.883 0.3000000119
3269  10.212  -87.381  5.280 0.6000000238
3775  8.471  -87.048  5.325 0.6000000238
1953  27.689  -90.193  14.253 0.3000000119
1968  25.412  -91.054  12.429 0.3000000119
1969  24.545  -90.268  12.150 0.3000000119
126913  28.023  -88.867  13.547 0.3000000119
143096  25.554  -91.482  11.706 0.3000000119
1981  24.821  -90.928  11.541 0.3000000119
3776  7.750  -86.013  5.756 0.6000000238
2810  26.447  -88.540  8.769 0.3000000119
4866  8.217  -84.786  6.251 0.6000000238
4262  7.656  -84.939  6.784 0.6000000238
4853  6.988  -85.025  6.983 0.6000000238
4868  6.444  -84.511  6.517 0.5000000000
3738  25.903  -86.289  7.528 0.4000000060
3766  25.222  -86.456  6.059 0.4000000060
2847  29.174  -88.855  4.131 0.4000000060
2860  27.929  -89.073  3.253 0.5000000000
2306  28.270  -89.801  16.532 0.3000000119
2308  27.148  -89.693  16.208 0.3000000119
1928  27.219  -90.493  15.109 0.3000000119
2332  26.594  -90.363  14.885 0.3000000119
2339  25.402  -90.020  13.738 0.3000000119
2340  24.739  -89.308  13.290 0.3000000119
2352  24.330  -89.513  12.581 0.3000000119
3268  10.983  -87.240  5.436 0.5000000000
2331  28.122  -89.918  15.170 0.3000000119
123499  28.019  -89.700  13.172 0.3000000119
4274  10.395  -86.424  5.749 0.5000000000
126832  9.167  -86.942  5.430 0.6000000238
2338  28.014  -89.396  14.294 0.3000000119
142987  23.959  -89.670  11.968 0.3000000119
4276  8.564  -86.223  5.409 0.6000000238
133590  28.193  -88.430  14.196 0.3000000119
4865  8.745  -85.441  5.444 0.6000000238
3718  26.409  -86.111  9.056 0.3000000119
136547  26.108  -86.627  9.147 0.3000000119
4867  7.455  -84.367  6.509 0.6000000238
5493  6.209  -83.554  4.664 0.6000000238
4275  9.427  -86.067  5.358 0.6000000238
4864  9.630  -84.995  4.997 0.5000000000
4881  9.188  -84.177  4.787 0.6000000238
5474  8.719  -84.582  5.106 0.6000000238
5475  8.093  -83.972  5.683 0.6000000238
4882  6.622  -83.943  5.831 0.6000000238
5502  6.344  -83.071  3.838 0.6000000238
6039  6.982  -83.103  4.444 0.6000000238
6057  6.017  -82.755  3.081 0.5000000000
125147  10.094  -85.615  5.420 0.5000000000
4863  10.334  -84.783  5.468 0.5000000000
5491  8.582  -83.679  4.796 0.5000000000
6038  7.543  -82.653  4.251 0.6000000238
6600  4.649  -81.561  0.974 0.5000000000
7651  5.775  -79.459  1.125 0.6000000238
6611  5.253  -81.013  1.047 0.6000000238
139406  4.329  -81.151  1.104 0.5000000000
7091  4.526  -80.319  1.398 0.6000000238
7092  3.776  -80.826  1.647 0.6000000238
5473  9.955  -84.070  4.998 0.5000000000
6055  7.832  -81.882  3.891 0.5000000000
6066  7.157  -81.675  3.027 0.5000000000
6056  6.894  -82.435  3.645 0.6000000238
6574  7.879  -81.315  3.203 0.6000000238
6588  6.565  -81.315  2.182 0.5000000000
6589  5.798  -81.796  1.642 0.5000000000
6597  6.860  -80.527  1.966 0.6000000238
7086  9.506  -79.729  2.281 0.6000000238
7089  6.474  -80.310  1.609 0.6000000238
7619  3.890  -78.922  2.108 0.5000000000
10490  1.023  -74.961  15.030 0.5000000000
5472  10.772  -83.908  5.370 0.5000000000
6037  8.380  -82.745  4.400 0.5000000000
6573  8.475  -81.412  3.462 0.6000000238
139847  2.597  -74.961  15.323 0.5000000000
9913  4.095  -75.802  16.046 0.6000000238
10489  1.807  -74.681  15.123 0.6000000238
11132  0.855  -73.355  14.186 0.6000000238
142041  1.891  -75.299  15.270 0.5000000000
11133  0.505  -73.804  13.974 0.5000000000
10518  -0.240  -74.552  13.412 0.5000000000
8231  2.197  -78.248  3.367 0.5000000000
8242  3.492  -78.405  2.509 0.5000000000
135165  4.132  -67.848  11.678 0.6000000238
13092  4.439  -69.543  12.468 0.6999999881
13754  3.425  -69.455  12.638 0.6000000238
12399  4.055  -70.912  13.559 0.6999999881
11741  4.999  -72.925  15.142 0.6000000238
11115  5.084  -73.702  15.607 0.6000000238
12386  3.200  -71.371  13.775 0.6000000238
11753  3.784  -72.177  14.344 0.6000000238
128587  2.991  -68.472  11.818 0.6000000238
13756  2.144  -69.726  12.978 0.6000000238
135184  2.727  -72.149  14.039 0.6000000238
11116  4.210  -72.984  14.886 0.5000000000
121857  4.742  -75.215  16.090 0.6000000238
146090  1.958  -69.260  11.432 0.6000000238
12387  2.066  -71.455  13.797 0.6000000238
11118  3.045  -74.239  15.200 0.5000000000
122870  3.932  -75.004  15.841 0.6000000238
13758  1.318  -70.277  13.017 0.6000000238
11131  1.659  -73.153  14.399 0.6000000238
13078  0.784  -71.259  13.187 0.6000000238
12389  1.035  -71.856  13.713 0.6000000238
11764  0.495  -72.900  13.531 0.6000000238
11771  0.110  -73.017  13.066 0.5000000000
147401  -0.865  -75.735  12.663 0.5000000000
10536  -0.643  -74.891  11.460 0.5000000000
131780  -0.859  -75.297  9.978 0.5000000000
147526  -1.012  -76.113  9.299 0.5000000000
12384  5.470  -71.679  14.483 0.6000000238
11750  6.082  -71.953  15.188 0.6999999881
13802  1.473  -70.321  11.661 0.5000000000
11785  0.476  -72.489  12.601 0.6000000238
11801  0.479  -73.068  12.152 0.6000000238
11160  -0.198  -74.195  11.904 0.5000000000
11173  -0.272  -74.432  10.915 0.6000000238
143281  -0.523  -74.938  10.243 0.5000000000
134367  0.067  -75.134  9.149 0.6000000238
10602  -0.572  -75.626  9.138 0.6000000238
13208  12.117  -70.025  5.062 0.4000000060
13088  8.105  -69.839  12.678 0.6999999881
12370  9.457  -70.787  15.949 0.5000000000
12363  9.148  -71.636  16.510 0.5000000000
13210  10.813  -70.618  5.479 0.6000000238
13869  9.481  -69.985  5.884 0.5000000000
13046  8.032  -70.707  15.033 0.6000000238
11737  8.211  -71.915  16.412 0.5000000000
13164  11.876  -70.900  6.552 0.5000000000
13783  6.903  -68.617  12.043 0.6000000238
13058  7.642  -70.506  14.200 0.8000000119
124770  5.528  -69.219  12.037 0.6999999881
12383  6.350  -71.211  14.768 0.8000000119
132683  7.349  -73.357  15.911 0.6999999881
122103  0.651  -73.809  11.224 0.6000000238
10551  0.258  -74.338  10.496 0.6000000238
12362  10.102  -71.299  16.647 0.5000000000
14553  10.745  -68.747  6.020 0.5000000000
13767  8.896  -69.204  12.794 0.6999999881
126850  9.647  -72.267  17.092 0.5000000000
147903  12.597  -69.909  8.186 0.4000000060
13849  12.559  -70.149  6.320 0.4000000060
13140  12.300  -70.466  8.493 0.4000000060
12456  11.115  -71.398  8.294 0.5000000000
12457  10.554  -71.897  9.051 0.4000000060
13044  10.784  -70.283  15.697 0.5000000000
12349  11.444  -71.764  17.882 0.5000000000
14567  12.152  -69.117  5.422 0.3000000119
15250  11.240  -68.181  6.584 0.3000000119
13055  9.903  -69.862  14.412 0.6000000238
13125  12.310  -70.472  9.426 0.4000000060
12439  11.986  -70.893  9.892 0.4000000060
11814  9.228  -72.884  9.470 0.4000000060
13746  10.793  -69.481  14.693 0.6000000238
14451  10.255  -69.102  13.068 0.6000000238
11812  10.782  -72.011  9.969 0.4000000060
13043  11.719  -70.290  16.079 0.5000000000
13031  10.965  -70.777  16.356 0.5000000000
15210  15.206  -67.063  7.400 0.3000000119
15260  12.998  -67.979  5.507 0.3000000119
15231  11.763  -67.628  7.007 0.3000000119
15212  11.640  -67.412  7.835 0.4000000060
11796  11.905  -71.874  11.199 0.3000000119
11169  10.454  -73.323  10.752 0.4000000060
11168  10.957  -73.145  11.288 0.4000000060
16043  12.844  -66.814  6.342 0.4000000060
13745  11.678  -69.198  15.100 0.6000000238
13029  12.719  -70.187  17.474 0.4000000060
16012  12.069  -66.980  8.499 0.4000000060
16009  15.713  -66.383  8.098 0.3000000119
16026  15.803  -66.524  6.812 0.3000000119
143472  12.967  -68.994  16.397 0.5000000000
15969  12.458  -66.206  9.877 0.4000000060
15955  12.506  -65.973  10.832 0.4000000060
16754  13.356  -65.344  13.458 0.5000000000
16796  12.868  -65.616  10.281 0.4000000060
16781  13.138  -65.490  11.163 0.4000000060
19326  12.759  -62.884  8.727 0.3000000119
19309  11.998  -62.559  9.848 0.3000000119
18425  11.826  -63.630  9.365 0.3000000119
18399  12.459  -63.253  10.922 0.3000000119
19299  11.804  -62.592  10.748 0.3000000119
142559  3.252  -64.952  16.854 0.4000000060
20235  13.396  -61.681  9.773 0.3000000119
2780  23.781  -88.952  12.140 0.3000000119
3730  25.262  -86.702  8.114 0.4000000060
17587  12.981  -64.557  10.196 0.3000000119
10003  0.899  -75.269  10.245 0.6000000238
136460  2.983  -63.554  18.499 0.4000000060
12473  10.417  -71.562  7.245 0.5000000000
18412  12.921  -63.846  10.561 0.3000000119
3265  22.905  -87.008  5.282 0.3000000119
3281  24.626  -87.186  4.566 0.4000000060
5492  7.749  -83.312  4.798 0.5000000000
907  18.153  -93.463  14.437 0.4000000060
1581  17.693  -91.458  13.244 0.5000000000
1582  15.435  -90.869  13.351 0.5000000000
459  19.619  -94.643  12.908 0.5000000000
1337  25.641  -92.720  4.861 0.4000000060
1216  18.142  -92.392  14.644 0.4000000060
133241  20.839  -94.587  13.899 0.4000000060
464  20.828  -94.936  12.114 0.4000000060
2063  25.630  -91.176  4.671 0.4000000060
1020  24.938  -93.269  4.863 0.4000000060
1007  24.648  -93.667  5.648 0.4000000060
2325  17.417  -89.670  15.379 0.3000000119
616  21.148  -93.926  17.015 0.3000000119
906  22.232  -93.707  14.800 0.3000000119
654  22.284  -93.919  13.486 0.4000000060
663  21.561  -94.580  12.490 0.4000000060
2051  26.712  -91.001  5.883 0.3000000119
2045  25.386  -89.835  5.683 0.4000000060
135830  22.591  -93.297  13.185 0.4000000060
925  22.410  -93.921  11.543 0.4000000060
5534  16.464  -83.458  -0.780 0.5000000000
2424  23.231  -89.429  5.901 0.4000000060
1554  22.766  -91.977  16.591 0.3000000119
1233  21.968  -92.054  11.938 0.4000000060
1246  22.482  -93.363  11.395 0.4000000060
1615  26.758  -92.051  10.583 0.3000000119
2401  27.659  -90.359  8.594 0.3000000119
2414  26.461  -89.860  6.750 0.3000000119
2410  25.864  -89.011  7.167 0.3000000119
5556  18.348  -83.643  -2.566 0.6000000238
1982  21.166  -90.838  10.967 0.3000000119
1606  21.605  -91.663  10.997 0.4000000060
1996  23.615  -90.333  10.222 0.3000000119
123737  17.201  -83.928  0.848 0.5000000000
2812  24.878  -87.188  7.993 0.4000000060
136484  21.135  -88.835  10.565 0.3000000119
2374  23.226  -89.661  10.636 0.3000000119
3750  26.351  -86.399  6.793 0.4000000060
3752  24.679  -86.358  6.750 0.4000000060
146256  23.520  -86.516  6.374 0.4000000060
3251  29.382  -87.813  6.394 0.3000000119
127027  25.801  -89.771  14.498 0.3000000119
142621  9.133  -85.072  4.958 0.6000000238
3751  25.490  -86.344  6.802 0.3000000119
2753  25.178  -89.054  14.002 0.3000000119
2754  24.624  -88.398  13.518 0.3000000119
140176  28.821  -87.227  14.339 0.3000000119
6067  6.312  -82.100  2.609 0.5000000000
6598  6.119  -81.025  1.513 0.6000000238
13071  5.817  -70.865  13.091 0.6999999881
12373  6.842  -71.574  15.434 0.6999999881
126632  6.751  -70.661  12.841 0.6999999881
13057  8.374  -70.312  14.330 0.6000000238
14534  14.165  -68.214  6.179 0.3000000119
15247  14.597  -67.601  5.971 0.3000000119
4942  19.592  -84.730  -0.061 0.5000000000
4943  18.857  -84.560  0.365 0.5000000000
3340  28.746  -87.377  -0.601 0.6000000238
6054  8.839  -81.940  3.925 0.4000000060
6053  9.862  -81.942  3.820 0.5000000000
7636  5.320  -78.758  1.076 0.5000000000
7634  8.757  -79.219  2.315 0.5000000000
8268  7.322  -78.981  1.878 0.5000000000
8270  5.991  -78.584  1.084 0.5000000000
8241  3.965  -78.085  1.902 0.5000000000
8254  5.588  -78.003  1.105 0.5000000000
8251  9.804  -78.980  2.247 0.5000000000
8841  3.516  -77.376  2.430 0.4000000060
8858  8.074  -78.144  2.198 0.5000000000
8879  6.704  -78.055  1.746 0.5000000000
8840  4.152  -77.077  1.981 0.5000000000
8824  2.295  -77.117  3.248 0.5000000000
138333  7.050  -76.902  2.387 0.6000000238
9496  5.374  -76.370  2.293 0.5000000000
9481  3.405  -76.000  3.202 0.5000000000
10038  0.026  -75.946  7.868 0.5000000000
136961  5.931  -76.058  2.811 0.6000000238
9444  0.786  -76.353  5.644 0.5000000000
10051  0.190  -76.162  7.033 0.5000000000
9479  4.997  -76.063  2.915 0.6000000238
9460  3.183  -75.976  3.897 0.6000000238
9462  1.650  -76.363  4.466 0.5000000000
9477  7.408  -76.494  3.342 0.6000000238
138700  5.548  -76.367  3.606 0.6000000238
131410  3.776  -75.979  3.488 0.6000000238
9426  1.272  -76.037  5.954 0.6000000238
8806  4.759  -76.608  4.304 0.6000000238
10050  0.932  -75.997  6.820 0.5000000000
10022  0.004  -75.682  8.576 0.5000000000
141812  3.005  -76.181  4.741 0.6000000238
9442  2.218  -75.959  5.074 0.6000000238
10486  6.297  -74.882  16.128 0.5000000000
10485  7.085  -74.381  15.990 0.5000000000
11114  6.062  -74.018  15.768 0.5000000000
9398  1.298  -76.149  9.173 0.6000000238
8793  3.386  -76.910  5.644 0.6000000238
9412  1.359  -76.147  7.824 0.6000000238
9425  2.520  -76.365  5.727 0.6000000238
132536  1.815  -76.194  6.538 0.6000000238
8778  3.509  -77.505  6.542 0.6000000238
16823  12.613  -65.518  7.908 0.3000000119
15888  3.181  -66.165  17.257 0.3000000119
2872  27.587  -89.337  2.588 0.4000000060
2884  28.139  -89.152  1.629 0.5000000000
122807  19.351  -85.949  -4.041 0.5000000000
4386  20.308  -85.354  -3.811 0.5000000000
3332  28.779  -88.444  1.223 0.4000000060
122956  20.624  -85.133  -3.513 0.4000000060
3336  29.393  -86.999  -0.241 0.4000000060
4944  17.920  -84.258  -0.016 0.4000000060
4960  19.708  -84.438  -0.948 0.4000000060
4961  18.887  -84.419  -0.479 0.4000000060
5546  19.078  -83.906  -2.325 0.4000000060
4985  20.173  -84.641  -3.282 0.4000000060
5519  30.678  -83.762  0.096 0.4000000060
125047  29.595  -84.880  -1.283 0.4000000060
4358  28.539  -85.710  -1.876 0.4000000060
4929  18.143  -84.257  1.011 0.4000000060
4940  30.673  -84.694  0.055 0.4000000060
4342  29.860  -85.639  -0.898 0.4000000060
4959  28.415  -84.481  -1.397 0.4000000060
4941  27.895  -84.659  -0.601 0.5000000000
8791  4.953  -77.454  5.170 0.5000000000
8776  6.746  -77.821  5.825 0.5000000000
8202  4.374  -78.139  6.697 0.5000000000
8200  5.979  -78.482  6.418 0.5000000000
8187  6.385  -78.751  7.374 0.5000000000
8190  3.832  -78.011  7.465 0.5000000000
8167  5.712  -79.032  8.068 0.5000000000
11110  8.022  -74.187  16.332 0.4000000060
11732  9.023  -72.908  16.689 0.4000000060
8188  5.122  -78.590  6.897 0.5000000000
9411  2.325  -76.803  7.636 0.5000000000
4341  30.559  -85.581  0.074 0.4000000060
4957  29.482  -84.005  -1.169 0.4000000060
1583  15.103  -91.360  12.844 0.4000000060
488  15.486  -95.515  9.480 0.4000000060
1973  16.394  -90.201  12.281 0.4000000060
1609  15.120  -91.142  11.940 0.4000000060
691  15.038  -94.809  9.118 0.4000000060
962  15.295  -93.224  7.895 0.4000000060
963  14.887  -93.168  8.842 0.4000000060
138124  14.452  -94.077  10.172 0.4000000060
1598  17.072  -90.540  12.145 0.5000000000
1608  16.489  -90.555  11.497 0.4000000060
1984  15.763  -90.600  11.698 0.4000000060
951  14.666  -93.473  9.604 0.4000000060
1221  17.731  -92.525  13.137 0.5000000000
1248  17.653  -92.370  11.568 0.5000000000
1607  17.167  -91.166  11.439 0.5000000000
1998  15.941  -90.740  10.913 0.4000000060
124781  15.303  -91.096  11.106 0.4000000060
147681  16.594  -90.885  10.871 0.4000000060
1283  17.123  -92.018  8.490 0.4000000060
1268  16.537  -91.635  9.008 0.4000000060
1651  15.756  -91.846  9.126 0.4000000060
1269  15.129  -91.995  9.744 0.4000000060
1260  14.666  -92.469  10.416 0.4000000060
1284  15.524  -92.473  8.419 0.4000000060
1257  17.596  -92.126  10.210 0.5000000000
1258  16.888  -91.501  9.775 0.4000000060
1620  16.240  -91.057  10.219 0.4000000060
1259  15.067  -91.584  10.471 0.4000000060
950  18.202  -93.017  9.759 0.5000000000
1267  17.550  -92.149  9.462 0.4000000060
1636  15.632  -91.456  9.938 0.4000000060
948  19.352  -93.781  9.186 0.3000000119
959  19.464  -93.305  8.247 0.3000000119
689  19.981  -94.422  9.491 0.4000000060
949  18.673  -93.366  9.574 0.3000000119
478  20.688  -94.877  10.335 0.4000000060
690  19.286  -94.071  10.042 0.4000000060
714  21.469  -94.244  7.312 0.3000000119
715  20.928  -94.230  7.815 0.4000000060
704  20.060  -94.130  8.770 0.4000000060
486  20.594  -94.771  9.626 0.4000000060
702  21.551  -94.715  8.237 0.4000000060
493  21.061  -94.859  9.007 0.4000000060
485  21.217  -94.828  9.683 0.4000000060
679  22.034  -94.502  10.519 0.3000000119
961  17.950  -92.734  8.988 0.3000000119
471  20.876  -94.952  11.182 0.3000000119
472  20.091  -94.890  10.940 0.4000000060
477  21.390  -94.775  10.430 0.3000000119
492  21.756  -94.748  9.049 0.4000000060
688  22.506  -94.523  9.209 0.4000000060
484  21.913  -94.640  9.801 0.4000000060
936  18.569  -93.564  10.277 0.4000000060
672  19.473  -94.490  10.756 0.4000000060
974  21.243  -93.505  6.480 0.4000000060
141291  21.599  -94.712  11.012 0.3000000119
712  23.047  -94.551  7.783 0.4000000060
726  22.102  -94.299  6.657 0.4000000060
973  23.754  -94.154  7.920 0.4000000060
700  23.229  -94.391  8.651 0.4000000060
701  22.416  -94.686  8.420 0.4000000060
680  18.445  -93.710  10.894 0.4000000060
135750  18.911  -94.167  11.210 0.4000000060
122630  20.138  -94.957  11.767 0.3000000119
473  19.477  -94.632  11.465 0.4000000060
671  21.533  -94.712  11.690 0.3000000119
991  23.630  -94.281  7.152 0.4000000060
724  23.466  -94.280  6.302 0.4000000060
972  24.324  -93.803  7.348 0.4000000060
957  23.799  -93.837  8.466 0.4000000060
666  18.373  -93.906  12.367 0.4000000060
658  18.270  -93.864  13.178 0.4000000060
926  18.035  -93.373  11.694 0.4000000060
665  18.774  -94.230  12.497 0.4000000060
674  18.419  -93.848  11.542 0.4000000060
673  18.847  -94.249  11.896 0.4000000060
5520  27.641  -84.208  0.288 0.4000000060
713  22.257  -94.692  7.539 0.4000000060
458  20.096  -94.748  13.292 0.5000000000
460  19.020  -94.347  12.940 0.5000000000
466  19.420  -94.608  12.287 0.4000000060
479  20.019  -94.676  10.203 0.4000000060
657  18.624  -94.132  13.562 0.5000000000
664  20.834  -94.754  12.939 0.4000000060
670  22.091  -94.364  11.260 0.3000000119
692  14.736  -94.125  9.309 0.4000000060
703  20.747  -94.474  8.493 0.4000000060
895  22.494  -92.880  16.459 0.3000000119
908  17.974  -93.375  13.539 0.4000000060
937  18.073  -93.049  10.400 0.5000000000
958  20.275  -93.833  7.984 0.4000000060
971  25.070  -93.496  6.919 0.4000000060
1193  22.595  -92.363  17.029 0.3000000119
1234  17.527  -91.690  12.364 0.5000000000
1247  22.160  -92.523  11.188 0.4000000060
1263  27.095  -92.388  8.922 0.4000000060
1270  14.790  -92.752  9.620 0.4000000060
1285  15.208  -92.406  9.137 0.4000000060
1296  27.118  -92.331  7.609 0.4000000060
1338  25.076  -92.694  4.171 0.3000000119
1577  26.989  -91.219  13.136 0.3000000119
1578  26.582  -91.123  13.569 0.3000000119
1594  26.674  -91.485  12.545 0.3000000119
1602  27.601  -91.254  11.363 0.3000000119
1619  17.203  -91.588  10.642 0.4000000060
1621  15.596  -91.132  10.517 0.4000000060
1630  25.542  -92.203  9.344 0.4000000060
1634  22.077  -91.123  9.678 0.4000000060
1635  16.143  -91.401  9.568 0.4000000060
1647  27.568  -91.753  8.767 0.3000000119
1650  23.548  -91.948  8.974 0.5000000000
1669  27.024  -91.520  6.360 0.4000000060
1699  24.586  -92.075  3.144 0.3000000119
1920  22.732  -91.260  16.614 0.3000000119
1954  27.295  -90.828  13.601 0.3000000119
1955  25.808  -90.830  13.320 0.3000000119
1958  16.400  -89.946  13.103 0.5000000000
1974  15.685  -90.496  12.651 0.4000000060
2026  27.834  -91.094  8.574 0.3000000119
2036  27.150  -90.437  7.193 0.3000000119
2044  26.251  -90.225  6.035 0.4000000060
2052  26.073  -90.831  5.309 0.4000000060
2054  23.560  -89.887  5.135 0.3000000119
2067  19.692  -89.951  4.342 0.4000000060
2321  27.642  -90.144  15.946 0.3000000119
2322  26.901  -90.058  15.644 0.3000000119
2323  26.197  -89.464  15.213 0.3000000119
2351  24.985  -90.197  12.950 0.3000000119
2364  23.508  -89.285  11.413 0.3000000119
2375  22.445  -89.507  10.239 0.4000000060
2376  21.517  -89.428  10.271 0.3000000119
2377  20.860  -89.405  10.701 0.3000000119
2402  26.926  -89.472  8.294 0.3000000119
2427  19.992  -88.952  5.289 0.3000000119
2446  27.225  -89.612  1.954 0.5000000000
2454  26.849  -89.731  1.330 0.6000000238
2455  25.570  -89.578  1.515 0.5000000000
2457  23.826  -89.628  0.288 0.4000000060
2467  24.315  -89.807  -0.352 0.5000000000
2471  20.472  -89.470  0.020 0.4000000060
2493  24.275  -89.489  -1.487 0.6000000238
2495  22.721  -89.667  -1.797 0.5000000000
2496  21.881  -89.804  -1.751 0.4000000060
2497  20.471  -89.673  -1.968 0.5000000000
2509  21.189  -89.643  -2.329 0.4000000060
2742  28.491  -89.056  14.959 0.3000000119
2818  25.236  -88.150  7.795 0.3000000119
2828  22.501  -87.976  7.145 0.4000000060
2830  21.010  -87.720  6.111 0.3000000119
2839  20.651  -88.421  5.793 0.3000000119
2848  28.313  -88.693  3.923 0.5000000000
2861  27.027  -88.704  3.235 0.5000000000
2863  25.078  -88.370  3.037 0.4000000060
2876  22.491  -88.316  2.281 0.4000000060
2879  18.892  -88.371  3.333 0.3000000119
2885  27.646  -89.077  0.777 0.6000000238
2889  21.339  -88.622  1.541 0.3000000119
2891  19.611  -88.690  1.861 0.3000000119
2897  26.701  -89.456  0.206 0.6000000238
2898  22.902  -89.254  0.696 0.4000000060
2905  26.246  -88.992  -1.048 0.6999999881
2911  26.904  -88.257  -1.405 0.6999999881
2912  25.731  -88.706  -1.676 0.6999999881
2913  24.949  -89.184  -1.606 0.6999999881
2915  19.454  -89.276  -2.009 0.4000000060
2928  22.500  -88.892  -2.932 0.6999999881
2937  22.834  -88.142  -3.301 0.6999999881
2939  20.483  -88.534  -3.130 0.6000000238
2940  19.671  -88.284  -3.114 0.4000000060
3164  28.278  -87.476  14.023 0.3000000119
3246  23.789  -87.014  7.604 0.4000000060
3254  22.251  -87.410  6.983 0.4000000060
3255  21.636  -87.590  6.556 0.4000000060
3266  22.034  -87.182  5.172 0.5000000000
3267  21.530  -87.255  5.960 0.4000000060
3270  9.405  -87.415  5.254 0.6000000238
3279  26.898  -87.573  4.652 0.4000000060
3284  21.739  -87.463  4.292 0.5000000000
3285  20.617  -87.767  5.445 0.4000000060
3286  19.652  -88.111  4.519 0.3000000119
3289  8.849  -87.776  4.946 0.6000000238
3308  20.194  -87.721  4.112 0.4000000060
3323  21.318  -87.845  2.847 0.3000000119
3325  19.568  -88.090  3.050 0.3000000119
3362  25.716  -87.067  -2.832 0.8000000119
3373  22.640  -87.382  -3.578 0.6999999881
3719  25.883  -86.453  8.593 0.3000000119
3739  25.056  -86.497  7.469 0.4000000060
3741  23.304  -86.769  7.244 0.5000000000
3743  13.521  -86.015  7.306 0.6000000238
3744  12.788  -86.219  7.094 0.6000000238
3754  22.741  -86.834  7.011 0.3000000119
3756  13.309  -86.299  6.800 0.6000000238
3765  26.002  -86.611  6.061 0.4000000060
3767  24.537  -86.437  6.071 0.4000000060
3768  22.908  -86.698  6.301 0.3000000119
3774  9.914  -87.028  5.517 0.6000000238
3783  24.934  -86.726  5.356 0.4000000060
3785  13.615  -86.038  4.626 0.6000000238
3788  10.718  -87.316  4.478 0.5000000000
3803  11.334  -86.629  3.851 0.5000000000
3830  29.941  -86.342  -0.211 0.4000000060
3834  28.650  -86.631  -1.600 0.5000000000
3843  28.380  -86.044  -2.271 0.6000000238
3844  27.945  -86.129  -2.763 0.6999999881
3845  27.176  -85.683  -2.987 0.6999999881
3852  26.823  -85.973  -3.052 0.6999999881
3854  24.732  -86.531  -3.173 0.8000000119
3859  23.444  -86.727  -3.601 0.6999999881
3869  20.933  -85.706  -3.658 0.5000000000
3870  20.262  -86.026  -3.979 0.5000000000
4239  15.028  -85.087  8.502 0.6999999881
4240  14.259  -85.063  8.152 0.6000000238
4248  15.453  -85.461  7.856 0.6999999881
4249  14.714  -85.468  7.977 0.6999999881
4250  13.673  -85.507  7.731 0.6000000238
4259  15.410  -85.540  6.843 0.6999999881
4271  16.081  -85.187  6.186 0.8000000119
4277  8.043  -85.306  6.237 0.6000000238
4305  24.660  -85.130  1.985 0.5000000000
4306  22.931  -84.878  2.082 0.6999999881
4310  14.700  -85.760  2.435 0.5000000000
4322  25.315  -85.448  1.384 0.6000000238
4323  23.781  -85.134  1.641 0.6999999881
4327  19.829  -84.833  1.194 0.6000000238
4328  15.356  -85.147  1.980 0.5000000000
4349  20.283  -84.934  0.428 0.6000000238
4356  30.166  -85.043  -0.630 0.4000000060
4357  29.238  -85.618  -1.541 0.4000000060
4370  28.010  -85.714  -2.582 0.6000000238
4373  23.601  -85.613  -2.003 0.8000000119
4380  21.414  -85.405  -3.312 0.4000000060
4387  19.685  -85.297  -4.017 0.6000000238
4808  18.658  -83.460  9.351 0.6999999881
4809  17.943  -83.844  9.448 0.8000000119
4811  16.179  -83.979  9.455 0.6999999881
4820  18.261  -84.347  8.621 0.8000000119
4821  17.399  -84.468  8.890 0.8000000119
4833  19.446  -84.089  7.581 0.6999999881
4838  11.967  -85.213  7.170 0.6000000238
4848  18.387  -84.497  6.478 0.8999999762
4849  17.843  -84.666  7.097 0.8999999762
4857  22.439  -83.941  5.481 0.6000000238
4860  18.890  -84.409  5.749 0.8999999762
4874  24.786  -83.549  4.043 0.5000000000
4878  19.518  -84.362  4.206 0.6999999881
4880  16.666  -84.786  4.615 0.8000000119
4891  24.924  -84.226  3.567 0.5000000000
4896  18.974  -84.296  3.129 0.6999999881
4906  26.371  -84.389  2.401 0.5000000000
4908  25.006  -84.788  2.880 0.6999999881
4910  22.356  -84.673  2.867 0.6000000238
4912  19.748  -84.497  2.793 0.6999999881
4915  17.576  -84.295  2.519 0.8000000119
4916  16.067  -84.588  2.144 0.5000000000
4925  26.953  -84.845  1.652 0.5000000000
4927  19.382  -84.560  1.800 0.6000000238
4956  30.085  -84.370  -0.653 0.4000000060
4958  28.939  -85.074  -1.593 0.4000000060
4972  20.486  -84.509  -1.566 0.4000000060
4973  19.782  -84.158  -1.972 0.4000000060
4975  17.761  -83.640  -1.764 0.5000000000
4978  21.181  -84.717  -2.305 0.6000000238
4980  19.650  -84.181  -2.842 0.4000000060
4984  20.938  -84.947  -3.050 0.6000000238
4986  19.397  -84.403  -3.417 0.6000000238
4988  17.894  -83.832  -3.558 0.5000000000
4995  19.170  -84.683  -3.859 0.6000000238
5419  19.854  -82.778  9.179 0.6000000238
5422  17.382  -83.253  9.511 0.6999999881
5424  15.796  -83.549  9.187 0.8000000119
5432  19.396  -83.464  8.932 0.6999999881
5438  22.372  -82.714  7.343 0.6000000238
5441  19.953  -83.738  8.195 0.6999999881
5443  14.075  -83.697  7.647 0.5000000000
5445  12.915  -84.153  7.288 0.6000000238
5456  13.615  -83.637  6.862 0.6000000238
5458  11.705  -84.060  6.296 0.6000000238
5464  24.232  -82.774  4.977 0.6000000238
5466  23.350  -83.280  5.818 0.6000000238
5476  7.174  -83.614  5.407 0.6000000238
5484  24.036  -83.183  5.141 0.5000000000
5485  13.893  -83.325  5.097 0.6000000238
5490  9.588  -83.362  4.636 0.6000000238
5557  17.587  -83.381  -2.650 0.6000000238
5563  18.121  -83.623  -3.163 0.5000000000
5994  19.987  -82.056  9.250 0.6000000238
5996  18.780  -82.399  9.448 0.6000000238
5997  17.949  -82.466  9.347 0.6999999881
6002  21.203  -82.063  8.414 0.6000000238
6004  17.433  -82.245  8.902 0.6999999881
6006  16.248  -83.062  9.183 0.6000000238
6008  22.326  -82.148  7.340 0.6000000238
6009  21.843  -82.437  7.926 0.6000000238
6011  16.448  -82.577  7.953 0.6999999881
6014  23.191  -82.271  6.482 0.6000000238
6015  22.791  -82.373  6.967 0.6000000238
6020  23.595  -82.156  5.846 0.6000000238
6021  16.211  -82.595  5.278 0.5000000000
6029  24.545  -82.698  4.424 0.5000000000
6046  25.517  -83.083  3.480 0.5000000000
6051  11.896  -82.127  3.565 0.6000000238
6080  5.000  -82.159  1.183 0.5000000000
6511  20.468  -81.677  8.783 0.6000000238
6512  19.351  -81.401  8.896 0.6999999881
6513  18.831  -81.409  8.752 0.5000000000
6520  21.073  -81.436  7.521 0.6000000238
6522  17.936  -81.748  8.021 0.6000000238
6532  22.806  -81.936  6.795 0.6000000238
6535  17.576  -81.805  6.988 0.5000000000
6536  17.247  -82.039  6.027 0.5000000000
6539  22.703  -81.561  5.744 0.6000000238
6541  20.907  -81.547  5.545 0.5000000000
6542  16.766  -82.104  5.229 0.5000000000
6552  21.398  -81.715  4.692 0.6000000238
6562  23.591  -82.059  3.638 0.6000000238
6563  22.862  -81.821  3.869 0.6000000238
6569  12.379  -81.611  3.074 0.6999999881
6577  22.978  -82.070  3.188 0.6000000238
6579  21.147  -82.222  3.110 0.5000000000
6585  10.209  -80.676  2.650 0.6999999881
6587  7.443  -80.933  2.552 0.6000000238
6599  5.405  -81.396  1.217 0.6000000238
6612  4.909  -80.764  1.014 0.6000000238
7027  20.234  -80.926  7.757 0.6000000238
7028  19.523  -80.689  7.690 0.5000000000
7029  18.992  -80.610  7.575 0.6000000238
7042  20.378  -81.307  6.090 0.5000000000
7055  14.834  -81.003  3.891 0.5000000000
7065  14.229  -81.427  3.443 0.6000000238
7066  13.489  -81.225  3.089 0.6000000238
7067  12.891  -80.714  2.845 0.6000000238
7076  9.845  -80.119  2.312 0.6999999881
7078  7.892  -80.188  2.298 0.6999999881
7079  3.632  -80.151  2.648 0.6000000238
7085  10.002  -79.956  2.284 0.6999999881
7087  8.904  -79.531  2.298 0.6000000238
7090  5.809  -80.730  1.273 0.6000000238
7105  6.180  -80.009  1.316 0.6000000238
7106  5.525  -80.354  1.145 0.6000000238
7537  5.985  -79.176  8.909 0.5000000000
7571  16.290  -78.788  5.823 0.6000000238
7572  14.481  -78.742  6.964 0.5000000000
7582  14.956  -79.288  5.019 0.5000000000
7594  13.715  -79.965  3.877 0.6000000238
7607  12.714  -79.983  2.975 0.6000000238
7617  11.327  -79.806  2.467 0.6000000238
7618  10.483  -79.346  2.328 0.5000000000
7632  9.831  -79.643  2.275 0.6000000238
7633  9.334  -79.382  2.301 0.6000000238
7637  4.550  -79.085  1.593 0.5000000000
7638  3.953  -79.768  1.953 0.5000000000
7649  8.122  -79.035  2.227 0.5000000000
7650  6.461  -79.192  1.423 0.5000000000
7652  5.144  -79.814  1.136 0.6000000238
8147  6.663  -79.018  9.224 0.5000000000
8148  5.548  -78.899  9.627 0.6000000238
8150  4.258  -78.368  9.001 0.6000000238
8168  4.809  -78.736  8.392 0.6000000238
8189  4.530  -78.503  7.564 0.5000000000
8193  17.779  -78.325  5.621 0.6000000238
8201  5.083  -78.212  5.985 0.5000000000
8211  5.823  -77.858  5.463 0.5000000000
8216  17.747  -77.867  4.327 0.5000000000
8217  12.301  -79.196  3.648 0.6999999881
8218  11.515  -78.670  3.945 0.6999999881
8219  10.778  -78.176  4.432 0.6000000238
8230  3.036  -78.807  3.055 0.5000000000
8243  2.869  -77.762  2.826 0.4000000060
8252  9.193  -78.876  2.265 0.5000000000
8253  8.541  -78.775  2.273 0.5000000000
8255  4.813  -77.820  1.467 0.5000000000
8267  7.859  -78.700  2.162 0.5000000000
8269  6.618  -78.494  1.541 0.5000000000
8710  4.381  -77.826  10.199 0.6999999881
8711  3.530  -77.426  9.963 0.6999999881
8712  2.737  -76.896  10.120 0.6999999881
8724  3.585  -77.855  9.110 0.6000000238
8743  2.921  -77.349  8.501 0.6000000238
8756  15.333  -77.367  7.465 0.5000000000
8763  3.127  -77.445  7.500 0.5000000000
8777  4.231  -77.596  5.808 0.6000000238
8779  2.705  -76.885  6.672 0.6000000238
8789  7.459  -77.276  5.281 0.6000000238
8790  6.560  -77.332  4.971 0.6000000238
8792  4.034  -76.779  4.946 0.6000000238
8800  17.397  -77.323  4.702 0.5000000000
8802  10.058  -77.378  4.888 0.6999999881
8804  8.820  -76.885  5.123 0.5000000000
8807  1.271  -77.064  4.162 0.5000000000
8819  16.414  -77.340  3.632 0.5000000000
8820  15.541  -77.302  3.470 0.5000000000
8822  10.383  -77.641  3.831 0.6999999881
8823  9.314  -76.793  3.745 0.6999999881
8834  14.129  -77.627  1.908 0.5000000000
8837  9.259  -77.484  2.492 0.6000000238
8838  8.595  -77.598  2.368 0.6999999881
8839  4.858  -76.840  1.840 0.5000000000
8842  3.034  -76.707  2.911 0.4000000060
8857  8.932  -78.211  2.261 0.6000000238
8859  7.233  -77.747  2.136 0.5000000000
8860  6.154  -77.937  1.353 0.5000000000
8861  5.640  -77.189  1.669 0.5000000000
8878  7.254  -78.407  1.967 0.5000000000
9352  5.963  -77.117  11.295 0.5000000000
9361  5.463  -76.724  10.605 0.5000000000
9364  2.274  -76.259  10.420 0.6999999881
9365  1.641  -75.649  10.489 0.6000000238
9380  4.669  -76.577  10.136 0.6000000238
9382  1.380  -76.013  10.106 0.6999999881
9409  14.943  -76.817  7.305 0.5000000000
9423  15.285  -76.466  6.572 0.5000000000
9427  0.682  -76.192  6.329 0.5000000000
9428  -0.310  -76.500  6.977 0.5000000000
9435  16.505  -76.544  5.397 0.6000000238
9436  15.898  -76.282  5.918 0.5000000000
9438  13.604  -76.168  5.803 0.5000000000
9439  8.012  -76.811  4.686 0.6000000238
9441  3.836  -76.143  4.089 0.6000000238
9443  1.602  -76.033  5.103 0.6000000238
9453  16.717  -76.736  4.702 0.6000000238
9455  14.616  -76.399  4.377 0.5000000000
9457  8.646  -76.733  4.156 0.6999999881
9458  7.308  -76.719  3.969 0.6999999881
9461  2.329  -76.068  4.389 0.6000000238
9463  1.063  -76.624  4.833 0.5000000000
9472  15.215  -76.740  3.873 0.5000000000
9476  8.196  -76.644  3.394 0.6000000238
9478  6.576  -76.358  3.367 0.6999999881
9480  4.133  -75.948  2.963 0.6000000238
9482  2.696  -76.287  3.576 0.5000000000
9483  1.949  -76.632  3.886 0.5000000000
9492  9.341  -76.949  3.046 0.6999999881
9494  7.671  -76.621  2.804 0.6000000238
9495  6.805  -76.332  2.795 0.6000000238
9497  4.536  -76.390  2.431 0.5000000000
9498  3.779  -76.465  2.648 0.5000000000
9511  7.894  -77.291  2.411 0.6999999881
9512  6.216  -76.564  2.316 0.5000000000
9912  5.659  -75.420  16.285 0.5000000000
9914  3.302  -75.517  15.660 0.5000000000
9915  1.430  -75.855  15.281 0.5000000000
9943  -0.659  -75.413  13.351 0.5000000000
9951  -0.864  -75.582  11.946 0.5000000000
9961  8.136  -76.149  11.272 0.5000000000
9962  -0.905  -75.556  11.230 0.5000000000
9971  9.229  -75.634  10.732 0.5000000000
9973  7.637  -75.866  10.418 0.6000000238
9976  2.978  -75.924  10.541 0.8000000119
9978  1.444  -74.919  10.660 0.6000000238
9979  0.634  -74.585  10.491 0.6000000238
9980  -1.003  -75.748  10.562 0.5000000000
9998  8.012  -75.226  9.761 0.6000000238
9999  7.030  -75.397  9.728 0.6000000238
10004  0.118  -74.757  9.631 0.6000000238
10005  -1.076  -75.953  9.853 0.5000000000
10019  5.611  -74.951  8.964 0.8000000119
10021  0.483  -75.433  9.290 0.6000000238
10023  -0.467  -76.054  8.468 0.5000000000
10037  0.444  -75.952  7.704 0.5000000000
10039  -0.353  -76.331  7.661 0.5000000000
10073  12.821  -75.616  4.391 0.5000000000
10487  5.372  -74.590  15.987 0.5000000000
10488  4.514  -74.412  15.795 0.6000000238
10503  2.176  -74.094  14.997 0.6000000238
10504  1.264  -74.061  14.694 0.6000000238
10505  0.442  -74.300  14.547 0.5000000000
10507  -0.360  -75.090  14.034 0.5000000000
10525  -0.537  -74.865  12.519 0.5000000000
10533  11.117  -74.325  11.853 0.4000000060
10546  9.715  -75.066  10.131 0.5000000000
10548  2.832  -74.983  10.456 0.6999999881
10549  2.133  -74.319  10.850 0.6999999881
10552  -0.018  -74.508  10.309 0.6000000238
10553  -0.752  -75.055  10.631 0.5000000000
10569  8.288  -74.571  9.476 0.6000000238
10571  6.603  -74.805  9.128 0.6999999881
10572  4.393  -74.698  9.119 0.6999999881
10575  0.097  -74.837  9.552 0.6000000238
10576  -0.833  -75.603  9.391 0.6000000238
10596  6.991  -74.143  9.103 0.6999999881
10598  5.407  -74.252  8.574 0.8000000119
10599  4.791  -74.121  8.595 0.8000000119
10601  -0.253  -75.386  9.104 0.6000000238
11108  9.250  -73.723  17.007 0.4000000060
11117  3.569  -73.622  15.005 0.5000000000
11129  3.259  -72.891  14.437 0.6000000238
11130  2.694  -73.479  14.687 0.5000000000
11144  0.193  -73.762  13.470 0.5000000000
11148  0.214  -73.432  12.333 0.6000000238
11149  -0.095  -73.917  12.831 0.5000000000
11158  11.286  -73.481  11.779 0.4000000060
11159  10.788  -74.008  11.181 0.4000000060
11171  1.083  -73.707  11.000 0.6000000238
11172  0.268  -73.982  11.186 0.6000000238
11182  9.857  -73.325  10.076 0.4000000060
11183  8.293  -73.876  9.406 0.6000000238
11184  3.401  -73.471  9.642 0.6999999881
11185  2.691  -73.211  10.451 0.6999999881
11186  2.289  -72.528  10.890 0.6999999881
11198  7.377  -73.333  8.975 0.6999999881
11200  5.866  -73.645  8.507 0.8000000119
11202  4.570  -73.305  8.659 0.8000000119
11216  7.127  -72.800  8.452 0.6999999881
11218  5.664  -73.035  8.252 0.6999999881
11721  10.047  -72.858  17.693 0.5000000000
11733  8.143  -73.081  16.355 0.4000000060
11738  7.435  -72.222  15.984 0.5000000000
11739  6.675  -72.550  15.627 0.6999999881
11740  5.827  -72.950  15.477 0.5000000000
11751  5.418  -72.309  15.030 0.6000000238
11752  4.756  -72.277  14.664 0.6000000238
11754  1.749  -72.181  14.043 0.6000000238
11755  1.132  -72.376  13.949 0.6000000238
11756  0.834  -72.676  13.818 0.6000000238
11784  11.570  -72.665  11.581 0.4000000060
11797  11.039  -72.398  10.830 0.4000000060
11798  10.376  -72.657  10.301 0.4000000060
11799  1.866  -72.148  11.230 0.6999999881
11813  10.054  -72.485  9.627 0.4000000060
11815  2.961  -72.272  10.149 0.6999999881
11829  8.317  -72.573  8.801 0.6000000238
11830  4.466  -72.133  8.743 0.8000000119
11831  3.865  -72.204  9.220 0.8000000119
11841  8.721  -71.900  8.042 0.6999999881
11842  7.685  -72.125  7.990 0.6999999881
11843  6.139  -72.577  7.936 0.6999999881
11844  4.980  -72.774  8.365 0.8000000119
11854  8.840  -71.412  7.220 0.6000000238
11855  8.260  -71.479  7.479 0.6999999881
11856  7.567  -71.825  7.657 0.6999999881
12350  10.551  -72.007  17.451 0.5000000000
12361  11.124  -71.311  17.091 0.5000000000
12371  8.488  -70.989  15.976 0.6000000238
12372  7.615  -71.274  15.754 0.6999999881
12382  7.136  -70.881  14.949 0.6999999881
12385  4.414  -71.607  14.111 0.6000000238
12388  1.376  -71.556  13.711 0.6000000238
12390  0.757  -72.105  13.569 0.6000000238
12397  5.906  -71.112  14.093 0.8000000119
12398  5.068  -71.197  13.718 0.6000000238
12400  3.098  -70.528  13.335 0.6000000238
12401  0.964  -71.512  13.530 0.6000000238
12402  0.675  -71.746  13.322 0.6000000238
12410  0.756  -71.269  12.651 0.6000000238
12411  0.477  -71.728  12.934 0.6000000238
12420  0.973  -72.322  12.116 0.6000000238
12428  11.527  -71.541  10.390 0.4000000060
12429  1.875  -71.410  10.879 0.6999999881
12440  11.308  -71.382  9.444 0.4000000060
12441  2.818  -71.279  9.855 0.6999999881
12459  3.336  -71.695  9.609 0.8000000119
12460  3.059  -71.764  9.960 0.8000000119
12472  11.316  -71.289  7.213 0.5000000000
12475  6.659  -71.929  7.604 0.6999999881
12476  5.727  -72.033  7.765 0.6999999881
12492  11.053  -71.295  6.307 0.5000000000
12494  9.425  -71.194  6.338 0.6999999881
12495  8.759  -71.106  6.709 0.6999999881
12496  8.173  -71.256  7.240 0.6999999881
13016  12.461  -70.593  18.066 0.4000000060
13030  11.930  -70.732  16.907 0.5000000000
13032  10.216  -70.635  16.012 0.5000000000
13045  9.950  -70.254  15.373 0.5000000000
13056  8.967  -69.933  13.967 0.6000000238
13059  6.698  -70.782  14.000 0.8000000119
13060  2.316  -70.781  13.527 0.6000000238
13061  1.838  -71.230  13.668 0.6000000238
13062  1.229  -71.265  13.537 0.6000000238
13069  8.240  -70.124  13.575 0.6000000238
13070  7.506  -70.520  13.102 0.8000000119
13072  4.738  -70.593  12.980 0.6999999881
13073  3.777  -70.175  13.038 0.6999999881
13074  2.433  -70.086  13.174 0.6000000238
13075  1.836  -70.450  13.361 0.6000000238
13076  1.454  -70.673  13.354 0.6000000238
13077  1.102  -70.902  13.341 0.6000000238
13089  7.183  -70.179  12.402 0.6999999881
13090  6.249  -70.243  12.339 0.6999999881
13091  5.337  -70.219  12.441 0.6999999881
13093  1.040  -70.593  12.899 0.6000000238
13104  1.121  -70.828  12.204 0.5000000000
13115  2.051  -70.189  10.168 0.6999999881
13116  1.764  -70.648  10.824 0.5000000000
13117  1.398  -71.111  11.485 0.6999999881
13126  11.980  -71.034  8.881 0.5000000000
13127  3.136  -70.441  9.338 0.8000000119
13141  11.887  -70.960  7.811 0.4000000060
13142  5.390  -69.975  8.128 0.8000000119
13143  5.017  -70.634  8.309 0.8000000119
13145  3.193  -71.112  9.479 0.8000000119
13163  12.393  -70.400  7.463 0.4000000060
13165  7.201  -70.553  7.354 0.6999999881
13166  6.911  -71.259  7.422 0.6999999881
13167  5.621  -70.592  7.755 0.8000000119
13189  12.044  -70.427  5.527 0.4000000060
13190  10.866  -71.028  5.627 0.6000000238
13191  10.112  -70.984  5.823 0.6999999881
13192  9.209  -70.808  5.995 0.6999999881
13194  7.797  -71.061  7.241 0.6999999881
13209  11.470  -70.436  5.244 0.6000000238
13211  10.195  -70.408  5.656 0.6000000238
13729  13.010  -69.537  16.891 0.5000000000
13730  12.486  -70.140  16.607 0.4000000060
13738  12.538  -68.791  15.601 0.6999999881
13739  12.381  -69.615  15.966 0.5000000000
13740  11.323  -69.823  15.402 0.5000000000
13751  10.422  -69.313  13.826 0.6000000238
13752  9.609  -69.545  13.315 0.6999999881
13753  8.766  -69.736  13.237 0.6999999881
13755  2.697  -69.574  12.747 0.6000000238
13757  1.716  -70.041  13.107 0.6000000238
13768  7.470  -69.336  12.170 0.6000000238
13769  6.615  -69.456  12.055 0.6000000238
13770  3.075  -69.018  12.301 0.6000000238
13771  2.512  -69.322  12.539 0.6000000238
13772  1.519  -69.950  12.823 0.6000000238
13784  6.163  -68.373  11.894 0.6999999881
13785  2.304  -68.882  11.803 0.6000000238
13786  1.724  -69.557  12.038 0.6000000238
13787  1.328  -70.193  12.399 0.6000000238
13799  12.541  -69.972  9.978 0.4000000060
13800  3.004  -68.936  10.235 0.6999999881
13801  2.293  -69.257  10.765 0.6000000238
13813  4.961  -68.962  9.062 0.8000000119
13815  2.656  -69.859  9.818 0.6999999881
13827  13.004  -69.229  8.437 0.4000000060
13828  12.911  -69.700  7.328 0.4000000060
13829  7.125  -69.175  7.933 0.8000000119
13830  6.482  -69.085  8.237 0.8000000119
13832  4.320  -70.431  8.778 0.8000000119
13833  3.669  -70.186  9.060 0.8000000119
13850  8.230  -69.644  7.030 0.6999999881
13851  7.478  -69.780  7.425 0.8000000119
13852  5.977  -69.809  7.848 0.8000000119
13866  13.059  -69.150  5.436 0.3000000119
13867  12.558  -69.727  5.442 0.4000000060
13868  10.426  -69.603  5.678 0.5000000000
13871  8.059  -70.489  7.015 0.8000000119
13881  12.970  -69.041  5.361 0.3000000119
13882  12.533  -69.474  5.397 0.3000000119
13883  11.838  -69.880  5.049 0.4000000060
13884  11.047  -70.111  5.229 0.4000000060
14408  12.991  -67.798  17.173 0.6000000238
14409  12.338  -67.968  17.631 0.6000000238
14413  7.114  -69.071  17.142 0.5000000000
14414  6.181  -68.824  17.155 0.5000000000
14415  5.363  -68.454  17.041 0.5000000000
14419  13.155  -68.739  17.082 0.6000000238
14421  9.680  -68.518  16.599 0.6000000238
14422  7.337  -68.780  16.632 0.6000000238
14431  13.054  -68.121  16.355 0.6999999881
14432  7.964  -68.120  15.546 0.6000000238
14433  7.197  -68.031  16.005 0.6000000238
14441  11.996  -68.559  14.697 0.6000000238
14442  11.188  -68.945  14.251 0.8000000119
14449  11.552  -68.314  13.844 0.8000000119
14464  9.707  -68.822  12.682 0.6999999881
14467  4.611  -68.370  12.019 0.6999999881
14468  3.495  -68.362  12.003 0.6000000238
14469  2.756  -68.874  12.203 0.6000000238
14470  2.070  -69.387  12.603 0.6000000238
14482  8.193  -67.577  12.160 0.6999999881
14483  7.479  -68.187  12.113 0.6000000238
14484  6.716  -67.676  11.964 0.6999999881
14485  5.359  -67.860  11.823 0.8000000119
14487  3.481  -68.074  11.473 0.6000000238
14497  4.014  -67.887  10.356 0.8000000119
14498  3.476  -68.162  10.677 0.8000000119
14499  2.870  -68.505  11.158 0.6000000238
14510  5.457  -68.236  9.370 0.8000000119
14511  4.558  -68.204  9.714 0.8000000119
14521  8.148  -68.222  8.247 0.6000000238
14522  7.244  -68.401  8.555 0.6999999881
14536  10.360  -68.346  6.852 0.6000000238
14537  9.428  -68.523  7.130 0.6000000238
14550  13.935  -68.108  5.731 0.3000000119
14551  13.588  -68.682  5.752 0.3000000119
14552  11.590  -68.508  5.821 0.3000000119
14554  9.883  -69.068  6.308 0.5000000000
14555  9.013  -69.389  6.599 0.5000000000
14564  13.772  -67.975  5.608 0.3000000119
14565  13.338  -68.503  5.545 0.3000000119
14566  12.827  -68.826  5.390 0.3000000119
14568  11.299  -69.344  5.436 0.5000000000
15083  3.979  -67.315  17.112 0.5000000000
15087  12.700  -66.926  16.835 0.6999999881
15088  12.344  -67.304  17.261 0.6000000238
15090  5.112  -68.195  17.733 0.5000000000
15097  4.621  -67.570  16.535 0.5000000000
15106  13.149  -67.281  15.857 0.6999999881
15107  10.222  -67.053  15.780 0.6000000238
15110  7.490  -67.552  15.100 0.5000000000
15112  5.420  -67.337  16.306 0.6000000238
15113  4.647  -67.326  16.570 0.5000000000
15122  7.834  -66.845  14.703 0.4000000060
15130  11.906  -67.594  13.459 0.6000000238
15131  11.183  -68.005  13.070 0.6000000238
15143  10.765  -67.373  12.491 0.6999999881
15144  9.796  -67.669  12.345 0.6999999881
15145  8.976  -67.360  12.183 0.6999999881
15163  6.524  -67.000  11.562 0.6999999881
15164  5.530  -67.310  11.544 0.8000000119
15165  4.746  -67.514  11.371 0.8000000119
15166  4.025  -67.669  11.048 0.6000000238
15179  6.073  -66.959  10.973 0.8000000119
15180  5.323  -67.251  10.938 0.8000000119
15193  11.404  -67.413  8.847 0.4000000060
15196  8.502  -66.920  9.185 0.6999999881
15197  6.417  -66.815  10.228 0.8000000119
15198  5.242  -67.500  10.113 0.8000000119
15213  10.769  -67.752  8.242 0.6000000238
15214  9.189  -67.509  8.600 0.6000000238
15216  7.845  -67.566  8.938 0.6999999881
15229  15.258  -67.083  6.331 0.3000000119
15230  14.687  -67.662  6.777 0.3000000119
15234  8.959  -68.007  7.952 0.6000000238
15248  12.566  -67.486  5.969 0.3000000119
15249  11.951  -67.831  6.285 0.3000000119
15258  14.282  -67.410  5.638 0.3000000119
15261  12.358  -68.271  5.676 0.3000000119
15883  2.806  -66.174  18.070 0.3000000119
15887  3.245  -66.827  17.577 0.3000000119
15892  11.123  -66.749  16.575 0.5000000000
15893  3.725  -66.396  16.915 0.4000000060
15894  3.471  -65.627  16.976 0.4000000060
15903  13.168  -66.497  16.167 0.6999999881
15904  11.625  -66.025  16.440 0.5000000000
15907  8.769  -66.762  14.625 0.4000000060
15908  6.863  -66.324  15.223 0.5000000000
15909  5.909  -66.780  16.174 0.5000000000
15911  4.162  -66.616  16.738 0.5000000000
15918  13.453  -65.605  14.519 0.6000000238
15919  13.288  -66.421  14.753 0.6000000238
15921  8.104  -66.057  14.325 0.4000000060
15922  7.469  -66.134  14.820 0.4000000060
15931  12.247  -66.723  12.983 0.6000000238
15943  12.430  -65.984  12.002 0.4000000060
15956  11.780  -66.268  11.452 0.5000000000
15957  10.817  -66.244  11.451 0.5000000000
15958  8.967  -66.081  11.336 0.6000000238
15959  8.106  -66.183  11.348 0.6999999881
15960  7.352  -66.519  11.429 0.6999999881
15973  7.606  -66.159  10.669 0.6999999881
15974  6.828  -66.505  10.853 0.6999999881
15991  12.483  -66.405  9.024 0.4000000060
15993  10.808  -66.779  9.875 0.6000000238
15994  8.015  -66.321  9.900 0.6999999881
16011  12.406  -66.299  8.148 0.3000000119
16028  12.278  -67.002  7.256 0.4000000060
16044  12.364  -67.206  6.676 0.4000000060
16704  6.756  -65.180  17.753 0.3000000119
16705  6.276  -65.096  17.814 0.3000000119
16710  5.421  -65.587  16.670 0.3000000119
16711  3.133  -65.438  17.176 0.4000000060
16713  12.473  -66.168  16.459 0.6000000238
16714  6.806  -65.402  15.774 0.4000000060
16715  6.191  -65.783  16.322 0.4000000060
16717  3.512  -65.046  16.893 0.4000000060
16725  13.312  -64.807  15.036 0.6000000238
16726  12.996  -65.615  15.895 0.5000000000
16728  10.157  -65.771  14.942 0.5000000000
16729  7.123  -65.620  15.113 0.5000000000
16731  5.000  -66.012  16.611 0.4000000060
16732  4.252  -65.948  16.721 0.4000000060
16733  3.846  -65.268  16.905 0.4000000060
16742  11.821  -64.863  15.407 0.4000000060
16743  10.722  -65.054  14.856 0.4000000060
16753  13.500  -65.023  14.246 0.6000000238
16765  13.551  -64.676  12.672 0.5000000000
16766  13.221  -65.406  12.265 0.4000000060
16780  13.456  -64.845  11.572 0.6000000238
16795  13.265  -65.009  10.611 0.3000000119
16811  12.853  -65.231  9.790 0.3000000119
16821  16.361  -65.771  8.340 0.3000000119
17482  8.672  -64.211  17.957 0.3000000119
17483  7.414  -64.776  18.151 0.3000000119
17485  6.064  -64.750  17.959 0.3000000119
17490  5.720  -65.092  17.457 0.3000000119
17495  7.163  -64.891  16.465 0.4000000060
17497  4.407  -64.468  16.609 0.4000000060
17498  2.968  -64.408  16.751 0.4000000060
17509  12.826  -64.890  15.428 0.5000000000
17512  4.233  -65.029  16.834 0.4000000060
17514  3.322  -64.440  16.563 0.4000000060
17524  13.346  -64.564  14.333 0.6000000238
17526  12.207  -64.318  14.815 0.5000000000
17527  10.285  -64.368  14.297 0.4000000060
17528  9.124  -64.256  14.213 0.4000000060
17529  8.331  -64.251  14.308 0.3000000119
17541  13.662  -63.911  13.029 0.5000000000
17571  13.374  -64.257  11.012 0.6000000238
18292  9.064  -63.644  18.356 0.3000000119
18294  7.182  -64.108  18.487 0.3000000119
18295  6.286  -64.120  18.199 0.3000000119
18308  5.604  -64.330  17.585 0.4000000060
18321  3.510  -63.940  16.324 0.4000000060
18322  3.143  -63.996  16.403 0.4000000060
18337  4.441  -63.083  16.023 0.4000000060
18338  4.059  -63.943  16.384 0.4000000060
18349  13.181  -63.892  13.957 0.5000000000
18350  12.502  -63.752  14.125 0.5000000000
18351  11.283  -63.802  14.103 0.5000000000
18352  8.031  -63.043  14.614 0.3000000119
18362  13.393  -63.639  13.345 0.5000000000
18364  11.932  -63.193  13.462 0.4000000060
18366  9.154  -62.816  13.785 0.3000000119
18367  8.499  -62.897  14.194 0.3000000119
18380  12.434  -62.826  12.761 0.4000000060
18381  11.309  -62.764  12.822 0.4000000060
18382  10.318  -62.601  12.926 0.3000000119
18383  9.640  -62.413  13.230 0.3000000119
18398  13.220  -63.441  11.453 0.4000000060
18400  11.438  -62.329  11.742 0.3000000119
18413  12.016  -63.565  10.207 0.3000000119
18414  11.841  -63.361  10.065 0.3000000119
18424  11.868  -63.922  9.534 0.3000000119
18442  11.836  -63.870  8.891 0.3000000119
19183  3.236  -63.092  18.913 0.4000000060
19190  6.847  -63.310  18.326 0.3000000119
19191  2.903  -62.770  18.036 0.4000000060
19207  7.369  -62.490  18.297 0.3000000119
19209  3.342  -62.134  17.496 0.5000000000
19224  5.012  -62.529  15.959 0.4000000060
19226  3.738  -62.578  16.632 0.5000000000
19245  3.949  -63.198  16.153 0.4000000060
19257  8.924  -61.907  14.125 0.3000000119
19268  8.751  -62.386  14.031 0.3000000119
19274  12.489  -62.757  11.818 0.4000000060
19277  10.070  -62.108  12.659 0.3000000119
19278  9.609  -61.931  13.167 0.3000000119
19286  11.400  -62.395  11.830 0.3000000119
19287  10.704  -62.144  12.127 0.3000000119
19308  12.651  -62.419  9.482 0.3000000119
19327  11.972  -63.169  9.182 0.3000000119
20130  7.047  -61.744  17.572 0.3000000119
20153  6.022  -61.252  16.946 0.3000000119
20154  5.740  -61.521  16.656 0.3000000119
20155  5.042  -61.513  16.457 0.3000000119
20199  9.467  -61.461  13.540 0.3000000119
20203  10.180  -61.193  12.437 0.3000000119
20204  9.838  -61.533  12.827 0.3000000119
20251  13.589  -62.292  9.128 0.3000000119
21093  7.016  -60.141  17.315 0.3000000119
21094  5.400  -60.552  18.072 0.3000000119
21111  6.885  -60.159  17.026 0.3000000119
21128  6.866  -60.844  17.358 0.3000000119
21129  6.115  -60.891  17.311 0.3000000119
21143  9.791  -60.863  13.633 0.3000000119
22079  6.016  -60.245  18.062 0.3000000119
22093  6.918  -60.562  17.486 0.3000000119
121623  6.001  -67.473  9.752 0.8000000119
121943  17.088  -83.243  -2.084 0.5000000000
122150  0.437  -72.260  13.207 0.6000000238
122377  13.261  -66.609  15.499 0.6999999881
122634  5.123  -63.473  16.699 0.4000000060
123171  22.641  -81.689  6.409 0.6000000238
123258  18.396  -84.535  -3.872 0.5000000000
123494  27.666  -90.419  13.334 0.3000000119
123894  7.680  -66.837  9.495 0.6999999881
123997  4.157  -69.379  9.115 0.8000000119
124450  13.723  -62.792  8.517 0.3000000119
124593  26.293  -89.819  1.130 0.6000000238
124600  9.854  -66.189  11.372 0.6000000238
124829  22.657  -93.183  14.752 0.3000000119
124974  5.677  -68.206  16.481 0.5000000000
125070  17.825  -92.731  10.970 0.5000000000
125124  13.788  -79.239  7.339 0.5000000000
125252  9.716  -72.228  8.813 0.4000000060
125454  15.158  -85.514  3.150 0.5000000000
125496  12.628  -66.495  6.958 0.4000000060
125836  22.453  -93.640  12.203 0.4000000060
126064  1.444  -72.979  11.436 0.6999999881
126138  5.517  -61.739  16.246 0.4000000060
126213  0.211  -76.422  6.335 0.5000000000
126316  28.120  -89.337  2.741 0.4000000060
126425  9.015  -70.370  14.993 0.5000000000
126451  1.864  -75.974  5.643 0.6000000238
126643  4.306  -73.737  15.361 0.5000000000
126741  23.716  -89.022  6.411 0.4000000060
127202  28.645  -88.006  14.650 0.3000000119
127259  5.163  -78.792  7.630 0.5000000000
127391  -0.768  -76.005  8.896 0.5000000000
127467  6.223  -79.011  10.017 0.5000000000
127872  18.159  -93.449  11.116 0.4000000060
127920  22.744  -93.000  14.209 0.3000000119
128150  14.149  -85.946  4.053 0.6000000238
128319  15.926  -82.960  5.803 0.5000000000
128356  1.818  -69.813  11.097 0.6000000238
128456  19.758  -94.620  14.038 0.5000000000
129097  17.687  -84.324  3.166 0.8000000119
129544  18.249  -84.112  -1.009 0.5000000000
129711  22.914  -90.104  4.826 0.3000000119
129729  4.549  -71.380  8.657 0.8000000119
129752  25.671  -89.899  0.618 0.6000000238
129916  18.569  -94.084  12.924 0.4000000060
129957  -1.081  -76.614  8.931 0.5000000000
129997  19.865  -81.538  9.021 0.6000000238
130000  15.290  -78.224  7.574 0.5000000000
130542  21.237  -88.405  -3.252 0.6000000238
130591  8.926  -66.450  9.789 0.6000000238
130712  4.474  -76.107  3.493 0.6000000238
131065  13.545  -79.354  4.553 0.6000000238
131527  -0.103  -73.948  11.713 0.6000000238
131538  13.784  -83.010  4.349 0.6000000238
131635  24.239  -84.534  3.193 0.6000000238
131870  8.718  -68.339  15.956 0.6000000238
132296  6.031  -71.328  7.525 0.8000000119
132557  23.966  -86.417  6.575 0.4000000060
132637  23.873  -90.473  4.378 0.3000000119
132673  28.324  -88.482  0.644 0.4000000060
133226  6.874  -76.073  10.473 0.6000000238
133740  0.652  -75.822  8.471 0.5000000000
134242  12.692  -65.847  9.543 0.4000000060
134774  5.020  -78.008  10.510 0.6999999881
135384  3.806  -68.674  12.221 0.6000000238
135836  3.782  -74.313  15.479 0.6000000238
136394  -0.449  -75.138  9.582 0.5000000000
136591  18.210  -84.277  4.268 0.8000000119
136872  12.220  -66.807  7.752 0.4000000060
136937  16.331  -77.265  6.422 0.6000000238
136972  26.478  -86.453  9.667 0.3000000119
137038  14.716  -92.015  12.285 0.4000000060
137338  8.274  -79.686  2.229 0.6000000238
137534  20.936  -89.658  -0.683 0.4000000060
137562  20.371  -87.850  -3.444 0.6000000238
137606  6.479  -77.419  1.965 0.5000000000
137741  1.072  -71.573  12.086 0.6999999881
138004  11.717  -62.978  9.886 0.3000000119
138100  3.024  -69.965  12.968 0.6000000238
138236  7.876  -66.699  11.866 0.6999999881
138308  13.505  -64.560  13.596 0.5000000000
138405  3.591  -66.755  16.976 0.5000000000
138904  2.393  -72.775  14.293 0.6000000238
138943  0.076  -74.440  13.909 0.5000000000
138990  28.052  -87.788  5.163 0.5000000000
139255  3.842  -72.907  9.223 0.8000000119
139270  20.530  -94.641  9.095 0.4000000060
139331  26.483  -87.068  5.353 0.4000000060
139599  3.338  -74.827  15.512 0.6000000238
139798  27.849  -90.026  9.429 0.3000000119
139934  7.970  -73.224  9.149 0.6999999881
140059  5.505  -72.522  8.088 0.8000000119
140083  16.392  -89.949  13.827 0.5000000000
140913  28.999  -84.293  -1.512 0.4000000060
140993  0.153  -76.756  5.798 0.5000000000
141284  8.302  -63.523  14.343 0.3000000119
141377  25.708  -86.409  8.009 0.4000000060
141408  6.597  -66.876  15.484 0.5000000000
141412  22.974  -94.218  9.344 0.5000000000
141423  11.836  -62.840  10.966 0.3000000119
141477  8.493  -63.321  18.581 0.3000000119
141551  18.370  -84.481  5.081 0.8000000119
142035  16.963  -83.678  -0.712 0.5000000000
142272  27.006  -91.048  13.877 0.3000000119
142320  23.615  -89.058  -2.403 0.6999999881
142328  4.145  -68.101  11.922 0.6000000238
142363  3.008  -76.979  6.136 0.6000000238
142461  10.515  -69.904  15.121 0.5000000000
142553  19.789  -86.589  -3.817 0.5000000000
142833  18.931  -93.991  10.655 0.4000000060
142866  5.873  -67.595  16.138 0.6000000238
142891  17.010  -84.895  8.276 0.6999999881
142932  13.300  -65.215  15.398 0.6000000238
143001  22.305  -84.970  1.428 0.8000000119
143043  2.888  -64.937  17.332 0.4000000060
143109  12.308  -64.118  9.888 0.3000000119
143228  23.247  -88.405  6.972 0.3000000119
143437  5.370  -78.949  8.862 0.6000000238
143500  15.791  -85.116  3.257 0.6999999881
143563  11.484  -70.918  5.717 0.6000000238
143755  6.610  -73.472  15.714 0.5000000000
144019  1.465  -71.020  13.508 0.6000000238
144040  19.411  -82.390  9.396 0.6000000238
144109  9.899  -67.589  8.582 0.6000000238
144120  27.467  -90.540  13.911 0.3000000119
144362  9.681  -76.979  3.362 0.6999999881
144446  24.396  -86.196  -3.065 0.8000000119
144707  8.273  -65.597  14.189 0.4000000060
144755  4.651  -73.356  15.277 0.6000000238
144785  5.541  -83.015  2.739 0.5000000000
144909  20.183  -87.824  4.823 0.4000000060
144983  6.504  -66.496  15.689 0.5000000000
145030  5.684  -78.780  7.263 0.5000000000
145185  5.043  -60.867  17.758 0.3000000119
145381  0.685  -73.568  11.531 0.6000000238
145496  18.519  -83.848  -1.816 0.5000000000
145592  21.810  -87.708  -3.504 0.6999999881
145694  -0.589  -76.349  7.969 0.5000000000
145852  18.436  -79.671  6.410 0.5000000000
146108  22.019  -87.951  2.691 0.3000000119
146280  28.510  -87.995  0.039 0.6999999881
146298  19.606  -84.544  2.236 0.6000000238
146318  20.637  -89.481  -2.388 0.5000000000
146356  10.262  -71.759  8.264 0.6000000238
146422  7.973  -64.604  17.915 0.3000000119
146424  9.415  -67.255  15.109 0.5000000000
146455  18.134  -84.111  -3.765 0.5000000000
146469  0.699  -71.855  12.476 0.6000000238
146540  4.993  -68.086  16.488 0.6000000238
147166  4.574  -60.594  18.930 0.3000000119
147294  9.829  -66.757  9.666 0.6000000238
147392  25.191  -85.958  -1.152 0.8000000119
147393  6.353  -67.866  16.138 0.6000000238
147787  26.197  -87.267  4.808 0.4000000060
147925  23.864  -88.666  -2.637 0.6999999881
