#!ascii label  , from subject sub-v1s9x0051331_ses-1 vox2ras=TkReg
229
69744  30.374  -9.757  -8.395 0.0000000000
61492  29.551  -17.756  -1.602 0.0000000000
140581  27.818  -5.270  -8.483 0.0000000000
141145  27.848  4.397  -9.447 0.0000000000
59467  28.072  -19.320  -0.838 0.0000000000
75440  29.798  -3.795  -9.134 0.0000000000
77500  30.140  -0.886  -8.718 0.0000000000
66759  28.790  -12.705  -7.547 0.0000000000
130883  30.425  -13.995  -5.542 0.0000000000
68760  31.505  -11.253  -5.488 0.0000000000
71694  31.388  -7.777  -7.828 0.0000000000
70755  31.693  -9.035  -5.286 0.0000000000
71714  28.732  -8.177  -9.172 0.0000000000
138952  30.975  -6.185  -10.965 0.0000000000
132359  27.515  2.522  -8.810 0.0000000000
80191  30.689  1.409  -9.433 0.0000000000
124263  30.543  -15.883  -2.132 0.0000000000
77502  28.331  -1.607  -8.481 0.0000000000
78432  28.355  -0.654  -8.262 0.0000000000
68776  29.710  -11.048  -8.263 0.0000000000
67763  30.715  -12.047  -6.940 0.0000000000
144612  31.177  -10.771  -6.887 0.0000000000
60497  29.123  -18.284  -1.117 0.0000000000
72588  28.296  -6.760  -8.820 0.0000000000
72596  30.347  -7.016  -9.711 0.0000000000
73496  29.642  -5.463  -8.889 0.0000000000
140689  30.953  -3.052  -10.588 0.0000000000
75453  31.044  -3.792  -10.669 0.0000000000
82756  26.931  4.701  -9.226 0.0000000000
131601  26.028  2.506  -8.958 0.0000000000
81043  27.958  3.158  -9.006 0.0000000000
128539  31.230  3.807  -12.320 0.0000000000
81936  30.840  2.794  -12.395 0.0000000000
131030  30.860  2.056  -9.941 0.0000000000
139519  30.908  1.159  -12.088 0.0000000000
144466  30.864  0.554  -10.711 0.0000000000
65707  30.836  -13.937  -3.780 0.0000000000
64698  30.559  -14.734  -3.523 0.0000000000
58445  27.150  -20.255  -0.273 0.0000000000
74433  29.476  -4.538  -8.673 0.0000000000
76457  28.660  -2.976  -8.255 0.0000000000
76473  29.911  -2.766  -8.949 0.0000000000
77533  30.986  -1.727  -10.853 0.0000000000
64736  29.441  -14.640  -6.922 0.0000000000
65744  30.029  -14.132  -7.407 0.0000000000
66734  30.873  -13.076  -5.179 0.0000000000
66720  31.461  -12.527  -3.393 0.0000000000
136950  31.032  -8.575  -8.029 0.0000000000
69737  31.434  -9.547  -6.648 0.0000000000
71682  31.701  -7.833  -6.981 0.0000000000
69752  28.778  -9.641  -8.539 0.0000000000
70812  28.513  -8.808  -8.981 0.0000000000
140720  29.680  -8.997  -9.108 0.0000000000
70801  30.603  -7.937  -9.394 0.0000000000
72586  31.373  -6.597  -9.821 0.0000000000
74432  31.819  -5.241  -9.843 0.0000000000
74454  30.872  -5.194  -10.874 0.0000000000
74463  31.210  -5.131  -10.804 0.0000000000
79326  26.893  0.758  -8.553 0.0000000000
81917  30.074  3.764  -9.413 0.0000000000
81042  28.953  2.902  -8.824 0.0000000000
80181  29.222  2.038  -8.245 0.0000000000
146858  29.482  0.581  -7.864 0.0000000000
78446  30.564  -0.288  -9.293 0.0000000000
78454  30.749  -0.764  -10.460 0.0000000000
61530  29.214  -17.540  -3.396 0.0000000000
63665  29.700  -15.238  -5.248 0.0000000000
134616  31.543  -10.360  -5.460 0.0000000000
134031  31.614  -11.014  -3.848 0.0000000000
77503  27.297  -1.443  -8.711 0.0000000000
78433  27.206  -0.309  -8.524 0.0000000000
68775  30.474  -10.385  -8.101 0.0000000000
68767  30.656  -11.164  -7.465 0.0000000000
57439  26.079  -21.108  0.907 0.0000000000
58429  26.570  -20.711  0.336 0.0000000000
73497  28.619  -5.786  -8.563 0.0000000000
72587  29.543  -6.474  -9.040 0.0000000000
76483  31.314  -2.458  -10.950 0.0000000000
76482  31.595  -3.204  -10.838 0.0000000000
81912  26.610  3.867  -9.236 0.0000000000
132039  27.062  3.171  -9.250 0.0000000000
81910  28.544  3.708  -9.315 0.0000000000
81062  30.923  2.086  -12.047 0.0000000000
65695  31.371  -13.409  -3.063 0.0000000000
65696  31.041  -14.184  -3.029 0.0000000000
60514  28.179  -18.549  -2.565 0.0000000000
75423  27.901  -3.363  -8.514 0.0000000000
77501  29.259  -1.327  -8.307 0.0000000000
124483  29.021  -2.243  -8.402 0.0000000000
76456  29.942  -1.835  -9.003 0.0000000000
122643  30.555  -2.381  -10.066 0.0000000000
77520  30.555  -1.328  -9.716 0.0000000000
82755  27.770  5.105  -9.226 0.0000000000
65758  29.333  -13.611  -7.520 0.0000000000
65757  29.926  -13.518  -7.446 0.0000000000
67757  31.227  -12.092  -6.196 0.0000000000
66749  30.797  -12.887  -6.729 0.0000000000
66741  31.305  -12.177  -5.314 0.0000000000
66733  31.317  -12.346  -4.324 0.0000000000
59468  27.420  -19.837  -1.076 0.0000000000
59457  27.879  -19.914  0.396 0.0000000000
145811  31.448  -8.207  -7.417 0.0000000000
68785  28.563  -10.231  -8.218 0.0000000000
72598  27.982  -7.574  -9.056 0.0000000000
70802  29.020  -9.154  -8.904 0.0000000000
70811  29.285  -8.654  -9.197 0.0000000000
70810  30.033  -8.323  -9.444 0.0000000000
71713  29.744  -7.974  -9.424 0.0000000000
128215  31.010  -6.578  -10.640 0.0000000000
71711  31.020  -6.848  -10.347 0.0000000000
72595  31.109  -6.383  -10.816 0.0000000000
73509  31.463  -5.903  -10.459 0.0000000000
74455  30.153  -4.907  -9.908 0.0000000000
75439  30.586  -4.306  -10.477 0.0000000000
127123  31.088  -4.561  -10.796 0.0000000000
74452  32.086  -4.553  -9.887 0.0000000000
80184  26.704  2.470  -9.027 0.0000000000
80185  25.434  1.916  -8.639 0.0000000000
129165  26.243  1.575  -8.763 0.0000000000
80183  27.120  1.755  -8.682 0.0000000000
81920  31.416  3.493  -10.814 0.0000000000
82763  31.536  4.174  -11.503 0.0000000000
81921  30.869  3.633  -9.953 0.0000000000
81048  30.437  2.953  -9.418 0.0000000000
137847  30.483  2.194  -9.110 0.0000000000
80180  30.246  1.740  -8.601 0.0000000000
79324  28.930  1.079  -7.779 0.0000000000
79323  29.864  1.092  -8.064 0.0000000000
78430  30.006  0.086  -8.302 0.0000000000
79337  30.468  0.755  -8.918 0.0000000000
79373  30.572  -0.609  -12.353 0.0000000000
79361  30.836  -0.160  -11.115 0.0000000000
78466  30.738  -1.282  -11.903 0.0000000000
64735  30.075  -14.394  -6.604 0.0000000000
63685  29.341  -14.851  -6.084 0.0000000000
64677  30.890  -14.835  -2.474 0.0000000000
63639  30.374  -15.615  -3.219 0.0000000000
62484  30.242  -16.737  -2.317 0.0000000000
70771  31.574  -8.843  -5.971 0.0000000000
69729  31.567  -9.614  -5.736 0.0000000000
69714  31.649  -9.596  -4.804 0.0000000000
76458  27.726  -2.439  -8.676 0.0000000000
78431  29.449  -0.561  -8.159 0.0000000000
67771  29.158  -11.875  -7.860 0.0000000000
66758  29.488  -12.756  -7.476 0.0000000000
67770  29.935  -11.983  -7.535 0.0000000000
67762  31.280  -11.229  -6.482 0.0000000000
60482  28.678  -18.752  -0.567 0.0000000000
59456  28.398  -19.259  0.119 0.0000000000
60472  29.459  -18.389  0.492 0.0000000000
72579  31.486  -7.083  -8.559 0.0000000000
72561  31.766  -7.086  -7.284 0.0000000000
72597  29.157  -7.400  -9.077 0.0000000000
73511  30.645  -6.051  -10.522 0.0000000000
76472  30.449  -3.349  -10.018 0.0000000000
81927  31.349  3.182  -11.709 0.0000000000
81052  31.385  2.677  -11.186 0.0000000000
81053  31.093  2.766  -10.396 0.0000000000
80199  31.142  1.807  -11.060 0.0000000000
80200  30.897  1.164  -10.409 0.0000000000
80212  30.882  0.616  -11.479 0.0000000000
80223  30.350  0.091  -12.670 0.0000000000
65719  30.700  -13.713  -4.592 0.0000000000
64709  30.351  -14.540  -4.638 0.0000000000
58446  26.210  -20.576  -0.563 0.0000000000
59469  26.643  -20.164  -1.217 0.0000000000
59486  27.709  -19.359  -1.541 0.0000000000
60498  28.370  -18.836  -1.569 0.0000000000
61493  28.990  -18.300  -2.096 0.0000000000
74435  27.387  -4.603  -8.446 0.0000000000
74434  28.594  -4.774  -8.377 0.0000000000
145930  27.953  -4.049  -8.383 0.0000000000
75422  28.871  -3.769  -8.224 0.0000000000
147725  29.276  -3.082  -8.326 0.0000000000
83563  27.230  5.298  -8.727 0.0000000000
82754  28.714  4.573  -9.449 0.0000000000
137927  30.409  -13.522  -7.215 0.0000000000
65731  30.636  -13.607  -6.598 0.0000000000
65706  31.109  -13.148  -4.027 0.0000000000
66712  31.706  -12.673  -2.603 0.0000000000
134104  30.551  -9.201  -8.430 0.0000000000
69743  30.948  -9.495  -7.687 0.0000000000
70784  31.498  -8.661  -6.970 0.0000000000
71681  31.961  -7.222  -6.323 0.0000000000
71666  31.748  -8.034  -6.134 0.0000000000
70770  31.978  -8.305  -5.238 0.0000000000
67780  28.943  -11.036  -8.254 0.0000000000
68784  29.224  -10.308  -8.531 0.0000000000
68783  29.864  -10.117  -8.589 0.0000000000
69757  28.458  -9.181  -8.581 0.0000000000
69751  29.420  -9.584  -8.746 0.0000000000
69750  30.050  -9.415  -8.812 0.0000000000
70792  30.429  -8.687  -9.021 0.0000000000
139092  31.029  -7.982  -8.883 0.0000000000
71712  30.623  -7.368  -9.726 0.0000000000
71701  31.008  -7.358  -9.617 0.0000000000
73479  31.759  -6.271  -8.636 0.0000000000
73495  31.782  -5.740  -9.236 0.0000000000
73510  31.091  -5.841  -10.979 0.0000000000
74453  31.539  -5.232  -10.588 0.0000000000
82760  29.681  4.343  -9.546 0.0000000000
81918  29.319  3.927  -9.361 0.0000000000
137106  28.343  2.526  -8.592 0.0000000000
81041  29.891  2.600  -8.720 0.0000000000
80182  28.072  1.744  -8.233 0.0000000000
79325  27.995  0.591  -8.091 0.0000000000
127442  29.036  0.152  -7.804 0.0000000000
79349  30.785  0.405  -9.999 0.0000000000
61508  28.706  -18.049  -2.990 0.0000000000
61507  29.466  -17.732  -2.516 0.0000000000
63666  29.387  -15.897  -4.832 0.0000000000
133479  30.112  -15.429  -4.257 0.0000000000
63650  29.954  -16.268  -3.967 0.0000000000
62514  29.666  -16.951  -3.696 0.0000000000
62497  29.964  -17.245  -2.907 0.0000000000
68774  31.103  -10.302  -7.219 0.0000000000
147008  31.524  -10.808  -5.940 0.0000000000
69701  31.781  -9.822  -4.053 0.0000000000
68747  31.599  -10.552  -4.528 0.0000000000
67751  31.492  -11.505  -4.512 0.0000000000
128663  31.536  -11.702  -3.630 0.0000000000
60473  28.934  -18.681  0.145 0.0000000000
62496  30.211  -16.550  -3.086 0.0000000000
64724  29.953  -14.613  -5.619 0.0000000000
66742  31.123  -12.809  -6.101 0.0000000000
66757  30.190  -12.814  -7.204 0.0000000000
68766  31.453  -10.376  -6.338 0.0000000000
72604  31.155  -5.900  -10.954 0.0000000000
144461  27.486  1.243  -8.351 0.0000000000
