#!ascii label  , from subject sub-v1s9x0051357_ses-1 vox2ras=TkReg
2012
34486  -34.441  -46.834  11.281 0.5000000000
123397  -34.723  -46.170  11.509 0.5000000000
35329  -34.512  -45.440  11.534 0.4000000060
35330  -35.486  -45.688  11.948 0.5000000000
36149  -35.178  -44.788  11.994 0.5000000000
121238  -35.057  -43.957  12.197 0.5000000000
55690  -37.171  -23.689  2.078 0.5000000000
55703  -37.874  -23.197  1.885 0.4000000060
56841  -38.559  -22.508  1.833 0.4000000060
56824  -38.421  -22.547  2.000 0.4000000060
56834  -38.964  -21.828  1.877 0.5000000000
57895  -40.698  -21.216  1.439 0.5000000000
57888  -40.069  -21.050  2.050 0.5000000000
57891  -40.055  -21.028  1.995 0.4000000060
58924  -40.888  -20.819  1.401 0.4000000060
58922  -40.730  -20.634  2.328 0.5000000000
120740  -40.555  -20.584  1.908 0.5000000000
60010  -41.244  -20.075  -0.058 0.4000000060
32611  -34.485  -48.260  11.130 0.5000000000
127745  -35.163  -48.025  11.559 0.4000000060
34487  -35.314  -46.683  11.736 0.5000000000
122137  -36.142  -46.287  12.218 0.5000000000
115953  -36.490  -45.539  12.141 0.5000000000
126151  -36.104  -44.892  12.232 0.5000000000
120022  -35.862  -44.146  12.250 0.5000000000
135500  -35.758  -43.502  12.252 0.5000000000
54699  -36.324  -24.929  3.043 0.5000000000
53714  -36.312  -25.127  3.058 0.5000000000
53726  -36.692  -24.658  2.555 0.5000000000
54713  -36.916  -24.001  1.953 0.5000000000
54723  -37.421  -23.606  1.819 0.5000000000
57890  -39.520  -21.750  1.712 0.6000000238
60937  -46.106  -18.717  0.173 0.3000000119
58929  -41.493  -20.786  0.965 0.4000000060
60936  -45.152  -18.684  -0.209 0.3000000119
60011  -42.155  -19.045  -0.241 0.4000000060
120065  -41.627  -19.808  -0.213 0.3000000119
60012  -43.259  -19.061  -0.386 0.4000000060
33571  -34.825  -47.470  11.426 0.5000000000
115021  -35.298  -43.068  12.342 0.5000000000
55713  -38.061  -23.228  1.758 0.6000000238
61897  -46.207  -17.381  -0.277 0.3000000119
60935  -43.946  -18.490  -0.395 0.3000000119
119660  -48.365  -59.719  14.357 0.3000000119
134573  -48.367  -58.531  13.553 0.3000000119
23280  -49.215  -58.564  13.118 0.4000000060
24176  -49.878  -58.210  12.565 0.4000000060
22388  -49.879  -59.580  13.353 0.4000000060
124676  -50.334  -59.058  12.662 0.4000000060
23281  -50.865  -58.471  12.087 0.4000000060
123181  -50.812  -59.974  13.028 0.4000000060
24191  -52.407  -57.264  10.858 0.4000000060
25118  -52.667  -56.544  10.193 0.4000000060
124501  -47.696  -58.124  13.746 0.3000000119
25081  -48.386  -56.962  13.082 0.3000000119
132899  -49.164  -55.960  12.651 0.4000000060
24175  -49.098  -57.605  12.752 0.4000000060
25082  -49.137  -56.723  12.644 0.4000000060
125754  -50.219  -57.421  12.220 0.4000000060
26001  -50.970  -55.647  11.600 0.4000000060
25099  -51.262  -56.788  11.535 0.4000000060
25100  -52.308  -56.218  10.691 0.4000000060
26052  -52.274  -55.377  9.595 0.4000000060
26044  -52.689  -55.931  9.883 0.4000000060
27805  -48.004  -53.496  13.522 0.3000000119
26887  -48.571  -54.025  13.257 0.3000000119
27815  -49.139  -53.582  12.943 0.3000000119
26000  -49.685  -55.424  12.434 0.4000000060
126388  -50.225  -54.736  12.157 0.4000000060
25083  -50.010  -56.317  12.239 0.4000000060
124963  -52.508  -54.806  10.401 0.4000000060
26028  -52.763  -55.462  10.066 0.4000000060
28806  -52.444  -52.484  9.728 0.4000000060
26938  -52.767  -54.847  9.921 0.4000000060
28787  -49.887  -52.253  10.787 0.4000000060
131704  -51.679  -51.866  9.719 0.4000000060
27857  -51.537  -53.353  9.737 0.4000000060
113263  -47.451  -53.697  13.776 0.3000000119
115559  -47.394  -55.097  13.565 0.3000000119
137270  -48.608  -53.299  13.360 0.3000000119
27816  -49.887  -53.008  12.491 0.3000000119
26889  -50.533  -54.153  11.921 0.3000000119
26903  -51.459  -54.654  11.330 0.4000000060
27829  -52.133  -53.156  10.741 0.4000000060
29704  -51.866  -51.167  9.829 0.4000000060
28799  -52.601  -52.087  9.950 0.4000000060
27842  -52.793  -53.474  10.013 0.4000000060
29703  -50.923  -51.599  10.178 0.4000000060
29692  -49.935  -51.294  11.051 0.4000000060
122745  -48.216  -52.657  13.667 0.3000000119
29653  -48.972  -51.023  13.802 0.3000000119
29666  -49.459  -51.627  13.328 0.3000000119
29667  -50.546  -51.260  12.646 0.3000000119
29681  -51.550  -51.348  11.815 0.4000000060
122574  -52.253  -51.195  11.054 0.4000000060
28776  -51.893  -52.148  11.126 0.4000000060
32606  -50.034  -48.590  12.505 0.3000000119
31612  -51.991  -49.540  10.961 0.4000000060
28788  -52.438  -51.575  10.397 0.4000000060
31601  -50.649  -49.107  11.758 0.3000000119
30638  -51.577  -50.088  10.579 0.4000000060
29705  -52.260  -51.012  10.217 0.4000000060
30627  -49.876  -49.849  11.607 0.4000000060
31549  -47.311  -48.981  15.868 0.3000000119
30584  -47.549  -50.245  15.139 0.3000000119
135895  -47.763  -48.114  16.327 0.3000000119
28744  -47.799  -51.936  14.170 0.3000000119
30585  -48.122  -50.480  14.698 0.3000000119
132242  -48.709  -50.595  14.348 0.3000000119
30599  -49.457  -50.324  14.076 0.3000000119
31562  -50.634  -48.858  14.521 0.3000000119
29654  -49.976  -50.718  13.415 0.3000000119
136651  -51.467  -49.087  13.514 0.3000000119
122511  -52.138  -49.261  12.514 0.3000000119
30614  -51.308  -50.064  12.836 0.3000000119
32608  -52.123  -48.480  12.333 0.3000000119
29668  -51.639  -50.621  12.176 0.3000000119
31602  -52.178  -49.081  11.568 0.3000000119
31603  -52.370  -49.235  11.880 0.4000000060
32592  -49.032  -48.485  13.199 0.3000000119
31600  -49.343  -49.463  12.318 0.4000000060
31599  -48.228  -49.837  12.720 0.4000000060
30625  -47.993  -50.619  12.549 0.4000000060
133111  -48.595  -48.293  15.909 0.3000000119
32568  -48.986  -48.720  15.480 0.3000000119
32551  -49.399  -48.081  15.742 0.3000000119
30586  -48.864  -49.901  14.648 0.3000000119
33549  -52.281  -46.977  13.757 0.3000000119
32585  -51.682  -48.365  14.060 0.3000000119
33557  -51.420  -47.273  13.203 0.3000000119
32595  -52.185  -47.720  13.138 0.3000000119
31578  -52.151  -48.189  13.435 0.3000000119
33556  -50.138  -47.510  13.383 0.3000000119
32593  -51.003  -47.829  12.652 0.3000000119
115518  -49.801  -48.084  13.078 0.3000000119
33555  -48.844  -47.884  13.637 0.3000000119
31588  -48.669  -49.075  12.956 0.3000000119
32590  -47.053  -48.908  13.923 0.3000000119
30612  -46.312  -50.523  13.559 0.4000000060
33502  -49.088  -47.017  16.513 0.3000000119
133766  -48.450  -46.560  16.742 0.3000000119
32569  -50.013  -48.525  15.246 0.3000000119
33521  -51.021  -46.971  15.777 0.3000000119
35270  -49.224  -45.505  16.751 0.3000000119
35271  -49.731  -44.749  16.611 0.3000000119
33536  -51.700  -47.337  14.994 0.3000000119
34442  -51.654  -46.311  15.546 0.3000000119
36092  -49.433  -43.997  16.722 0.3000000119
34468  -51.099  -46.162  14.171 0.3000000119
35319  -51.908  -46.213  14.100 0.3000000119
33537  -52.225  -46.762  14.439 0.3000000119
122176  -50.609  -46.848  13.793 0.3000000119
34476  -51.789  -46.662  13.637 0.3000000119
33548  -49.319  -47.129  14.084 0.3000000119
32584  -47.318  -48.090  14.263 0.3000000119
31587  -46.706  -49.718  13.668 0.4000000060
31576  -46.220  -49.216  14.229 0.4000000060
30611  -45.417  -50.786  13.871 0.5000000000
34440  -50.038  -46.687  16.357 0.3000000119
34424  -49.217  -46.311  16.631 0.3000000119
35289  -50.883  -45.488  16.241 0.3000000119
136592  -50.119  -45.300  16.501 0.3000000119
34459  -52.150  -46.013  14.855 0.3000000119
35306  -51.855  -45.172  15.014 0.3000000119
36957  -49.656  -43.242  16.525 0.3000000119
117662  -49.112  -42.748  16.720 0.3000000119
35311  -51.431  -45.510  14.561 0.3000000119
35312  -51.889  -45.744  14.631 0.3000000119
37803  -49.884  -42.669  16.219 0.3000000119
118426  -49.854  -46.364  14.443 0.3000000119
38672  -49.299  -41.968  16.329 0.3000000119
34466  -47.666  -46.592  14.969 0.3000000119
34467  -48.685  -46.552  14.690 0.3000000119
39626  -48.811  -40.583  14.610 0.3000000119
33547  -48.104  -47.401  14.375 0.3000000119
34465  -47.080  -47.289  14.769 0.3000000119
33546  -46.566  -47.818  14.653 0.3000000119
32583  -46.464  -48.465  14.422 0.3000000119
31575  -45.356  -49.451  14.478 0.4000000060
30598  -44.912  -50.254  14.357 0.5000000000
36127  -51.322  -44.508  15.236 0.3000000119
36109  -51.065  -44.369  15.772 0.3000000119
36958  -50.174  -43.622  16.342 0.3000000119
36134  -51.496  -44.910  14.935 0.3000000119
126988  -50.817  -44.158  15.297 0.3000000119
36126  -50.862  -43.955  15.635 0.3000000119
36973  -50.524  -43.427  16.051 0.3000000119
125314  -50.391  -45.447  14.700 0.3000000119
134766  -50.212  -43.101  16.210 0.3000000119
38688  -49.488  -41.890  15.891 0.3000000119
38707  -48.803  -41.669  15.057 0.3000000119
137063  -48.727  -41.185  14.683 0.3000000119
39649  -48.130  -41.622  12.701 0.3000000119
39639  -48.482  -41.542  13.824 0.3000000119
34456  -46.780  -46.524  15.286 0.3000000119
33535  -46.143  -47.228  15.182 0.3000000119
32567  -45.904  -48.026  14.826 0.3000000119
32582  -45.702  -48.721  14.606 0.3000000119
36133  -50.029  -43.909  15.282 0.3000000119
117426  -50.240  -43.567  15.476 0.3000000119
35310  -48.832  -45.025  15.348 0.3000000119
125985  -49.916  -44.642  15.102 0.3000000119
114585  -50.873  -44.647  14.880 0.3000000119
37000  -49.606  -43.178  15.406 0.3000000119
37850  -49.453  -42.692  15.443 0.3000000119
36989  -50.413  -43.432  15.709 0.3000000119
34458  -48.214  -45.842  15.196 0.3000000119
35305  -47.726  -45.088  15.399 0.3000000119
36125  -48.116  -44.285  15.346 0.3000000119
36132  -49.071  -44.120  15.365 0.3000000119
36998  -48.187  -43.013  15.014 0.3000000119
37849  -48.750  -42.729  15.132 0.3000000119
37837  -49.518  -42.277  15.633 0.3000000119
34457  -47.278  -45.833  15.354 0.3000000119
37848  -48.044  -42.431  14.458 0.3000000119
38717  -48.209  -41.917  13.926 0.3000000119
135144  -47.779  -41.912  13.892 0.3000000119
39648  -47.629  -41.291  12.612 0.3000000119
130792  -47.775  -41.643  13.171 0.3000000119
127203  -45.320  -46.852  15.554 0.4000000060
38725  -47.945  -41.569  12.418 0.3000000119
33534  -45.234  -47.652  15.324 0.4000000060
40592  -48.046  -40.730  10.711 0.3000000119
32566  -44.580  -48.317  15.306 0.3000000119
32581  -43.989  -49.042  15.177 0.4000000060
40593  -48.451  -40.217  10.390 0.3000000119
31573  -43.386  -49.716  14.792 0.5000000000
30596  -42.816  -50.368  14.383 0.5000000000
36987  -47.683  -43.553  15.173 0.3000000119
37836  -47.503  -42.869  14.875 0.3000000119
125938  -47.240  -42.241  14.507 0.3000000119
34455  -45.920  -46.298  15.499 0.4000000060
38716  -47.397  -41.574  13.973 0.3000000119
39638  -47.353  -41.153  13.450 0.3000000119
34454  -44.594  -46.762  15.812 0.4000000060
33533  -44.319  -47.522  15.632 0.5000000000
39686  -47.807  -41.109  11.356 0.4000000060
40570  -47.786  -40.065  11.902 0.4000000060
32565  -43.500  -48.284  15.517 0.5000000000
32580  -42.974  -49.092  15.234 0.6000000238
41477  -48.432  -39.438  10.862 0.3000000119
31572  -42.481  -49.581  14.787 0.6000000238
30595  -42.114  -49.902  14.331 0.6000000238
123051  -46.630  -44.629  15.466 0.3000000119
36123  -46.424  -44.210  15.486 0.3000000119
37835  -46.339  -42.989  15.360 0.3000000119
122093  -46.455  -45.708  15.497 0.3000000119
36986  -46.859  -43.462  15.201 0.3000000119
129634  -46.875  -42.768  14.974 0.3000000119
38706  -46.735  -41.646  14.730 0.4000000060
35301  -45.085  -45.941  15.936 0.4000000060
39637  -46.884  -41.067  14.340 0.4000000060
34439  -43.962  -46.163  16.302 0.5000000000
40541  -47.375  -40.663  13.136 0.4000000060
114113  -47.460  -39.443  13.472 0.4000000060
41450  -47.777  -38.519  13.011 0.4000000060
34438  -43.174  -46.835  16.262 0.5000000000
133351  -42.743  -47.932  15.744 0.6000000238
40556  -47.586  -40.639  12.344 0.4000000060
135459  -47.678  -39.511  12.549 0.4000000060
41460  -47.980  -39.067  12.120 0.4000000060
41451  -48.335  -38.096  12.475 0.4000000060
33531  -42.003  -47.935  15.734 0.6000000238
41462  -49.125  -38.449  11.381 0.4000000060
32563  -41.812  -48.540  15.293 0.6000000238
31585  -41.568  -49.478  14.005 0.6000000238
32605  -41.371  -48.727  13.362 0.6999999881
36122  -45.735  -44.331  15.778 0.3000000119
36985  -46.020  -43.592  15.581 0.3000000119
38705  -46.182  -41.535  15.407 0.3000000119
35302  -45.468  -45.078  15.907 0.3000000119
36107  -45.049  -44.481  16.234 0.3000000119
126933  -46.348  -42.264  15.251 0.3000000119
35288  -44.783  -45.183  16.252 0.5000000000
39625  -46.443  -40.984  15.171 0.4000000060
40540  -47.088  -40.247  14.188 0.4000000060
36106  -44.236  -44.618  16.520 0.5000000000
35286  -43.202  -45.541  16.629 0.5000000000
115154  -42.964  -46.201  16.496 0.6000000238
133783  -41.577  -47.130  16.043 0.6000000238
42457  -49.011  -37.844  12.182 0.4000000060
42443  -49.558  -37.234  12.880 0.4000000060
33545  -40.991  -47.973  14.635 0.6999999881
33568  -41.398  -47.828  12.682 0.6999999881
32616  -41.702  -48.583  12.338 0.6999999881
36972  -45.309  -43.705  16.158 0.4000000060
37819  -45.605  -42.819  15.936 0.4000000060
38686  -45.560  -41.732  16.124 0.4000000060
39624  -45.870  -40.903  15.867 0.4000000060
36971  -44.469  -43.880  16.558 0.4000000060
37818  -44.716  -43.077  16.584 0.4000000060
39607  -46.249  -40.270  15.642 0.4000000060
37817  -43.823  -43.327  17.004 0.4000000060
116983  -46.654  -40.447  14.929 0.4000000060
40521  -46.615  -39.630  15.320 0.4000000060
41430  -47.116  -39.101  14.684 0.4000000060
41431  -47.478  -38.437  14.231 0.4000000060
42440  -47.770  -37.939  13.801 0.4000000060
35285  -42.215  -45.774  16.687 0.6000000238
42441  -48.226  -37.621  13.298 0.4000000060
42442  -48.849  -37.358  12.948 0.4000000060
34436  -41.590  -46.325  16.367 0.6000000238
34452  -40.946  -46.324  15.931 0.6999999881
33544  -40.805  -47.238  14.951 0.6999999881
136541  -50.281  -37.094  12.958 0.4000000060
33553  -40.762  -47.199  14.027 0.6999999881
32617  -42.243  -48.455  11.578 0.6999999881
39606  -45.299  -40.811  16.635 0.4000000060
36954  -43.624  -44.119  16.898 0.4000000060
38685  -44.664  -41.438  17.060 0.4000000060
40503  -46.176  -39.575  16.114 0.4000000060
36104  -42.595  -44.971  16.955 0.6000000238
36953  -42.849  -43.637  17.379 0.5000000000
41412  -46.677  -38.704  15.703 0.4000000060
113690  -41.765  -44.927  16.907 0.6999999881
41413  -47.179  -38.174  15.132 0.4000000060
35283  -41.118  -44.726  16.446 0.6999999881
42426  -48.096  -37.176  14.101 0.4000000060
35300  -40.758  -45.329  15.875 0.6999999881
43345  -49.343  -36.616  13.475 0.4000000060
43335  -49.086  -36.026  14.097 0.4000000060
35318  -40.481  -45.558  13.968 0.6999999881
43346  -50.133  -36.479  13.403 0.4000000060
34475  -40.984  -47.101  13.049 0.6999999881
123748  -41.534  -46.939  12.166 0.6999999881
117672  -51.688  -36.019  13.550 0.4000000060
44305  -52.277  -35.362  13.415 0.4000000060
130889  -43.819  -41.514  17.531 0.4000000060
131382  -44.778  -40.587  17.219 0.4000000060
115771  -45.745  -40.162  16.356 0.4000000060
36089  -42.195  -44.288  17.301 0.6999999881
37798  -42.465  -42.785  17.520 0.5000000000
41396  -46.218  -38.813  16.460 0.4000000060
36970  -41.211  -43.257  16.981 0.6999999881
42390  -46.786  -37.800  16.050 0.4000000060
42411  -47.249  -37.446  15.470 0.4000000060
36969  -40.891  -43.881  16.411 0.6999999881
43309  -47.078  -36.869  16.106 0.4000000060
43322  -47.809  -36.195  15.187 0.4000000060
136331  -40.497  -45.234  14.551 0.6999999881
43334  -48.370  -36.270  14.493 0.4000000060
35309  -40.589  -45.780  15.044 0.6999999881
44302  -49.902  -35.684  13.896 0.4000000060
44293  -50.001  -34.917  14.242 0.4000000060
34474  -40.685  -46.347  13.472 0.6999999881
118168  -50.797  -35.784  13.666 0.4000000060
115760  -41.086  -46.257  12.565 0.6999999881
44304  -51.393  -35.151  13.666 0.4000000060
131138  -52.361  -34.794  13.264 0.4000000060
38669  -44.092  -40.671  17.627 0.4000000060
40487  -45.061  -39.237  17.367 0.4000000060
40502  -45.678  -39.399  16.779 0.4000000060
38667  -42.433  -41.377  17.569 0.6000000238
38668  -43.246  -41.054  17.719 0.5000000000
41395  -45.610  -38.567  17.135 0.4000000060
38739  -35.821  -41.259  11.405 0.4000000060
38740  -36.432  -41.515  11.041 0.5000000000
37797  -41.707  -42.621  17.356 0.6000000238
136295  -46.530  -37.198  16.628 0.4000000060
37815  -40.657  -42.934  16.146 0.6000000238
120584  -47.437  -36.303  15.766 0.4000000060
36984  -40.551  -43.683  15.609 0.6000000238
44281  -48.219  -35.337  15.186 0.4000000060
36997  -40.411  -43.553  14.675 0.6999999881
44291  -48.777  -35.480  14.576 0.4000000060
36139  -40.450  -43.967  13.822 0.6999999881
44292  -49.399  -35.179  14.409 0.4000000060
35326  -41.185  -45.531  12.210 0.6999999881
45225  -50.327  -34.441  14.168 0.4000000060
45234  -50.978  -34.281  13.774 0.4000000060
46174  -51.568  -33.787  13.302 0.4000000060
46184  -52.802  -33.766  12.381 0.4000000060
114910  -44.009  -39.872  17.801 0.5000000000
39586  -42.589  -40.532  17.622 0.6000000238
39587  -43.383  -40.207  17.799 0.5000000000
41380  -44.863  -38.360  17.543 0.5000000000
39705  -35.105  -40.095  10.473 0.3000000119
39684  -35.507  -40.649  11.130 0.4000000060
39706  -35.752  -40.292  10.192 0.5000000000
38683  -40.674  -41.961  16.083 0.6000000238
39585  -41.944  -40.878  17.352 0.6000000238
42372  -45.455  -37.671  17.346 0.4000000060
37834  -40.452  -42.299  15.302 0.6000000238
43308  -46.541  -36.443  16.762 0.5000000000
38715  -40.442  -41.759  14.413 0.6999999881
37847  -40.402  -42.654  14.500 0.6000000238
44265  -47.097  -35.993  16.323 0.4000000060
37856  -40.537  -42.176  13.544 0.8000000119
37006  -40.439  -43.094  13.832 0.6999999881
45214  -48.226  -34.319  15.422 0.4000000060
45223  -48.877  -34.597  14.823 0.4000000060
45224  -49.657  -34.318  14.464 0.4000000060
46162  -50.261  -33.759  14.166 0.4000000060
46173  -50.764  -33.376  13.600 0.4000000060
46183  -52.020  -33.484  12.693 0.4000000060
46196  -52.444  -33.264  11.923 0.4000000060
131146  -41.873  -40.012  17.240 0.6000000238
41378  -42.845  -38.773  17.614 0.6000000238
114254  -43.605  -38.488  17.773 0.5000000000
41379  -44.218  -38.210  17.735 0.5000000000
40609  -35.314  -39.916  10.021 0.4000000060
38703  -40.529  -41.453  15.257 0.6000000238
39605  -41.396  -40.800  16.691 0.6000000238
120364  -45.309  -36.776  17.446 0.5000000000
123798  -35.844  -40.221  10.107 0.5000000000
39636  -40.540  -40.777  14.393 0.6999999881
39647  -40.701  -40.352  13.463 0.6999999881
38724  -40.595  -41.152  13.500 0.6999999881
43296  -45.908  -36.040  17.310 0.5000000000
42469  -36.770  -38.458  11.343 0.6999999881
40587  -36.401  -39.515  10.815 0.6000000238
39659  -41.092  -40.339  12.477 0.6999999881
40554  -41.032  -39.563  12.899 0.6999999881
38730  -40.878  -41.407  12.657 0.6999999881
132746  -47.195  -34.410  16.331 0.5000000000
42470  -37.183  -37.428  11.407 0.6999999881
41472  -37.467  -39.059  11.579 0.6999999881
135925  -41.299  -41.651  11.979 0.6999999881
45213  -47.656  -34.794  15.837 0.4000000060
39660  -41.630  -39.832  11.345 0.6999999881
38731  -41.479  -40.736  11.607 0.8000000119
46160  -48.717  -33.656  15.019 0.4000000060
125267  -49.192  -34.000  14.734 0.4000000060
46161  -49.450  -33.441  14.492 0.4000000060
46182  -51.250  -33.022  13.028 0.4000000060
47154  -51.639  -32.919  12.249 0.4000000060
41394  -42.248  -38.227  17.205 0.6000000238
42369  -42.988  -37.782  17.554 0.6000000238
118196  -43.409  -37.149  17.553 0.6000000238
42370  -43.787  -37.661  17.699 0.5000000000
40608  -34.780  -39.504  10.169 0.4000000060
41494  -34.910  -39.252  10.017 0.4000000060
136166  -35.498  -39.728  10.121 0.6999999881
128071  -41.120  -38.731  15.231 0.6999999881
115903  -41.290  -39.041  16.121 0.6000000238
41393  -41.695  -38.618  16.705 0.6000000238
43293  -43.485  -36.496  17.437 0.5000000000
41495  -35.778  -38.784  10.651 0.6999999881
40555  -41.148  -38.953  13.457 0.6999999881
41429  -41.277  -38.418  14.198 0.6999999881
40539  -40.910  -39.249  14.539 0.6999999881
40520  -40.951  -39.529  15.501 0.6999999881
136712  -44.037  -36.249  17.527 0.5000000000
43295  -45.158  -36.038  17.496 0.5000000000
42485  -36.164  -37.817  10.878 0.6999999881
40538  -40.722  -39.832  13.947 0.6999999881
45198  -46.503  -34.608  16.762 0.5000000000
136351  -41.712  -38.042  11.885 0.6999999881
46133  -46.925  -33.692  16.387 0.4000000060
126004  -41.610  -38.595  11.514 0.6999999881
40569  -41.565  -39.294  11.804 0.6999999881
42474  -41.627  -37.207  11.746 0.6000000238
41476  -41.529  -37.935  11.610 0.6000000238
119233  -47.595  -33.979  15.896 0.4000000060
114543  -48.852  -32.940  14.699 0.4000000060
44327  -37.686  -35.871  11.016 0.6999999881
43374  -41.305  -36.547  11.617 0.6000000238
42473  -41.121  -37.287  11.512 0.6000000238
47129  -49.284  -32.590  14.195 0.4000000060
47141  -49.688  -32.247  13.535 0.4000000060
47142  -50.458  -32.608  13.287 0.4000000060
47153  -50.798  -32.435  12.528 0.4000000060
47165  -51.979  -33.141  11.238 0.4000000060
43292  -42.911  -36.873  17.338 0.6000000238
42483  -34.442  -38.423  9.801 0.6000000238
42495  -34.800  -37.510  9.733 0.6000000238
42484  -35.215  -38.148  10.252 0.6999999881
43331  -41.659  -36.735  14.219 0.6000000238
129305  -41.352  -37.973  15.014 0.6999999881
42409  -41.590  -37.531  15.691 0.6999999881
42388  -41.817  -37.823  16.542 0.6000000238
41449  -41.567  -37.927  12.855 0.6000000238
129084  -41.491  -37.592  14.065 0.6000000238
42456  -41.875  -37.043  12.246 0.6000000238
45185  -45.686  -34.584  17.194 0.5000000000
134445  -36.523  -37.030  10.743 0.6999999881
43375  -41.762  -36.626  11.856 0.6000000238
41459  -41.771  -37.610  11.910 0.6000000238
116390  -46.063  -33.868  16.779 0.4000000060
43383  -37.101  -36.437  10.940 0.6999999881
44339  -37.105  -35.689  10.244 0.6999999881
46147  -46.905  -32.964  15.983 0.4000000060
47110  -48.182  -32.804  15.213 0.4000000060
44330  -40.738  -35.629  11.584 0.6000000238
47127  -47.804  -32.027  14.780 0.4000000060
47128  -48.550  -32.298  14.466 0.4000000060
43372  -38.027  -36.576  11.523 0.6999999881
44328  -38.490  -35.711  11.313 0.6999999881
43373  -38.973  -36.277  11.670 0.6999999881
116173  -40.097  -36.563  11.725 0.6000000238
47152  -50.040  -31.970  12.812 0.4000000060
48154  -50.272  -31.924  11.983 0.4000000060
47164  -51.114  -32.521  11.628 0.4000000060
47185  -51.399  -32.925  10.593 0.3000000119
42389  -42.347  -37.356  17.048 0.6000000238
42494  -34.191  -37.768  9.544 0.5000000000
44300  -41.886  -35.660  12.922 0.6000000238
44289  -41.861  -35.853  13.937 0.6000000238
136447  -41.529  -37.327  14.882 0.6000000238
42410  -41.999  -37.043  16.273 0.6000000238
43307  -42.499  -36.538  16.796 0.6000000238
44247  -43.027  -36.072  17.181 0.6000000238
43343  -41.836  -36.444  13.042 0.6000000238
45195  -43.648  -34.568  16.630 0.5000000000
45183  -44.060  -34.982  17.264 0.4000000060
45184  -44.884  -34.724  17.397 0.5000000000
43381  -35.699  -37.120  10.214 0.6999999881
45196  -44.430  -34.242  16.951 0.5000000000
45197  -45.244  -34.001  17.035 0.4000000060
119720  -35.863  -36.423  9.690 0.8000000119
44314  -41.779  -35.449  12.173 0.6000000238
46131  -45.541  -33.358  16.493 0.4000000060
46132  -46.303  -33.143  16.304 0.4000000060
43382  -36.429  -36.404  10.222 0.6999999881
45259  -40.653  -34.641  11.569 0.6000000238
48099  -47.126  -31.791  14.940 0.4000000060
131016  -37.554  -35.081  9.900 0.6999999881
48123  -48.169  -31.702  14.040 0.4000000060
47140  -48.934  -31.942  13.790 0.4000000060
45272  -38.003  -35.284  10.624 0.6999999881
120057  -38.234  -34.528  10.020 0.6999999881
45257  -38.948  -34.842  11.104 0.6999999881
46193  -39.824  -34.262  11.238 0.6999999881
48152  -48.740  -31.437  12.542 0.4000000060
48153  -49.488  -31.618  12.300 0.4000000060
116826  -48.941  -31.439  11.855 0.4000000060
48179  -49.487  -31.886  10.623 0.3000000119
48168  -50.364  -32.197  11.042 0.4000000060
46223  -50.703  -33.308  9.255 0.4000000060
44301  -42.034  -35.051  13.769 0.6000000238
44290  -42.176  -35.257  14.703 0.6000000238
45211  -42.619  -34.697  15.344 0.6000000238
45212  -43.270  -34.237  15.836 0.5000000000
43401  -34.925  -36.195  8.982 0.6000000238
43394  -35.191  -36.686  9.523 0.6000000238
45232  -41.813  -34.834  12.899 0.6000000238
45233  -42.125  -34.219  13.674 0.6000000238
46129  -43.965  -33.809  16.292 0.5000000000
43395  -35.642  -36.056  9.130 0.6999999881
45243  -41.618  -34.584  12.195 0.6000000238
47107  -44.889  -32.415  15.499 0.5000000000
46146  -45.036  -32.977  16.131 0.4000000060
45260  -41.249  -34.193  11.791 0.6000000238
48097  -45.832  -31.935  15.333 0.5000000000
44346  -36.958  -35.244  9.191 0.8000000119
44345  -36.357  -35.885  9.485 0.8000000119
48121  -46.441  -31.530  14.560 0.4000000060
48098  -46.634  -31.945  15.278 0.4000000060
46194  -40.584  -33.802  11.377 0.6000000238
47217  -46.627  -32.895  8.380 0.5000000000
47203  -46.974  -32.293  9.332 0.5000000000
116559  -46.919  -31.606  10.225 0.5000000000
134860  -47.222  -31.141  12.563 0.4000000060
48138  -47.689  -31.357  13.418 0.4000000060
45273  -39.176  -34.019  10.502 0.6999999881
121896  -39.461  -33.394  10.073 0.6999999881
133273  -47.006  -34.004  7.543 0.5000000000
48200  -47.783  -31.886  9.868 0.4000000060
48178  -47.747  -31.410  10.841 0.4000000060
48165  -48.102  -31.331  11.896 0.4000000060
45309  -47.593  -34.958  6.079 0.4000000060
47218  -47.432  -33.060  8.498 0.5000000000
46233  -47.944  -33.623  7.835 0.4000000060
47219  -48.620  -32.991  8.586 0.4000000060
121361  -48.617  -31.770  10.304 0.4000000060
48166  -48.760  -31.465  11.132 0.4000000060
45303  -47.928  -34.556  7.001 0.4000000060
47205  -48.604  -32.307  9.520 0.4000000060
47183  -49.318  -32.199  9.933 0.4000000060
46171  -42.327  -33.354  13.573 0.6000000238
45222  -42.381  -34.463  14.494 0.6000000238
44353  -34.826  -35.639  8.541 0.5000000000
46180  -41.591  -33.591  12.191 0.6000000238
46181  -42.097  -32.905  12.800 0.6000000238
134507  -42.519  -32.315  12.920 0.6000000238
47123  -42.811  -32.989  14.122 0.5000000000
47124  -43.491  -32.404  14.276 0.5000000000
46143  -42.903  -33.940  15.057 0.5000000000
43402  -35.404  -35.722  8.695 0.6000000238
48134  -43.867  -31.408  13.192 0.5000000000
47125  -44.389  -32.051  14.703 0.5000000000
44354  -35.505  -35.245  8.317 0.6000000238
46195  -41.214  -33.264  11.601 0.6000000238
48119  -44.935  -31.522  14.243 0.5000000000
44356  -36.700  -34.958  8.454 0.8000000119
116927  -46.083  -31.245  10.388 0.5000000000
48150  -45.275  -30.887  12.807 0.5000000000
48136  -45.716  -31.175  13.726 0.5000000000
48120  -45.612  -31.550  14.583 0.5000000000
47161  -40.660  -33.056  10.968 0.6000000238
47236  -46.210  -33.380  7.551 0.5000000000
48213  -45.403  -31.597  8.632 0.5000000000
48199  -46.350  -31.655  9.711 0.5000000000
48163  -45.584  -30.845  12.030 0.5000000000
48151  -46.184  -30.932  12.775 0.5000000000
45290  -37.279  -34.683  8.609 0.8000000119
46212  -39.963  -33.554  10.778 0.6999999881
48214  -46.164  -31.995  8.977 0.5000000000
48177  -46.711  -31.213  11.021 0.5000000000
114681  -37.899  -34.275  8.951 0.8000000119
46264  -46.355  -34.416  5.907 0.5000000000
46248  -46.408  -34.120  6.967 0.4000000060
45281  -38.689  -33.690  9.437 0.6999999881
122650  -46.782  -34.517  6.622 0.4000000060
45298  -34.869  -34.354  7.758 0.5000000000
47149  -41.757  -32.671  11.967 0.6000000238
47163  -42.118  -31.742  11.600 0.6000000238
131906  -43.425  -31.924  13.586 0.5000000000
45287  -34.848  -35.006  8.163 0.5000000000
48148  -43.602  -31.151  12.455 0.5000000000
45286  -34.171  -34.633  8.073 0.5000000000
47162  -41.342  -32.373  11.104 0.6000000238
49107  -44.378  -30.455  10.457 0.5000000000
49098  -44.874  -30.634  11.341 0.5000000000
48149  -44.442  -30.977  12.665 0.5000000000
47182  -41.135  -31.834  10.203 0.6000000238
48197  -44.932  -30.906  8.964 0.5000000000
49122  -44.703  -30.589  9.651 0.5000000000
49108  -45.247  -30.757  10.444 0.5000000000
48176  -45.827  -30.919  11.190 0.5000000000
45289  -36.207  -34.878  8.129 0.6999999881
133807  -40.082  -32.841  10.131 0.6000000238
48198  -45.562  -31.218  9.568 0.5000000000
45301  -36.952  -34.475  7.960 0.6999999881
47235  -45.475  -32.944  7.205 0.5000000000
45302  -37.623  -34.042  7.679 0.6999999881
122166  -46.650  -34.627  5.219 0.4000000060
45280  -37.559  -34.742  9.336 0.8000000119
46274  -47.065  -34.382  5.065 0.5000000000
45291  -37.691  -34.263  8.031 0.6999999881
46231  -38.322  -33.889  8.249 0.8000000119
45314  -47.298  -34.783  5.514 0.4000000060
137362  -47.822  -34.552  5.410 0.5000000000
48252  -50.249  -31.958  4.250 0.4000000060
49178  -50.510  -30.972  4.137 0.5000000000
127091  -52.325  -32.979  3.506 0.5000000000
48253  -51.303  -32.119  3.594 0.5000000000
49182  -51.272  -31.179  3.582 0.5000000000
47150  -42.352  -32.135  12.408 0.6000000238
47151  -42.993  -31.773  12.933 0.5000000000
48174  -41.776  -31.468  10.739 0.6000000238
48160  -42.719  -31.086  11.526 0.6000000238
48161  -43.377  -30.835  11.720 0.5000000000
49097  -43.933  -30.455  11.161 0.5000000000
48162  -44.204  -30.724  11.929 0.5000000000
46242  -34.893  -33.630  7.417 0.5000000000
45299  -35.600  -34.078  7.552 0.5000000000
45288  -35.568  -34.670  7.898 0.6999999881
48195  -41.637  -31.111  9.822 0.6000000238
48175  -42.348  -30.770  10.362 0.6000000238
48212  -44.687  -31.194  8.270 0.5000000000
46253  -35.039  -32.898  7.093 0.5000000000
130074  -36.210  -33.861  7.468 0.6000000238
47181  -40.755  -32.471  10.463 0.6000000238
116652  -43.886  -30.267  9.689 0.5000000000
45300  -36.270  -34.343  7.709 0.6999999881
47202  -40.866  -31.421  9.218 0.6000000238
48223  -45.093  -32.007  7.768 0.5000000000
125791  -36.990  -33.924  7.570 0.6999999881
47201  -40.483  -32.127  9.682 0.6000000238
46247  -45.868  -33.816  6.600 0.5000000000
45308  -45.905  -34.477  4.981 0.6000000238
47253  -45.120  -33.689  6.068 0.4000000060
46273  -46.136  -34.366  4.888 0.5000000000
46222  -39.363  -32.964  9.354 0.6999999881
133772  -39.832  -32.380  9.273 0.6999999881
119875  -38.920  -33.305  8.643 0.6999999881
121074  -46.598  -33.798  4.858 0.5000000000
49174  -48.835  -30.852  5.413 0.4000000060
50104  -49.142  -29.977  5.066 0.4000000060
49177  -49.607  -30.880  4.733 0.4000000060
46244  -38.388  -33.848  7.449 0.6999999881
49183  -51.834  -30.808  3.325 0.5000000000
114306  -43.066  -30.293  9.989 0.5000000000
49106  -43.671  -30.341  10.447 0.5000000000
49136  -42.290  -30.635  8.706 0.6000000238
48196  -42.324  -30.568  9.453 0.5000000000
49138  -44.205  -30.478  8.726 0.5000000000
46254  -35.779  -32.824  7.168 0.6000000238
49121  -41.533  -30.911  8.892 0.6000000238
49148  -44.147  -30.846  7.928 0.5000000000
136550  -36.224  -32.748  7.223 0.6000000238
128156  -40.846  -31.644  8.224 0.5000000000
48211  -41.799  -31.127  8.108 0.5000000000
47234  -44.678  -32.596  6.828 0.5000000000
46255  -36.431  -33.312  7.319 0.6999999881
113429  -45.081  -34.125  5.105 0.6000000238
46272  -45.265  -34.099  4.929 0.5000000000
127953  -37.361  -33.374  7.352 0.6999999881
47215  -40.056  -32.534  7.875 0.6999999881
49160  -47.123  -30.269  6.211 0.5000000000
123332  -47.858  -29.797  5.852 0.4000000060
47214  -39.495  -32.757  8.423 0.6999999881
46246  -39.985  -34.229  6.656 0.6999999881
48244  -46.456  -32.586  5.372 0.5000000000
49173  -47.919  -30.867  5.927 0.5000000000
50103  -48.537  -29.196  5.322 0.4000000060
50107  -49.311  -29.051  4.630 0.4000000060
46256  -38.025  -33.719  7.462 0.6999999881
46232  -39.016  -33.392  7.945 0.6999999881
51027  -50.075  -28.886  4.098 0.4000000060
47245  -38.200  -33.264  7.131 0.6999999881
135002  -39.775  -33.814  6.393 0.6999999881
50108  -49.924  -29.928  4.460 0.4000000060
47246  -39.160  -33.615  6.673 0.6999999881
51032  -50.851  -28.813  3.608 0.4000000060
51033  -51.759  -28.687  3.288 0.4000000060
48256  -52.324  -32.044  3.309 0.5000000000
49146  -42.696  -30.745  8.101 0.5000000000
49147  -43.537  -30.644  8.065 0.5000000000
48234  -42.978  -31.998  6.682 0.5000000000
48221  -43.653  -31.315  7.426 0.5000000000
136955  -44.692  -34.040  5.385 0.5000000000
126718  -36.008  -32.099  7.090 0.6000000238
48233  -42.111  -32.491  6.652 0.5000000000
48222  -44.330  -31.630  7.514 0.5000000000
47244  -36.736  -32.681  7.256 0.6999999881
116591  -41.377  -32.214  7.266 0.5000000000
46262  -44.280  -34.358  5.079 0.6000000238
47260  -45.573  -33.680  4.757 0.5000000000
48219  -40.626  -32.612  7.465 0.6000000238
47233  -40.787  -33.371  6.805 0.6999999881
137540  -47.796  -29.030  5.666 0.4000000060
47232  -40.199  -33.700  6.998 0.8000000119
48236  -46.947  -31.299  6.061 0.5000000000
51019  -48.746  -28.278  4.695 0.4000000060
51026  -49.402  -28.125  4.165 0.4000000060
51896  -49.567  -27.103  3.547 0.4000000060
47256  -41.075  -33.669  5.415 0.6000000238
51031  -50.066  -27.869  3.702 0.4000000060
46245  -39.219  -34.102  7.022 0.6999999881
46258  -39.644  -33.906  6.692 0.6999999881
47247  -40.210  -33.708  5.868 0.6000000238
119910  -41.335  -32.402  5.223 0.6000000238
51897  -50.421  -27.129  3.443 0.4000000060
126288  -38.560  -32.568  6.882 0.6999999881
124152  -39.354  -32.839  6.326 0.6000000238
48238  -39.958  -32.242  6.087 0.6000000238
48239  -40.579  -32.804  5.558 0.6000000238
121451  -51.011  -27.853  3.464 0.4000000060
48232  -40.566  -31.334  5.702 0.6000000238
50113  -51.673  -29.712  3.377 0.5000000000
50098  -40.909  -30.178  5.477 0.6000000238
125389  -52.405  -30.500  2.958 0.5000000000
49186  -53.357  -30.791  2.630 0.5000000000
47252  -44.153  -33.560  5.729 0.6000000238
124982  -35.233  -31.531  6.738 0.5000000000
48220  -42.335  -31.475  7.364 0.5000000000
47251  -43.349  -33.009  6.007 0.6000000238
137296  -43.720  -34.432  5.094 0.6000000238
48230  -36.893  -31.720  7.218 0.6000000238
47250  -42.389  -33.703  5.985 0.6000000238
46261  -43.164  -34.036  5.329 0.6000000238
46279  -44.756  -33.961  4.712 0.5000000000
48243  -45.381  -32.421  5.177 0.5000000000
50082  -37.485  -29.783  6.464 0.6000000238
49156  -37.145  -30.686  6.947 0.6000000238
47249  -41.410  -33.648  6.349 0.6000000238
128366  -42.051  -34.300  5.170 0.6000000238
49159  -45.679  -30.413  6.096 0.5000000000
51004  -46.682  -28.846  6.081 0.5000000000
51018  -48.036  -28.376  5.275 0.4000000060
48231  -37.832  -31.575  7.240 0.6999999881
50083  -38.482  -29.756  6.311 0.6000000238
47248  -40.630  -34.094  6.219 0.6999999881
46277  -42.060  -34.257  4.965 0.6000000238
49172  -46.014  -31.372  5.770 0.5000000000
131077  -46.426  -30.584  6.171 0.5000000000
50102  -47.192  -29.345  6.054 0.5000000000
123176  -48.805  -27.558  4.129 0.4000000060
51887  -49.318  -27.483  3.792 0.4000000060
46267  -40.924  -34.119  5.808 0.6999999881
125254  -41.968  -31.388  5.148 0.6999999881
49171  -45.116  -31.218  5.603 0.5000000000
52766  -49.952  -26.547  3.508 0.4000000060
127570  -39.010  -30.483  6.471 0.6000000238
49168  -42.516  -30.472  5.402 0.6999999881
52767  -50.781  -26.521  3.396 0.4000000060
134877  -38.448  -31.546  7.010 0.6999999881
49158  -39.753  -30.847  6.254 0.6000000238
49167  -41.279  -31.043  5.394 0.6000000238
124114  -41.719  -30.233  5.441 0.6000000238
51015  -42.939  -28.813  5.890 0.6000000238
51898  -51.263  -27.094  3.325 0.4000000060
51014  -42.180  -28.581  5.623 0.6000000238
136414  -42.639  -28.223  5.908 0.6000000238
52768  -51.516  -26.501  3.244 0.4000000060
50099  -41.411  -29.220  5.393 0.6000000238
51905  -52.891  -27.763  2.708 0.5000000000
51899  -51.919  -27.785  3.195 0.4000000060
50118  -53.479  -29.764  2.544 0.5000000000
51906  -54.260  -28.135  2.487 0.5000000000
132349  -43.827  -34.477  4.899 0.6000000238
46260  -42.416  -34.278  5.235 0.6000000238
46270  -43.166  -34.323  4.999 0.6000000238
47267  -44.057  -34.061  4.534 0.6000000238
47259  -44.689  -33.349  4.630 0.5000000000
50081  -36.395  -29.826  6.444 0.6000000238
47266  -43.367  -33.698  4.567 0.6000000238
48242  -44.484  -32.156  5.032 0.5000000000
51873  -48.174  -27.672  4.646 0.4000000060
47265  -42.554  -33.816  4.736 0.6000000238
48240  -42.783  -31.620  4.956 0.6000000238
49170  -44.271  -30.975  5.468 0.5000000000
50086  -44.480  -29.266  6.209 0.5000000000
118600  -45.151  -28.650  6.234 0.5000000000
50087  -45.399  -29.493  6.264 0.5000000000
51895  -48.875  -27.087  3.728 0.4000000060
52765  -49.182  -26.626  3.680 0.4000000060
47258  -42.203  -32.662  4.744 0.6999999881
49169  -43.408  -30.575  5.454 0.5000000000
50101  -44.841  -30.221  5.977 0.5000000000
53721  -50.378  -25.920  3.489 0.4000000060
50084  -39.356  -29.875  6.043 0.6000000238
51868  -43.188  -27.877  6.139 0.6000000238
128413  -40.484  -29.376  5.299 0.6000000238
53722  -51.222  -25.926  3.331 0.4000000060
126855  -37.622  -32.582  7.261 0.6999999881
51904  -52.002  -27.035  3.092 0.4000000060
53729  -51.846  -25.981  3.134 0.4000000060
51013  -41.488  -28.204  5.301 0.6000000238
127132  -52.610  -26.869  2.798 0.4000000060
52773  -54.054  -26.369  2.453 0.5000000000
124509  -54.832  -27.421  2.491 0.4000000060
48241  -43.634  -31.845  4.924 0.5000000000
51871  -45.947  -27.445  5.206 0.5000000000
51884  -46.780  -27.383  4.854 0.5000000000
125869  -48.123  -26.208  4.311 0.4000000060
50095  -37.807  -29.011  5.899 0.6000000238
50096  -38.798  -29.141  5.622 0.6000000238
131756  -44.917  -28.055  6.079 0.5000000000
51016  -45.612  -28.037  5.903 0.5000000000
51017  -46.540  -28.077  5.643 0.5000000000
52757  -48.456  -26.699  3.932 0.4000000060
53719  -48.834  -26.176  3.986 0.4000000060
53708  -49.307  -25.599  4.196 0.4000000060
51002  -44.504  -28.456  6.234 0.5000000000
53720  -49.566  -26.030  3.655 0.4000000060
50097  -39.677  -29.305  5.370 0.6000000238
51883  -40.836  -27.811  4.761 0.6000000238
52743  -43.617  -26.470  5.520 0.6000000238
53723  -51.996  -25.260  3.285 0.4000000060
52741  -41.551  -27.254  5.002 0.6000000238
113519  -42.984  -27.083  5.720 0.6000000238
129765  -42.327  -26.962  5.344 0.6000000238
51867  -42.316  -27.738  5.646 0.6000000238
53730  -52.523  -25.702  2.927 0.4000000060
53731  -53.401  -25.509  2.626 0.4000000060
54719  -53.914  -24.766  2.658 0.3000000119
126254  -53.546  -27.115  2.560 0.5000000000
55711  -55.217  -24.358  2.669 0.3000000119
132261  -47.016  -26.420  4.355 0.5000000000
132641  -47.050  -26.897  4.431 0.5000000000
53707  -48.485  -25.653  4.583 0.5000000000
52745  -45.438  -26.822  4.890 0.6000000238
54691  -49.108  -25.192  4.814 0.5000000000
54692  -49.756  -24.934  4.499 0.4000000060
51010  -39.118  -28.600  4.936 0.6000000238
51882  -40.137  -27.348  4.406 0.6000000238
51869  -44.229  -27.737  6.125 0.6000000238
54693  -50.454  -24.781  4.172 0.4000000060
51025  -40.246  -28.125  4.638 0.6000000238
117929  -40.827  -27.105  4.578 0.6000000238
129220  -44.483  -26.765  5.470 0.6999999881
124893  -51.776  -23.332  4.303 0.3000000119
52752  -41.201  -26.459  4.527 0.6000000238
53692  -44.208  -25.866  5.062 0.6000000238
55684  -52.105  -23.872  3.689 0.3000000119
52753  -42.040  -26.378  4.882 0.6000000238
54710  -52.620  -24.437  3.332 0.4000000060
52742  -42.854  -26.344  5.316 0.6000000238
53702  -43.694  -25.264  4.683 0.6000000238
54718  -53.035  -24.936  2.935 0.3000000119
54711  -53.664  -24.262  3.078 0.3000000119
55698  -54.428  -24.031  3.034 0.3000000119
55699  -55.181  -23.763  3.070 0.3000000119
121753  -46.610  -26.022  4.217 0.6000000238
53694  -47.737  -25.448  4.977 0.5000000000
54675  -48.437  -24.882  5.351 0.5000000000
52754  -45.829  -26.182  4.271 0.6000000238
119927  -49.505  -23.753  5.569 0.4000000060
55683  -50.213  -24.117  4.848 0.4000000060
51024  -39.456  -27.904  4.497 0.6000000238
52751  -40.416  -26.560  4.264 0.6000000238
52744  -45.045  -26.119  4.595 0.6000000238
56818  -50.935  -23.377  4.823 0.3000000119
134418  -51.185  -24.193  4.158 0.3000000119
53700  -40.751  -25.737  4.023 0.6000000238
119732  -41.708  -25.626  4.442 0.6000000238
54687  -42.285  -24.782  4.310 0.6000000238
53703  -44.722  -25.308  4.137 0.6000000238
55697  -53.010  -23.700  3.459 0.3000000119
53701  -42.727  -25.543  4.786 0.6000000238
54688  -43.909  -24.662  3.961 0.6000000238
115796  -54.357  -23.487  3.308 0.3000000119
56830  -54.547  -22.818  3.518 0.3000000119
56831  -55.293  -23.001  3.383 0.3000000119
127139  -46.835  -24.470  5.458 0.6000000238
53693  -46.877  -25.259  4.838 0.6000000238
54674  -47.490  -24.719  5.578 0.5000000000
54667  -48.058  -24.163  6.084 0.5000000000
55658  -48.734  -23.419  6.195 0.4000000060
53705  -46.070  -25.428  4.069 0.6000000238
55659  -49.550  -23.066  5.936 0.4000000060
55672  -50.206  -23.251  5.438 0.4000000060
127740  -45.679  -24.797  3.835 0.6000000238
56805  -50.768  -22.737  5.332 0.4000000060
54689  -45.387  -25.058  3.709 0.6000000238
56819  -51.489  -22.611  4.823 0.3000000119
117567  -52.369  -22.656  4.362 0.3000000119
55685  -52.523  -23.293  3.927 0.3000000119
54705  -44.047  -24.221  3.300 0.6000000238
56820  -53.671  -22.354  3.977 0.3000000119
57883  -54.494  -21.933  3.963 0.3000000119
55669  -46.530  -23.741  5.579 0.6000000238
55670  -47.213  -23.972  6.051 0.5000000000
55657  -47.711  -23.351  6.380 0.5000000000
54690  -46.218  -24.519  4.620 0.6000000238
57852  -49.553  -21.854  6.296 0.4000000060
56804  -50.081  -22.401  5.867 0.4000000060
55668  -45.923  -23.467  4.845 0.6000000238
54686  -41.396  -24.975  3.890 0.6000000238
55682  -45.622  -24.043  3.912 0.6000000238
119002  -51.272  -21.069  5.474 0.3000000119
116306  -41.916  -24.261  3.826 0.6000000238
54707  -45.248  -24.426  3.387 0.6000000238
58905  -52.833  -20.413  4.769 0.3000000119
54706  -44.803  -24.559  3.339 0.6000000238
54704  -42.946  -24.022  3.854 0.6000000238
55693  -43.698  -23.723  2.967 0.6000000238
55694  -44.550  -23.943  2.883 0.6000000238
127101  -47.279  -21.836  6.586 0.4000000060
118848  -48.153  -21.971  6.609 0.4000000060
56792  -49.062  -22.475  6.390 0.4000000060
56803  -46.195  -22.829  5.703 0.5000000000
58889  -50.544  -20.413  5.780 0.4000000060
56802  -45.751  -22.502  4.964 0.5000000000
56817  -45.585  -23.075  4.004 0.5000000000
58890  -51.400  -20.160  5.443 0.3000000119
55692  -42.013  -23.650  3.333 0.6000000238
55696  -45.312  -23.610  3.154 0.5000000000
133496  -42.796  -23.452  3.127 0.6000000238
130498  -45.244  -23.128  2.776 0.6000000238
55708  -44.272  -23.305  2.491 0.6000000238
55709  -44.962  -23.447  2.592 0.6000000238
56839  -44.757  -22.766  2.093 0.5000000000
57848  -46.121  -21.320  6.212 0.4000000060
57849  -46.808  -21.280  6.518 0.3000000119
58871  -47.172  -20.548  6.671 0.4000000060
57851  -48.502  -21.203  6.620 0.4000000060
58873  -48.917  -20.515  6.565 0.3000000119
56788  -45.895  -21.969  5.801 0.5000000000
125152  -49.375  -19.792  6.404 0.3000000119
57867  -50.238  -21.366  5.965 0.3000000119
57876  -45.535  -22.095  4.150 0.5000000000
59959  -49.773  -19.100  5.946 0.3000000119
59942  -50.059  -19.841  6.036 0.3000000119
59960  -50.652  -19.462  5.605 0.3000000119
56827  -45.459  -22.642  3.116 0.5000000000
59979  -52.455  -19.069  4.698 0.3000000119
56840  -45.194  -22.717  2.387 0.5000000000
58870  -46.359  -20.570  6.402 0.3000000119
59940  -46.710  -19.848  6.621 0.3000000119
120893  -47.586  -19.815  6.844 0.3000000119
59958  -45.610  -20.014  5.626 0.3000000119
58872  -48.464  -19.804  6.711 0.3000000119
116162  -48.913  -19.074  6.473 0.3000000119
60855  -49.326  -18.369  6.113 0.3000000119
115544  -45.502  -21.150  4.342 0.4000000060
120179  -50.306  -18.757  5.591 0.3000000119
114773  -45.564  -21.636  3.370 0.5000000000
60892  -51.767  -18.478  4.791 0.3000000119
61843  -51.825  -17.630  4.441 0.3000000119
57889  -45.158  -22.095  1.645 0.4000000060
57881  -45.493  -21.977  2.418 0.5000000000
128279  -46.379  -19.244  6.522 0.3000000119
59941  -47.090  -19.119  6.770 0.3000000119
60869  -45.592  -19.223  5.865 0.3000000119
59939  -45.966  -19.777  6.259 0.3000000119
116394  -48.026  -19.038  6.966 0.3000000119
135575  -45.469  -19.498  5.136 0.3000000119
61825  -49.711  -17.738  5.645 0.3000000119
59978  -45.345  -19.372  4.228 0.3000000119
60870  -49.879  -18.425  5.712 0.3000000119
60871  -50.416  -18.153  5.434 0.3000000119
59993  -45.527  -19.862  3.278 0.3000000119
120722  -45.519  -20.651  3.538 0.4000000060
61826  -50.520  -17.452  5.157 0.3000000119
61842  -51.093  -17.340  4.655 0.3000000119
58915  -45.670  -21.226  2.733 0.4000000060
58923  -45.653  -21.226  1.881 0.4000000060
120750  -45.778  -20.525  2.573 0.4000000060
61858  -52.190  -17.021  3.922 0.3000000119
61859  -52.564  -17.587  4.071 0.3000000119
116811  -45.933  -18.252  6.378 0.3000000119
60851  -45.910  -18.912  6.309 0.3000000119
60853  -47.399  -18.223  6.791 0.3000000119
131689  -48.101  -17.623  6.615 0.3000000119
115340  -45.541  -18.424  5.997 0.3000000119
62709  -48.329  -16.743  6.388 0.3000000119
61824  -49.205  -17.088  5.845 0.3000000119
60890  -45.225  -18.378  4.250 0.3000000119
132141  -45.402  -18.759  5.180 0.3000000119
122125  -50.420  -15.941  4.675 0.3000000119
62758  -50.598  -16.693  4.745 0.3000000119
63689  -51.215  -16.049  4.253 0.3000000119
60007  -46.087  -19.658  2.234 0.4000000060
62759  -51.474  -16.872  4.306 0.3000000119
63715  -51.907  -15.871  3.568 0.3000000119
62775  -52.476  -16.429  3.461 0.3000000119
63728  -53.243  -15.509  2.446 0.3000000119
115063  -45.985  -16.928  6.363 0.3000000119
125565  -46.658  -16.899  6.581 0.3000000119
61804  -47.345  -17.256  6.680 0.3000000119
61802  -45.660  -17.655  6.202 0.3000000119
62708  -47.262  -16.403  6.639 0.3000000119
126616  -47.831  -15.882  6.513 0.3000000119
62756  -44.998  -16.755  4.968 0.3000000119
61823  -45.271  -17.750  5.302 0.3000000119
63658  -48.588  -15.762  6.110 0.3000000119
62734  -49.223  -16.380  5.726 0.3000000119
62757  -49.901  -16.168  5.146 0.3000000119
61841  -45.055  -17.412  4.158 0.3000000119
63659  -49.327  -15.576  5.514 0.3000000119
63687  -49.952  -15.414  4.959 0.3000000119
60907  -45.491  -18.977  3.248 0.4000000060
63688  -50.608  -15.283  4.461 0.3000000119
122886  -45.966  -18.560  2.301 0.4000000060
124142  -52.077  -15.115  3.270 0.3000000119
124096  -46.364  -19.051  1.384 0.4000000060
63716  -52.651  -15.716  3.053 0.3000000119
64644  -52.689  -15.038  2.587 0.3000000119
62707  -46.419  -16.225  6.485 0.3000000119
62706  -45.693  -16.188  6.150 0.3000000119
63639  -47.929  -15.098  6.397 0.3000000119
113514  -45.395  -16.899  5.858 0.3000000119
117785  -48.708  -14.921  5.835 0.3000000119
64613  -50.068  -14.648  4.765 0.3000000119
64614  -50.723  -14.387  4.182 0.3000000119
64642  -51.489  -14.397  3.515 0.3000000119
61889  -46.362  -17.996  1.337 0.3000000119
65606  -52.885  -13.588  1.811 0.3000000119
64669  -53.412  -14.172  1.582 0.3000000119
63657  -45.413  -15.471  5.890 0.3000000119
64564  -46.369  -14.697  6.438 0.3000000119
63638  -47.010  -15.452  6.625 0.3000000119
64566  -48.090  -14.213  6.191 0.3000000119
62732  -44.959  -15.482  5.319 0.3000000119
62733  -45.168  -16.118  5.562 0.3000000119
64586  -48.890  -14.066  5.615 0.3000000119
119641  -49.458  -14.772  5.320 0.3000000119
65526  -49.108  -13.172  5.292 0.3000000119
64587  -49.602  -14.000  5.085 0.3000000119
65544  -49.810  -13.356  4.751 0.3000000119
65545  -50.391  -13.493  4.307 0.3000000119
65572  -50.953  -13.593  3.719 0.3000000119
65573  -51.670  -13.613  3.153 0.3000000119
66513  -51.801  -12.877  2.754 0.3000000119
65593  -52.332  -13.596  2.531 0.3000000119
125430  -52.813  -14.303  2.221 0.3000000119
66514  -52.446  -12.863  2.145 0.3000000119
65607  -53.429  -13.522  1.136 0.3000000119
64563  -45.686  -14.776  6.161 0.3000000119
64565  -47.201  -14.455  6.489 0.3000000119
63686  -44.784  -15.140  4.670 0.3000000119
124671  -45.075  -14.761  5.483 0.3000000119
65504  -45.749  -13.344  6.354 0.3000000119
117613  -45.916  -14.144  6.339 0.3000000119
65506  -47.310  -13.470  6.310 0.3000000119
65507  -48.276  -13.384  5.838 0.3000000119
63713  -45.173  -15.604  3.133 0.3000000119
66491  -50.556  -12.804  3.967 0.3000000119
66492  -51.175  -12.809  3.375 0.3000000119
118321  -51.975  -12.288  2.401 0.3000000119
66532  -52.900  -12.919  1.332 0.3000000119
65525  -45.140  -13.388  5.733 0.3000000119
65543  -44.735  -13.509  4.743 0.3000000119
116150  -44.794  -12.789  5.274 0.3000000119
64640  -44.774  -13.846  3.811 0.3000000119
64612  -44.777  -14.348  4.612 0.3000000119
116691  -45.003  -14.019  5.333 0.3000000119
64641  -45.179  -13.995  2.888 0.3000000119
118112  -44.907  -14.756  3.670 0.3000000119
122709  -42.949  -29.735  5.641 0.6999999881
117231  -44.130  -30.065  5.786 0.5000000000
49157  -38.241  -30.684  6.864 0.6000000238
127998  -47.721  -60.848  15.508 0.3000000119
21454  -47.858  -60.248  15.018 0.3000000119
21437  -48.454  -60.934  15.221 0.3000000119
21455  -48.823  -60.452  14.630 0.3000000119
21456  -49.830  -60.749  14.324 0.4000000060
22374  -50.338  -60.462  13.649 0.4000000060
22389  -51.214  -59.260  12.060 0.4000000060
22402  -51.745  -58.838  11.419 0.4000000060
23307  -52.314  -58.242  11.094 0.4000000060
121084  -52.316  -58.116  10.599 0.4000000060
24230  -52.149  -57.231  9.727 0.4000000060
26043  -51.327  -54.924  9.756 0.4000000060
120625  -51.453  -55.892  9.682 0.4000000060
27856  -50.449  -53.570  10.277 0.4000000060
29679  -47.304  -51.207  12.785 0.4000000060
137158  -48.137  -46.264  16.959 0.3000000119
36091  -48.559  -43.941  17.175 0.3000000119
29665  -46.690  -51.068  13.236 0.5000000000
118377  -48.573  -40.625  16.544 0.3000000119
40504  -48.780  -39.754  15.630 0.3000000119
29663  -44.942  -51.575  13.671 0.5000000000
30610  -44.424  -51.038  14.128 0.5000000000
41497  -50.041  -39.622  9.924 0.3000000119
41478  -49.105  -39.257  10.531 0.3000000119
41479  -50.063  -38.994  10.673 0.3000000119
30607  -41.969  -50.202  13.769 0.6000000238
133407  -50.656  -37.900  12.076 0.4000000060
30623  -41.972  -50.468  13.095 0.6000000238
42458  -49.910  -37.739  12.222 0.4000000060
42459  -51.514  -37.753  12.418 0.4000000060
43347  -50.976  -36.592  13.345 0.4000000060
43348  -52.546  -36.268  13.425 0.4000000060
44306  -53.074  -35.765  13.279 0.4000000060
114013  -35.767  -42.067  11.942 0.4000000060
37866  -36.578  -42.249  11.431 0.5000000000
34492  -41.788  -46.027  11.702 0.6999999881
45245  -53.301  -34.435  12.528 0.4000000060
35334  -41.682  -45.056  11.555 0.6999999881
39707  -36.292  -40.694  10.277 0.5000000000
129033  -37.261  -39.832  11.021 0.6000000238
113573  -36.639  -40.423  10.362 0.6000000238
126025  -41.064  -43.802  12.197 0.8000000119
126503  -40.655  -43.959  12.917 0.6999999881
37859  -41.328  -42.360  11.863 0.8000000119
36151  -41.625  -44.017  11.331 0.6999999881
46197  -53.096  -33.455  11.681 0.4000000060
115772  -37.774  -38.217  11.840 0.8000000119
119374  -41.990  -40.044  10.524 0.8000000119
38741  -41.786  -41.391  10.772 0.8000000119
39685  -41.727  -39.262  10.916 0.8000000119
129223  -38.958  -37.069  11.832 0.6999999881
40613  -41.519  -39.291  10.627 0.8000000119
42472  -39.945  -37.571  11.843 0.6999999881
41475  -41.025  -38.051  11.339 0.6000000238
46224  -51.715  -33.513  9.604 0.3000000119
45304  -49.044  -34.447  6.861 0.4000000060
46234  -50.188  -33.579  8.442 0.4000000060
47184  -50.387  -32.603  10.003 0.4000000060
45310  -48.571  -34.847  6.176 0.4000000060
46250  -50.324  -34.397  7.378 0.4000000060
47206  -49.611  -32.752  9.260 0.4000000060
45315  -48.335  -34.793  5.575 0.4000000060
45320  -50.656  -35.189  4.912 0.4000000060
46281  -50.948  -34.741  4.468 0.5000000000
47261  -48.150  -34.071  5.105 0.5000000000
48247  -49.281  -31.791  5.046 0.4000000060
47268  -50.524  -34.103  4.125 0.5000000000
46282  -51.995  -34.444  4.245 0.5000000000
45321  -51.695  -35.130  4.797 0.4000000060
47269  -52.711  -33.650  3.911 0.5000000000
133466  -47.513  -33.522  5.190 0.5000000000
48245  -47.597  -32.214  5.616 0.5000000000
47272  -53.107  -32.889  3.655 0.5000000000
49184  -52.870  -31.490  2.863 0.5000000000
49187  -54.253  -30.582  2.602 0.5000000000
50119  -54.434  -29.809  2.548 0.5000000000
132269  -35.079  -30.665  6.526 0.5000000000
51907  -55.332  -28.350  2.573 0.5000000000
125140  -55.444  -25.624  2.419 0.4000000060
126196  -35.628  -28.905  5.937 0.6000000238
125272  -36.713  -28.992  5.967 0.6000000238
54721  -56.219  -25.260  2.532 0.3000000119
51023  -38.388  -27.906  4.567 0.6000000238
51009  -38.099  -28.471  5.165 0.6000000238
55700  -56.278  -23.526  3.153 0.3000000119
127925  -39.391  -27.179  4.159 0.6000000238
52750  -39.673  -26.642  3.962 0.6000000238
53718  -40.693  -25.053  3.491 0.6000000238
54703  -41.100  -24.292  3.236 0.6000000238
55706  -42.131  -22.982  2.554 0.6000000238
55707  -43.282  -23.041  2.564 0.6000000238
56838  -43.904  -22.610  2.020 0.5000000000
119853  -46.070  -20.417  1.825 0.4000000060
67360  -51.358  -12.137  2.880 0.3000000119
67382  -51.728  -11.618  2.311 0.3000000119
67404  -52.502  -11.617  1.021 0.3000000119
67427  -52.716  -11.553  0.266 0.3000000119
66533  -53.356  -12.997  0.713 0.3000000119
65571  -44.916  -13.220  3.147 0.3000000119
65592  -45.482  -13.319  2.149 0.3000000119
44315  -52.845  -34.989  13.086 0.4000000060
24190  -51.621  -57.890  11.546 0.4000000060
25984  -48.126  -55.259  13.306 0.3000000119
120315  -48.466  -56.093  13.111 0.3000000119
26888  -49.194  -54.540  12.751 0.3000000119
26013  -52.160  -55.362  10.735 0.4000000060
28758  -49.832  -52.157  12.773 0.3000000119
122372  -49.816  -53.939  12.432 0.3000000119
30626  -48.863  -50.233  12.222 0.4000000060
30639  -52.330  -50.236  10.822 0.4000000060
32570  -51.189  -48.118  14.767 0.3000000119
31586  -45.857  -50.008  14.065 0.4000000060
39608  -48.784  -40.672  15.547 0.3000000119
37838  -50.086  -42.764  15.806 0.3000000119
38718  -48.751  -42.281  14.923 0.3000000119
36999  -48.998  -43.318  15.302 0.3000000119
40615  -49.009  -40.871  9.390 0.3000000119
36124  -47.161  -44.312  15.324 0.3000000119
34437  -42.284  -46.638  16.389 0.6000000238
41463  -49.973  -38.391  11.385 0.4000000060
32579  -41.414  -48.488  14.956 0.6000000238
33554  -41.019  -47.958  13.678 0.6999999881
42444  -50.889  -37.325  12.752 0.4000000060
120053  -44.936  -42.293  16.614 0.4000000060
37800  -44.040  -42.367  17.194 0.4000000060
43344  -48.653  -36.819  13.669 0.4000000060
36952  -41.910  -43.486  17.425 0.6000000238
36121  -40.658  -44.460  15.813 0.6999999881
115641  -40.455  -44.769  14.206 0.6999999881
133553  -46.481  -38.306  16.302 0.4000000060
37816  -41.131  -42.351  16.796 0.6000000238
44303  -50.607  -35.022  13.991 0.4000000060
36143  -40.563  -44.750  13.352 0.6999999881
45235  -51.853  -34.588  13.430 0.4000000060
45236  -52.402  -34.247  12.998 0.4000000060
38684  -41.152  -41.603  16.578 0.6000000238
36144  -40.956  -44.692  12.328 0.6999999881
38704  -40.860  -41.158  15.970 0.6000000238
44264  -46.548  -35.564  16.826 0.5000000000
37008  -40.560  -43.392  13.280 0.6999999881
40519  -40.669  -40.069  14.906 0.6999999881
37858  -40.841  -42.270  12.668 0.6999999881
37009  -40.876  -43.118  12.581 0.8000000119
113535  -41.522  -38.686  12.302 0.6999999881
46172  -50.050  -32.942  13.972 0.4000000060
41411  -41.389  -38.266  15.926 0.6999999881
125301  -41.623  -35.960  11.803 0.6000000238
40591  -41.521  -38.712  11.257 0.6999999881
46213  -52.143  -33.286  10.254 0.4000000060
43319  -41.767  -36.817  15.349 0.6000000238
43320  -42.202  -36.273  15.945 0.6999999881
43360  -41.893  -36.232  12.208 0.6000000238
44329  -39.500  -35.623  11.576 0.6999999881
45258  -39.907  -34.960  11.507 0.6999999881
45194  -42.954  -34.983  16.184 0.4000000060
48122  -47.346  -31.555  14.239 0.3000000119
116946  -48.059  -31.318  12.752 0.3000000119
48167  -49.552  -31.667  11.479 0.3000000119
47106  -43.925  -32.703  15.172 0.5000000000
44355  -36.130  -35.462  8.704 0.6999999881
48137  -46.776  -31.209  13.559 0.4000000060
47204  -47.841  -32.485  9.164 0.4000000060
133132  -47.244  -31.221  11.632 0.4000000060
114940  -48.960  -33.828  7.642 0.4000000060
47138  -42.759  -32.488  13.494 0.5000000000
48135  -44.726  -31.229  13.437 0.5000000000
46243  -35.677  -33.453  7.331 0.5000000000
120469  -40.192  -31.981  8.717 0.6999999881
46257  -38.905  -34.009  6.977 0.6999999881
50109  -50.816  -30.021  3.782 0.4000000060
117605  -51.367  -33.323  3.719 0.5000000000
47243  -34.473  -32.017  6.825 0.5000000000
49137  -43.154  -30.301  8.933 0.5000000000
134420  -47.050  -33.071  5.287 0.5000000000
48246  -48.455  -31.636  5.505 0.4000000060
124429  -48.480  -30.117  5.570 0.4000000060
47231  -39.566  -33.602  7.392 0.8000000119
130574  -40.171  -34.008  6.286 0.6000000238
50114  -52.506  -29.681  2.843 0.5000000000
49155  -36.019  -30.895  6.737 0.5000000000
46259  -41.615  -34.173  5.626 0.6000000238
125721  -39.095  -31.597  6.617 0.6000000238
49166  -40.128  -30.105  5.736 0.6000000238
50080  -35.221  -29.734  6.337 0.5000000000
51003  -45.968  -28.754  6.220 0.5000000000
131740  -47.282  -28.565  5.672 0.4000000060
46268  -41.691  -34.117  5.343 0.6999999881
47257  -41.780  -33.679  4.940 0.6999999881
50100  -42.281  -29.466  5.568 0.6000000238
51885  -47.533  -27.243  4.504 0.4000000060
50085  -43.613  -29.482  5.912 0.6000000238
54708  -50.977  -25.154  3.629 0.4000000060
122883  -43.688  -27.178  5.874 0.6000000238
54709  -51.757  -24.564  3.580 0.4000000060
51012  -40.734  -28.611  4.993 0.6000000238
53732  -54.435  -25.487  2.434 0.4000000060
52755  -46.347  -26.776  4.519 0.6000000238
52756  -47.674  -26.649  4.253 0.4000000060
51870  -45.098  -27.466  5.646 0.6000000238
51001  -43.807  -28.577  6.234 0.6000000238
53691  -43.436  -25.842  5.167 0.6000000238
54720  -54.844  -24.825  2.503 0.3000000119
53706  -47.397  -25.959  4.419 0.5000000000
133073  -47.919  -25.859  4.582 0.5000000000
55671  -48.822  -24.147  5.715 0.4000000060
53704  -45.461  -25.618  4.102 0.6000000238
122530  -53.801  -23.580  3.338 0.3000000119
133374  -43.098  -24.779  4.418 0.6000000238
56828  -53.227  -22.924  3.807 0.3000000119
56829  -53.936  -22.903  3.561 0.3000000119
56806  -51.043  -21.993  5.458 0.4000000060
57877  -52.035  -21.729  4.853 0.3000000119
126318  -53.034  -22.064  4.353 0.3000000119
55695  -45.014  -24.091  2.932 0.6000000238
127422  -53.731  -21.578  4.324 0.3000000119
55656  -46.867  -23.120  6.239 0.5000000000
56790  -47.422  -22.532  6.515 0.5000000000
126710  -49.327  -21.207  6.421 0.4000000060
56789  -46.562  -22.145  6.330 0.4000000060
57850  -47.648  -21.231  6.674 0.4000000060
59961  -51.709  -19.356  5.216 0.3000000119
60872  -51.053  -18.655  5.353 0.3000000119
57866  -45.771  -21.273  5.792 0.4000000060
118590  -45.608  -20.804  5.295 0.4000000060
61805  -48.890  -17.639  6.221 0.3000000119
58904  -45.447  -20.199  4.591 0.3000000119
60891  -51.131  -17.940  4.958 0.3000000119
62776  -53.014  -17.138  3.541 0.3000000119
60852  -46.473  -18.574  6.584 0.3000000119
62735  -49.868  -16.921  5.369 0.3000000119
62774  -51.836  -16.472  3.848 0.3000000119
63714  -51.333  -15.205  3.862 0.3000000119
64658  -53.294  -14.871  1.972 0.3000000119
63637  -46.065  -15.473  6.351 0.3000000119
62755  -44.843  -15.913  4.770 0.3000000119
66432  -47.759  -12.832  5.964 0.3000000119
66464  -50.090  -12.862  4.452 0.3000000119
67383  -52.428  -12.088  1.700 0.3000000119
66548  -52.955  -12.308  0.682 0.3000000119
66549  -53.568  -12.771  0.110 0.3000000119
64585  -45.457  -14.065  5.993 0.3000000119
65505  -46.449  -13.853  6.453 0.3000000119
130086  -46.406  -12.324  6.359 0.3000000119
126027  -45.404  -14.824  2.556 0.3000000119
64657  -45.699  -14.143  1.821 0.3000000119
67403  -52.032  -11.238  1.590 0.3000000119
24217  -51.272  -57.759  9.831 0.4000000060
40590  -40.877  -38.808  11.024 0.8000000119
45317  -51.462  -35.519  5.349 0.4000000060
56837  -42.726  -22.303  2.031 0.5000000000
47262  -49.207  -33.979  4.552 0.4000000060
46280  -49.889  -34.661  4.661 0.4000000060
50106  -51.216  -29.746  5.356 0.3000000119
49180  -53.297  -30.832  4.227 0.4000000060
51028  -52.148  -28.795  4.674 0.3000000119
47270  -53.116  -33.223  4.017 0.4000000060
47271  -53.521  -32.251  3.664 0.4000000060
49181  -54.003  -31.224  3.650 0.4000000060
50112  -53.772  -30.058  3.926 0.3000000119
47263  -49.839  -32.980  4.383 0.3000000119
48258  -54.164  -31.652  3.006 0.4000000060
50116  -55.337  -29.772  2.955 0.3000000119
121801  -54.875  -30.565  3.023 0.4000000060
51901  -55.731  -28.346  3.277 0.3000000119
51035  -55.246  -29.200  3.288 0.3000000119
50117  -55.466  -29.428  2.879 0.4000000060
48259  -54.544  -31.014  2.897 0.4000000060
52770  -56.858  -26.781  3.061 0.3000000119
51903  -56.521  -27.373  2.959 0.3000000119
133062  -56.427  -27.014  2.746 0.3000000119
119289  -36.977  -28.369  5.331 0.5000000000
53734  -57.095  -26.083  2.800 0.3000000119
123193  -55.424  -26.576  2.445 0.3000000119
51008  -35.959  -27.657  4.877 0.5000000000
51892  -36.586  -26.457  3.746 0.5000000000
51022  -37.194  -27.787  4.712 0.5000000000
51881  -38.632  -27.276  4.119 0.5000000000
54722  -57.254  -25.501  2.942 0.3000000119
53733  -56.403  -26.238  2.582 0.3000000119
51894  -38.839  -26.684  3.668 0.5000000000
53717  -40.010  -25.436  3.349 0.5000000000
53728  -38.010  -24.564  1.951 0.5000000000
118255  -39.512  -24.202  2.322 0.5000000000
54701  -39.085  -24.922  2.557 0.5000000000
54715  -38.598  -24.036  1.883 0.5000000000
53727  -37.212  -24.542  2.110 0.5000000000
54702  -40.159  -24.680  2.905 0.5000000000
55704  -39.353  -23.399  1.801 0.4000000060
54716  -40.313  -23.918  2.444 0.5000000000
54724  -38.423  -23.408  1.688 0.4000000060
55715  -39.803  -22.743  1.646 0.4000000060
133741  -41.199  -22.904  2.101 0.5000000000
56835  -40.699  -22.476  1.655 0.4000000060
56847  -40.700  -21.603  1.425 0.4000000060
56843  -41.187  -21.929  1.362 0.5000000000
137417  -40.949  -22.055  1.385 0.4000000060
56836  -41.606  -22.336  1.789 0.4000000060
57898  -41.482  -20.744  0.063 0.5000000000
56844  -41.925  -21.398  1.258 0.4000000060
57897  -41.523  -20.846  0.515 0.3000000119
57893  -44.391  -21.512  1.006 0.4000000060
57892  -42.797  -20.950  0.794 0.3000000119
129239  -41.409  -20.316  -0.173 0.3000000119
58926  -42.022  -20.345  -0.206 0.3000000119
58928  -44.875  -20.786  0.641 0.3000000119
58927  -43.541  -20.546  0.327 0.3000000119
58931  -42.694  -19.747  -0.228 0.3000000119
57894  -45.234  -21.347  1.193 0.3000000119
58932  -44.175  -19.977  0.049 0.3000000119
58933  -45.562  -19.976  0.546 0.3000000119
60009  -46.282  -19.925  1.289 0.3000000119
60013  -44.679  -19.300  -0.076 0.3000000119
128457  -45.732  -19.274  0.220 0.3000000119
117637  -46.268  -19.310  0.685 0.3000000119
52749  -35.940  -26.282  4.105 0.5000000000
50105  -50.298  -29.664  5.909 0.3000000119
135013  -53.375  -32.344  4.163 0.4000000060
52762  -36.240  -25.700  3.738 0.4000000060
52763  -36.366  -25.672  3.477 0.5000000000
54714  -37.634  -23.875  1.689 0.5000000000
55714  -38.963  -22.692  1.579 0.5000000000
124265  -48.595  -32.834  5.127 0.4000000060
129098  -40.006  -26.083  3.798 0.5000000000
45319  -49.565  -34.982  5.177 0.4000000060
114568  -52.406  -34.136  4.597 0.4000000060
48257  -53.725  -31.720  2.871 0.4000000060
54717  -41.213  -23.524  2.583 0.5000000000
56846  -44.497  -22.242  1.554 0.3000000119
49179  -52.226  -30.458  4.728 0.4000000060
50110  -51.883  -29.441  4.855 0.3000000119
48254  -53.713  -31.838  3.957 0.4000000060
132014  -52.364  -31.565  4.699 0.4000000060
50111  -52.703  -29.701  4.506 0.3000000119
51030  -54.114  -29.050  3.782 0.3000000119
51029  -53.055  -28.888  4.333 0.3000000119
50115  -54.805  -30.009  3.352 0.4000000060
51902  -56.173  -28.250  2.985 0.3000000119
51039  -55.778  -28.782  2.855 0.3000000119
53725  -57.312  -26.265  3.023 0.3000000119
136566  -35.225  -27.548  5.155 0.5000000000
51878  -35.152  -27.091  4.822 0.5000000000
51879  -36.081  -26.999  4.335 0.5000000000
126680  -37.002  -26.017  3.304 0.5000000000
51880  -37.469  -27.210  4.155 0.5000000000
51893  -37.789  -26.642  3.678 0.5000000000
52764  -37.948  -26.018  3.174 0.5000000000
132598  -39.133  -25.935  3.238 0.5000000000
53716  -37.962  -25.299  2.458 0.5000000000
53715  -36.843  -25.294  2.740 0.5000000000
55705  -40.411  -23.163  2.012 0.4000000060
56845  -43.435  -21.833  1.476 0.3000000119
121825  -52.581  -33.476  4.669 0.4000000060
39709  -38.898  -40.921  10.301 0.6999999881
39712  -41.886  -39.836  10.114 0.6999999881
40612  -40.671  -39.484  10.624 0.6999999881
39710  -40.247  -40.264  10.115 0.6999999881
40611  -39.224  -40.067  10.885 0.6999999881
40588  -38.256  -39.616  11.403 0.6999999881
41474  -39.757  -38.442  11.771 0.6999999881
40589  -39.516  -39.237  11.498 0.6999999881
41473  -38.544  -38.793  11.901 0.6999999881
46251  -51.549  -34.313  8.200 0.3000000119
45305  -50.950  -35.134  6.734 0.3000000119
45307  -52.218  -35.022  7.037 0.3000000119
45312  -51.767  -35.471  6.400 0.3000000119
45306  -51.721  -34.942  7.344 0.3000000119
42471  -38.798  -37.962  12.026 0.6999999881
44360  -51.369  -35.610  5.779 0.3000000119
45313  -52.258  -35.350  6.139 0.3000000119
118031  -52.267  -34.354  6.147 0.3000000119
47254  -51.548  -33.119  6.263 0.3000000119
121013  -38.106  -37.455  11.818 0.6999999881
114535  -49.538  -35.013  5.675 0.3000000119
121576  -49.809  -34.828  6.388 0.3000000119
46276  -52.395  -34.913  5.571 0.3000000119
47264  -52.380  -33.955  5.339 0.3000000119
48248  -51.753  -32.603  5.502 0.3000000119
45318  -52.141  -35.368  5.422 0.3000000119
120325  -51.574  -31.548  5.351 0.3000000119
48249  -52.574  -32.617  4.625 0.3000000119
46275  -48.771  -34.635  5.040 0.3000000119
119300  -42.342  -41.371  9.582 0.6999999881
37868  -41.638  -42.463  11.053 0.6999999881
38760  -42.443  -41.344  8.781 0.6999999881
38757  -38.562  -41.637  9.825 0.6999999881
38759  -42.169  -40.645  9.549 0.6999999881
38778  -42.203  -41.037  8.691 0.6999999881
39711  -41.450  -39.788  9.903 0.6999999881
39722  -41.864  -40.453  9.363 0.6999999881
40610  -37.802  -40.559  10.538 0.6999999881
126948  -51.449  -33.874  8.917 0.3000000119
45292  -52.098  -34.497  7.952 0.3000000119
46266  -52.392  -34.928  6.638 0.3000000119
47255  -52.146  -34.150  7.067 0.3000000119
137576  -51.019  -32.165  6.140 0.3000000119
48237  -50.662  -31.387  6.066 0.3000000119
27825  -45.221  -53.771  12.700 0.4000000060
27824  -44.394  -53.660  12.615 0.4000000060
28771  -44.856  -53.047  13.100 0.4000000060
28772  -46.804  -52.807  12.563 0.4000000060
26899  -44.175  -54.113  12.177 0.4000000060
30608  -42.565  -50.925  13.647 0.5000000000
29661  -43.205  -51.673  13.479 0.4000000060
28755  -44.424  -52.352  13.388 0.4000000060
28770  -43.990  -53.006  13.015 0.4000000060
117846  -45.862  -52.941  12.974 0.4000000060
28768  -42.910  -52.228  12.579 0.5000000000
27823  -43.725  -53.471  12.289 0.4000000060
27838  -43.605  -53.475  11.493 0.4000000060
29662  -43.968  -51.727  13.724 0.4000000060
29660  -42.727  -51.708  13.056 0.5000000000
28784  -42.692  -52.156  12.010 0.5000000000
28795  -43.651  -52.910  10.758 0.5000000000
30624  -42.310  -51.078  12.611 0.5000000000
30635  -42.511  -50.549  11.484 0.5000000000
29702  -44.224  -52.079  9.869 0.5000000000
29715  -45.112  -52.071  9.062 0.5000000000
29720  -45.028  -52.018  8.900 0.5000000000
29700  -42.905  -51.186  10.959 0.5000000000
127607  -42.372  -49.688  11.525 0.6000000238
125466  -44.038  -49.566  10.038 0.5000000000
29714  -44.823  -51.140  9.226 0.5000000000
30659  -44.975  -49.753  8.840 0.6000000238
123279  -45.053  -51.039  8.997 0.5000000000
31628  -44.499  -49.141  8.565 0.5000000000
31610  -41.990  -49.235  11.931 0.6000000238
31617  -42.962  -49.655  10.783 0.6000000238
119452  -42.618  -48.946  11.143 0.6000000238
31625  -44.912  -49.514  9.239 0.5000000000
31626  -45.229  -49.473  9.017 0.6000000238
31629  -45.195  -49.062  8.853 0.6000000238
32635  -43.751  -48.331  8.459 0.5000000000
127126  -41.389  -48.041  9.706 0.5000000000
32632  -41.834  -48.171  9.290 0.5000000000
32633  -42.608  -48.191  8.817 0.5000000000
33591  -41.644  -47.524  9.378 0.5000000000
36159  -38.174  -44.469  10.932 0.4000000060
125571  -43.587  -48.779  10.443 0.6000000238
37022  -38.331  -43.651  10.366 0.5000000000
32624  -42.994  -47.961  10.826 0.6000000238
35342  -38.662  -45.016  10.811 0.5000000000
32625  -44.286  -47.895  10.017 0.6000000238
32626  -45.190  -47.905  9.196 0.6000000238
36160  -38.851  -44.433  10.369 0.5000000000
124107  -45.393  -47.977  8.907 0.6000000238
33595  -44.390  -47.284  8.394 0.6000000238
32636  -45.018  -48.211  8.621 0.5000000000
33581  -40.557  -47.361  10.351 0.5000000000
33594  -43.349  -47.371  8.490 0.5000000000
33592  -42.353  -47.450  8.883 0.5000000000
34510  -43.033  -46.497  8.445 0.5000000000
36150  -37.500  -44.657  11.530 0.4000000060
36158  -37.658  -43.860  11.187 0.5000000000
35331  -37.342  -45.384  11.828 0.4000000060
37021  -37.689  -43.055  10.702 0.5000000000
33576  -42.805  -46.983  10.921 0.6000000238
37023  -39.065  -43.826  9.896 0.5000000000
34502  -44.290  -46.404  9.509 0.6000000238
34512  -44.818  -46.542  8.796 0.6000000238
35355  -44.446  -46.110  8.654 0.6000000238
34500  -40.852  -46.637  9.869 0.5000000000
34515  -44.423  -46.369  8.532 0.6000000238
34508  -41.591  -46.254  9.249 0.5000000000
34509  -42.436  -45.921  8.606 0.5000000000
126574  -41.109  -45.817  9.521 0.5000000000
37016  -37.149  -43.283  11.475 0.4000000060
37867  -37.201  -42.535  11.054 0.5000000000
136444  -36.850  -44.928  11.949 0.4000000060
37883  -38.058  -42.109  9.850 0.5000000000
38775  -38.841  -42.262  9.559 0.5000000000
136322  -39.531  -41.725  9.397 0.5000000000
35335  -42.437  -45.376  10.939 0.6000000238
34493  -42.622  -46.170  10.975 0.6000000238
37027  -39.825  -43.502  9.351 0.5000000000
36167  -39.626  -44.370  9.853 0.5000000000
116027  -42.950  -44.887  10.118 0.6000000238
36171  -44.022  -45.188  8.810 0.6000000238
35357  -43.576  -45.208  8.397 0.5000000000
35351  -40.140  -44.939  9.802 0.5000000000
35352  -40.929  -45.067  9.347 0.5000000000
35353  -41.906  -45.262  8.713 0.5000000000
37872  -37.599  -42.283  10.251 0.5000000000
133245  -40.112  -42.330  8.972 0.5000000000
36152  -42.404  -44.528  10.653 0.6000000238
36163  -43.592  -44.870  9.265 0.6000000238
36162  -43.098  -44.219  9.464 0.6000000238
36168  -40.635  -44.145  9.192 0.5000000000
36174  -43.179  -44.416  8.438 0.5000000000
36169  -41.726  -44.326  8.559 0.5000000000
36173  -42.535  -43.472  8.174 0.5000000000
119977  -36.710  -42.860  11.633 0.4000000060
38756  -37.502  -41.657  10.083 0.4000000060
118205  -36.807  -44.174  11.851 0.4000000060
38758  -39.793  -41.067  9.626 0.6000000238
38776  -40.609  -41.317  9.013 0.6000000238
113679  -43.029  -43.386  8.813 0.6000000238
37884  -41.329  -42.325  8.328 0.5000000000
36172  -41.566  -43.560  8.439 0.5000000000
37897  -42.773  -41.816  8.228 0.6000000238
37034  -41.822  -42.783  8.114 0.5000000000
37871  -36.994  -41.895  10.495 0.5000000000
39708  -37.025  -41.054  10.055 0.4000000060
38755  -36.748  -41.226  10.231 0.4000000060
39721  -41.069  -40.521  9.372 0.6000000238
124363  -41.443  -41.605  8.362 0.6000000238
38787  -42.253  -41.340  8.087 0.5000000000
35343  -39.431  -45.193  10.396 0.5000000000
35344  -40.304  -45.763  10.064 0.5000000000
115563  -36.128  -42.843  12.025 0.4000000060
28757  -46.525  -51.932  13.005 0.4000000060
31598  -42.009  -50.128  12.249 0.6000000238
125380  -42.159  -46.749  11.502 0.6000000238
37017  -41.392  -43.163  11.678 0.6000000238
37024  -41.873  -43.068  10.633 0.6000000238
37874  -42.202  -42.149  10.151 0.6000000238
37875  -42.635  -41.942  9.066 0.6000000238
36161  -42.525  -43.627  10.070 0.6000000238
38788  -42.523  -41.465  8.211 0.6000000238
38777  -41.705  -40.930  8.681 0.6000000238
127725  -37.878  -41.264  10.130 0.5000000000
29690  -43.114  -52.053  11.068 0.5000000000
29701  -43.809  -51.217  10.154 0.5000000000
30658  -44.813  -50.805  8.780 0.5000000000
32634  -45.332  -48.768  9.049 0.6000000238
127164  -44.614  -48.729  9.621 0.6000000238
37873  -38.204  -42.735  9.995 0.5000000000
33582  -43.787  -47.095  10.242 0.6000000238
34513  -43.023  -45.769  8.293 0.5000000000
35346  -43.915  -45.639  9.416 0.6000000238
35345  -43.205  -45.504  10.236 0.6000000238
35356  -42.749  -45.013  8.326 0.5000000000
36170  -43.409  -44.349  8.597 0.6000000238
37029  -42.883  -42.402  8.572 0.6000000238
115227  -42.790  -43.150  8.406 0.6000000238
37035  -42.599  -42.420  7.961 0.5000000000
41464  -50.923  -38.368  11.575 0.3000000119
122212  -52.085  -38.361  11.895 0.3000000119
42460  -52.509  -37.590  12.740 0.3000000119
115296  -53.125  -38.614  11.823 0.3000000119
41465  -53.738  -38.127  12.420 0.3000000119
42463  -54.947  -37.444  12.534 0.3000000119
42445  -51.911  -36.964  13.251 0.3000000119
42446  -52.918  -37.006  13.320 0.3000000119
42461  -53.362  -37.524  12.831 0.3000000119
43362  -54.440  -36.739  12.812 0.3000000119
43349  -53.217  -36.444  13.304 0.3000000119
42447  -53.683  -36.932  13.182 0.3000000119
46198  -53.640  -33.548  11.656 0.3000000119
47166  -53.285  -33.140  11.146 0.3000000119
116771  -52.609  -33.259  10.959 0.3000000119
133167  -52.679  -33.078  10.680 0.3000000119
46214  -52.207  -33.235  10.168 0.3000000119
28796  -44.604  -52.905  9.622 0.4000000060
41480  -51.113  -38.969  10.908 0.3000000119
40595  -53.377  -39.383  11.056 0.3000000119
28805  -45.278  -52.797  9.013 0.4000000060
41482  -54.931  -38.716  11.906 0.3000000119
41467  -55.350  -38.121  12.288 0.3000000119
43361  -53.778  -36.182  13.057 0.3000000119
44316  -53.614  -35.341  12.799 0.3000000119
46185  -53.395  -33.812  12.122 0.3000000119
45261  -53.926  -34.051  12.027 0.3000000119
118162  -54.777  -33.527  11.558 0.3000000119
47168  -54.432  -32.962  11.419 0.3000000119
47187  -53.883  -32.427  11.148 0.3000000119
41481  -54.060  -38.734  11.893 0.3000000119
115272  -55.378  -36.625  12.441 0.3000000119
23311  -34.259  -58.421  10.359 0.4000000060
24208  -34.570  -57.676  10.320 0.3000000119
25123  -35.030  -57.041  10.179 0.3000000119
26033  -35.557  -55.954  10.151 0.3000000119
30634  -40.490  -50.423  10.731 0.4000000060
30651  -40.986  -49.747  10.048 0.4000000060
29699  -40.526  -51.301  10.483 0.4000000060
28803  -41.030  -51.689  10.031 0.4000000060
32622  -40.366  -48.053  10.778 0.4000000060
117357  -40.948  -48.108  10.137 0.4000000060
32631  -41.346  -48.781  9.746 0.4000000060
31623  -41.644  -49.571  9.471 0.4000000060
31624  -42.420  -49.514  9.040 0.4000000060
31627  -43.376  -49.358  8.610 0.4000000060
29712  -41.715  -51.057  9.513 0.4000000060
126560  -42.709  -50.928  8.999 0.4000000060
33565  -37.217  -47.547  12.423 0.3000000119
33580  -39.931  -47.255  10.975 0.4000000060
126274  -42.762  -48.869  8.771 0.4000000060
34484  -37.786  -46.824  12.106 0.3000000119
34483  -36.714  -46.856  12.316 0.3000000119
30657  -43.048  -50.168  8.774 0.4000000060
125822  -42.033  -48.865  9.194 0.4000000060
35333  -38.883  -45.760  11.123 0.4000000060
119602  -40.420  -51.995  10.437 0.4000000060
32623  -40.709  -48.851  10.423 0.4000000060
29711  -40.962  -50.743  9.991 0.4000000060
30652  -41.413  -50.259  9.636 0.4000000060
22422  -51.462  -59.167  11.278 0.3000000119
23322  -51.588  -58.716  10.513 0.3000000119
25130  -50.581  -56.354  10.163 0.3000000119
26042  -50.368  -55.484  10.331 0.3000000119
26935  -49.266  -55.061  10.952 0.3000000119
133340  -47.528  -56.137  11.664 0.3000000119
25116  -47.141  -56.831  11.385 0.3000000119
25115  -46.373  -57.159  10.743 0.3000000119
26026  -46.767  -56.038  11.819 0.3000000119
25114  -45.863  -56.526  10.987 0.3000000119
25129  -45.735  -57.003  9.950 0.3000000119
26917  -46.394  -55.252  12.196 0.3000000119
26012  -45.583  -55.399  12.002 0.3000000119
26024  -45.321  -55.825  11.271 0.3000000119
118322  -44.727  -54.374  12.306 0.3000000119
26933  -44.586  -54.617  10.524 0.3000000119
26936  -50.277  -54.495  10.352 0.3000000119
26898  -43.981  -54.111  11.575 0.3000000119
26916  -44.485  -54.643  11.744 0.3000000119
26041  -49.342  -56.277  10.792 0.3000000119
21457  -50.592  -61.160  14.046 0.4000000060
21515  -51.044  -59.754  11.893 0.3000000119
23266  -47.944  -58.973  13.998 0.3000000119
23294  -51.661  -58.662  11.548 0.4000000060
23333  -51.925  -57.973  10.086 0.3000000119
24174  -48.357  -57.791  13.303 0.3000000119
24203  -46.335  -57.712  10.185 0.3000000119
24206  -52.490  -57.395  10.452 0.4000000060
24218  -52.440  -57.503  10.115 0.4000000060
25131  -52.628  -56.836  9.915 0.4000000060
25140  -52.252  -56.370  9.623 0.4000000060
25999  -48.835  -55.323  12.911 0.3000000119
26025  -46.002  -55.929  11.705 0.3000000119
26881  -47.898  -54.373  13.494 0.3000000119
26900  -45.004  -55.085  11.919 0.3000000119
26901  -45.578  -54.634  12.351 0.4000000060
26904  -52.269  -54.052  10.557 0.4000000060
26920  -52.781  -54.422  9.945 0.4000000060
26937  -51.174  -54.107  9.848 0.4000000060
26946  -52.176  -54.219  9.591 0.4000000060
27806  -49.067  -52.609  13.222 0.3000000119
27828  -51.001  -52.989  11.743 0.3000000119
27854  -44.171  -53.690  10.580 0.5000000000
27858  -52.667  -53.797  9.858 0.4000000060
27867  -52.371  -53.192  9.681 0.4000000060
28745  -48.559  -51.816  13.718 0.3000000119
28753  -43.128  -52.156  13.069 0.4000000060
28754  -43.630  -52.314  13.279 0.4000000060
28756  -45.440  -52.206  13.324 0.4000000060
28769  -43.388  -52.676  12.726 0.4000000060
28775  -50.737  -52.199  12.195 0.4000000060
28785  -43.121  -52.803  11.910 0.5000000000
28797  -50.865  -52.584  10.118 0.4000000060
28798  -51.948  -52.504  9.581 0.4000000060
29644  -48.239  -51.175  14.273 0.3000000119
29664  -45.911  -51.333  13.458 0.5000000000
29678  -42.607  -51.772  12.474 0.5000000000
29682  -52.198  -50.536  11.486 0.4000000060
29689  -42.564  -51.515  11.802 0.5000000000
29693  -51.203  -50.750  10.287 0.4000000060
29694  -52.354  -50.677  10.817 0.4000000060
29716  -45.274  -52.443  8.991 0.5000000000
29717  -52.220  -51.828  9.703 0.4000000060
30597  -43.854  -50.414  14.468 0.5000000000
30600  -50.415  -49.957  13.646 0.3000000119
30609  -43.421  -51.098  14.063 0.4000000060
30613  -47.278  -50.338  13.162 0.4000000060
30615  -52.286  -49.867  12.016 0.3000000119
30628  -52.392  -49.972  11.323 0.4000000060
30636  -49.355  -50.647  11.639 0.4000000060
30637  -50.469  -50.329  10.991 0.4000000060
30643  -43.393  -50.415  10.492 0.6000000238
30644  -44.424  -50.333  9.592 0.5000000000
30645  -52.167  -50.154  10.631 0.4000000060
30653  -42.101  -50.235  9.271 0.4000000060
30654  -45.022  -50.197  9.061 0.5000000000
30655  -45.098  -50.039  9.042 0.6000000238
30656  -45.212  -49.457  8.954 0.6000000238
31558  -42.229  -49.031  15.171 0.6000000238
31559  -47.788  -49.529  15.456 0.3000000119
31560  -48.552  -49.368  15.259 0.3000000119
31561  -49.471  -49.192  14.954 0.3000000119
31571  -41.775  -49.162  14.771 0.6000000238
31574  -44.412  -49.629  14.686 0.4000000060
31577  -50.040  -49.609  14.301 0.3000000119
31597  -41.680  -49.594  12.976 0.6000000238
31609  -40.511  -49.544  10.766 0.4000000060
31611  -51.072  -49.608  11.148 0.4000000060
31613  -52.279  -49.707  11.190 0.4000000060
31630  -45.321  -49.090  9.008 0.6000000238
32550  -48.141  -48.823  15.705 0.3000000119
32552  -50.508  -47.788  15.490 0.3000000119
32564  -42.487  -48.498  15.467 0.6000000238
32571  -52.196  -47.581  14.040 0.3000000119
32589  -41.279  -48.698  14.317 0.6000000238
32591  -48.026  -48.553  13.588 0.3000000119
32594  -51.995  -47.741  12.705 0.3000000119
32607  -51.643  -48.424  11.985 0.3000000119
32637  -45.359  -48.649  8.960 0.6000000238
33518  -42.482  -47.376  16.085 0.6000000238
33519  -48.794  -47.713  16.227 0.3000000119
33520  -49.793  -47.415  16.079 0.3000000119
33522  -51.944  -46.651  15.127 0.3000000119
33529  -41.056  -47.050  15.573 0.6999999881
33530  -41.353  -47.815  15.379 0.6000000238
33532  -43.366  -47.492  15.879 0.5000000000
33558  -52.119  -47.151  13.360 0.3000000119
33575  -42.062  -47.637  11.673 0.6999999881
33583  -44.757  -47.132  9.445 0.6000000238
33590  -41.123  -47.475  9.826 0.5000000000
33593  -45.227  -47.165  8.909 0.6000000238
33596  -45.061  -47.197  8.697 0.6000000238
34406  -47.884  -45.884  17.183 0.3000000119
34423  -48.523  -45.994  16.917 0.3000000119
34425  -50.076  -45.954  16.490 0.3000000119
34441  -50.960  -46.222  16.139 0.3000000119
34453  -43.914  -46.970  16.021 0.5000000000
34464  -40.748  -46.602  15.247 0.6999999881
34469  -52.135  -46.395  14.182 0.3000000119
34477  -52.141  -46.679  13.756 0.3000000119
34488  -35.953  -46.928  12.221 0.5000000000
34501  -43.459  -46.283  10.300 0.6000000238
34511  -44.961  -46.564  8.989 0.6000000238
34514  -43.791  -45.875  8.340 0.5000000000
35269  -48.308  -45.314  17.153 0.3000000119
35272  -50.672  -44.701  16.271 0.3000000119
35284  -41.317  -45.589  16.433 0.6000000238
35287  -44.031  -45.313  16.456 0.5000000000
35290  -51.335  -44.955  15.686 0.3000000119
35303  -46.182  -44.937  15.591 0.3000000119
35304  -46.868  -45.083  15.448 0.3000000119
35324  -37.051  -46.131  12.163 0.4000000060
35325  -40.709  -45.534  12.960 0.6999999881
35332  -38.098  -45.193  11.338 0.4000000060
35354  -44.483  -45.963  8.777 0.6000000238
35358  -44.048  -45.619  8.541 0.6000000238
36090  -42.920  -44.399  17.143 0.6000000238
36103  -41.462  -44.118  17.030 0.6999999881
36105  -43.435  -44.824  16.750 0.5000000000
36108  -50.711  -43.981  16.117 0.3000000119
36131  -40.528  -44.861  15.049 0.6999999881
36175  -43.647  -44.996  8.547 0.5000000000
36988  -48.389  -43.606  15.267 0.3000000119
37001  -50.035  -43.121  15.558 0.3000000119
37015  -36.412  -43.462  11.967 0.4000000060
37025  -42.611  -42.756  9.481 0.6000000238
37026  -38.964  -43.070  9.590 0.5000000000
37028  -40.853  -43.109  8.637 0.5000000000
37036  -42.821  -42.168  8.112 0.6000000238
37799  -43.232  -42.835  17.438 0.5000000000
37804  -50.306  -42.891  16.021 0.3000000119
37820  -49.945  -42.399  16.019 0.3000000119
37895  -42.179  -41.942  7.896 0.5000000000
37896  -42.654  -41.788  7.976 0.5000000000
38666  -41.632  -41.678  17.261 0.6000000238
38687  -49.015  -41.232  16.067 0.3000000119
38726  -48.070  -41.743  13.080 0.3000000119
38754  -36.106  -40.913  10.451 0.5000000000
39588  -44.572  -39.922  17.502 0.4000000060
39589  -45.212  -40.031  17.032 0.4000000060
39622  -40.638  -40.760  15.272 0.6999999881
39623  -40.913  -40.352  15.806 0.6000000238
39661  -47.829  -41.363  11.972 0.3000000119
40484  -42.707  -39.666  17.642 0.6000000238
40485  -43.515  -39.371  17.801 0.5000000000
40486  -44.285  -39.084  17.736 0.5000000000
40488  -48.560  -39.929  16.506 0.3000000119
40501  -41.337  -39.853  16.372 0.6000000238
40571  -47.998  -39.869  11.345 0.4000000060
41377  -42.130  -39.097  17.266 0.6000000238
41461  -48.436  -38.676  11.644 0.4000000060
41466  -54.552  -38.145  12.386 0.3000000119
41496  -49.305  -39.792  10.016 0.3000000119
42371  -44.580  -37.432  17.599 0.5000000000
42373  -46.052  -37.007  17.176 0.5000000000
42425  -47.591  -37.543  14.669 0.4000000060
42439  -41.683  -37.147  13.235 0.6000000238
42462  -54.142  -37.498  12.744 0.3000000119
43294  -44.578  -36.500  17.548 0.5000000000
43321  -47.513  -36.858  15.322 0.4000000060
43332  -41.932  -36.049  14.981 0.6000000238
43333  -47.860  -36.813  14.723 0.4000000060
44248  -43.713  -35.762  17.346 0.4000000060
44249  -44.531  -35.621  17.470 0.5000000000
44250  -45.380  -35.331  17.433 0.5000000000
44251  -46.032  -35.200  17.213 0.5000000000
44262  -42.699  -35.750  16.518 0.6000000238
44263  -43.314  -35.319  16.943 0.6000000238
44279  -42.404  -35.486  15.628 0.6999999881
44280  -47.572  -35.625  15.789 0.4000000060
44331  -41.427  -35.115  11.797 0.6000000238
44361  -51.953  -35.664  5.818 0.3000000119
45199  -47.157  -35.155  16.395 0.4000000060
45244  -41.800  -33.911  12.911 0.6000000238
45262  -54.675  -34.218  11.780 0.3000000119
45311  -50.684  -35.420  6.030 0.3000000119
45316  -50.548  -35.355  5.447 0.4000000060
45322  -52.255  -34.881  4.925 0.4000000060
46130  -44.753  -33.555  16.511 0.4000000060
46144  -43.575  -33.467  15.526 0.5000000000
46145  -44.326  -33.106  15.902 0.5000000000
46148  -47.472  -33.222  15.737 0.4000000060
46149  -48.055  -33.576  15.488 0.4000000060
46158  -42.588  -33.677  14.303 0.6000000238
46159  -43.198  -33.189  14.754 0.5000000000
46199  -54.207  -33.608  11.609 0.3000000119
46249  -47.215  -34.698  6.621 0.4000000060
46252  -52.176  -34.558  7.614 0.3000000119
46263  -45.708  -34.180  5.599 0.6000000238
46265  -46.953  -34.940  5.908 0.4000000060
46269  -42.517  -34.293  5.021 0.6000000238
46271  -44.469  -34.249  4.824 0.6000000238
46278  -43.271  -34.250  4.836 0.6000000238
47093  -45.691  -32.636  16.022 0.4000000060
47108  -46.449  -32.469  15.774 0.4000000060
47109  -47.255  -32.407  15.451 0.4000000060
47126  -45.123  -31.824  14.921 0.5000000000
47139  -44.110  -31.690  13.939 0.5000000000
47167  -53.854  -33.156  11.427 0.3000000119
47216  -45.837  -32.476  8.143 0.5000000000
48139  -48.493  -31.533  13.286 0.4000000060
48140  -49.278  -31.679  13.086 0.4000000060
48147  -42.818  -31.409  12.147 0.6000000238
48164  -46.459  -31.036  11.872 0.5000000000
48235  -43.838  -32.233  6.674 0.5000000000
48250  -43.053  -32.798  4.604 0.6000000238
48251  -43.885  -33.031  4.550 0.6000000238
48255  -53.949  -31.806  3.385 0.4000000060
48260  -54.100  -31.275  2.720 0.4000000060
49089  -44.892  -30.747  12.156 0.5000000000
49105  -43.048  -30.560  10.936 0.5000000000
49162  -50.121  -30.305  6.352 0.3000000119
49176  -51.555  -30.720  5.188 0.4000000060
49185  -54.371  -31.268  3.145 0.4000000060
50088  -46.347  -29.666  6.272 0.5000000000
50094  -35.901  -28.251  5.438 0.5000000000
50120  -55.032  -30.161  2.821 0.4000000060
51011  -39.986  -28.723  4.815 0.6000000238
51034  -52.662  -28.726  2.748 0.5000000000
51036  -55.737  -29.039  2.977 0.3000000119
51037  -53.784  -28.899  2.541 0.5000000000
51038  -55.046  -29.179  2.594 0.5000000000
51872  -47.415  -27.844  5.144 0.4000000060
51886  -48.211  -27.132  4.047 0.4000000060
51890  -52.430  -28.119  4.573 0.3000000119
52769  -56.343  -27.559  3.127 0.3000000119
52771  -52.176  -26.374  2.996 0.4000000060
52772  -52.982  -26.288  2.669 0.4000000060
52774  -56.973  -26.660  2.992 0.3000000119
53709  -50.073  -25.422  3.901 0.4000000060
54676  -49.334  -24.545  5.174 0.4000000060
55710  -54.380  -24.366  2.783 0.3000000119
56791  -48.220  -22.753  6.507 0.5000000000
56842  -40.011  -22.176  1.553 0.5000000000
56848  -41.271  -21.389  1.222 0.4000000060
57896  -41.566  -20.930  1.032 0.3000000119
58874  -49.786  -20.516  6.260 0.3000000119
58888  -45.801  -20.636  6.056 0.3000000119
58930  -41.335  -20.669  0.075 0.3000000119
60008  -41.406  -20.609  0.675 0.4000000060
60854  -48.446  -18.328  6.543 0.3000000119
60941  -45.627  -18.040  -0.274 0.3000000119
61803  -46.439  -17.684  6.563 0.3000000119
64643  -52.207  -14.356  2.909 0.3000000119
65570  -44.688  -13.203  3.947 0.3000000119
66430  -46.405  -12.999  6.461 0.3000000119
67338  -50.064  -12.165  4.334 0.3000000119
114431  -43.949  -36.905  17.633 0.5000000000
115717  -53.391  -32.172  3.231 0.5000000000
115812  -44.917  -48.919  14.878 0.4000000060
115924  -43.058  -42.019  17.645 0.5000000000
116668  -42.357  -31.087  11.072 0.6000000238
117643  -47.631  -49.409  13.341 0.4000000060
117915  -52.729  -52.935  9.960 0.4000000060
118082  -51.288  -53.775  11.477 0.4000000060
118481  -52.675  -52.544  10.117 0.4000000060
118656  -51.951  -50.581  10.205 0.4000000060
119093  -51.608  -45.672  15.599 0.3000000119
119416  -39.630  -45.974  10.647 0.5000000000
119802  -46.410  -56.489  11.403 0.3000000119
120095  -42.224  -42.102  17.535 0.6000000238
120244  -46.185  -37.907  16.802 0.4000000060
121007  -51.434  -56.856  9.687 0.4000000060
121168  -40.444  -43.030  15.259 0.6000000238
122652  -48.053  -20.533  6.808 0.4000000060
123005  -56.022  -27.815  2.724 0.3000000119
123127  -43.881  -46.604  8.333 0.6000000238
123589  -49.349  -60.046  14.002 0.4000000060
123668  -49.238  -45.779  14.980 0.3000000119
123914  -42.018  -46.803  8.985 0.5000000000
124164  -52.997  -38.068  12.403 0.3000000119
124544  -45.657  -21.618  5.080 0.4000000060
125207  -57.267  -24.808  3.221 0.3000000119
125476  -52.201  -48.582  12.723 0.3000000119
126043  -54.445  -30.714  3.384 0.4000000060
126125  -42.618  -44.422  8.297 0.5000000000
126424  -41.408  -46.977  9.488 0.5000000000
126467  -43.056  -31.125  7.524 0.5000000000
127342  -35.305  -32.306  6.959 0.6000000238
127481  -48.848  -44.692  17.000 0.3000000119
127488  -45.715  -20.663  1.196 0.3000000119
127895  -50.118  -13.980  4.621 0.3000000119
127926  -48.811  -59.237  13.696 0.3000000119
129802  -41.629  -39.320  16.796 0.6000000238
130095  -51.680  -49.087  11.413 0.4000000060
130299  -48.159  -49.911  15.059 0.3000000119
130465  -40.439  -44.263  14.574 0.6999999881
130532  -49.603  -45.205  15.060 0.3000000119
130887  -51.189  -58.442  9.976 0.4000000060
130961  -52.033  -58.710  11.125 0.3000000119
131507  -44.802  -55.260  11.232 0.3000000119
132704  -45.820  -45.578  15.666 0.4000000060
132838  -40.607  -46.460  14.443 0.6999999881
133510  -45.297  -48.331  14.989 0.3000000119
133566  -46.427  -39.175  15.923 0.4000000060
133895  -40.483  -44.171  15.159 0.6999999881
134002  -50.433  -53.585  12.103 0.3000000119
134108  -48.537  -54.715  13.208 0.3000000119
134266  -53.088  -31.489  4.383 0.4000000060
134288  -53.846  -31.996  3.211 0.4000000060
134289  -48.029  -48.010  13.982 0.3000000119
134616  -50.183  -44.194  16.423 0.3000000119
135930  -42.347  -50.380  14.082 0.6000000238
136082  -44.517  -45.644  16.255 0.5000000000
136196  -48.986  -43.431  16.908 0.3000000119
136355  -45.402  -20.006  3.900 0.4000000060
136397  -39.577  -21.474  1.923 0.4000000060
136672  -44.882  -47.193  15.571 0.4000000060
136957  -48.928  -21.745  6.516 0.4000000060
137414  -40.588  -42.816  13.195 0.8000000119
137582  -47.613  -38.539  13.625 0.4000000060
