#!ascii label  , from subject sub-v1s9x0051357_ses-1 vox2ras=TkReg
1555
34447  13.276  -45.157  76.781 0.0000000000
60148  44.566  -18.145  49.785 0.0000000000
49091  29.764  -30.137  69.286 0.0000000000
48068  40.134  -30.200  72.475 0.0000000000
127536  24.765  -37.050  69.595 0.0000000000
38267  18.984  -39.706  79.689 0.0000000000
69090  51.577  -9.525  42.684 0.0000000000
64089  53.314  -13.701  51.832 0.0000000000
56172  37.619  -22.120  61.340 0.0000000000
75625  53.614  -1.947  35.555 0.0000000000
44034  29.758  -34.919  75.026 0.0000000000
37331  15.861  -41.291  78.012 0.0000000000
67118  51.338  -11.119  47.238 0.0000000000
65149  47.160  -13.498  47.031 0.0000000000
59155  44.426  -19.404  55.375 0.0000000000
117488  48.967  -18.352  55.143 0.0000000000
58116  39.940  -20.603  55.503 0.0000000000
126303  36.278  -30.472  65.696 0.0000000000
134814  34.975  -31.879  70.354 0.0000000000
41984  26.429  -37.005  76.446 0.0000000000
39128  23.202  -38.860  80.855 0.0000000000
116388  21.597  -38.359  75.271 0.0000000000
38322  18.619  -41.232  73.983 0.0000000000
45172  27.952  -33.605  69.118 0.0000000000
115507  55.168  -8.497  42.614 0.0000000000
69986  56.916  -8.412  48.357 0.0000000000
62076  49.490  -16.047  50.326 0.0000000000
60009  39.404  -19.113  61.771 0.0000000000
51992  39.867  -26.473  66.064 0.0000000000
71898  52.213  -6.677  38.226 0.0000000000
71894  56.517  -6.606  37.942 0.0000000000
136558  59.061  -3.482  37.032 0.0000000000
41965  28.677  -36.884  78.667 0.0000000000
35376  14.548  -43.280  77.542 0.0000000000
135021  13.222  -41.518  80.376 0.0000000000
135452  12.040  -43.385  80.202 0.0000000000
67159  46.949  -11.932  43.808 0.0000000000
59120  44.229  -19.619  57.914 0.0000000000
120755  46.341  -19.360  57.921 0.0000000000
30686  8.950  -48.299  80.056 0.0000000000
58174  39.980  -20.583  52.585 0.0000000000
123642  30.789  -29.444  67.302 0.0000000000
47044  33.112  -31.400  67.840 0.0000000000
48087  31.937  -30.520  70.414 0.0000000000
41035  25.293  -36.911  72.680 0.0000000000
40065  23.800  -38.012  75.970 0.0000000000
40105  23.262  -38.029  72.181 0.0000000000
43103  26.289  -35.581  70.310 0.0000000000
43072  27.353  -35.347  72.451 0.0000000000
39130  21.605  -39.658  80.420 0.0000000000
70038  53.120  -9.024  42.816 0.0000000000
70018  56.688  -8.236  45.685 0.0000000000
69064  53.583  -9.449  45.461 0.0000000000
130289  52.262  -11.887  50.210 0.0000000000
68093  54.354  -10.760  50.248 0.0000000000
63110  43.442  -15.882  48.558 0.0000000000
137579  45.465  -14.543  49.119 0.0000000000
61128  46.494  -17.336  49.730 0.0000000000
58050  36.370  -20.803  59.215 0.0000000000
60039  37.944  -19.325  59.258 0.0000000000
59020  37.312  -19.793  62.646 0.0000000000
48110  37.923  -30.218  68.600 0.0000000000
120124  38.189  -28.466  65.729 0.0000000000
50090  40.240  -28.358  69.444 0.0000000000
70072  49.340  -8.593  40.205 0.0000000000
71901  49.531  -6.304  38.473 0.0000000000
70087  51.509  -8.302  39.643 0.0000000000
70085  53.736  -8.455  39.865 0.0000000000
75637  57.346  -2.171  34.848 0.0000000000
75600  55.921  -2.782  36.039 0.0000000000
72831  57.766  -5.099  37.620 0.0000000000
73753  54.392  -3.993  36.810 0.0000000000
136470  30.284  -32.789  71.886 0.0000000000
48048  32.056  -30.671  72.956 0.0000000000
45095  31.806  -33.794  75.262 0.0000000000
38269  16.817  -39.675  78.835 0.0000000000
121379  17.351  -39.946  82.710 0.0000000000
38255  14.987  -39.716  81.627 0.0000000000
125549  49.063  -10.208  42.587 0.0000000000
68160  51.504  -10.462  44.717 0.0000000000
132745  49.664  -11.518  44.531 0.0000000000
66147  49.476  -12.584  47.005 0.0000000000
66114  49.813  -12.753  49.458 0.0000000000
59195  44.211  -19.121  52.257 0.0000000000
60112  46.560  -18.449  52.595 0.0000000000
60082  46.295  -18.849  55.159 0.0000000000
53089  37.850  -24.540  60.560 0.0000000000
50073  41.994  -27.816  73.696 0.0000000000
32699  11.353  -46.148  75.505 0.0000000000
33516  11.666  -45.671  80.129 0.0000000000
30683  11.310  -48.495  79.965 0.0000000000
60135  41.942  -18.721  50.202 0.0000000000
59186  42.013  -19.807  52.158 0.0000000000
117375  42.141  -20.052  54.997 0.0000000000
59092  42.556  -20.082  58.363 0.0000000000
47096  34.149  -31.157  64.770 0.0000000000
47040  36.153  -31.368  68.236 0.0000000000
46993  37.311  -31.811  71.308 0.0000000000
48045  33.835  -30.763  73.699 0.0000000000
48043  36.726  -31.139  74.449 0.0000000000
119165  26.920  -37.350  78.896 0.0000000000
118379  25.551  -38.297  82.168 0.0000000000
40985  25.133  -37.985  78.847 0.0000000000
40047  22.548  -38.684  78.114 0.0000000000
39162  20.404  -38.825  77.045 0.0000000000
131074  21.309  -38.725  71.971 0.0000000000
135553  19.804  -39.278  74.812 0.0000000000
39176  18.740  -39.592  76.509 0.0000000000
37338  17.430  -41.335  76.031 0.0000000000
36367  15.761  -42.696  75.566 0.0000000000
126355  14.005  -43.208  74.628 0.0000000000
116373  28.484  -29.153  66.974 0.0000000000
47075  27.651  -31.211  66.310 0.0000000000
47028  29.226  -31.310  69.191 0.0000000000
45136  29.080  -33.925  72.004 0.0000000000
43021  27.848  -36.041  75.870 0.0000000000
69053  59.209  -8.030  47.345 0.0000000000
69029  54.226  -9.536  48.171 0.0000000000
65152  44.553  -13.496  46.683 0.0000000000
65112  47.829  -13.575  49.321 0.0000000000
63073  51.587  -15.395  51.373 0.0000000000
61078  49.626  -18.012  53.209 0.0000000000
62048  51.743  -16.778  53.399 0.0000000000
58118  37.519  -20.559  55.810 0.0000000000
59094  40.102  -19.637  58.665 0.0000000000
59032  41.625  -19.964  61.418 0.0000000000
51066  38.135  -27.123  63.053 0.0000000000
54161  39.580  -24.534  63.738 0.0000000000
51951  41.867  -26.534  69.538 0.0000000000
54103  41.006  -24.374  66.837 0.0000000000
56142  40.487  -22.276  64.405 0.0000000000
58007  40.256  -19.900  64.809 0.0000000000
59971  41.375  -18.447  64.837 0.0000000000
74653  52.182  -3.919  36.770 0.0000000000
71897  53.587  -6.425  37.882 0.0000000000
70066  55.342  -8.622  40.595 0.0000000000
41955  30.025  -36.795  80.477 0.0000000000
34446  13.689  -44.452  77.426 0.0000000000
35369  13.280  -43.557  78.870 0.0000000000
35370  12.966  -44.371  78.959 0.0000000000
114500  44.164  -19.879  59.844 0.0000000000
115512  45.584  -19.496  59.251 0.0000000000
32659  7.340  -46.358  78.772 0.0000000000
118388  30.492  -29.141  68.023 0.0000000000
48114  31.567  -30.115  68.182 0.0000000000
128592  31.233  -30.314  69.969 0.0000000000
42035  24.884  -36.994  71.062 0.0000000000
41036  24.599  -37.479  72.781 0.0000000000
114033  24.196  -37.505  71.160 0.0000000000
129199  26.191  -35.506  68.364 0.0000000000
42050  25.658  -36.184  70.276 0.0000000000
127625  26.045  -36.142  71.579 0.0000000000
38266  19.995  -39.845  79.546 0.0000000000
38252  19.543  -40.076  80.529 0.0000000000
69089  52.431  -9.349  43.078 0.0000000000
69078  53.394  -9.309  44.060 0.0000000000
69079  52.570  -9.514  43.826 0.0000000000
66090  53.155  -12.788  51.272 0.0000000000
66089  54.082  -12.420  51.621 0.0000000000
61131  44.055  -17.449  49.485 0.0000000000
62087  45.433  -16.708  49.435 0.0000000000
135438  45.164  -17.941  49.711 0.0000000000
56193  37.081  -22.909  60.037 0.0000000000
57108  36.482  -21.286  60.387 0.0000000000
58036  36.638  -20.350  61.513 0.0000000000
57093  37.069  -21.120  61.731 0.0000000000
48084  38.945  -30.415  70.457 0.0000000000
49097  39.157  -29.199  69.094 0.0000000000
49076  40.069  -29.212  70.339 0.0000000000
69104  50.322  -9.372  41.578 0.0000000000
70071  50.296  -8.624  40.201 0.0000000000
70054  50.840  -8.969  40.940 0.0000000000
70053  52.734  -8.697  41.520 0.0000000000
76568  55.064  -1.624  35.007 0.0000000000
75624  54.501  -2.184  35.614 0.0000000000
74671  55.466  -3.346  36.473 0.0000000000
127978  54.199  -2.965  36.287 0.0000000000
45111  29.941  -34.029  73.848 0.0000000000
46047  31.145  -32.930  73.739 0.0000000000
44032  31.177  -34.666  75.774 0.0000000000
38294  15.979  -40.693  78.281 0.0000000000
38270  15.951  -39.917  79.134 0.0000000000
38283  15.053  -40.635  79.235 0.0000000000
37300  12.495  -41.469  82.177 0.0000000000
38257  13.624  -40.296  82.223 0.0000000000
69092  48.194  -10.068  42.369 0.0000000000
68174  49.176  -10.752  43.236 0.0000000000
68176  47.781  -11.017  43.277 0.0000000000
123556  47.648  -13.328  45.465 0.0000000000
66164  48.445  -13.049  45.593 0.0000000000
66148  48.720  -13.079  46.583 0.0000000000
66128  49.559  -12.481  48.907 0.0000000000
66129  48.872  -12.820  48.670 0.0000000000
60104  44.837  -19.056  53.914 0.0000000000
60094  45.669  -18.788  54.134 0.0000000000
134403  45.704  -19.035  55.218 0.0000000000
70057  47.722  -8.891  41.241 0.0000000000
31731  11.248  -47.726  78.314 0.0000000000
31745  10.283  -48.025  77.498 0.0000000000
60136  41.006  -18.891  50.174 0.0000000000
59198  41.645  -19.557  51.309 0.0000000000
59199  40.738  -19.765  51.251 0.0000000000
58139  40.308  -20.630  54.123 0.0000000000
58138  41.238  -20.378  54.146 0.0000000000
121092  41.507  -20.288  54.980 0.0000000000
131372  42.198  -20.052  56.574 0.0000000000
129910  41.701  -20.152  57.109 0.0000000000
47098  32.745  -31.099  64.403 0.0000000000
47027  33.561  -31.629  69.390 0.0000000000
118962  34.807  -31.764  68.242 0.0000000000
47026  35.561  -31.966  69.879 0.0000000000
47024  37.102  -31.548  69.744 0.0000000000
46994  36.299  -31.860  71.572 0.0000000000
46962  32.987  -31.177  74.219 0.0000000000
48047  32.735  -30.633  73.359 0.0000000000
46961  33.699  -31.210  74.540 0.0000000000
116148  36.150  -30.915  76.203 0.0000000000
48042  37.598  -30.750  74.581 0.0000000000
41001  26.379  -37.231  77.310 0.0000000000
40975  26.005  -37.681  79.150 0.0000000000
40992  25.625  -37.537  77.618 0.0000000000
40076  23.139  -38.218  75.408 0.0000000000
40054  23.695  -38.060  76.799 0.0000000000
40067  22.361  -38.450  76.590 0.0000000000
39149  21.773  -38.887  77.656 0.0000000000
39173  20.945  -38.636  76.525 0.0000000000
40134  22.039  -38.247  70.872 0.0000000000
38334  19.564  -40.892  72.630 0.0000000000
38333  20.174  -40.324  72.458 0.0000000000
38313  19.267  -40.820  74.274 0.0000000000
131990  19.145  -39.480  75.844 0.0000000000
38314  18.787  -40.927  74.952 0.0000000000
38303  17.546  -40.651  76.696 0.0000000000
37351  18.052  -41.395  74.798 0.0000000000
36376  14.696  -42.793  74.553 0.0000000000
136741  29.407  -28.589  65.668 0.0000000000
49141  28.057  -28.973  65.592 0.0000000000
45179  27.755  -33.414  67.803 0.0000000000
46127  27.996  -32.599  67.602 0.0000000000
47060  28.350  -31.598  67.812 0.0000000000
45171  28.550  -33.138  69.577 0.0000000000
46088  29.365  -32.983  70.798 0.0000000000
44089  28.437  -34.298  71.611 0.0000000000
130147  26.441  -36.471  74.832 0.0000000000
43043  27.579  -35.568  74.114 0.0000000000
114295  27.102  -36.560  76.134 0.0000000000
41974  27.609  -36.705  77.291 0.0000000000
40029  24.686  -38.468  81.224 0.0000000000
132929  11.609  -46.472  81.689 0.0000000000
120389  11.225  -45.555  82.133 0.0000000000
125520  56.581  -8.279  44.041 0.0000000000
70008  56.211  -8.413  46.697 0.0000000000
70017  57.915  -7.969  46.503 0.0000000000
69993  58.059  -7.986  47.832 0.0000000000
69985  58.331  -8.399  48.803 0.0000000000
68143  51.854  -10.572  46.626 0.0000000000
68142  52.524  -10.131  46.694 0.0000000000
68127  52.579  -10.232  47.498 0.0000000000
68092  55.484  -10.511  50.518 0.0000000000
62084  47.631  -15.997  49.511 0.0000000000
127819  46.470  -14.169  49.316 0.0000000000
63091  48.151  -15.189  49.587 0.0000000000
65105  49.783  -14.024  49.968 0.0000000000
63075  50.212  -16.070  50.804 0.0000000000
130592  47.975  -18.291  53.622 0.0000000000
60110  48.049  -18.249  52.613 0.0000000000
60101  49.014  -18.344  53.787 0.0000000000
58097  36.923  -20.280  56.415 0.0000000000
60018  38.314  -18.769  60.733 0.0000000000
59096  38.505  -19.515  58.454 0.0000000000
60024  39.896  -19.124  60.278 0.0000000000
113962  40.990  -19.700  59.969 0.0000000000
59033  40.936  -19.500  61.391 0.0000000000
48179  35.496  -30.225  63.687 0.0000000000
49138  36.742  -29.537  64.468 0.0000000000
50116  39.088  -27.895  66.348 0.0000000000
51058  38.334  -27.659  64.419 0.0000000000
52016  38.980  -26.613  64.641 0.0000000000
53054  38.839  -25.579  63.138 0.0000000000
53023  39.864  -25.520  65.224 0.0000000000
51001  42.216  -27.587  71.789 0.0000000000
55156  41.704  -23.152  67.409 0.0000000000
55176  40.821  -23.448  65.255 0.0000000000
56126  40.986  -21.831  65.589 0.0000000000
57063  40.342  -21.374  64.533 0.0000000000
57048  41.089  -20.999  66.005 0.0000000000
72818  50.882  -5.946  37.938 0.0000000000
118099  51.858  -5.034  37.485 0.0000000000
118747  53.282  -4.975  37.357 0.0000000000
136197  52.943  -6.782  38.207 0.0000000000
70051  54.734  -8.489  41.871 0.0000000000
70084  54.612  -8.496  39.905 0.0000000000
115834  55.216  -8.556  41.384 0.0000000000
70049  56.492  -8.803  41.700 0.0000000000
127194  57.920  -2.711  36.115 0.0000000000
71912  57.144  -5.822  37.712 0.0000000000
71008  57.858  -7.417  38.469 0.0000000000
70096  57.219  -8.125  38.742 0.0000000000
135965  29.448  -36.340  77.617 0.0000000000
43005  30.643  -35.944  77.338 0.0000000000
41963  30.554  -36.600  78.995 0.0000000000
36353  14.841  -42.481  78.017 0.0000000000
37325  14.847  -41.377  78.964 0.0000000000
36346  13.793  -42.429  78.990 0.0000000000
135851  12.876  -42.381  79.904 0.0000000000
35342  11.331  -42.932  82.725 0.0000000000
67160  46.118  -12.205  43.910 0.0000000000
65182  46.116  -13.551  45.364 0.0000000000
121900  44.410  -19.572  57.006 0.0000000000
59139  45.538  -19.301  56.368 0.0000000000
121398  45.641  -19.474  57.937 0.0000000000
115513  46.464  -19.333  59.295 0.0000000000
30706  9.261  -48.139  77.901 0.0000000000
32658  8.032  -46.990  78.039 0.0000000000
31707  8.144  -47.652  80.780 0.0000000000
59200  39.848  -19.879  51.121 0.0000000000
57191  39.103  -20.962  53.945 0.0000000000
48138  32.409  -30.922  65.821 0.0000000000
48128  31.541  -30.145  67.235 0.0000000000
48099  32.871  -31.119  69.110 0.0000000000
47011  33.568  -31.455  70.239 0.0000000000
116967  25.828  -36.905  74.993 0.0000000000
120495  25.092  -37.503  76.228 0.0000000000
136601  24.689  -37.552  74.172 0.0000000000
41018  24.106  -37.927  74.292 0.0000000000
131986  22.974  -38.381  73.653 0.0000000000
38323  17.235  -40.983  73.532 0.0000000000
38337  16.815  -40.328  73.062 0.0000000000
44118  26.814  -34.916  68.303 0.0000000000
124502  27.047  -34.780  69.187 0.0000000000
116867  27.659  -34.624  71.171 0.0000000000
43089  26.498  -35.597  71.210 0.0000000000
42009  26.436  -36.273  73.301 0.0000000000
39129  22.402  -39.293  80.930 0.0000000000
70043  54.482  -8.554  42.652 0.0000000000
70035  55.691  -8.430  43.802 0.0000000000
70028  54.915  -8.696  44.064 0.0000000000
70019  55.241  -8.699  45.082 0.0000000000
69055  55.145  -8.898  46.936 0.0000000000
123450  51.568  -11.462  49.155 0.0000000000
68103  52.973  -10.655  49.201 0.0000000000
117620  52.939  -11.611  50.407 0.0000000000
67080  54.448  -11.738  51.313 0.0000000000
64133  43.594  -14.021  47.903 0.0000000000
63109  44.559  -15.203  48.816 0.0000000000
62086  46.287  -16.564  49.462 0.0000000000
62078  47.880  -16.788  49.952 0.0000000000
60078  50.184  -18.465  55.724 0.0000000000
58078  35.634  -20.199  57.787 0.0000000000
59127  36.996  -19.927  57.783 0.0000000000
59067  36.721  -19.913  59.166 0.0000000000
59051  37.002  -19.413  60.752 0.0000000000
60003  38.642  -19.330  62.446 0.0000000000
48135  37.139  -30.151  66.810 0.0000000000
49137  37.152  -29.344  65.214 0.0000000000
49110  38.014  -29.450  67.497 0.0000000000
117538  39.158  -28.607  67.736 0.0000000000
51037  40.209  -27.191  67.569 0.0000000000
71879  48.305  -6.946  39.233 0.0000000000
72821  48.592  -5.607  38.448 0.0000000000
70993  49.344  -7.250  39.005 0.0000000000
70992  50.327  -7.645  39.029 0.0000000000
71014  51.732  -7.310  38.627 0.0000000000
71013  52.622  -7.392  38.604 0.0000000000
70086  52.939  -8.461  39.947 0.0000000000
70052  53.386  -8.568  41.408 0.0000000000
76590  55.916  -1.570  34.379 0.0000000000
75622  56.486  -2.388  35.523 0.0000000000
74669  57.437  -3.230  36.595 0.0000000000
127639  58.453  -4.453  37.534 0.0000000000
74649  56.909  -3.811  37.005 0.0000000000
73737  56.326  -4.439  37.266 0.0000000000
72834  54.844  -5.103  37.422 0.0000000000
48077  30.192  -30.959  70.488 0.0000000000
49070  30.933  -30.533  70.922 0.0000000000
46984  30.940  -31.433  72.057 0.0000000000
46046  31.961  -32.479  74.046 0.0000000000
45094  32.757  -33.344  75.652 0.0000000000
39141  17.608  -39.476  79.121 0.0000000000
122003  18.616  -39.924  80.573 0.0000000000
114183  17.236  -39.599  79.717 0.0000000000
121378  16.010  -39.809  81.568 0.0000000000
37306  13.873  -40.427  80.814 0.0000000000
38242  13.953  -40.171  82.724 0.0000000000
118305  49.727  -9.772  42.150 0.0000000000
68172  51.254  -10.225  43.977 0.0000000000
68173  50.485  -10.544  43.712 0.0000000000
68162  50.088  -11.100  44.174 0.0000000000
124440  50.565  -11.552  46.000 0.0000000000
126619  48.403  -12.150  44.398 0.0000000000
67147  49.992  -11.906  45.692 0.0000000000
67119  50.792  -11.625  47.848 0.0000000000
67110  50.880  -11.759  48.718 0.0000000000
66112  51.245  -12.394  49.850 0.0000000000
65103  51.753  -13.269  50.600 0.0000000000
60123  44.513  -18.870  51.316 0.0000000000
115457  45.376  -18.634  51.020 0.0000000000
60113  45.762  -18.638  52.722 0.0000000000
124157  47.046  -18.357  53.813 0.0000000000
60081  47.624  -18.520  55.278 0.0000000000
59138  46.354  -19.120  56.526 0.0000000000
60053  48.126  -18.765  56.983 0.0000000000
60067  48.706  -18.607  56.365 0.0000000000
55214  37.905  -23.790  60.777 0.0000000000
49055  41.399  -28.742  72.905 0.0000000000
70994  47.675  -7.420  39.618 0.0000000000
70073  48.367  -8.595  40.520 0.0000000000
69105  49.415  -9.320  41.443 0.0000000000
78289  52.721  0.450  33.784 0.0000000000
77427  52.489  -0.476  34.642 0.0000000000
33559  12.610  -45.595  76.039 0.0000000000
33533  12.579  -45.204  78.816 0.0000000000
33534  12.095  -46.049  78.500 0.0000000000
32646  11.726  -46.718  79.814 0.0000000000
31706  11.714  -48.116  80.821 0.0000000000
30684  10.533  -48.871  79.736 0.0000000000
61132  42.552  -17.683  49.232 0.0000000000
61133  41.812  -17.780  49.137 0.0000000000
60134  43.029  -18.648  50.204 0.0000000000
59210  43.167  -19.160  51.111 0.0000000000
59184  43.483  -19.409  52.805 0.0000000000
59174  43.430  -19.467  53.628 0.0000000000
58173  40.847  -20.331  52.562 0.0000000000
58160  42.032  -20.059  53.889 0.0000000000
59156  43.555  -19.578  55.344 0.0000000000
118111  43.527  -19.725  57.275 0.0000000000
114071  43.278  -19.934  58.331 0.0000000000
129990  43.438  -20.024  59.245 0.0000000000
48153  35.453  -30.747  65.411 0.0000000000
47072  33.636  -31.515  66.354 0.0000000000
119829  34.908  -31.412  66.902 0.0000000000
47055  36.303  -31.004  67.461 0.0000000000
48111  37.341  -30.703  68.335 0.0000000000
47023  37.681  -31.204  69.996 0.0000000000
46979  38.982  -31.180  72.423 0.0000000000
49068  32.068  -30.555  71.136 0.0000000000
48073  33.183  -30.643  71.861 0.0000000000
48071  34.585  -31.083  72.437 0.0000000000
48021  34.907  -31.721  75.492 0.0000000000
117864  34.720  -31.348  74.082 0.0000000000
48059  35.279  -31.272  72.969 0.0000000000
122370  36.857  -31.488  72.879 0.0000000000
48056  38.801  -30.914  73.425 0.0000000000
121933  39.275  -30.148  74.171 0.0000000000
134017  27.504  -37.557  80.501 0.0000000000
40964  26.129  -37.879  80.301 0.0000000000
40037  25.310  -38.023  79.746 0.0000000000
40039  23.830  -38.438  79.462 0.0000000000
131308  24.265  -37.908  77.335 0.0000000000
40046  23.440  -38.376  78.387 0.0000000000
132962  23.247  -38.688  80.025 0.0000000000
39138  21.661  -39.305  79.011 0.0000000000
38265  20.815  -39.576  79.082 0.0000000000
39151  20.015  -39.480  78.426 0.0000000000
41052  22.844  -38.016  70.672 0.0000000000
40106  22.476  -38.322  72.385 0.0000000000
40097  21.646  -38.494  73.567 0.0000000000
39219  20.176  -39.958  71.522 0.0000000000
40098  20.710  -38.956  73.286 0.0000000000
40088  20.878  -38.506  74.761 0.0000000000
39174  20.038  -38.692  76.125 0.0000000000
39163  19.174  -39.163  77.004 0.0000000000
39153  18.368  -39.280  78.122 0.0000000000
39165  17.707  -39.578  77.664 0.0000000000
38304  16.867  -40.720  77.347 0.0000000000
37330  16.373  -41.074  77.617 0.0000000000
37352  17.266  -41.609  74.730 0.0000000000
36359  16.301  -42.179  76.123 0.0000000000
36360  15.741  -42.539  76.590 0.0000000000
35389  15.318  -43.166  75.954 0.0000000000
35390  14.789  -43.618  76.401 0.0000000000
34474  13.481  -44.570  75.490 0.0000000000
34475  12.765  -45.013  75.396 0.0000000000
130973  11.609  -45.159  74.872 0.0000000000
116687  29.904  -28.903  65.242 0.0000000000
50107  29.624  -28.770  67.016 0.0000000000
49101  29.059  -29.192  68.210 0.0000000000
48140  28.093  -29.757  66.952 0.0000000000
48129  28.565  -29.627  67.710 0.0000000000
48101  29.462  -30.204  69.083 0.0000000000
46099  29.556  -32.034  70.477 0.0000000000
45135  29.702  -33.472  72.160 0.0000000000
44063  29.266  -34.260  73.584 0.0000000000
44077  28.091  -35.020  72.848 0.0000000000
43042  28.284  -35.276  74.508 0.0000000000
43020  28.682  -35.767  76.105 0.0000000000
114219  28.210  -36.450  77.158 0.0000000000
40982  27.803  -37.110  78.744 0.0000000000
34416  11.668  -44.861  80.265 0.0000000000
34404  11.202  -43.842  81.845 0.0000000000
70026  57.176  -8.143  44.882 0.0000000000
69065  52.846  -9.740  45.313 0.0000000000
69056  53.797  -9.428  46.283 0.0000000000
69039  55.026  -9.137  47.757 0.0000000000
68102  53.904  -10.422  49.479 0.0000000000
69015  55.543  -9.554  49.323 0.0000000000
69026  57.257  -8.717  49.171 0.0000000000
66166  44.719  -13.310  44.933 0.0000000000
65150  46.280  -13.596  46.878 0.0000000000
65125  45.257  -13.628  48.279 0.0000000000
65123  46.417  -13.630  48.741 0.0000000000
65132  47.380  -13.340  48.006 0.0000000000
65110  49.367  -13.270  49.690 0.0000000000
64105  50.631  -14.087  50.345 0.0000000000
64090  52.505  -14.213  51.490 0.0000000000
60122  46.824  -18.255  51.208 0.0000000000
61102  47.934  -17.862  51.282 0.0000000000
61100  49.272  -17.435  51.702 0.0000000000
61063  50.703  -17.974  54.280 0.0000000000
62057  50.189  -17.467  52.741 0.0000000000
126383  50.674  -16.798  52.322 0.0000000000
63063  51.933  -15.820  52.130 0.0000000000
124203  52.662  -15.426  52.521 0.0000000000
132596  38.154  -20.991  54.612 0.0000000000
58117  38.930  -20.613  55.718 0.0000000000
59126  37.866  -19.780  57.745 0.0000000000
58077  39.069  -20.006  57.059 0.0000000000
58076  39.979  -20.121  57.124 0.0000000000
59093  40.981  -19.938  58.580 0.0000000000
114317  41.884  -20.071  59.976 0.0000000000
59031  43.424  -19.755  61.656 0.0000000000
49152  37.329  -28.933  64.444 0.0000000000
52055  38.142  -25.942  61.783 0.0000000000
133310  38.819  -24.768  62.509 0.0000000000
55199  38.711  -23.355  62.052 0.0000000000
116985  41.538  -28.283  71.088 0.0000000000
51020  40.613  -27.715  69.193 0.0000000000
51965  40.908  -26.755  68.149 0.0000000000
52979  41.593  -25.439  68.253 0.0000000000
114239  40.691  -25.715  67.186 0.0000000000
53038  40.119  -24.752  64.831 0.0000000000
132908  39.946  -23.408  63.821 0.0000000000
56162  39.007  -22.660  62.523 0.0000000000
57074  38.975  -20.952  62.905 0.0000000000
59007  38.852  -20.149  63.051 0.0000000000
59988  39.872  -19.436  63.402 0.0000000000
58977  40.894  -19.565  66.187 0.0000000000
59956  40.788  -18.838  65.293 0.0000000000
59987  40.632  -18.877  63.572 0.0000000000
59999  42.095  -18.854  63.104 0.0000000000
75627  51.948  -1.323  35.426 0.0000000000
75603  52.907  -2.455  35.963 0.0000000000
73740  53.709  -4.371  37.001 0.0000000000
72835  54.001  -5.015  37.403 0.0000000000
71895  55.558  -6.647  37.893 0.0000000000
70988  54.053  -8.115  39.127 0.0000000000
70098  54.864  -8.142  38.975 0.0000000000
137937  55.543  -7.980  38.705 0.0000000000
70065  56.314  -8.834  40.516 0.0000000000
40962  27.875  -37.568  81.552 0.0000000000
40961  28.691  -37.404  81.578 0.0000000000
35378  13.442  -44.176  78.294 0.0000000000
128166  13.187  -45.084  77.979 0.0000000000
59047  44.726  -19.600  60.695 0.0000000000
114501  45.162  -19.591  59.951 0.0000000000
49100  30.194  -29.403  68.661 0.0000000000
114869  30.830  -29.938  69.253 0.0000000000
117294  30.701  -30.226  69.894 0.0000000000
41050  24.749  -37.224  71.925 0.0000000000
41067  24.369  -37.355  70.182 0.0000000000
42051  25.100  -36.786  70.265 0.0000000000
116540  25.488  -36.419  70.995 0.0000000000
69080  51.802  -9.745  43.515 0.0000000000
126124  53.868  -13.034  51.880 0.0000000000
65086  54.197  -13.456  52.475 0.0000000000
61130  44.901  -17.468  49.541 0.0000000000
56183  37.328  -22.577  60.633 0.0000000000
56184  36.707  -22.153  60.176 0.0000000000
57107  36.913  -21.704  60.902 0.0000000000
57092  37.894  -21.604  62.071 0.0000000000
125572  39.498  -30.478  71.181 0.0000000000
49077  39.741  -29.879  70.731 0.0000000000
49067  40.057  -30.089  71.590 0.0000000000
69103  51.285  -9.268  41.786 0.0000000000
70044  52.327  -9.021  42.163 0.0000000000
76569  54.167  -1.643  35.185 0.0000000000
133526  54.370  -2.591  36.008 0.0000000000
75602  53.850  -2.511  35.999 0.0000000000
44048  30.190  -34.356  74.563 0.0000000000
44033  30.424  -34.669  75.211 0.0000000000
38282  15.656  -40.413  78.798 0.0000000000
37324  15.506  -41.023  78.611 0.0000000000
69093  47.357  -9.877  42.308 0.0000000000
68190  47.575  -10.475  42.801 0.0000000000
65169  47.859  -13.455  46.279 0.0000000000
65148  48.049  -13.332  47.284 0.0000000000
66137  48.854  -13.027  47.654 0.0000000000
59164  44.481  -19.302  54.600 0.0000000000
59163  45.170  -19.108  54.798 0.0000000000
59154  45.252  -19.217  55.628 0.0000000000
31754  10.253  -47.673  76.903 0.0000000000
60137  40.061  -18.880  49.911 0.0000000000
59213  40.349  -19.363  50.596 0.0000000000
129245  41.071  -19.348  50.796 0.0000000000
115342  39.941  -20.715  54.703 0.0000000000
117161  40.673  -20.522  54.862 0.0000000000
58115  40.996  -20.375  55.648 0.0000000000
58092  41.393  -20.245  56.426 0.0000000000
58093  40.454  -20.340  56.371 0.0000000000
136494  34.473  -31.897  69.794 0.0000000000
137220  35.416  -31.837  70.979 0.0000000000
46953  33.571  -31.670  74.887 0.0000000000
46952  34.407  -31.733  75.399 0.0000000000
41002  25.731  -37.379  76.769 0.0000000000
40086  22.383  -38.284  74.889 0.0000000000
40077  22.368  -38.369  75.759 0.0000000000
40078  21.623  -38.506  76.124 0.0000000000
38335  18.682  -41.096  72.916 0.0000000000
38321  19.443  -41.026  73.487 0.0000000000
38308  18.148  -40.997  75.754 0.0000000000
133851  27.912  -33.431  68.490 0.0000000000
45178  28.327  -32.978  68.838 0.0000000000
45161  28.765  -33.426  70.377 0.0000000000
45162  28.077  -33.829  69.897 0.0000000000
41991  26.439  -36.726  75.598 0.0000000000
41990  27.072  -36.253  75.310 0.0000000000
41975  27.040  -36.804  76.962 0.0000000000
40020  23.926  -38.683  81.711 0.0000000000
31693  11.862  -47.480  82.060 0.0000000000
32619  11.415  -46.221  82.966 0.0000000000
121394  55.969  -8.402  43.151 0.0000000000
70034  57.043  -8.420  43.553 0.0000000000
69994  57.155  -8.158  47.395 0.0000000000
68128  51.922  -10.645  47.476 0.0000000000
133530  52.214  -10.398  47.079 0.0000000000
68116  52.162  -10.610  48.096 0.0000000000
132475  48.279  -16.070  49.670 0.0000000000
63084  48.820  -15.741  49.810 0.0000000000
64106  49.175  -14.845  49.800 0.0000000000
60092  48.377  -18.332  54.638 0.0000000000
60091  49.313  -18.355  54.566 0.0000000000
114594  35.968  -20.242  56.382 0.0000000000
60017  39.234  -18.936  60.890 0.0000000000
60025  39.034  -18.797  60.053 0.0000000000
60016  40.139  -19.196  61.042 0.0000000000
60008  40.293  -19.356  61.900 0.0000000000
131400  36.011  -30.382  65.042 0.0000000000
48164  36.123  -30.079  64.432 0.0000000000
48152  36.566  -30.005  65.133 0.0000000000
51045  39.489  -27.186  66.193 0.0000000000
51051  38.943  -27.539  65.626 0.0000000000
52002  39.304  -26.752  65.388 0.0000000000
52015  39.391  -26.072  64.881 0.0000000000
132903  39.705  -26.114  65.497 0.0000000000
55145  42.035  -23.720  67.996 0.0000000000
55167  41.344  -22.937  66.673 0.0000000000
56125  41.318  -21.995  66.316 0.0000000000
57047  41.522  -21.207  66.634 0.0000000000
71899  51.348  -6.589  38.258 0.0000000000
71917  51.848  -5.918  37.772 0.0000000000
71916  52.791  -6.153  37.810 0.0000000000
70050  55.688  -8.507  42.115 0.0000000000
133273  58.506  -3.143  36.607 0.0000000000
75598  59.019  -2.703  36.020 0.0000000000
74668  59.486  -3.194  36.529 0.0000000000
73734  59.993  -4.145  37.369 0.0000000000
71893  57.517  -6.572  38.093 0.0000000000
71009  56.858  -7.383  38.369 0.0000000000
41972  30.204  -36.348  77.949 0.0000000000
41964  29.596  -36.666  78.554 0.0000000000
36354  14.183  -42.827  78.438 0.0000000000
36345  14.493  -42.118  78.678 0.0000000000
35359  12.465  -43.593  79.581 0.0000000000
35358  13.084  -42.804  79.350 0.0000000000
126413  12.402  -42.817  80.219 0.0000000000
36332  12.126  -42.401  81.584 0.0000000000
35347  11.851  -43.272  81.096 0.0000000000
66179  45.327  -12.756  44.352 0.0000000000
66178  46.168  -12.958  44.592 0.0000000000
65183  45.498  -13.334  44.938 0.0000000000
59119  45.039  -19.535  57.557 0.0000000000
59090  45.056  -19.580  58.474 0.0000000000
32671  8.378  -46.863  77.085 0.0000000000
32647  7.787  -47.140  79.239 0.0000000000
32630  7.632  -47.230  80.320 0.0000000000
49124  31.035  -29.740  66.506 0.0000000000
48139  31.690  -30.402  66.248 0.0000000000
48100  31.589  -30.350  69.544 0.0000000000
120121  32.099  -30.632  68.799 0.0000000000
116361  32.350  -30.789  69.705 0.0000000000
122657  33.022  -31.157  69.783 0.0000000000
48086  32.808  -30.866  70.417 0.0000000000
116613  25.729  -36.824  74.189 0.0000000000
41017  25.202  -37.257  74.533 0.0000000000
41023  25.122  -37.226  73.615 0.0000000000
41037  23.870  -37.919  72.861 0.0000000000
41024  24.364  -37.734  73.557 0.0000000000
41025  23.638  -38.126  73.628 0.0000000000
115238  23.251  -38.264  74.427 0.0000000000
40095  23.107  -38.206  72.988 0.0000000000
43110  26.354  -35.412  69.325 0.0000000000
136552  26.611  -35.158  68.797 0.0000000000
44101  26.811  -35.052  69.962 0.0000000000
43102  26.936  -35.048  70.759 0.0000000000
42023  26.101  -36.350  72.519 0.0000000000
42010  25.823  -36.642  73.399 0.0000000000
137694  26.078  -36.634  74.520 0.0000000000
39119  21.687  -39.776  81.481 0.0000000000
131983  53.801  -8.726  42.729 0.0000000000
70036  54.318  -8.739  43.321 0.0000000000
70037  53.668  -9.030  43.356 0.0000000000
133327  53.341  -9.474  44.803 0.0000000000
69071  54.165  -9.176  44.672 0.0000000000
69063  54.441  -9.134  45.631 0.0000000000
70009  55.331  -8.706  46.059 0.0000000000
132961  54.551  -9.135  46.404 0.0000000000
67089  52.377  -11.318  49.697 0.0000000000
64127  43.252  -14.941  48.202 0.0000000000
131079  43.928  -15.342  48.529 0.0000000000
124580  45.990  -17.100  49.458 0.0000000000
62085  47.092  -16.672  49.619 0.0000000000
61127  47.220  -17.269  49.993 0.0000000000
58062  35.309  -20.642  57.895 0.0000000000
58061  35.902  -20.626  58.502 0.0000000000
59099  36.277  -20.135  58.446 0.0000000000
59068  36.500  -20.394  59.141 0.0000000000
58035  37.002  -20.300  62.326 0.0000000000
59037  36.501  -19.911  61.080 0.0000000000
59036  36.853  -19.600  61.842 0.0000000000
60011  37.526  -18.943  61.365 0.0000000000
59035  37.717  -19.272  62.288 0.0000000000
49111  37.662  -30.076  67.902 0.0000000000
120718  37.504  -29.967  67.284 0.0000000000
115867  38.129  -29.678  68.201 0.0000000000
114014  39.691  -28.615  69.079 0.0000000000
50098  39.426  -28.628  68.424 0.0000000000
51030  39.757  -28.025  67.815 0.0000000000
50097  40.002  -28.121  68.726 0.0000000000
70090  48.633  -7.968  39.608 0.0000000000
70089  49.766  -8.106  39.548 0.0000000000
70070  51.228  -8.628  40.238 0.0000000000
70088  50.718  -8.230  39.586 0.0000000000
70991  51.218  -7.801  39.103 0.0000000000
70990  52.196  -8.053  39.273 0.0000000000
127348  52.098  -8.505  40.138 0.0000000000
115455  53.233  -8.728  42.118 0.0000000000
130235  53.958  -8.531  42.022 0.0000000000
75623  55.493  -2.261  35.524 0.0000000000
75599  56.894  -2.782  36.093 0.0000000000
74670  56.401  -3.304  36.496 0.0000000000
74651  55.050  -3.944  36.838 0.0000000000
73738  55.377  -4.463  37.185 0.0000000000
72833  55.750  -5.108  37.454 0.0000000000
73739  54.557  -4.469  37.129 0.0000000000
46985  30.426  -32.020  71.537 0.0000000000
46997  30.598  -31.258  71.245 0.0000000000
46075  30.686  -32.242  72.339 0.0000000000
45109  31.478  -33.338  74.463 0.0000000000
46060  31.544  -32.033  73.398 0.0000000000
46031  32.384  -32.959  74.777 0.0000000000
39154  17.588  -39.445  78.416 0.0000000000
38254  15.719  -39.827  80.316 0.0000000000
38240  15.163  -39.790  82.897 0.0000000000
118782  13.649  -41.216  80.121 0.0000000000
37316  14.327  -40.857  79.685 0.0000000000
69082  50.022  -10.380  42.907 0.0000000000
68163  49.256  -11.278  43.908 0.0000000000
67146  50.352  -11.376  45.055 0.0000000000
67173  47.322  -11.422  43.594 0.0000000000
123238  47.715  -11.988  44.036 0.0000000000
115602  49.358  -12.525  45.874 0.0000000000
67133  50.065  -12.069  46.477 0.0000000000
66146  50.151  -12.112  47.449 0.0000000000
66135  50.203  -12.134  48.386 0.0000000000
66127  50.293  -12.237  49.120 0.0000000000
66113  50.604  -12.591  49.659 0.0000000000
66103  51.110  -12.901  50.114 0.0000000000
114018  45.156  -18.737  52.012 0.0000000000
60114  44.936  -18.938  52.950 0.0000000000
60083  45.851  -18.872  54.741 0.0000000000
119758  46.479  -18.610  54.406 0.0000000000
60093  47.385  -18.406  54.473 0.0000000000
115162  46.923  -18.646  55.024 0.0000000000
59118  45.813  -19.372  57.204 0.0000000000
59117  46.707  -19.132  57.316 0.0000000000
59116  47.550  -18.976  57.560 0.0000000000
60052  49.074  -18.782  57.230 0.0000000000
54185  37.602  -24.018  60.023 0.0000000000
55215  37.520  -23.331  60.348 0.0000000000
70981  47.053  -7.809  40.015 0.0000000000
70980  47.811  -8.110  39.983 0.0000000000
124230  48.826  -9.639  41.954 0.0000000000
70056  48.569  -9.142  41.310 0.0000000000
77440  52.807  -0.237  34.147 0.0000000000
137469  11.870  -46.237  76.368 0.0000000000
32670  12.034  -46.278  77.426 0.0000000000
31718  11.483  -47.750  79.229 0.0000000000
131296  11.634  -47.691  80.044 0.0000000000
30697  9.256  -48.399  78.802 0.0000000000
30696  10.202  -48.621  78.749 0.0000000000
115575  9.686  -48.745  79.482 0.0000000000
62089  42.784  -17.058  48.909 0.0000000000
61147  42.168  -17.297  48.831 0.0000000000
60151  41.435  -18.331  49.583 0.0000000000
61134  40.978  -17.820  48.984 0.0000000000
60150  42.304  -18.245  49.626 0.0000000000
59211  42.319  -19.149  50.839 0.0000000000
59197  42.539  -19.460  51.622 0.0000000000
59185  42.768  -19.588  52.473 0.0000000000
136166  42.937  -19.607  53.169 0.0000000000
58186  40.324  -20.218  51.849 0.0000000000
58137  41.904  -20.140  54.507 0.0000000000
59166  42.479  -19.858  54.502 0.0000000000
59157  42.737  -19.784  55.279 0.0000000000
59141  43.141  -19.698  55.889 0.0000000000
135723  42.612  -19.875  56.008 0.0000000000
59121  42.465  -20.016  57.569 0.0000000000
59062  42.516  -20.145  59.109 0.0000000000
135724  34.404  -30.883  64.417 0.0000000000
48166  34.803  -30.833  64.808 0.0000000000
47086  34.601  -31.178  65.468 0.0000000000
47073  32.959  -31.239  66.521 0.0000000000
123855  33.139  -31.303  65.848 0.0000000000
47058  33.456  -31.539  67.145 0.0000000000
133040  35.500  -31.650  68.436 0.0000000000
131695  34.640  -31.644  67.561 0.0000000000
47056  35.450  -31.431  67.666 0.0000000000
47069  35.703  -31.049  66.816 0.0000000000
48126  36.777  -31.019  68.058 0.0000000000
47008  37.351  -31.667  70.473 0.0000000000
47007  38.117  -31.327  70.747 0.0000000000
48070  38.941  -31.038  71.391 0.0000000000
46992  38.203  -31.524  71.785 0.0000000000
48075  31.191  -30.755  71.439 0.0000000000
49069  31.455  -30.683  71.398 0.0000000000
49059  31.689  -30.855  72.116 0.0000000000
134286  33.057  -30.513  73.205 0.0000000000
48060  32.778  -30.554  72.485 0.0000000000
125917  33.704  -30.613  72.711 0.0000000000
48030  36.543  -30.955  75.320 0.0000000000
48031  35.431  -31.602  75.224 0.0000000000
48044  35.803  -31.479  74.408 0.0000000000
132172  35.203  -31.403  73.667 0.0000000000
48058  36.124  -31.309  73.538 0.0000000000
46982  36.109  -31.474  72.528 0.0000000000
113950  38.507  -30.462  74.376 0.0000000000
40974  26.848  -37.628  79.867 0.0000000000
40963  26.976  -37.753  80.958 0.0000000000
40038  24.618  -38.313  80.165 0.0000000000
135708  24.650  -38.217  79.350 0.0000000000
41009  24.496  -37.701  75.681 0.0000000000
41003  24.986  -37.637  77.090 0.0000000000
127455  24.387  -37.782  76.530 0.0000000000
128822  22.997  -38.409  77.706 0.0000000000
120632  23.593  -38.187  77.556 0.0000000000
40040  22.689  -38.841  79.176 0.0000000000
39161  21.148  -38.835  77.240 0.0000000000
39150  20.968  -39.304  77.986 0.0000000000
115390  19.892  -39.130  77.513 0.0000000000
118144  21.237  -38.616  71.111 0.0000000000
40122  21.875  -38.450  71.757 0.0000000000
40107  21.623  -38.544  72.662 0.0000000000
39227  20.506  -39.247  70.817 0.0000000000
39201  20.381  -39.664  73.297 0.0000000000
39193  20.393  -39.096  74.209 0.0000000000
39183  20.159  -38.784  75.179 0.0000000000
39175  19.344  -39.090  76.275 0.0000000000
39164  18.482  -39.400  77.305 0.0000000000
39177  17.981  -39.852  77.006 0.0000000000
37339  16.809  -41.404  76.689 0.0000000000
37364  16.829  -41.301  74.028 0.0000000000
37354  15.757  -41.897  74.314 0.0000000000
36366  16.171  -42.254  75.087 0.0000000000
35420  14.673  -43.542  75.212 0.0000000000
35405  14.225  -44.183  75.795 0.0000000000
35421  13.762  -43.921  74.938 0.0000000000
34480  12.943  -44.382  74.876 0.0000000000
35423  12.143  -44.029  74.339 0.0000000000
34481  12.188  -44.820  74.849 0.0000000000
34482  11.464  -44.598  74.547 0.0000000000
50120  29.243  -28.620  66.262 0.0000000000
50108  28.936  -28.739  66.850 0.0000000000
49114  29.661  -28.901  68.059 0.0000000000
49115  28.966  -28.901  67.544 0.0000000000
48157  27.529  -30.738  65.585 0.0000000000
48141  27.748  -30.218  66.372 0.0000000000
47045  28.824  -31.439  68.603 0.0000000000
130872  28.671  -30.575  68.142 0.0000000000
127572  29.171  -30.578  68.883 0.0000000000
48115  29.037  -29.784  68.534 0.0000000000
48102  29.488  -30.818  69.481 0.0000000000
47012  29.662  -31.201  70.107 0.0000000000
47013  29.362  -31.650  69.787 0.0000000000
45150  29.456  -33.401  71.496 0.0000000000
45125  29.156  -34.061  72.817 0.0000000000
44090  27.855  -34.792  72.044 0.0000000000
43057  27.504  -35.481  73.277 0.0000000000
43031  27.677  -35.739  74.951 0.0000000000
43030  28.448  -35.518  75.321 0.0000000000
41982  28.947  -36.148  76.910 0.0000000000
120233  28.260  -36.139  76.542 0.0000000000
40983  27.153  -37.089  77.877 0.0000000000
40973  27.627  -37.390  79.672 0.0000000000
40027  26.325  -38.046  81.511 0.0000000000
38238  18.086  -40.009  81.531 0.0000000000
121380  18.418  -40.171  82.609 0.0000000000
33515  12.042  -45.367  79.440 0.0000000000
33490  10.881  -45.203  83.645 0.0000000000
33496  10.912  -44.593  82.500 0.0000000000
34399  10.794  -44.228  84.030 0.0000000000
126272  10.833  -43.735  83.272 0.0000000000
70027  56.055  -8.382  44.555 0.0000000000
70006  58.968  -7.821  46.945 0.0000000000
69073  52.030  -9.975  44.251 0.0000000000
68159  52.221  -10.180  45.027 0.0000000000
69041  53.210  -9.758  46.934 0.0000000000
69040  54.146  -9.377  47.186 0.0000000000
67098  53.327  -10.983  50.006 0.0000000000
68100  56.116  -9.940  50.045 0.0000000000
69014  56.744  -9.273  49.629 0.0000000000
124329  58.016  -9.118  49.612 0.0000000000
65172  44.199  -13.442  45.792 0.0000000000
65171  45.214  -13.597  45.792 0.0000000000
65151  45.425  -13.576  46.787 0.0000000000
64126  44.971  -14.386  48.683 0.0000000000
64132  44.439  -13.741  48.146 0.0000000000
64114  47.335  -14.307  49.489 0.0000000000
65113  47.056  -13.668  49.174 0.0000000000
122630  46.974  -13.431  48.544 0.0000000000
65122  47.573  -13.312  48.840 0.0000000000
65121  48.272  -13.066  49.107 0.0000000000
65111  48.612  -13.379  49.468 0.0000000000
64092  51.137  -14.834  50.737 0.0000000000
64104  51.404  -14.002  50.666 0.0000000000
64091  51.856  -14.570  51.121 0.0000000000
115345  46.179  -18.476  51.758 0.0000000000
60131  46.185  -18.340  50.721 0.0000000000
60111  47.308  -18.253  51.959 0.0000000000
61079  48.812  -18.188  52.963 0.0000000000
61090  48.159  -18.097  51.896 0.0000000000
61089  48.744  -17.988  52.176 0.0000000000
61101  48.591  -17.636  51.468 0.0000000000
61088  49.435  -17.742  52.466 0.0000000000
62035  52.117  -17.067  54.228 0.0000000000
61076  51.260  -17.436  53.819 0.0000000000
62049  50.955  -17.153  53.045 0.0000000000
62056  51.455  -16.491  52.599 0.0000000000
62065  51.190  -16.167  51.801 0.0000000000
58142  37.313  -20.866  54.972 0.0000000000
125657  38.203  -20.723  55.285 0.0000000000
126892  38.225  -20.527  55.942 0.0000000000
59097  37.523  -19.658  58.519 0.0000000000
59095  39.324  -19.421  58.769 0.0000000000
59125  38.626  -19.748  57.617 0.0000000000
59124  39.453  -19.694  57.918 0.0000000000
59123  40.483  -19.928  57.881 0.0000000000
59050  41.260  -19.894  60.672 0.0000000000
59049  42.183  -20.189  60.818 0.0000000000
131885  42.987  -19.994  61.002 0.0000000000
128627  42.471  -19.921  61.661 0.0000000000
50118  37.743  -29.082  66.019 0.0000000000
50128  37.739  -28.653  65.172 0.0000000000
114082  38.602  -27.013  63.992 0.0000000000
119271  38.048  -27.756  63.743 0.0000000000
52043  37.906  -26.841  62.151 0.0000000000
52042  38.376  -26.268  62.643 0.0000000000
53053  39.344  -25.197  63.794 0.0000000000
130430  38.649  -24.125  61.929 0.0000000000
55198  39.148  -23.792  62.657 0.0000000000
49065  41.176  -28.937  71.670 0.0000000000
50079  41.839  -28.215  72.322 0.0000000000
51012  41.841  -27.531  70.624 0.0000000000
51019  41.394  -27.228  69.606 0.0000000000
51028  40.882  -27.130  68.885 0.0000000000
51964  41.323  -26.595  68.966 0.0000000000
54092  41.821  -24.574  68.093 0.0000000000
52993  41.170  -25.048  67.466 0.0000000000
53007  40.566  -25.198  66.598 0.0000000000
53022  40.303  -24.999  65.714 0.0000000000
127890  40.692  -24.523  66.170 0.0000000000
55183  40.492  -23.244  64.419 0.0000000000
55190  40.086  -22.696  63.845 0.0000000000
121212  39.665  -23.020  63.202 0.0000000000
56152  39.825  -22.255  63.417 0.0000000000
57082  39.000  -21.682  62.766 0.0000000000
57073  39.544  -21.448  63.295 0.0000000000
57055  40.242  -20.583  64.697 0.0000000000
57064  39.863  -20.948  63.991 0.0000000000
58020  39.827  -20.248  64.097 0.0000000000
59006  39.428  -19.989  63.527 0.0000000000
119093  39.973  -19.665  64.151 0.0000000000
128256  41.777  -20.537  66.986 0.0000000000
57989  41.556  -19.775  66.790 0.0000000000
58990  40.948  -18.890  66.178 0.0000000000
59972  40.729  -18.758  64.420 0.0000000000
59986  41.526  -18.556  63.836 0.0000000000
60000  41.242  -18.888  62.916 0.0000000000
77415  51.753  -0.535  35.111 0.0000000000
72820  49.440  -5.446  38.089 0.0000000000
136717  52.050  -2.743  36.146 0.0000000000
74674  52.559  -3.222  36.416 0.0000000000
74652  53.080  -3.830  36.663 0.0000000000
128173  53.432  -5.638  37.568 0.0000000000
71915  54.253  -5.804  37.596 0.0000000000
71896  54.517  -6.733  37.996 0.0000000000
70989  53.183  -8.063  39.152 0.0000000000
70083  55.639  -8.457  39.488 0.0000000000
76589  56.798  -1.779  34.399 0.0000000000
76605  56.883  -1.562  33.710 0.0000000000
73736  57.371  -4.396  37.386 0.0000000000
40971  29.231  -37.151  80.764 0.0000000000
35377  13.899  -43.608  78.127 0.0000000000
131598  13.646  -43.005  78.752 0.0000000000
59091  44.155  -19.775  58.844 0.0000000000
49112  31.064  -29.669  67.852 0.0000000000
49099  30.905  -29.618  68.492 0.0000000000
132365  31.396  -30.060  68.872 0.0000000000
114189  24.053  -37.708  72.039 0.0000000000
43118  25.712  -35.955  68.941 0.0000000000
43111  25.837  -35.903  69.670 0.0000000000
42034  25.975  -35.957  70.889 0.0000000000
117212  25.415  -36.655  71.802 0.0000000000
38250  20.910  -39.885  79.973 0.0000000000
122059  21.101  -39.984  80.753 0.0000000000
38251  20.418  -40.115  80.593 0.0000000000
38236  20.014  -40.329  81.514 0.0000000000
120865  19.455  -40.358  82.601 0.0000000000
131860  53.067  -9.246  43.431 0.0000000000
66101  52.655  -12.254  50.656 0.0000000000
66100  53.486  -12.024  50.994 0.0000000000
127213  43.575  -16.692  49.100 0.0000000000
63096  44.160  -15.954  48.933 0.0000000000
62088  44.485  -16.666  49.354 0.0000000000
61129  45.679  -17.606  49.656 0.0000000000
61116  46.170  -17.970  50.068 0.0000000000
57122  36.292  -21.717  59.620 0.0000000000
57109  36.348  -21.065  59.854 0.0000000000
58042  36.552  -20.588  60.674 0.0000000000
57094  36.614  -20.956  61.074 0.0000000000
57084  37.549  -20.845  62.379 0.0000000000
48096  38.721  -29.946  69.558 0.0000000000
49098  38.459  -29.711  68.806 0.0000000000
49089  39.408  -29.594  69.953 0.0000000000
49088  39.819  -28.938  69.644 0.0000000000
70055  49.898  -8.984  40.852 0.0000000000
117367  51.908  -8.784  41.082 0.0000000000
75601  54.932  -2.769  36.080 0.0000000000
74672  54.662  -3.431  36.525 0.0000000000
73754  53.922  -3.614  36.604 0.0000000000
46062  30.344  -33.106  72.635 0.0000000000
46061  30.876  -32.529  73.088 0.0000000000
45123  30.455  -33.378  73.422 0.0000000000
45096  30.942  -34.127  74.881 0.0000000000
38281  16.242  -40.166  78.400 0.0000000000
38271  15.219  -40.031  79.594 0.0000000000
129121  14.895  -39.883  80.616 0.0000000000
37307  13.180  -40.972  81.306 0.0000000000
68189  48.380  -10.640  42.930 0.0000000000
68175  48.500  -11.149  43.483 0.0000000000
121924  46.978  -12.547  44.289 0.0000000000
66177  47.905  -12.795  44.718 0.0000000000
66136  49.538  -12.552  48.042 0.0000000000
66115  49.013  -12.872  49.297 0.0000000000
59183  44.157  -19.240  53.288 0.0000000000
136257  47.040  -19.192  57.971 0.0000000000
69106  47.968  -9.469  41.825 0.0000000000
32683  11.031  -46.829  76.126 0.0000000000
124472  11.406  -46.934  76.919 0.0000000000
132512  10.746  -47.248  76.702 0.0000000000
31744  10.879  -47.579  77.427 0.0000000000
30695  10.970  -48.374  78.947 0.0000000000
60152  40.563  -18.382  49.474 0.0000000000
59212  41.597  -19.142  50.666 0.0000000000
58162  40.596  -20.522  53.360 0.0000000000
58114  41.959  -20.131  55.706 0.0000000000
47097  33.417  -31.202  64.577 0.0000000000
47043  33.420  -31.585  68.569 0.0000000000
117551  33.954  -31.801  67.891 0.0000000000
47042  34.229  -31.853  68.815 0.0000000000
47041  35.076  -31.858  69.046 0.0000000000
117552  35.936  -31.711  68.988 0.0000000000
47025  36.398  -31.781  69.585 0.0000000000
47009  36.537  -31.952  70.489 0.0000000000
46970  32.539  -30.897  73.538 0.0000000000
48034  33.150  -30.807  73.924 0.0000000000
48033  33.691  -30.939  74.210 0.0000000000
48020  37.132  -30.318  76.452 0.0000000000
135323  37.084  -30.771  74.943 0.0000000000
40984  26.269  -37.434  78.190 0.0000000000
129998  25.569  -37.691  78.346 0.0000000000
40993  24.852  -37.845  77.980 0.0000000000
40066  23.076  -38.280  76.269 0.0000000000
40055  23.024  -38.332  77.058 0.0000000000
40056  22.405  -38.557  77.354 0.0000000000
40057  21.687  -38.615  76.928 0.0000000000
38345  19.622  -40.477  71.953 0.0000000000
38320  20.055  -40.636  73.180 0.0000000000
123441  19.832  -40.152  74.034 0.0000000000
39194  19.290  -39.848  75.049 0.0000000000
39185  18.762  -40.160  75.774 0.0000000000
38302  18.279  -40.182  76.397 0.0000000000
37345  17.590  -41.512  75.371 0.0000000000
36375  15.476  -42.523  74.738 0.0000000000
36368  15.241  -43.027  75.120 0.0000000000
50129  28.758  -28.571  65.631 0.0000000000
50121  28.547  -28.830  66.305 0.0000000000
47061  27.834  -31.855  66.972 0.0000000000
46120  28.420  -32.319  68.392 0.0000000000
116456  28.872  -32.224  69.205 0.0000000000
46100  29.128  -32.562  70.070 0.0000000000
45151  28.972  -33.743  71.188 0.0000000000
44076  28.566  -34.435  72.464 0.0000000000
43044  26.940  -35.925  73.696 0.0000000000
41999  26.977  -36.019  74.504 0.0000000000
41983  27.675  -36.428  76.660 0.0000000000
32629  11.537  -46.046  80.889 0.0000000000
33501  11.313  -45.182  81.140 0.0000000000
136796  57.347  -8.064  46.637 0.0000000000
70007  58.331  -7.815  47.159 0.0000000000
120074  59.064  -7.853  47.768 0.0000000000
69984  58.987  -8.201  48.471 0.0000000000
69976  58.750  -8.795  49.131 0.0000000000
68151  51.578  -10.628  45.610 0.0000000000
68150  52.330  -10.141  45.899 0.0000000000
68126  53.371  -9.839  47.813 0.0000000000
67087  54.932  -11.128  50.924 0.0000000000
122826  46.555  -14.902  49.482 0.0000000000
131333  45.862  -14.683  49.381 0.0000000000
63092  47.295  -15.227  49.497 0.0000000000
64113  48.330  -14.099  49.604 0.0000000000
63083  50.228  -15.106  50.349 0.0000000000
63074  50.855  -15.723  51.023 0.0000000000
122623  47.214  -18.371  53.017 0.0000000000
62047  52.573  -16.420  53.774 0.0000000000
58119  36.592  -20.576  55.727 0.0000000000
60026  38.175  -18.900  59.952 0.0000000000
59065  38.795  -19.118  59.315 0.0000000000
59064  39.742  -19.290  59.482 0.0000000000
115396  40.589  -19.690  59.352 0.0000000000
129953  40.369  -19.428  59.942 0.0000000000
59034  40.582  -19.452  60.527 0.0000000000
117118  38.640  -28.104  65.849 0.0000000000
50127  38.335  -27.980  65.154 0.0000000000
117263  38.732  -27.249  64.870 0.0000000000
52030  38.599  -26.422  63.372 0.0000000000
52029  39.054  -26.060  64.036 0.0000000000
53039  39.574  -25.407  64.489 0.0000000000
51011  42.563  -26.911  71.369 0.0000000000
51938  42.211  -26.782  70.301 0.0000000000
54118  41.276  -23.646  66.969 0.0000000000
55168  40.988  -23.721  66.188 0.0000000000
55175  41.103  -22.778  65.851 0.0000000000
56135  40.866  -22.585  65.032 0.0000000000
56143  40.078  -21.824  63.876 0.0000000000
121410  40.694  -21.791  64.958 0.0000000000
57054  40.645  -20.948  65.301 0.0000000000
58006  40.471  -20.204  65.310 0.0000000000
71900  50.491  -6.487  38.352 0.0000000000
72819  50.107  -5.874  38.126 0.0000000000
72838  50.261  -5.215  37.761 0.0000000000
128860  51.797  -4.429  37.177 0.0000000000
73741  52.657  -4.569  37.158 0.0000000000
72836  52.645  -5.379  37.528 0.0000000000
117024  54.068  -8.517  41.256 0.0000000000
126342  54.122  -8.521  40.533 0.0000000000
70067  54.669  -8.543  40.938 0.0000000000
116039  55.770  -8.659  41.288 0.0000000000
125524  57.366  -2.482  35.601 0.0000000000
75621  58.439  -2.430  35.279 0.0000000000
43019  29.468  -35.666  76.339 0.0000000000
43018  30.173  -35.658  76.603 0.0000000000
43006  29.823  -36.071  77.061 0.0000000000
121275  30.058  -36.743  79.540 0.0000000000
37332  15.229  -41.735  78.365 0.0000000000
37317  14.081  -41.673  79.278 0.0000000000
36340  13.308  -41.972  79.698 0.0000000000
36331  12.781  -41.923  80.667 0.0000000000
36321  11.811  -41.949  83.089 0.0000000000
36322  11.431  -42.439  83.893 0.0000000000
67174  46.559  -11.434  43.508 0.0000000000
66165  46.966  -13.223  44.986 0.0000000000
65170  46.874  -13.650  45.983 0.0000000000
59140  44.750  -19.421  56.243 0.0000000000
126921  45.111  -19.494  56.863 0.0000000000
59089  45.981  -19.418  58.573 0.0000000000
59088  46.831  -19.262  58.597 0.0000000000
31756  8.962  -47.147  76.578 0.0000000000
31747  8.868  -47.602  77.341 0.0000000000
31733  8.541  -47.761  78.451 0.0000000000
31719  8.352  -47.779  79.638 0.0000000000
30673  8.472  -48.182  81.165 0.0000000000
58163  39.634  -20.796  53.440 0.0000000000
58140  39.607  -20.822  54.183 0.0000000000
48127  32.288  -30.796  66.797 0.0000000000
47059  32.824  -31.175  67.220 0.0000000000
48113  32.313  -30.781  67.791 0.0000000000
48112  32.769  -31.094  68.430 0.0000000000
47010  34.355  -31.536  70.849 0.0000000000
41992  25.798  -37.183  75.900 0.0000000000
41008  25.168  -37.357  75.368 0.0000000000
123335  24.600  -37.619  74.861 0.0000000000
40075  23.913  -37.967  75.109 0.0000000000
115919  22.366  -38.398  74.030 0.0000000000
38346  18.968  -40.699  71.997 0.0000000000
115463  18.034  -41.156  73.505 0.0000000000
44117  27.404  -33.993  67.523 0.0000000000
125843  27.465  -34.146  68.413 0.0000000000
44109  27.584  -34.172  69.374 0.0000000000
134289  27.450  -34.490  70.173 0.0000000000
43088  27.140  -35.171  71.620 0.0000000000
43073  26.693  -35.782  72.036 0.0000000000
43058  26.862  -35.888  72.875 0.0000000000
115206  26.340  -36.390  74.065 0.0000000000
122282  55.061  -8.540  43.267 0.0000000000
70029  54.116  -9.044  43.857 0.0000000000
69038  55.940  -8.571  47.577 0.0000000000
67109  51.527  -11.131  48.224 0.0000000000
67099  52.183  -10.883  48.827 0.0000000000
67088  53.872  -11.387  50.651 0.0000000000
121259  44.122  -14.565  48.387 0.0000000000
64115  45.254  -15.035  49.224 0.0000000000
63095  44.921  -15.833  49.339 0.0000000000
63094  45.840  -15.614  49.445 0.0000000000
63093  46.801  -15.843  49.452 0.0000000000
62077  48.662  -16.474  50.190 0.0000000000
60079  49.231  -18.461  55.744 0.0000000000
137007  49.538  -18.390  55.192 0.0000000000
58098  35.465  -20.046  57.018 0.0000000000
59144  36.418  -20.021  57.037 0.0000000000
59128  36.204  -20.014  57.727 0.0000000000
59098  36.804  -19.870  58.467 0.0000000000
59066  37.230  -19.581  59.222 0.0000000000
59052  36.727  -20.066  60.363 0.0000000000
60028  37.062  -19.777  59.900 0.0000000000
60027  37.511  -19.285  59.960 0.0000000000
60019  37.623  -18.934  60.552 0.0000000000
60010  38.434  -18.873  61.663 0.0000000000
48151  37.042  -29.970  66.003 0.0000000000
49123  37.591  -29.615  66.738 0.0000000000
49122  38.104  -29.107  66.795 0.0000000000
50099  38.705  -29.146  68.149 0.0000000000
50106  38.630  -28.872  67.274 0.0000000000
50117  38.529  -28.556  66.434 0.0000000000
50105  39.129  -28.266  67.095 0.0000000000
51038  39.540  -27.521  67.005 0.0000000000
51980  39.969  -26.799  66.822 0.0000000000
71902  48.732  -6.449  38.777 0.0000000000
71016  50.114  -7.002  38.664 0.0000000000
71015  50.867  -7.173  38.620 0.0000000000
70069  52.769  -8.548  40.797 0.0000000000
70068  53.518  -8.517  40.644 0.0000000000
76567  56.157  -1.920  34.952 0.0000000000
74648  58.119  -3.714  37.191 0.0000000000
74650  55.896  -3.894  36.864 0.0000000000
72832  56.752  -5.106  37.517 0.0000000000
71913  56.159  -5.851  37.621 0.0000000000
48089  29.817  -30.594  69.764 0.0000000000
49080  30.211  -30.308  69.825 0.0000000000
48076  30.774  -30.768  71.032 0.0000000000
48062  31.086  -31.065  71.747 0.0000000000
46983  31.514  -31.074  72.458 0.0000000000
46971  31.806  -31.176  73.172 0.0000000000
46963  32.299  -31.598  73.751 0.0000000000
46030  33.226  -32.452  75.240 0.0000000000
43017  30.934  -35.417  76.622 0.0000000000
44022  31.819  -34.977  76.774 0.0000000000
44012  32.344  -35.150  77.614 0.0000000000
45080  32.267  -34.234  76.116 0.0000000000
39140  18.320  -39.434  78.983 0.0000000000
38268  18.107  -39.605  79.780 0.0000000000
38253  17.675  -39.818  80.588 0.0000000000
120609  17.059  -39.867  81.570 0.0000000000
133393  16.471  -39.719  79.622 0.0000000000
115858  16.711  -39.762  80.510 0.0000000000
38239  16.219  -39.790  82.824 0.0000000000
38272  14.548  -40.163  80.187 0.0000000000
38256  14.259  -39.926  81.602 0.0000000000
69091  50.652  -9.725  42.383 0.0000000000
69081  50.975  -10.058  43.176 0.0000000000
68161  50.773  -10.731  44.456 0.0000000000
136970  49.818  -10.847  43.564 0.0000000000
68152  51.031  -10.861  45.083 0.0000000000
67145  50.941  -11.098  45.612 0.0000000000
67131  51.176  -11.106  46.330 0.0000000000
67172  47.947  -11.440  43.671 0.0000000000
118873  49.048  -11.857  44.451 0.0000000000
66176  48.817  -12.430  44.986 0.0000000000
67157  49.556  -11.954  45.083 0.0000000000
67132  50.699  -11.608  46.891 0.0000000000
67090  51.691  -11.902  49.803 0.0000000000
67100  51.030  -12.062  49.385 0.0000000000
66102  51.846  -12.460  50.310 0.0000000000
65102  52.384  -12.828  50.769 0.0000000000
65092  52.511  -13.434  51.150 0.0000000000
60133  44.627  -18.596  50.468 0.0000000000
60103  45.489  -18.773  53.448 0.0000000000
60102  46.304  -18.539  53.458 0.0000000000
60080  48.442  -18.462  55.556 0.0000000000
59153  46.001  -19.095  55.777 0.0000000000
60069  46.883  -18.832  55.800 0.0000000000
59137  47.225  -18.886  56.722 0.0000000000
60068  47.825  -18.681  56.120 0.0000000000
60066  49.637  -18.632  56.541 0.0000000000
55223  37.167  -23.520  59.592 0.0000000000
56182  37.876  -23.014  61.039 0.0000000000
48054  40.355  -29.668  73.317 0.0000000000
49066  40.742  -29.587  72.337 0.0000000000
49048  41.401  -28.195  74.220 0.0000000000
133666  49.115  -8.960  40.841 0.0000000000
136062  52.953  -0.966  34.804 0.0000000000
122530  12.669  -45.765  77.094 0.0000000000
33548  12.544  -45.725  78.011 0.0000000000
120571  11.869  -46.102  79.319 0.0000000000
122677  11.601  -46.948  77.832 0.0000000000
32657  11.716  -46.914  78.773 0.0000000000
118748  11.731  -47.102  80.800 0.0000000000
31746  9.707  -47.998  77.297 0.0000000000
30671  11.423  -48.717  80.912 0.0000000000
30661  11.767  -48.578  81.785 0.0000000000
63111  42.661  -15.781  48.274 0.0000000000
62098  42.943  -16.428  48.611 0.0000000000
126105  43.258  -17.538  49.341 0.0000000000
60149  43.654  -18.138  49.694 0.0000000000
134691  42.971  -18.111  49.564 0.0000000000
122940  43.958  -18.518  50.109 0.0000000000
60124  43.858  -18.863  50.747 0.0000000000
137076  43.826  -19.105  51.467 0.0000000000
59196  43.342  -19.338  51.952 0.0000000000
59173  44.020  -19.362  54.125 0.0000000000
131590  43.948  -19.457  54.789 0.0000000000
132742  41.208  -20.064  51.908 0.0000000000
136138  41.567  -20.095  52.589 0.0000000000
58161  41.441  -20.243  53.273 0.0000000000
59176  42.233  -19.885  53.061 0.0000000000
59175  42.730  -19.702  53.806 0.0000000000
59165  43.265  -19.575  54.501 0.0000000000
134381  43.820  -19.577  56.241 0.0000000000
115889  42.967  -19.784  56.591 0.0000000000
59048  43.784  -19.830  60.795 0.0000000000
114312  34.770  -30.608  64.136 0.0000000000
48165  35.450  -30.452  64.593 0.0000000000
47088  32.914  -31.210  65.141 0.0000000000
47087  33.751  -31.383  65.469 0.0000000000
47057  34.131  -31.685  67.020 0.0000000000
47071  34.352  -31.471  66.213 0.0000000000
47070  35.148  -31.144  66.144 0.0000000000
48137  35.848  -30.835  66.117 0.0000000000
48136  36.505  -30.592  66.606 0.0000000000
48125  37.059  -30.537  67.474 0.0000000000
47039  36.805  -31.319  68.857 0.0000000000
48098  37.659  -30.889  69.196 0.0000000000
48097  38.220  -30.658  69.850 0.0000000000
48069  39.637  -30.716  72.020 0.0000000000
49079  30.705  -30.429  70.339 0.0000000000
49078  31.251  -30.426  70.621 0.0000000000
49058  32.073  -30.747  72.016 0.0000000000
49057  32.513  -30.665  71.774 0.0000000000
48074  32.616  -30.652  71.136 0.0000000000
48085  33.424  -30.965  71.055 0.0000000000
48072  34.023  -30.902  71.755 0.0000000000
46996  34.725  -31.396  71.634 0.0000000000
48022  34.266  -31.575  74.893 0.0000000000
48032  34.346  -31.367  74.536 0.0000000000
114241  34.511  -30.955  73.302 0.0000000000
46995  35.377  -31.562  72.068 0.0000000000
125543  36.826  -31.637  72.088 0.0000000000
46981  37.500  -31.591  72.278 0.0000000000
46969  38.002  -31.193  73.701 0.0000000000
46980  38.204  -31.428  72.777 0.0000000000
48055  39.648  -30.473  73.142 0.0000000000
40028  25.434  -38.215  80.815 0.0000000000
40030  23.908  -38.585  80.545 0.0000000000
137251  24.101  -38.092  77.985 0.0000000000
40045  24.344  -38.188  78.656 0.0000000000
39137  22.737  -38.998  80.160 0.0000000000
116919  22.097  -39.285  79.882 0.0000000000
134769  21.430  -39.574  79.658 0.0000000000
121730  21.935  -39.070  78.368 0.0000000000
39139  19.166  -39.484  78.761 0.0000000000
41068  23.580  -37.721  70.463 0.0000000000
41051  23.428  -37.858  71.329 0.0000000000
40121  22.658  -38.176  71.522 0.0000000000
40096  22.344  -38.379  73.213 0.0000000000
40087  21.629  -38.410  74.409 0.0000000000
40123  20.842  -39.139  71.727 0.0000000000
39210  20.644  -39.404  72.478 0.0000000000
40108  20.987  -38.835  72.561 0.0000000000
137135  21.120  -38.682  73.183 0.0000000000
118010  21.061  -38.694  73.911 0.0000000000
40079  20.830  -38.526  75.667 0.0000000000
39184  19.553  -39.086  75.535 0.0000000000
132432  19.704  -38.903  76.781 0.0000000000
39152  19.188  -39.278  77.836 0.0000000000
38280  16.957  -39.888  78.042 0.0000000000
38292  17.239  -40.178  77.449 0.0000000000
38293  16.503  -40.500  77.897 0.0000000000
134288  16.173  -40.862  78.031 0.0000000000
37363  17.699  -41.351  74.111 0.0000000000
37346  16.889  -41.833  75.527 0.0000000000
37353  16.482  -41.746  74.552 0.0000000000
37340  16.118  -41.785  77.139 0.0000000000
36352  15.538  -42.133  77.608 0.0000000000
36361  15.194  -42.931  77.074 0.0000000000
35391  14.224  -44.029  76.946 0.0000000000
34463  13.760  -44.645  76.357 0.0000000000
35422  13.034  -43.633  74.510 0.0000000000
34464  13.224  -45.035  75.969 0.0000000000
33575  12.002  -45.499  75.315 0.0000000000
135332  11.338  -45.595  75.034 0.0000000000
33594  10.977  -45.146  74.734 0.0000000000
33576  10.697  -45.787  75.052 0.0000000000
116505  30.546  -29.277  65.881 0.0000000000
50119  29.920  -28.680  66.111 0.0000000000
49125  30.400  -29.078  66.719 0.0000000000
49113  30.220  -28.937  67.455 0.0000000000
115821  29.493  -29.577  68.749 0.0000000000
49126  28.038  -29.385  66.340 0.0000000000
47074  28.060  -30.667  67.211 0.0000000000
46998  29.980  -31.665  70.731 0.0000000000
46087  29.865  -32.694  71.177 0.0000000000
45124  29.745  -33.735  73.102 0.0000000000
44049  29.466  -34.541  74.321 0.0000000000
44100  28.290  -34.127  70.726 0.0000000000
43056  28.201  -35.140  73.675 0.0000000000
120477  28.699  -34.586  73.266 0.0000000000
44064  28.816  -34.775  74.050 0.0000000000
44035  29.013  -35.084  74.797 0.0000000000
43029  29.230  -35.348  75.586 0.0000000000
41973  28.796  -36.505  77.781 0.0000000000
41966  28.030  -36.785  77.895 0.0000000000
40972  28.510  -37.214  79.637 0.0000000000
38237  19.063  -40.224  81.491 0.0000000000
34415  12.185  -44.514  79.539 0.0000000000
34409  11.763  -43.998  80.438 0.0000000000
34410  11.320  -44.507  81.186 0.0000000000
69072  52.725  -9.666  44.549 0.0000000000
69057  53.007  -9.713  46.106 0.0000000000
137620  55.768  -8.844  48.238 0.0000000000
68115  52.766  -10.348  48.363 0.0000000000
68114  53.586  -10.100  48.662 0.0000000000
68101  54.938  -10.181  49.762 0.0000000000
68113  54.503  -9.829  48.983 0.0000000000
69028  55.163  -9.333  48.544 0.0000000000
69027  56.178  -8.972  48.903 0.0000000000
117151  45.982  -13.749  46.123 0.0000000000
65136  44.022  -13.549  47.431 0.0000000000
65135  44.872  -13.459  47.573 0.0000000000
64125  45.755  -14.058  48.918 0.0000000000
65124  45.919  -13.541  48.305 0.0000000000
65134  45.704  -13.444  47.633 0.0000000000
65133  46.526  -13.389  47.873 0.0000000000
65131  48.170  -13.179  48.303 0.0000000000
64112  49.029  -13.830  49.724 0.0000000000
65109  50.300  -13.265  49.959 0.0000000000
65104  51.026  -13.480  50.327 0.0000000000
65093  52.029  -13.892  50.958 0.0000000000
60132  45.432  -18.262  50.126 0.0000000000
61115  46.864  -17.848  50.461 0.0000000000
61103  47.363  -18.027  51.092 0.0000000000
61114  47.615  -17.522  50.557 0.0000000000
61113  48.330  -17.253  50.702 0.0000000000
62068  49.049  -16.987  50.910 0.0000000000
60090  50.106  -18.336  54.775 0.0000000000
61064  49.889  -18.260  53.970 0.0000000000
61062  51.586  -17.672  54.673 0.0000000000
61077  50.428  -17.737  53.490 0.0000000000
62058  49.982  -17.175  51.983 0.0000000000
62067  49.756  -16.736  51.208 0.0000000000
62066  50.450  -16.477  51.523 0.0000000000
62055  52.254  -16.173  52.919 0.0000000000
63062  52.321  -15.062  51.722 0.0000000000
64082  53.019  -14.627  52.173 0.0000000000
64081  53.802  -14.226  52.693 0.0000000000
57192  38.458  -21.121  54.046 0.0000000000
58141  39.049  -20.849  54.740 0.0000000000
59143  37.361  -19.968  57.045 0.0000000000
58096  37.820  -20.261  56.442 0.0000000000
59142  38.227  -19.935  57.025 0.0000000000
58095  38.629  -20.302  56.425 0.0000000000
58094  39.500  -20.364  56.366 0.0000000000
58075  40.938  -20.203  57.120 0.0000000000
59122  41.417  -20.093  57.810 0.0000000000
120886  41.901  -20.120  58.448 0.0000000000
59063  41.449  -20.009  59.262 0.0000000000
114499  43.010  -20.070  60.110 0.0000000000
50138  37.889  -28.260  64.407 0.0000000000
50150  37.470  -28.532  63.589 0.0000000000
53080  38.041  -25.203  61.126 0.0000000000
53068  38.519  -25.532  62.386 0.0000000000
131887  38.438  -24.968  61.813 0.0000000000
54178  38.235  -24.344  61.253 0.0000000000
55206  38.320  -23.544  61.448 0.0000000000
56171  38.306  -22.610  61.812 0.0000000000
116801  40.463  -29.473  71.138 0.0000000000
50085  40.764  -28.805  70.659 0.0000000000
115461  40.395  -28.703  69.998 0.0000000000
50084  40.987  -28.116  70.041 0.0000000000
51029  40.415  -27.506  68.374 0.0000000000
51979  40.509  -26.404  67.361 0.0000000000
52966  42.554  -25.351  69.425 0.0000000000
52967  41.922  -25.906  69.028 0.0000000000
122776  41.365  -26.135  68.430 0.0000000000
51991  40.274  -26.050  66.680 0.0000000000
53008  40.128  -25.749  65.950 0.0000000000
115670  39.721  -24.823  64.199 0.0000000000
54133  40.594  -24.254  65.470 0.0000000000
54151  39.997  -24.107  64.154 0.0000000000
55191  39.626  -23.926  63.430 0.0000000000
120842  38.524  -21.903  62.362 0.0000000000
57083  38.219  -21.052  62.716 0.0000000000
58028  37.696  -20.296  62.751 0.0000000000
58021  39.325  -20.537  63.318 0.0000000000
58027  38.474  -20.386  62.938 0.0000000000
59019  38.106  -19.820  62.912 0.0000000000
59018  39.064  -19.807  62.945 0.0000000000
60002  39.598  -19.400  62.545 0.0000000000
57996  41.212  -20.130  66.412 0.0000000000
57997  40.762  -20.180  65.846 0.0000000000
58976  41.200  -19.330  66.594 0.0000000000
58991  40.602  -19.528  65.563 0.0000000000
59000  40.401  -19.280  64.759 0.0000000000
59973  40.261  -19.150  64.097 0.0000000000
60001  40.440  -19.217  62.741 0.0000000000
60007  40.969  -19.313  62.206 0.0000000000
59017  41.721  -19.504  62.249 0.0000000000
59016  42.896  -19.496  62.580 0.0000000000
76570  52.578  -1.062  35.086 0.0000000000
75626  52.765  -1.673  35.484 0.0000000000
74673  53.430  -3.072  36.358 0.0000000000
71914  55.167  -5.867  37.620 0.0000000000
71012  53.609  -7.351  38.440 0.0000000000
133583  54.411  -7.602  38.528 0.0000000000
71011  55.119  -7.439  38.359 0.0000000000
71010  55.955  -7.377  38.300 0.0000000000
70097  56.287  -8.081  38.734 0.0000000000
70082  56.710  -8.583  39.386 0.0000000000
70048  57.257  -9.113  41.159 0.0000000000
30705  9.904  -48.387  77.964 0.0000000000
31732  10.595  -48.179  78.112 0.0000000000
32684  10.254  -47.180  76.275 0.0000000000
45110  30.654  -33.699  74.165 0.0000000000
46045  32.733  -31.968  74.494 0.0000000000
46972  31.205  -31.657  72.791 0.0000000000
48046  33.254  -30.692  73.682 0.0000000000
48057  37.112  -31.293  73.761 0.0000000000
48061  32.334  -30.601  72.820 0.0000000000
48088  30.444  -30.607  70.373 0.0000000000
49090  30.125  -29.898  69.291 0.0000000000
51978  41.070  -25.937  67.782 0.0000000000
52978  42.237  -25.023  68.752 0.0000000000
54102  41.490  -24.081  67.480 0.0000000000
54150  40.500  -23.984  64.780 0.0000000000
54171  39.242  -24.639  63.190 0.0000000000
56161  39.466  -22.217  63.008 0.0000000000
58043  36.595  -20.540  59.870 0.0000000000
59061  44.816  -19.665  59.269 0.0000000000
67158  48.472  -11.638  43.983 0.0000000000
74647  59.820  -3.633  37.054 0.0000000000
116372  38.200  -30.265  69.199 0.0000000000
126099  36.778  -20.173  59.734 0.0000000000
132690  37.531  -31.458  73.082 0.0000000000
133798  30.140  -35.198  75.859 0.0000000000
134911  58.845  -7.987  48.323 0.0000000000
135786  11.966  -45.888  75.783 0.0000000000
136330  28.116  -32.970  68.224 0.0000000000
