#!ascii label  , from subject sub-v1s9x0051357_ses-1 vox2ras=TkReg
1089
50191  33.289  -29.379  60.672 0.0000000000
68180  42.486  -10.358  43.089 0.0000000000
58190  34.938  -20.384  51.358 0.0000000000
41070  16.062  -37.427  70.853 0.0000000000
54140  26.868  -24.690  64.743 0.0000000000
133554  35.641  -15.438  49.562 0.0000000000
44155  22.460  -34.564  65.500 0.0000000000
40148  20.471  -38.562  69.239 0.0000000000
46160  25.326  -31.972  63.701 0.0000000000
68191  46.764  -10.293  42.779 0.0000000000
55217  32.853  -24.288  60.747 0.0000000000
55241  33.146  -23.672  57.244 0.0000000000
52066  36.898  -26.874  60.111 0.0000000000
72802  44.953  -5.065  41.385 0.0000000000
71903  47.936  -6.093  38.884 0.0000000000
69059  39.309  -9.780  46.064 0.0000000000
128911  43.085  -13.716  47.165 0.0000000000
125124  38.768  -14.515  47.309 0.0000000000
59214  39.371  -19.322  50.367 0.0000000000
48155  31.298  -30.357  64.808 0.0000000000
137128  14.168  -40.903  73.184 0.0000000000
38315  9.908  -40.316  73.929 0.0000000000
39156  9.372  -39.531  78.625 0.0000000000
123070  30.612  -25.818  61.823 0.0000000000
50140  27.711  -28.844  64.000 0.0000000000
60084  30.872  -18.938  55.133 0.0000000000
122749  35.263  -20.292  56.371 0.0000000000
77401  50.039  0.124  36.863 0.0000000000
128905  44.407  -10.788  42.850 0.0000000000
66180  44.335  -12.683  44.158 0.0000000000
126387  33.543  -27.292  59.865 0.0000000000
52085  34.505  -26.842  57.881 0.0000000000
49236  34.984  -29.105  59.726 0.0000000000
70970  42.312  -7.496  43.210 0.0000000000
72796  44.310  -5.584  42.796 0.0000000000
70062  43.627  -7.851  41.553 0.0000000000
70060  45.112  -8.427  41.043 0.0000000000
136993  7.811  -44.957  77.147 0.0000000000
66153  38.420  -12.303  46.479 0.0000000000
116051  37.137  -12.062  48.070 0.0000000000
61117  35.043  -17.689  50.208 0.0000000000
61138  37.067  -17.670  48.831 0.0000000000
58197  37.270  -19.989  50.908 0.0000000000
57210  37.970  -21.172  53.371 0.0000000000
40151  18.061  -38.378  69.490 0.0000000000
39220  19.325  -40.232  71.289 0.0000000000
39222  17.497  -39.821  71.653 0.0000000000
38324  16.433  -40.791  73.466 0.0000000000
40110  15.212  -38.840  72.198 0.0000000000
41027  11.437  -37.439  73.449 0.0000000000
38309  9.243  -40.589  75.409 0.0000000000
53060  28.539  -25.086  62.645 0.0000000000
51104  28.474  -27.513  61.730 0.0000000000
52050  26.477  -26.904  62.455 0.0000000000
123834  25.473  -35.794  66.753 0.0000000000
44137  27.326  -33.592  66.275 0.0000000000
56203  36.160  -22.934  58.685 0.0000000000
57146  34.478  -20.974  56.917 0.0000000000
66106  36.741  -12.916  49.949 0.0000000000
63077  34.929  -15.828  51.536 0.0000000000
61105  33.805  -17.819  51.612 0.0000000000
42100  23.626  -36.795  67.217 0.0000000000
41082  22.828  -37.892  69.388 0.0000000000
42102  21.147  -36.867  67.053 0.0000000000
42080  19.187  -36.802  68.167 0.0000000000
43114  17.329  -35.980  69.783 0.0000000000
51072  25.045  -27.872  63.118 0.0000000000
49142  24.114  -29.413  64.990 0.0000000000
45212  24.124  -33.727  64.457 0.0000000000
56175  31.389  -22.542  61.582 0.0000000000
57124  30.075  -21.494  58.906 0.0000000000
55233  32.359  -24.335  58.222 0.0000000000
54206  36.012  -24.756  57.666 0.0000000000
75571  47.394  -2.932  39.124 0.0000000000
123023  46.177  -5.650  39.583 0.0000000000
70074  47.386  -8.393  40.582 0.0000000000
69074  40.544  -9.569  44.233 0.0000000000
66182  42.489  -12.463  44.499 0.0000000000
66171  40.442  -12.410  45.390 0.0000000000
65138  40.910  -14.235  46.924 0.0000000000
62100  41.231  -16.457  48.200 0.0000000000
121284  36.862  -14.909  48.164 0.0000000000
61150  39.519  -17.300  48.477 0.0000000000
48197  32.481  -30.628  62.204 0.0000000000
48194  35.141  -30.295  62.667 0.0000000000
134812  41.623  -8.089  45.063 0.0000000000
42025  14.117  -36.305  71.916 0.0000000000
40112  13.540  -38.233  72.205 0.0000000000
121804  11.985  -41.004  72.974 0.0000000000
35439  11.491  -43.309  73.919 0.0000000000
35425  9.840  -43.568  74.407 0.0000000000
36370  8.381  -42.855  76.319 0.0000000000
36347  7.780  -42.223  78.533 0.0000000000
37318  7.414  -41.743  80.205 0.0000000000
51101  31.552  -27.930  61.524 0.0000000000
50167  30.149  -28.991  61.825 0.0000000000
49154  29.485  -28.965  64.356 0.0000000000
48184  26.174  -30.524  63.431 0.0000000000
59187  33.052  -19.620  52.532 0.0000000000
57161  30.912  -21.571  56.114 0.0000000000
128615  32.807  -21.326  54.743 0.0000000000
57212  35.421  -21.559  53.445 0.0000000000
50151  36.678  -28.821  62.174 0.0000000000
76571  51.287  -0.955  35.541 0.0000000000
116701  48.780  -3.064  37.141 0.0000000000
137019  50.441  -3.981  37.065 0.0000000000
120365  43.418  -10.626  42.863 0.0000000000
67176  44.799  -11.458  43.297 0.0000000000
67177  43.793  -11.447  43.335 0.0000000000
51122  33.503  -28.272  60.011 0.0000000000
50221  34.017  -28.421  59.422 0.0000000000
49218  34.503  -29.341  60.095 0.0000000000
69099  41.882  -8.631  42.771 0.0000000000
70974  42.490  -7.559  42.723 0.0000000000
69098  42.589  -8.923  42.354 0.0000000000
123902  44.102  -9.307  41.788 0.0000000000
34449  7.358  -44.186  78.228 0.0000000000
68120  37.773  -10.853  47.950 0.0000000000
136192  38.017  -11.273  49.614 0.0000000000
130486  35.443  -19.284  50.356 0.0000000000
60141  36.018  -19.032  49.865 0.0000000000
58198  36.477  -20.166  50.937 0.0000000000
122779  37.678  -20.378  51.472 0.0000000000
58189  36.333  -20.688  51.639 0.0000000000
41069  16.644  -37.526  70.364 0.0000000000
39230  17.904  -39.500  70.831 0.0000000000
40139  16.396  -38.165  70.953 0.0000000000
40109  15.916  -39.061  72.112 0.0000000000
40126  15.500  -38.376  71.809 0.0000000000
54166  27.948  -24.803  63.567 0.0000000000
53075  27.688  -25.720  62.326 0.0000000000
53062  26.415  -25.564  63.450 0.0000000000
42077  25.242  -36.465  68.663 0.0000000000
59069  30.681  -18.953  59.022 0.0000000000
57122  36.292  -21.717  59.620 0.0000000000
116589  34.377  -16.532  51.804 0.0000000000
62059  34.099  -16.637  52.538 0.0000000000
43169  22.811  -35.339  65.470 0.0000000000
129228  22.375  -36.619  66.651 0.0000000000
43152  21.417  -35.670  66.169 0.0000000000
43119  20.008  -35.249  67.801 0.0000000000
43112  18.924  -35.296  68.874 0.0000000000
43113  18.153  -35.818  69.226 0.0000000000
51060  24.546  -27.739  64.808 0.0000000000
45195  23.053  -32.924  65.650 0.0000000000
122527  23.379  -32.122  65.622 0.0000000000
126784  23.137  -34.759  65.107 0.0000000000
43168  23.797  -35.289  65.171 0.0000000000
55218  31.669  -23.426  60.470 0.0000000000
54187  32.808  -24.494  59.813 0.0000000000
51174  35.585  -27.152  58.119 0.0000000000
53116  34.909  -26.148  57.488 0.0000000000
52084  36.329  -26.327  58.340 0.0000000000
54199  36.523  -24.596  58.342 0.0000000000
52072  37.203  -26.143  59.838 0.0000000000
72800  44.321  -5.515  41.825 0.0000000000
133811  46.178  -4.330  39.805 0.0000000000
71882  45.548  -5.714  39.947 0.0000000000
69108  46.272  -9.139  41.707 0.0000000000
70075  46.516  -8.177  40.555 0.0000000000
69107  47.125  -9.287  41.776 0.0000000000
123936  40.126  -9.602  44.812 0.0000000000
67164  40.475  -10.983  44.466 0.0000000000
67165  39.672  -10.757  44.957 0.0000000000
65158  38.590  -13.118  46.675 0.0000000000
65157  39.486  -13.583  46.553 0.0000000000
64136  39.414  -14.342  47.064 0.0000000000
63113  41.046  -15.699  47.741 0.0000000000
63114  39.577  -16.009  47.841 0.0000000000
65106  36.436  -13.688  50.114 0.0000000000
65126  36.439  -13.561  48.721 0.0000000000
63097  35.970  -15.408  49.054 0.0000000000
60154  38.413  -18.516  49.381 0.0000000000
61137  38.025  -17.876  48.844 0.0000000000
61136  39.093  -18.034  48.956 0.0000000000
60152  40.563  -18.382  49.474 0.0000000000
48182  31.769  -30.645  62.868 0.0000000000
47109  33.049  -31.125  63.789 0.0000000000
69999  40.872  -8.916  46.891 0.0000000000
70013  40.676  -8.836  45.970 0.0000000000
70030  41.036  -8.504  44.622 0.0000000000
132516  21.611  -38.284  69.483 0.0000000000
40136  20.875  -38.723  70.333 0.0000000000
38325  15.708  -40.777  73.314 0.0000000000
37354  15.757  -41.897  74.314 0.0000000000
37355  15.015  -42.116  74.119 0.0000000000
37356  14.328  -42.210  74.118 0.0000000000
43076  13.711  -35.716  72.591 0.0000000000
133775  13.951  -36.973  71.719 0.0000000000
42027  12.842  -36.682  72.530 0.0000000000
40101  10.608  -38.838  73.579 0.0000000000
39204  11.330  -39.268  72.930 0.0000000000
127042  11.293  -41.174  73.225 0.0000000000
36393  11.720  -42.487  73.609 0.0000000000
36394  10.841  -42.666  73.677 0.0000000000
35424  10.621  -43.453  74.028 0.0000000000
36379  9.979  -42.769  73.960 0.0000000000
39167  9.447  -39.623  77.560 0.0000000000
120599  8.775  -41.122  75.879 0.0000000000
37341  8.639  -41.127  76.755 0.0000000000
36355  7.875  -42.647  77.448 0.0000000000
38296  8.547  -40.976  77.754 0.0000000000
52034  31.715  -26.595  63.026 0.0000000000
51069  32.341  -27.326  62.856 0.0000000000
52059  31.178  -27.102  61.613 0.0000000000
50194  30.679  -28.404  61.556 0.0000000000
51102  30.047  -27.507  61.449 0.0000000000
50169  28.008  -28.267  62.715 0.0000000000
125082  28.875  -28.470  62.620 0.0000000000
50153  28.320  -28.584  63.624 0.0000000000
48185  25.131  -30.326  63.326 0.0000000000
49167  25.549  -29.577  62.965 0.0000000000
46159  26.016  -31.542  63.650 0.0000000000
46128  27.651  -32.846  66.710 0.0000000000
65174  42.586  -13.200  45.734 0.0000000000
65173  43.285  -13.364  45.762 0.0000000000
65153  43.641  -13.481  46.582 0.0000000000
61067  31.694  -17.948  54.537 0.0000000000
60105  32.411  -18.437  53.136 0.0000000000
59167  31.798  -19.552  53.930 0.0000000000
119149  30.995  -23.242  57.928 0.0000000000
56229  30.419  -21.690  56.836 0.0000000000
56227  31.955  -22.472  56.523 0.0000000000
58099  34.810  -20.397  56.610 0.0000000000
57177  33.336  -21.687  55.387 0.0000000000
58121  34.852  -20.802  55.931 0.0000000000
57196  34.466  -21.533  54.383 0.0000000000
58144  35.624  -21.147  54.920 0.0000000000
57193  36.762  -21.382  54.319 0.0000000000
49164  35.988  -29.848  62.904 0.0000000000
76549  50.569  -0.948  35.990 0.0000000000
73727  47.484  -4.367  38.503 0.0000000000
119262  47.814  -2.611  38.410 0.0000000000
128982  48.102  -4.848  38.305 0.0000000000
72838  50.261  -5.215  37.761 0.0000000000
72837  51.174  -5.372  37.656 0.0000000000
121843  21.942  -33.299  66.892 0.0000000000
44140  21.151  -34.856  66.134 0.0000000000
68192  45.939  -10.193  42.691 0.0000000000
68177  47.024  -10.857  43.242 0.0000000000
67175  45.701  -11.480  43.414 0.0000000000
53091  33.776  -25.712  60.186 0.0000000000
54193  33.326  -25.155  59.345 0.0000000000
52074  33.710  -26.871  59.161 0.0000000000
50234  34.869  -28.217  58.775 0.0000000000
50218  35.964  -28.349  59.850 0.0000000000
71864  44.732  -5.768  43.768 0.0000000000
71870  42.944  -6.946  42.875 0.0000000000
71872  43.483  -6.614  42.218 0.0000000000
128193  43.972  -6.353  41.491 0.0000000000
70984  44.632  -6.749  40.780 0.0000000000
70061  44.341  -8.162  41.225 0.0000000000
69096  44.800  -9.537  41.921 0.0000000000
33560  8.314  -45.363  76.513 0.0000000000
69044  39.372  -9.521  47.024 0.0000000000
67151  38.624  -11.003  45.924 0.0000000000
68130  38.344  -10.446  47.426 0.0000000000
66154  37.829  -11.928  46.948 0.0000000000
65140  37.871  -13.381  47.194 0.0000000000
62079  35.191  -16.698  50.008 0.0000000000
63098  35.731  -15.917  49.287 0.0000000000
60156  36.409  -18.199  49.285 0.0000000000
60140  37.024  -18.951  49.799 0.0000000000
59215  38.446  -19.445  50.402 0.0000000000
58188  38.457  -20.340  51.583 0.0000000000
58175  39.128  -20.777  52.665 0.0000000000
49139  31.168  -30.029  65.653 0.0000000000
40150  18.955  -38.746  69.370 0.0000000000
39228  19.750  -39.697  70.628 0.0000000000
39229  18.899  -39.829  70.586 0.0000000000
39221  18.458  -40.186  71.371 0.0000000000
38336  17.682  -40.741  72.944 0.0000000000
38338  16.041  -40.199  72.950 0.0000000000
39214  14.665  -39.448  72.501 0.0000000000
42013  11.770  -36.715  73.901 0.0000000000
40080  10.773  -37.768  75.001 0.0000000000
39195  10.043  -39.408  74.197 0.0000000000
39196  9.617  -40.006  74.837 0.0000000000
39178  10.016  -39.071  76.140 0.0000000000
39166  9.953  -38.987  77.016 0.0000000000
131798  9.873  -38.820  78.601 0.0000000000
53072  30.228  -25.233  62.136 0.0000000000
52060  29.597  -26.642  61.461 0.0000000000
53074  28.533  -25.750  61.815 0.0000000000
51105  27.811  -27.061  61.743 0.0000000000
50170  27.204  -28.128  62.515 0.0000000000
44164  25.904  -34.015  64.573 0.0000000000
45209  26.562  -33.552  64.741 0.0000000000
43148  26.550  -34.838  66.641 0.0000000000
64134  42.795  -14.314  47.660 0.0000000000
60070  30.954  -18.580  56.558 0.0000000000
55239  35.143  -23.363  57.718 0.0000000000
127185  33.679  -22.708  56.763 0.0000000000
56205  35.044  -21.816  57.970 0.0000000000
57134  35.380  -21.169  58.239 0.0000000000
78258  49.800  0.222  37.717 0.0000000000
126374  6.614  -43.341  79.897 0.0000000000
65095  37.106  -13.368  50.864 0.0000000000
65096  36.533  -14.215  50.845 0.0000000000
64096  35.394  -15.461  50.941 0.0000000000
62070  34.651  -16.737  50.892 0.0000000000
61118  34.379  -17.702  50.908 0.0000000000
60125  34.219  -18.552  51.036 0.0000000000
42079  24.162  -36.949  67.991 0.0000000000
41081  23.592  -37.648  69.525 0.0000000000
41115  23.319  -37.254  67.943 0.0000000000
41116  22.355  -37.560  67.922 0.0000000000
41100  20.929  -37.896  68.113 0.0000000000
43133  20.383  -35.575  67.029 0.0000000000
41119  19.964  -37.127  67.772 0.0000000000
41101  19.634  -37.682  68.272 0.0000000000
41084  18.075  -37.574  69.046 0.0000000000
42065  17.637  -36.751  69.333 0.0000000000
42052  16.268  -36.684  70.621 0.0000000000
122748  25.675  -25.976  63.819 0.0000000000
133672  24.906  -26.991  64.737 0.0000000000
49157  24.327  -29.486  63.941 0.0000000000
47101  24.227  -31.450  64.205 0.0000000000
48158  23.715  -30.854  65.500 0.0000000000
47102  24.006  -32.133  64.418 0.0000000000
45211  24.738  -33.654  64.203 0.0000000000
43167  24.873  -35.370  65.443 0.0000000000
42117  24.747  -36.123  66.633 0.0000000000
57097  30.681  -20.811  61.149 0.0000000000
58051  30.245  -20.681  59.729 0.0000000000
56187  30.679  -22.111  60.262 0.0000000000
56206  31.002  -23.076  58.894 0.0000000000
55242  31.934  -23.768  57.664 0.0000000000
115371  33.780  -25.413  57.904 0.0000000000
54209  33.711  -24.795  57.725 0.0000000000
123484  34.825  -24.092  57.443 0.0000000000
122650  36.171  -24.127  58.028 0.0000000000
55223  37.167  -23.520  59.592 0.0000000000
127664  47.079  -3.237  39.693 0.0000000000
131042  46.567  -4.245  39.429 0.0000000000
72806  47.006  -5.648  39.130 0.0000000000
70983  45.402  -7.115  40.361 0.0000000000
70995  46.800  -7.025  39.655 0.0000000000
119277  41.560  -9.999  43.406 0.0000000000
67178  42.020  -11.073  43.640 0.0000000000
67163  41.354  -11.444  44.250 0.0000000000
66170  41.319  -12.655  45.316 0.0000000000
66149  41.941  -13.176  46.054 0.0000000000
66172  39.577  -12.170  45.597 0.0000000000
65156  40.483  -13.625  46.409 0.0000000000
65137  41.801  -14.008  47.018 0.0000000000
63126  41.623  -15.094  47.597 0.0000000000
62099  42.158  -16.597  48.459 0.0000000000
66116  37.108  -12.240  49.578 0.0000000000
133629  36.871  -13.512  48.070 0.0000000000
63130  37.468  -14.638  47.768 0.0000000000
62104  37.099  -16.336  48.372 0.0000000000
62103  38.085  -16.468  48.201 0.0000000000
63115  38.648  -15.808  47.845 0.0000000000
61149  40.501  -17.118  48.440 0.0000000000
49202  32.792  -29.892  61.224 0.0000000000
48213  33.884  -30.401  61.600 0.0000000000
48196  33.347  -30.805  62.385 0.0000000000
114312  34.770  -30.608  64.136 0.0000000000
70968  41.641  -7.957  44.332 0.0000000000
70040  41.427  -8.562  43.428 0.0000000000
42036  15.730  -36.234  71.168 0.0000000000
43075  14.806  -35.297  72.097 0.0000000000
42037  15.190  -36.825  71.417 0.0000000000
41038  14.895  -38.097  71.913 0.0000000000
40111  14.454  -38.565  72.187 0.0000000000
39202  13.762  -39.688  72.644 0.0000000000
40099  11.974  -37.843  72.661 0.0000000000
38340  13.000  -39.847  72.676 0.0000000000
38327  13.489  -40.524  72.951 0.0000000000
36392  12.633  -42.214  73.726 0.0000000000
35422  13.034  -43.633  74.510 0.0000000000
33577  9.337  -45.221  75.251 0.0000000000
37347  9.049  -41.420  75.135 0.0000000000
36369  8.798  -42.804  75.364 0.0000000000
33578  8.648  -44.854  75.835 0.0000000000
34465  8.131  -44.374  76.550 0.0000000000
35380  7.595  -43.518  77.912 0.0000000000
36356  7.542  -42.972  78.418 0.0000000000
38274  8.198  -41.094  79.720 0.0000000000
36341  7.490  -42.220  79.485 0.0000000000
36342  7.103  -42.569  79.948 0.0000000000
51099  32.964  -28.568  60.757 0.0000000000
51100  32.355  -28.423  61.328 0.0000000000
50192  32.497  -29.202  61.117 0.0000000000
49203  32.001  -29.705  61.486 0.0000000000
48199  31.125  -30.158  62.380 0.0000000000
48183  30.893  -30.218  63.169 0.0000000000
50168  29.489  -28.606  62.002 0.0000000000
49181  29.714  -29.050  62.566 0.0000000000
49153  30.147  -29.470  64.433 0.0000000000
51071  25.761  -27.303  62.797 0.0000000000
49182  25.905  -28.809  62.699 0.0000000000
135719  26.831  -29.787  63.699 0.0000000000
46144  27.362  -32.247  65.208 0.0000000000
47099  27.282  -31.360  64.757 0.0000000000
49127  27.661  -29.737  65.614 0.0000000000
66181  43.329  -12.643  44.314 0.0000000000
61080  33.024  -17.151  53.302 0.0000000000
60115  33.240  -18.263  52.178 0.0000000000
58191  34.223  -20.366  51.879 0.0000000000
128358  29.979  -20.603  58.036 0.0000000000
123264  30.268  -20.184  56.746 0.0000000000
59158  30.838  -19.830  55.318 0.0000000000
127456  32.416  -22.085  56.048 0.0000000000
58122  31.760  -21.102  55.053 0.0000000000
58146  31.949  -20.586  54.314 0.0000000000
58145  32.899  -20.954  53.819 0.0000000000
57233  34.535  -21.245  52.836 0.0000000000
58179  34.892  -20.938  52.146 0.0000000000
123469  36.972  -21.373  53.366 0.0000000000
49199  35.301  -29.759  61.182 0.0000000000
50190  35.828  -29.141  60.835 0.0000000000
51098  36.844  -27.895  61.117 0.0000000000
51067  37.698  -27.867  63.102 0.0000000000
52056  37.656  -26.624  61.360 0.0000000000
78279  51.840  0.244  34.792 0.0000000000
76541  48.574  -1.557  37.620 0.0000000000
76540  49.031  -1.345  36.965 0.0000000000
72839  49.448  -4.797  37.759 0.0000000000
74655  49.638  -3.591  37.053 0.0000000000
75606  49.554  -1.956  36.589 0.0000000000
127680  51.149  -2.489  36.230 0.0000000000
136717  52.050  -2.743  36.146 0.0000000000
130258  42.907  -11.101  43.319 0.0000000000
135375  33.364  -28.864  60.330 0.0000000000
49219  33.861  -29.029  59.982 0.0000000000
49201  33.934  -29.617  60.469 0.0000000000
69083  42.096  -9.462  42.822 0.0000000000
68195  42.980  -9.781  42.552 0.0000000000
34431  6.757  -44.689  78.782 0.0000000000
59218  35.134  -19.829  50.729 0.0000000000
127465  35.903  -19.724  50.519 0.0000000000
58199  35.681  -20.331  51.048 0.0000000000
40125  16.133  -38.641  71.579 0.0000000000
41053  15.674  -37.740  71.331 0.0000000000
54156  27.627  -24.569  64.555 0.0000000000
53061  27.245  -25.315  63.102 0.0000000000
53044  26.987  -24.889  63.947 0.0000000000
42063  25.307  -36.518  69.454 0.0000000000
123178  30.719  -19.138  59.928 0.0000000000
43151  22.329  -36.012  65.994 0.0000000000
43170  21.925  -35.163  65.738 0.0000000000
45196  22.236  -33.672  65.915 0.0000000000
45204  22.991  -33.936  65.214 0.0000000000
133953  32.241  -23.875  60.890 0.0000000000
51154  36.141  -27.275  58.819 0.0000000000
52073  36.652  -26.656  59.334 0.0000000000
53097  36.870  -25.978  59.159 0.0000000000
73705  45.440  -4.402  41.831 0.0000000000
73708  45.503  -4.616  40.880 0.0000000000
72804  45.206  -5.384  40.537 0.0000000000
69094  46.527  -9.708  42.275 0.0000000000
32684  10.254  -47.180  76.275 0.0000000000
69067  39.656  -9.965  45.202 0.0000000000
68153  39.146  -10.488  45.596 0.0000000000
65139  38.697  -13.885  47.003 0.0000000000
128939  40.236  -15.470  47.595 0.0000000000
63128  39.305  -15.123  47.495 0.0000000000
64107  35.981  -14.447  50.122 0.0000000000
133751  36.175  -14.052  49.431 0.0000000000
64117  35.862  -14.831  49.519 0.0000000000
60138  38.691  -19.011  49.908 0.0000000000
133003  39.244  -18.707  49.635 0.0000000000
48168  31.479  -30.595  63.895 0.0000000000
48167  32.285  -30.957  63.767 0.0000000000
48154  32.120  -30.836  64.751 0.0000000000
69058  39.998  -9.188  46.443 0.0000000000
69066  40.058  -9.308  45.439 0.0000000000
114840  20.966  -38.534  69.653 0.0000000000
38326  14.879  -40.902  73.164 0.0000000000
37366  15.320  -41.450  73.705 0.0000000000
37367  14.418  -41.547  73.660 0.0000000000
42011  13.084  -35.971  72.977 0.0000000000
39205  10.622  -39.800  73.431 0.0000000000
38330  10.642  -40.701  73.448 0.0000000000
37370  11.111  -41.910  73.423 0.0000000000
137738  10.662  -41.402  73.487 0.0000000000
123461  10.317  -41.991  73.676 0.0000000000
37357  9.995  -41.206  73.797 0.0000000000
38295  9.023  -40.336  77.164 0.0000000000
38284  8.898  -40.280  78.144 0.0000000000
53071  30.923  -25.728  62.525 0.0000000000
52046  31.192  -26.404  61.989 0.0000000000
117429  30.750  -27.539  61.499 0.0000000000
52047  30.485  -26.642  61.520 0.0000000000
50154  27.484  -28.585  63.243 0.0000000000
49155  28.280  -28.638  64.738 0.0000000000
49141  28.057  -28.973  65.592 0.0000000000
47110  25.336  -31.140  63.557 0.0000000000
46150  26.197  -32.401  63.895 0.0000000000
65154  42.773  -13.467  46.403 0.0000000000
126991  30.994  -18.488  55.785 0.0000000000
136250  31.720  -17.522  55.648 0.0000000000
61052  31.336  -18.040  55.234 0.0000000000
60095  31.963  -18.458  53.800 0.0000000000
60096  31.401  -18.740  54.495 0.0000000000
56218  31.413  -22.905  57.223 0.0000000000
56217  32.486  -23.009  56.924 0.0000000000
57175  34.968  -21.226  55.102 0.0000000000
58120  35.632  -20.685  55.667 0.0000000000
58119  36.592  -20.576  55.727 0.0000000000
78262  50.567  0.627  36.491 0.0000000000
77406  50.475  -0.093  36.173 0.0000000000
77407  50.033  -0.516  36.520 0.0000000000
72822  47.649  -5.227  38.656 0.0000000000
132292  22.288  -32.700  67.394 0.0000000000
45185  21.813  -33.019  67.828 0.0000000000
46130  22.529  -32.751  66.598 0.0000000000
68193  45.045  -10.166  42.486 0.0000000000
68179  45.360  -10.816  42.981 0.0000000000
124411  44.361  -12.017  43.602 0.0000000000
67161  45.113  -12.114  43.755 0.0000000000
52067  33.634  -26.467  59.787 0.0000000000
50220  34.570  -28.715  59.387 0.0000000000
51136  34.406  -28.073  58.835 0.0000000000
51155  35.397  -27.828  58.684 0.0000000000
50219  35.277  -28.517  59.301 0.0000000000
71867  42.776  -7.113  43.518 0.0000000000
71866  43.392  -6.609  43.627 0.0000000000
70973  43.020  -7.446  42.142 0.0000000000
70978  43.575  -7.059  41.675 0.0000000000
70977  44.133  -7.311  41.193 0.0000000000
68194  44.010  -9.980  42.291 0.0000000000
69095  45.677  -9.612  42.149 0.0000000000
33535  7.809  -45.926  77.508 0.0000000000
68129  38.874  -9.848  47.659 0.0000000000
69045  38.769  -10.038  46.808 0.0000000000
67112  37.432  -11.500  48.393 0.0000000000
67121  37.495  -11.601  47.655 0.0000000000
66138  37.410  -12.506  47.482 0.0000000000
61139  35.629  -17.470  49.463 0.0000000000
60157  35.640  -18.264  49.676 0.0000000000
59217  36.718  -19.554  50.385 0.0000000000
59216  37.593  -19.481  50.367 0.0000000000
60139  37.948  -18.980  49.833 0.0000000000
59201  38.932  -19.895  51.035 0.0000000000
59202  38.078  -19.931  50.951 0.0000000000
58176  37.994  -20.739  52.052 0.0000000000
57229  38.347  -20.917  52.702 0.0000000000
57209  38.775  -21.002  53.352 0.0000000000
69043  40.168  -9.205  47.414 0.0000000000
39235  19.360  -39.284  69.925 0.0000000000
40137  18.396  -39.195  69.991 0.0000000000
38347  18.067  -40.525  72.180 0.0000000000
39211  17.149  -40.065  72.428 0.0000000000
39212  16.352  -39.733  72.522 0.0000000000
39213  15.583  -39.562  72.495 0.0000000000
38339  15.223  -40.228  72.773 0.0000000000
40068  10.958  -37.692  75.928 0.0000000000
40090  10.337  -38.542  74.574 0.0000000000
40081  10.425  -38.404  75.599 0.0000000000
39186  9.947  -39.182  75.208 0.0000000000
39155  9.862  -38.931  77.883 0.0000000000
54165  29.005  -24.626  63.572 0.0000000000
54164  29.969  -24.687  63.830 0.0000000000
53058  30.486  -25.113  63.108 0.0000000000
53059  29.609  -24.886  62.819 0.0000000000
53073  29.374  -25.286  61.935 0.0000000000
52049  27.246  -26.587  62.075 0.0000000000
51086  27.031  -27.448  62.219 0.0000000000
50171  26.421  -28.116  62.574 0.0000000000
43166  25.745  -35.292  66.069 0.0000000000
136462  26.284  -34.715  65.764 0.0000000000
119219  26.062  -35.439  66.874 0.0000000000
61027  31.456  -17.985  57.214 0.0000000000
59129  30.889  -18.766  57.519 0.0000000000
56204  35.489  -22.581  58.271 0.0000000000
56215  34.876  -22.574  57.703 0.0000000000
57123  36.101  -21.328  58.878 0.0000000000
58061  35.902  -20.626  58.502 0.0000000000
35349  6.062  -43.780  80.225 0.0000000000
62069  35.133  -15.937  50.566 0.0000000000
61091  33.936  -17.075  51.938 0.0000000000
61104  34.230  -17.175  51.423 0.0000000000
41097  23.871  -37.354  68.710 0.0000000000
42101  21.979  -37.058  67.114 0.0000000000
41117  21.465  -37.495  67.628 0.0000000000
41099  21.618  -37.892  68.254 0.0000000000
44127  20.987  -34.434  66.921 0.0000000000
43153  20.854  -35.446  66.450 0.0000000000
43120  19.428  -35.784  68.150 0.0000000000
43134  19.965  -35.903  67.569 0.0000000000
42104  19.755  -36.450  67.742 0.0000000000
41102  18.833  -37.590  68.588 0.0000000000
42066  16.922  -36.754  69.952 0.0000000000
123982  16.756  -36.104  70.276 0.0000000000
134597  25.883  -25.575  65.356 0.0000000000
52009  25.303  -26.378  65.225 0.0000000000
50130  24.289  -28.544  65.435 0.0000000000
50141  24.355  -28.645  64.374 0.0000000000
47090  24.069  -30.471  64.571 0.0000000000
45203  23.558  -33.411  64.797 0.0000000000
46145  23.611  -32.522  64.940 0.0000000000
46153  24.189  -32.947  64.296 0.0000000000
44165  25.151  -34.243  64.466 0.0000000000
44153  24.620  -34.785  64.780 0.0000000000
42118  23.918  -36.340  66.509 0.0000000000
43149  24.282  -35.864  65.879 0.0000000000
42099  24.441  -36.525  67.285 0.0000000000
57110  30.864  -21.828  61.040 0.0000000000
57111  30.501  -21.232  60.434 0.0000000000
55226  31.622  -23.548  59.503 0.0000000000
56196  31.021  -22.921  59.935 0.0000000000
55234  31.625  -23.743  58.437 0.0000000000
54201  32.822  -24.389  57.761 0.0000000000
52086  33.894  -26.479  58.444 0.0000000000
131721  33.636  -25.668  58.451 0.0000000000
53105  34.134  -26.031  57.852 0.0000000000
53115  35.626  -25.550  57.507 0.0000000000
53117  34.382  -25.436  57.626 0.0000000000
54208  34.566  -24.781  57.479 0.0000000000
54207  35.299  -24.789  57.445 0.0000000000
55238  35.589  -24.127  57.670 0.0000000000
124822  37.584  -24.694  59.894 0.0000000000
54192  37.153  -24.417  59.217 0.0000000000
72795  45.187  -5.163  43.241 0.0000000000
75568  47.506  -2.654  39.993 0.0000000000
74621  47.073  -3.137  40.440 0.0000000000
73714  46.395  -4.898  39.443 0.0000000000
73713  46.963  -4.685  38.991 0.0000000000
132221  46.665  -6.282  39.475 0.0000000000
70976  44.853  -7.666  40.775 0.0000000000
70076  45.652  -7.950  40.572 0.0000000000
70982  46.211  -7.464  40.101 0.0000000000
70981  47.053  -7.809  40.015 0.0000000000
68182  40.883  -9.972  43.775 0.0000000000
68181  41.119  -10.639  43.913 0.0000000000
68164  40.600  -10.274  44.163 0.0000000000
67149  40.009  -11.593  45.071 0.0000000000
67148  40.844  -11.914  44.796 0.0000000000
66150  40.975  -13.059  45.924 0.0000000000
67135  38.311  -11.478  46.497 0.0000000000
67134  38.802  -11.825  45.943 0.0000000000
64142  40.087  -14.140  46.802 0.0000000000
66151  39.975  -13.041  45.843 0.0000000000
65155  41.447  -13.582  46.508 0.0000000000
124695  42.086  -14.467  47.443 0.0000000000
64135  41.467  -14.539  47.279 0.0000000000
63112  41.841  -15.776  48.032 0.0000000000
67094  37.750  -11.792  50.014 0.0000000000
64116  36.272  -14.603  48.761 0.0000000000
64128  36.807  -14.178  48.160 0.0000000000
64138  37.367  -13.864  47.694 0.0000000000
123209  36.248  -17.231  48.945 0.0000000000
62090  36.232  -16.287  48.807 0.0000000000
61153  36.809  -16.957  48.627 0.0000000000
61151  38.563  -17.277  48.482 0.0000000000
62102  39.040  -16.620  48.129 0.0000000000
137178  39.811  -16.673  48.168 0.0000000000
48215  32.387  -30.234  61.651 0.0000000000
48214  33.057  -30.433  61.600 0.0000000000
47097  33.417  -31.202  64.577 0.0000000000
47108  33.929  -30.941  63.908 0.0000000000
123631  42.236  -7.690  44.939 0.0000000000
69085  40.847  -8.830  44.019 0.0000000000
69084  41.044  -9.313  43.628 0.0000000000
114151  23.032  -37.882  69.984 0.0000000000
41068  23.580  -37.721  70.463 0.0000000000
37364  16.829  -41.301  74.028 0.0000000000
43106  16.396  -35.755  70.809 0.0000000000
127126  14.289  -35.521  72.324 0.0000000000
42024  14.667  -36.144  71.753 0.0000000000
43092  15.217  -35.808  71.617 0.0000000000
41054  15.148  -37.670  71.621 0.0000000000
41055  14.569  -37.122  71.615 0.0000000000
41039  14.172  -37.714  71.881 0.0000000000
117874  13.919  -39.016  72.382 0.0000000000
41026  12.067  -36.974  72.918 0.0000000000
38329  11.481  -40.289  72.972 0.0000000000
39203  12.216  -39.602  72.661 0.0000000000
38328  12.495  -40.431  72.815 0.0000000000
37368  12.845  -41.296  73.271 0.0000000000
35438  12.394  -43.094  74.042 0.0000000000
35423  12.143  -44.029  74.339 0.0000000000
34483  10.539  -44.334  74.456 0.0000000000
33595  10.180  -45.147  74.835 0.0000000000
34484  9.633  -44.374  74.801 0.0000000000
38316  9.490  -40.899  74.550 0.0000000000
36362  8.661  -41.951  75.781 0.0000000000
35407  8.680  -43.550  75.679 0.0000000000
34476  8.960  -44.298  75.336 0.0000000000
34477  8.566  -44.130  75.942 0.0000000000
35392  8.332  -43.672  76.282 0.0000000000
38273  8.746  -40.355  79.181 0.0000000000
38258  8.465  -40.469  80.185 0.0000000000
36333  6.720  -42.499  80.211 0.0000000000
114866  33.392  -27.658  60.674 0.0000000000
51083  32.468  -27.654  62.036 0.0000000000
50193  31.694  -28.906  61.452 0.0000000000
49179  31.080  -29.498  61.766 0.0000000000
49180  30.479  -29.648  62.471 0.0000000000
52061  28.665  -26.659  61.552 0.0000000000
51103  29.252  -27.443  61.543 0.0000000000
51084  29.022  -28.090  61.846 0.0000000000
50152  29.208  -28.822  63.480 0.0000000000
49165  30.080  -29.525  63.466 0.0000000000
48156  30.641  -29.710  65.014 0.0000000000
116687  29.904  -28.903  65.242 0.0000000000
52037  25.374  -26.883  63.425 0.0000000000
49166  26.343  -29.442  63.072 0.0000000000
48171  27.026  -30.515  64.157 0.0000000000
45202  27.018  -33.625  65.445 0.0000000000
45201  27.078  -32.965  64.952 0.0000000000
45194  27.406  -32.938  65.741 0.0000000000
116019  27.564  -32.140  66.072 0.0000000000
47089  27.493  -31.571  65.558 0.0000000000
48170  27.397  -30.320  64.917 0.0000000000
133494  42.064  -11.857  44.120 0.0000000000
127000  42.884  -11.871  43.785 0.0000000000
62051  33.758  -16.668  53.265 0.0000000000
59188  32.783  -18.774  52.609 0.0000000000
59204  33.635  -19.671  51.927 0.0000000000
58181  33.596  -20.370  52.481 0.0000000000
58063  30.036  -20.552  58.848 0.0000000000
135383  29.890  -21.085  58.396 0.0000000000
58080  30.021  -20.850  57.140 0.0000000000
58100  30.456  -20.910  56.366 0.0000000000
58124  30.518  -20.030  56.073 0.0000000000
58123  30.960  -20.798  55.574 0.0000000000
57147  34.043  -21.896  56.400 0.0000000000
56226  33.009  -22.364  56.377 0.0000000000
57178  32.337  -21.656  55.509 0.0000000000
57213  34.614  -21.501  53.541 0.0000000000
57232  35.189  -21.413  52.849 0.0000000000
57231  36.001  -21.451  52.991 0.0000000000
57211  36.075  -21.553  53.785 0.0000000000
58142  37.313  -20.866  54.972 0.0000000000
48212  34.762  -30.223  61.740 0.0000000000
49200  34.429  -29.928  60.838 0.0000000000
49177  36.260  -29.424  62.354 0.0000000000
49198  36.086  -29.328  61.641 0.0000000000
50189  36.496  -28.629  61.382 0.0000000000
50188  37.134  -28.150  61.889 0.0000000000
51081  37.609  -27.622  62.422 0.0000000000
76572  51.002  -0.312  35.580 0.0000000000
79114  51.572  1.070  35.211 0.0000000000
77415  51.753  -0.535  35.111 0.0000000000
75627  51.948  -1.323  35.426 0.0000000000
75570  47.975  -2.090  39.395 0.0000000000
74656  48.142  -3.317  37.735 0.0000000000
75583  48.304  -2.408  37.645 0.0000000000
73743  49.920  -4.391  37.410 0.0000000000
74677  49.507  -2.753  36.738 0.0000000000
131114  50.225  -2.462  36.497 0.0000000000
74676  50.534  -3.238  36.691 0.0000000000
51137  33.840  -27.745  59.247 0.0000000000
70039  41.897  -7.977  42.914 0.0000000000
70046  42.437  -8.113  42.426 0.0000000000
70045  43.096  -8.386  41.920 0.0000000000
69111  43.837  -8.663  41.611 0.0000000000
69097  43.398  -9.212  42.010 0.0000000000
33549  7.370  -44.899  77.907 0.0000000000
68119  38.431  -10.319  48.266 0.0000000000
135288  38.697  -10.384  49.055 0.0000000000
67111  37.966  -10.892  48.873 0.0000000000
60142  35.279  -18.634  50.171 0.0000000000
135173  37.001  -20.416  51.373 0.0000000000
58177  37.213  -20.782  51.915 0.0000000000
57230  37.539  -21.051  52.619 0.0000000000
40138  17.307  -38.541  70.330 0.0000000000
40124  16.934  -39.027  71.231 0.0000000000
39223  16.618  -39.383  71.951 0.0000000000
119393  11.151  -37.575  76.665 0.0000000000
137034  27.824  -25.182  62.875 0.0000000000
52035  26.804  -26.055  62.663 0.0000000000
42098  25.188  -36.189  67.378 0.0000000000
43132  25.839  -35.744  67.493 0.0000000000
129237  25.530  -36.104  68.136 0.0000000000
56194  36.642  -22.726  59.360 0.0000000000
56195  36.063  -22.174  58.868 0.0000000000
63069  34.656  -16.045  52.438 0.0000000000
42119  23.061  -36.497  66.511 0.0000000000
42120  21.670  -36.420  66.542 0.0000000000
43121  18.772  -36.073  68.582 0.0000000000
46139  23.076  -32.065  66.480 0.0000000000
44154  23.763  -34.358  64.710 0.0000000000
43150  23.334  -35.948  65.807 0.0000000000
56186  31.202  -22.718  60.804 0.0000000000
120462  32.243  -23.937  60.111 0.0000000000
55225  32.248  -24.094  59.128 0.0000000000
51175  35.081  -26.916  57.735 0.0000000000
137920  35.613  -26.394  57.696 0.0000000000
137381  36.068  -25.948  57.708 0.0000000000
53114  36.287  -25.413  57.932 0.0000000000
53104  36.778  -25.322  58.717 0.0000000000
53096  37.281  -25.335  59.508 0.0000000000
53090  37.638  -25.457  60.361 0.0000000000
72798  45.720  -4.621  42.734 0.0000000000
74622  46.566  -3.736  39.923 0.0000000000
73711  46.022  -4.164  40.406 0.0000000000
72807  45.707  -4.904  39.954 0.0000000000
70059  45.963  -8.597  41.072 0.0000000000
70058  46.848  -8.719  41.192 0.0000000000
70057  47.722  -8.891  41.241 0.0000000000
68165  40.115  -10.164  44.596 0.0000000000
66152  39.159  -12.689  46.195 0.0000000000
63127  40.906  -14.958  47.399 0.0000000000
122431  40.146  -14.720  47.216 0.0000000000
62101  40.403  -16.259  47.968 0.0000000000
65114  36.417  -13.366  49.449 0.0000000000
60155  37.473  -18.393  49.269 0.0000000000
61135  40.079  -17.870  48.910 0.0000000000
60153  39.810  -18.382  49.370 0.0000000000
48181  32.685  -31.041  62.984 0.0000000000
47098  32.745  -31.099  64.403 0.0000000000
70012  41.504  -8.522  46.405 0.0000000000
70021  41.250  -8.458  45.525 0.0000000000
134606  40.649  -8.836  45.211 0.0000000000
70022  40.515  -9.125  44.692 0.0000000000
41083  22.145  -38.038  68.889 0.0000000000
40147  22.286  -38.107  69.923 0.0000000000
40135  21.497  -38.405  70.226 0.0000000000
37365  16.083  -41.309  73.876 0.0000000000
36376  14.696  -42.793  74.553 0.0000000000
36377  13.970  -42.606  74.302 0.0000000000
43059  13.922  -35.022  73.060 0.0000000000
42026  13.531  -36.450  72.193 0.0000000000
41040  13.461  -37.261  72.003 0.0000000000
41041  12.746  -37.533  72.331 0.0000000000
40089  10.738  -37.901  73.935 0.0000000000
40100  11.281  -38.319  73.091 0.0000000000
37369  11.920  -41.695  73.278 0.0000000000
121835  11.253  -43.981  74.185 0.0000000000
38305  9.097  -40.418  76.246 0.0000000000
133512  8.601  -41.518  76.244 0.0000000000
37342  8.396  -41.957  76.676 0.0000000000
37333  8.272  -41.735  77.587 0.0000000000
126963  8.224  -41.512  78.346 0.0000000000
37308  7.502  -40.977  80.871 0.0000000000
51070  31.760  -27.176  62.150 0.0000000000
134536  28.416  -28.055  62.125 0.0000000000
50139  28.836  -28.637  64.295 0.0000000000
49140  29.113  -28.497  65.025 0.0000000000
49168  24.842  -29.514  63.240 0.0000000000
50156  25.202  -28.782  62.857 0.0000000000
47100  26.693  -31.487  63.976 0.0000000000
45184  27.534  -33.539  67.065 0.0000000000
135429  27.749  -33.105  67.294 0.0000000000
66169  42.139  -12.846  45.220 0.0000000000
66168  42.896  -13.054  45.045 0.0000000000
61051  32.005  -17.306  55.106 0.0000000000
61066  32.223  -17.520  54.253 0.0000000000
61081  32.488  -17.734  53.519 0.0000000000
117670  32.373  -19.377  53.168 0.0000000000
56207  30.439  -22.462  58.325 0.0000000000
57136  30.031  -21.608  57.811 0.0000000000
56219  30.627  -22.453  57.411 0.0000000000
56228  31.039  -22.267  56.616 0.0000000000
57158  34.230  -21.225  56.049 0.0000000000
57176  34.039  -21.523  55.136 0.0000000000
117112  33.727  -21.431  54.103 0.0000000000
57195  35.282  -21.564  54.229 0.0000000000
58143  36.313  -20.937  55.004 0.0000000000
48179  35.496  -30.225  63.687 0.0000000000
48178  36.340  -29.681  63.735 0.0000000000
131521  36.753  -29.142  63.029 0.0000000000
78270  50.855  0.359  35.873 0.0000000000
74633  47.548  -3.514  38.389 0.0000000000
73726  48.063  -4.173  37.969 0.0000000000
73742  50.952  -4.612  37.399 0.0000000000
74654  51.268  -3.943  36.925 0.0000000000
44139  21.783  -34.448  65.854 0.0000000000
45197  21.542  -34.075  66.436 0.0000000000
45186  21.403  -33.720  67.382 0.0000000000
124498  23.316  -31.343  66.846 0.0000000000
68178  46.224  -10.818  43.127 0.0000000000
67174  46.559  -11.434  43.508 0.0000000000
67160  46.118  -12.205  43.910 0.0000000000
54186  33.506  -24.917  60.588 0.0000000000
53098  33.585  -25.982  59.227 0.0000000000
51157  34.183  -27.332  58.536 0.0000000000
51156  34.867  -27.565  58.241 0.0000000000
51135  35.999  -27.889  59.350 0.0000000000
51121  36.541  -27.704  60.215 0.0000000000
71865  44.013  -6.062  43.447 0.0000000000
71869  43.609  -6.231  42.827 0.0000000000
136674  43.843  -5.962  42.204 0.0000000000
72803  44.609  -5.828  40.985 0.0000000000
69110  44.589  -8.884  41.488 0.0000000000
69109  45.404  -9.050  41.550 0.0000000000
32686  8.671  -46.339  76.358 0.0000000000
134419  38.788  -10.372  46.176 0.0000000000
68144  38.420  -10.713  46.648 0.0000000000
67120  37.950  -11.116  47.177 0.0000000000
65159  37.986  -12.669  46.893 0.0000000000
64137  38.071  -14.226  47.387 0.0000000000
116958  35.383  -15.913  49.796 0.0000000000
62091  35.678  -16.583  49.328 0.0000000000
58187  39.337  -20.370  51.841 0.0000000000
137315  38.656  -20.637  52.169 0.0000000000
123885  31.738  -30.540  65.455 0.0000000000
40149  19.794  -38.734  69.293 0.0000000000
39234  20.225  -39.008  69.934 0.0000000000
124761  14.372  -40.286  72.845 0.0000000000
41019  11.267  -37.235  74.452 0.0000000000
39187  9.555  -39.809  75.759 0.0000000000
40069  10.565  -38.297  76.561 0.0000000000
39179  9.519  -39.700  76.634 0.0000000000
53083  29.961  -25.781  61.591 0.0000000000
53084  29.219  -25.944  61.561 0.0000000000
52048  27.949  -26.355  61.784 0.0000000000
51085  27.796  -27.738  62.065 0.0000000000
120264  26.025  -33.308  64.171 0.0000000000
44151  26.432  -34.211  65.211 0.0000000000
44138  26.872  -34.248  65.990 0.0000000000
43131  26.432  -35.194  67.530 0.0000000000
44126  27.013  -34.572  67.530 0.0000000000
44125  27.186  -34.180  66.819 0.0000000000
64133  43.594  -14.021  47.903 0.0000000000
118138  30.665  -19.165  55.899 0.0000000000
55240  34.309  -23.211  57.225 0.0000000000
56216  34.477  -21.976  57.230 0.0000000000
132935  35.536  -21.787  58.488 0.0000000000
57135  34.838  -21.051  57.637 0.0000000000
58079  34.947  -20.339  57.316 0.0000000000
77402  49.441  -0.504  37.141 0.0000000000
71879  48.305  -6.946  39.233 0.0000000000
71902  48.732  -6.449  38.777 0.0000000000
115120  6.569  -44.126  79.500 0.0000000000
66105  37.447  -12.488  50.454 0.0000000000
64095  35.923  -14.902  50.886 0.0000000000
64108  35.520  -15.226  50.177 0.0000000000
60143  34.696  -18.330  50.545 0.0000000000
59219  34.790  -19.084  50.581 0.0000000000
59203  34.339  -19.590  51.235 0.0000000000
42064  24.684  -36.963  68.814 0.0000000000
41080  24.277  -37.324  69.349 0.0000000000
41098  23.033  -37.664  68.712 0.0000000000
125777  22.795  -37.003  67.199 0.0000000000
40162  21.150  -38.294  68.830 0.0000000000
40163  20.261  -38.254  68.609 0.0000000000
42121  20.894  -36.127  66.627 0.0000000000
42103  20.387  -36.491  67.310 0.0000000000
41118  20.696  -37.313  67.596 0.0000000000
133254  20.307  -37.700  68.044 0.0000000000
40164  19.365  -38.285  68.801 0.0000000000
132166  18.644  -38.183  68.989 0.0000000000
42081  18.366  -36.771  68.731 0.0000000000
41085  17.358  -37.610  69.676 0.0000000000
53045  26.197  -25.247  64.455 0.0000000000
122927  25.576  -25.867  64.595 0.0000000000
52022  25.232  -26.538  64.271 0.0000000000
51059  24.858  -27.321  63.945 0.0000000000
51073  24.594  -28.034  63.842 0.0000000000
50157  24.644  -28.721  63.432 0.0000000000
127353  24.489  -30.133  63.701 0.0000000000
48172  24.542  -30.844  63.788 0.0000000000
134117  24.724  -31.517  63.782 0.0000000000
48142  23.849  -30.098  65.675 0.0000000000
47091  23.736  -31.569  64.999 0.0000000000
46152  24.522  -32.165  63.944 0.0000000000
46151  25.186  -32.922  63.895 0.0000000000
45210  25.417  -33.662  64.210 0.0000000000
44152  25.628  -34.762  65.086 0.0000000000
131556  25.044  -35.728  66.137 0.0000000000
42078  24.900  -36.569  68.039 0.0000000000
59053  30.470  -19.887  60.111 0.0000000000
58045  30.507  -20.414  60.492 0.0000000000
125110  30.368  -21.557  59.760 0.0000000000
56197  30.554  -22.290  59.359 0.0000000000
54194  32.787  -24.617  58.892 0.0000000000
54200  33.225  -24.942  58.242 0.0000000000
136724  33.354  -24.268  57.555 0.0000000000
55232  35.883  -23.478  58.155 0.0000000000
55224  36.579  -23.674  58.737 0.0000000000
74624  46.991  -3.774  39.088 0.0000000000
71875  45.160  -6.222  40.330 0.0000000000
71881  45.939  -6.513  39.820 0.0000000000
71880  47.407  -6.566  39.315 0.0000000000
66183  41.691  -12.228  44.675 0.0000000000
127880  42.286  -13.617  46.745 0.0000000000
67150  39.244  -11.309  45.460 0.0000000000
134228  42.428  -13.956  47.216 0.0000000000
63125  42.375  -15.058  47.857 0.0000000000
63111  42.661  -15.781  48.274 0.0000000000
67102  37.504  -11.607  49.204 0.0000000000
66130  37.048  -12.151  48.734 0.0000000000
66117  36.600  -12.762  49.091 0.0000000000
66131  36.857  -12.785  48.251 0.0000000000
65141  37.212  -13.209  47.688 0.0000000000
63129  38.301  -14.990  47.593 0.0000000000
63117  36.584  -15.514  48.476 0.0000000000
61152  37.598  -17.122  48.529 0.0000000000
63116  37.551  -15.547  48.001 0.0000000000
61148  41.476  -17.216  48.624 0.0000000000
128462  33.558  -30.054  60.983 0.0000000000
48195  34.256  -30.576  62.427 0.0000000000
48180  33.352  -31.054  63.183 0.0000000000
114309  33.876  -30.859  63.021 0.0000000000
119181  34.581  -30.599  63.312 0.0000000000
70967  42.293  -7.430  44.016 0.0000000000
70971  41.744  -7.931  43.583 0.0000000000
126067  41.262  -8.336  43.932 0.0000000000
137430  41.530  -9.181  43.161 0.0000000000
41052  22.844  -38.016  70.672 0.0000000000
137015  15.685  -36.995  71.021 0.0000000000
42012  12.431  -36.315  73.436 0.0000000000
40113  12.692  -38.300  72.410 0.0000000000
39216  12.075  -38.744  72.614 0.0000000000
39215  13.031  -39.059  72.465 0.0000000000
116874  13.708  -41.245  73.393 0.0000000000
36391  13.582  -41.960  73.872 0.0000000000
36378  13.303  -42.858  74.263 0.0000000000
134788  13.549  -43.425  74.582 0.0000000000
34482  11.464  -44.598  74.547 0.0000000000
128257  9.962  -45.825  75.154 0.0000000000
32701  9.389  -46.138  75.593 0.0000000000
37358  9.523  -41.905  74.316 0.0000000000
36380  9.328  -42.806  74.614 0.0000000000
120087  8.958  -42.171  74.987 0.0000000000
35406  9.134  -43.576  74.946 0.0000000000
32702  8.822  -45.633  75.813 0.0000000000
35379  7.832  -43.507  76.921 0.0000000000
34448  7.638  -44.213  77.434 0.0000000000
35371  7.148  -43.672  78.898 0.0000000000
38285  8.440  -40.984  78.708 0.0000000000
37326  7.921  -41.642  79.179 0.0000000000
36348  7.323  -42.858  79.257 0.0000000000
57096  31.021  -21.538  61.809 0.0000000000
51082  33.184  -27.781  61.660 0.0000000000
48198  31.759  -30.219  61.992 0.0000000000
50195  29.758  -28.204  61.617 0.0000000000
48169  30.735  -30.060  64.107 0.0000000000
52036  26.022  -26.412  63.035 0.0000000000
136996  26.269  -27.594  62.541 0.0000000000
50172  25.710  -28.104  62.695 0.0000000000
50155  26.690  -28.666  62.892 0.0000000000
114625  27.070  -29.082  63.582 0.0000000000
45208  26.609  -32.928  64.402 0.0000000000
46149  26.956  -32.269  64.473 0.0000000000
49156  27.517  -29.388  64.548 0.0000000000
67162  43.729  -12.197  43.764 0.0000000000
66167  43.763  -13.228  44.930 0.0000000000
65136  44.022  -13.549  47.431 0.0000000000
61092  33.435  -17.301  52.471 0.0000000000
60116  32.811  -17.900  52.814 0.0000000000
60126  33.679  -18.825  51.633 0.0000000000
59070  30.348  -19.792  59.376 0.0000000000
59101  30.308  -19.778  58.520 0.0000000000
126519  30.312  -19.793  57.553 0.0000000000
59145  30.507  -19.380  56.714 0.0000000000
57160  31.638  -21.920  56.068 0.0000000000
57159  33.275  -21.900  55.850 0.0000000000
57179  31.468  -21.452  55.610 0.0000000000
58147  31.334  -20.400  54.959 0.0000000000
59168  31.285  -19.677  54.636 0.0000000000
58165  32.344  -20.237  53.618 0.0000000000
58164  32.914  -20.368  53.058 0.0000000000
57214  33.765  -21.088  53.176 0.0000000000
58180  34.193  -20.854  52.494 0.0000000000
127786  35.518  -20.698  51.666 0.0000000000
58178  35.771  -21.084  52.270 0.0000000000
128702  36.650  -21.117  52.440 0.0000000000
129214  37.649  -21.318  54.138 0.0000000000
49217  35.085  -29.483  60.347 0.0000000000
49178  35.579  -29.847  62.074 0.0000000000
50207  35.542  -28.872  60.076 0.0000000000
50206  36.257  -28.464  60.566 0.0000000000
51120  37.191  -27.165  60.843 0.0000000000
50150  37.470  -28.532  63.589 0.0000000000
50166  37.268  -28.366  62.690 0.0000000000
118342  37.429  -27.394  61.633 0.0000000000
52065  37.440  -26.389  60.600 0.0000000000
53081  37.790  -25.941  61.059 0.0000000000
77399  48.697  -0.978  38.330 0.0000000000
131191  48.886  -0.905  37.593 0.0000000000
72821  48.592  -5.607  38.448 0.0000000000
73725  48.754  -4.830  38.010 0.0000000000
73744  48.920  -4.037  37.538 0.0000000000
75582  48.814  -2.189  36.961 0.0000000000
76550  49.791  -1.175  36.517 0.0000000000
75605  50.408  -1.801  36.254 0.0000000000
76548  51.201  -1.630  35.794 0.0000000000
74675  51.634  -3.286  36.524 0.0000000000
44117  27.404  -33.993  67.523 0.0000000000
44141  20.678  -35.004  66.665 0.0000000000
44166  24.470  -34.182  64.473 0.0000000000
47076  23.443  -31.446  65.966 0.0000000000
48157  27.529  -30.738  65.585 0.0000000000
54154  29.334  -24.516  64.311 0.0000000000
57194  36.005  -21.384  54.452 0.0000000000
61065  32.703  -17.117  53.930 0.0000000000
78269  51.313  0.336  35.352 0.0000000000
118877  34.979  -25.372  57.372 0.0000000000
122919  36.956  -29.191  63.849 0.0000000000
123143  33.245  -19.044  52.143 0.0000000000
125473  36.466  -27.289  59.575 0.0000000000
126134  33.967  -24.138  57.398 0.0000000000
