#!ascii label  , from subject sub-v1s9x0051358_ses-1 vox2ras=TkReg
1011
52878  -35.966  -11.599  64.705 0.0000000000
59475  -51.238  -4.379  57.827 0.0000000000
56656  -42.342  -7.109  61.460 0.0000000000
42795  -12.645  -23.078  84.422 0.0000000000
51861  -32.491  -12.824  69.398 0.0000000000
116822  -25.854  -21.078  81.445 0.0000000000
45287  -31.952  -19.351  81.356 0.0000000000
50866  -31.866  -14.108  77.035 0.0000000000
52747  -33.767  -11.917  75.833 0.0000000000
96952  -18.740  -20.826  78.407 0.0000000000
43622  -22.918  -20.875  82.475 0.0000000000
98168  -23.036  -20.998  78.932 0.0000000000
44546  -28.750  -19.841  77.080 0.0000000000
48138  -30.115  -16.513  77.183 0.0000000000
53736  -36.986  -10.042  70.311 0.0000000000
55646  -38.429  -8.085  67.743 0.0000000000
116203  -46.078  -4.483  59.635 0.0000000000
54754  -38.216  -9.440  62.382 0.0000000000
59528  -49.544  -4.606  52.493 0.0000000000
39897  -10.178  -25.162  87.377 0.0000000000
53709  -35.261  -10.226  73.344 0.0000000000
98951  -33.793  -12.627  66.989 0.0000000000
104186  -25.866  -21.193  76.879 0.0000000000
43683  -29.197  -21.510  79.580 0.0000000000
56574  -42.153  -7.006  67.498 0.0000000000
63073  -55.051  0.092  47.207 0.0000000000
50010  -30.818  -14.902  74.964 0.0000000000
50907  -31.357  -13.915  74.591 0.0000000000
43689  -20.590  -20.919  78.533 0.0000000000
46178  -29.205  -17.883  74.782 0.0000000000
48166  -29.538  -16.054  74.504 0.0000000000
49082  -31.038  -15.568  77.044 0.0000000000
53771  -37.206  -11.205  67.139 0.0000000000
54671  -37.683  -9.636  69.297 0.0000000000
54711  -37.343  -9.895  65.849 0.0000000000
98330  -48.880  -4.416  59.799 0.0000000000
103368  -49.194  -4.372  62.167 0.0000000000
60376  -53.155  -3.194  56.957 0.0000000000
40962  -10.913  -24.059  82.566 0.0000000000
41883  -11.624  -23.844  85.937 0.0000000000
51836  -32.870  -11.851  72.533 0.0000000000
53697  -34.756  -10.745  74.776 0.0000000000
52806  -33.798  -11.120  71.355 0.0000000000
52821  -34.571  -11.265  69.484 0.0000000000
51874  -33.443  -12.175  68.434 0.0000000000
43640  -24.322  -20.570  81.741 0.0000000000
108394  -23.532  -20.746  84.667 0.0000000000
117024  -26.434  -21.559  83.869 0.0000000000
42838  -27.650  -21.843  83.045 0.0000000000
103315  -23.972  -21.499  76.484 0.0000000000
100246  -25.725  -21.413  74.995 0.0000000000
45312  -30.253  -19.456  78.576 0.0000000000
43712  -28.719  -20.532  78.235 0.0000000000
44502  -30.708  -20.809  80.094 0.0000000000
101665  -30.412  -21.438  81.524 0.0000000000
43634  -15.351  -21.257  81.555 0.0000000000
44471  -16.805  -20.378  82.303 0.0000000000
43603  -16.712  -20.493  84.129 0.0000000000
55709  -40.407  -8.662  62.281 0.0000000000
55686  -40.205  -8.265  64.130 0.0000000000
56625  -42.519  -7.358  64.091 0.0000000000
63948  -57.187  2.132  45.951 0.0000000000
42772  -12.629  -22.177  87.213 0.0000000000
51744  -33.902  -12.816  79.813 0.0000000000
52698  -34.505  -11.685  78.880 0.0000000000
51785  -32.696  -13.132  76.949 0.0000000000
51824  -32.119  -13.000  73.589 0.0000000000
44501  -19.389  -20.426  80.525 0.0000000000
43636  -20.428  -20.656  82.021 0.0000000000
43654  -20.835  -20.682  80.123 0.0000000000
43656  -22.712  -20.706  80.586 0.0000000000
43679  -24.354  -20.569  80.000 0.0000000000
43741  -27.069  -20.957  74.363 0.0000000000
44563  -28.401  -19.523  74.895 0.0000000000
46162  -29.462  -18.363  76.552 0.0000000000
47126  -30.789  -17.872  78.989 0.0000000000
48112  -31.166  -16.200  79.387 0.0000000000
49973  -32.394  -14.477  79.386 0.0000000000
44515  -17.524  -20.748  79.158 0.0000000000
55569  -37.296  -7.828  73.197 0.0000000000
115467  -40.143  -4.434  73.615 0.0000000000
56531  -38.175  -7.442  71.916 0.0000000000
55607  -39.016  -7.836  70.844 0.0000000000
57546  -44.054  -5.633  61.157 0.0000000000
57519  -44.503  -6.501  63.501 0.0000000000
58397  -46.538  -5.424  63.170 0.0000000000
38999  -5.663  -27.157  92.278 0.0000000000
54752  -36.702  -9.649  63.311 0.0000000000
97142  -38.775  -10.002  59.949 0.0000000000
56686  -42.089  -7.093  58.618 0.0000000000
57571  -44.057  -5.675  58.133 0.0000000000
58477  -46.309  -5.050  57.128 0.0000000000
58490  -48.594  -5.196  56.333 0.0000000000
59493  -50.663  -4.540  55.410 0.0000000000
58534  -47.417  -5.566  53.585 0.0000000000
40896  -11.738  -23.183  88.713 0.0000000000
39882  -10.255  -24.735  90.398 0.0000000000
39006  -8.200  -26.153  91.740 0.0000000000
56475  -38.386  -6.527  78.039 0.0000000000
53664  -35.456  -10.498  77.058 0.0000000000
54601  -36.423  -9.581  76.147 0.0000000000
55546  -37.133  -8.729  74.824 0.0000000000
54646  -35.512  -9.338  71.809 0.0000000000
52833  -35.455  -11.713  68.610 0.0000000000
51898  -35.551  -12.561  66.399 0.0000000000
109404  -21.050  -20.989  84.974 0.0000000000
43693  -24.434  -21.162  78.346 0.0000000000
101702  -25.933  -20.726  79.181 0.0000000000
43724  -27.593  -20.482  76.645 0.0000000000
42878  -27.813  -21.186  78.589 0.0000000000
43660  -27.103  -21.537  80.392 0.0000000000
42864  -28.573  -21.897  81.007 0.0000000000
41917  -12.453  -23.337  82.320 0.0000000000
42850  -14.079  -22.061  81.875 0.0000000000
42796  -13.812  -22.135  84.229 0.0000000000
98085  -38.048  -8.630  65.662 0.0000000000
111675  -39.697  -7.384  67.415 0.0000000000
57438  -41.253  -5.538  70.168 0.0000000000
56612  -43.924  -7.231  65.875 0.0000000000
60395  -52.471  -3.046  54.295 0.0000000000
62189  -53.585  -1.429  53.156 0.0000000000
106906  -55.125  0.207  51.029 0.0000000000
62225  -53.768  -1.750  48.988 0.0000000000
63913  -56.524  1.271  49.447 0.0000000000
50025  -30.233  -14.969  74.564 0.0000000000
50026  -30.223  -14.265  74.401 0.0000000000
50037  -29.412  -14.480  73.275 0.0000000000
48165  -29.174  -16.584  73.921 0.0000000000
48179  -29.168  -15.787  73.743 0.0000000000
50009  -30.542  -15.342  75.364 0.0000000000
52869  -36.631  -11.321  65.725 0.0000000000
53783  -37.073  -10.845  66.176 0.0000000000
53796  -36.959  -10.566  65.339 0.0000000000
97489  -49.906  -4.518  58.958 0.0000000000
103367  -49.996  -4.465  60.866 0.0000000000
59454  -51.506  -4.231  59.810 0.0000000000
60355  -53.236  -3.158  59.431 0.0000000000
60368  -52.833  -3.547  57.779 0.0000000000
103270  -12.045  -23.618  84.189 0.0000000000
41890  -11.437  -24.023  84.465 0.0000000000
41891  -12.068  -23.518  85.119 0.0000000000
51845  -32.356  -12.285  71.319 0.0000000000
52795  -33.434  -11.270  72.200 0.0000000000
52813  -33.443  -11.684  70.757 0.0000000000
51862  -33.695  -12.123  69.040 0.0000000000
114253  -33.206  -12.414  69.053 0.0000000000
107859  -18.444  -20.425  83.041 0.0000000000
42851  -25.212  -20.596  81.611 0.0000000000
97325  -25.421  -21.260  83.430 0.0000000000
97071  -26.279  -21.560  82.966 0.0000000000
97362  -27.414  -21.947  83.911 0.0000000000
42853  -26.659  -21.505  81.941 0.0000000000
45304  -30.805  -19.364  79.215 0.0000000000
43699  -30.330  -20.346  79.151 0.0000000000
45305  -31.014  -19.945  79.914 0.0000000000
44503  -31.247  -20.514  80.731 0.0000000000
44486  -17.860  -20.340  81.060 0.0000000000
44472  -17.653  -20.312  82.609 0.0000000000
59234  -39.337  -4.344  78.319 0.0000000000
55719  -41.265  -8.195  61.293 0.0000000000
55710  -40.864  -8.174  62.765 0.0000000000
56635  -42.406  -7.381  63.203 0.0000000000
50859  -33.068  -13.363  78.430 0.0000000000
51771  -33.251  -12.773  78.045 0.0000000000
50880  -32.154  -13.676  76.674 0.0000000000
112611  -31.848  -13.452  74.269 0.0000000000
50932  -31.137  -13.257  72.669 0.0000000000
51844  -31.807  -12.705  72.050 0.0000000000
44517  -19.097  -20.568  79.444 0.0000000000
43635  -20.287  -20.590  80.894 0.0000000000
43674  -19.972  -20.723  79.854 0.0000000000
43690  -21.433  -21.028  78.381 0.0000000000
43676  -21.227  -20.700  79.252 0.0000000000
113954  -22.635  -20.714  79.729 0.0000000000
43678  -23.461  -20.689  79.972 0.0000000000
45348  -27.650  -20.076  73.382 0.0000000000
47173  -29.499  -17.185  75.565 0.0000000000
46173  -29.341  -18.122  75.747 0.0000000000
47155  -29.828  -17.852  77.079 0.0000000000
102874  -30.058  -18.027  77.808 0.0000000000
47141  -30.328  -17.423  78.305 0.0000000000
48111  -30.681  -16.852  78.872 0.0000000000
48126  -30.806  -16.171  78.612 0.0000000000
49983  -31.628  -14.795  77.233 0.0000000000
100814  -31.692  -14.772  78.120 0.0000000000
49978  -32.183  -14.268  78.481 0.0000000000
50852  -32.839  -13.942  78.826 0.0000000000
44516  -18.308  -20.684  79.042 0.0000000000
55594  -36.759  -8.430  71.948 0.0000000000
55583  -37.512  -7.782  72.342 0.0000000000
54658  -37.014  -8.769  71.274 0.0000000000
55645  -38.056  -8.785  68.030 0.0000000000
55634  -38.177  -8.820  69.004 0.0000000000
55621  -38.615  -7.788  69.776 0.0000000000
56540  -39.404  -6.764  70.618 0.0000000000
105737  -39.414  -6.504  69.276 0.0000000000
58439  -45.114  -5.163  60.286 0.0000000000
58410  -45.602  -5.460  62.101 0.0000000000
58423  -46.155  -4.953  61.359 0.0000000000
59391  -50.231  -4.083  63.905 0.0000000000
57570  -43.322  -6.206  58.658 0.0000000000
57576  -42.638  -6.652  57.348 0.0000000000
57579  -44.938  -5.661  56.616 0.0000000000
58488  -46.364  -5.658  56.358 0.0000000000
103949  -47.911  -5.320  56.996 0.0000000000
97175  -47.061  -5.621  55.876 0.0000000000
58502  -48.457  -5.346  55.428 0.0000000000
40928  -10.322  -25.127  85.902 0.0000000000
101422  -9.363  -25.669  87.810 0.0000000000
42757  -12.978  -21.684  89.326 0.0000000000
41863  -11.961  -22.923  87.811 0.0000000000
98060  -12.007  -22.468  89.980 0.0000000000
40886  -10.822  -23.623  90.983 0.0000000000
39878  -10.194  -24.367  91.637 0.0000000000
39880  -9.038  -25.955  90.678 0.0000000000
39876  -8.674  -25.465  92.844 0.0000000000
39001  -7.341  -26.308  93.028 0.0000000000
52726  -34.375  -11.476  77.146 0.0000000000
52711  -35.014  -11.117  78.459 0.0000000000
52749  -34.919  -10.958  76.704 0.0000000000
53698  -35.308  -10.260  74.292 0.0000000000
53682  -35.866  -9.880  75.705 0.0000000000
54612  -35.868  -9.774  74.786 0.0000000000
117742  -37.055  -8.971  75.505 0.0000000000
54622  -36.456  -9.227  74.297 0.0000000000
54635  -36.244  -9.004  73.275 0.0000000000
54634  -35.652  -9.526  72.812 0.0000000000
52832  -34.675  -11.605  68.897 0.0000000000
52822  -35.187  -11.158  69.270 0.0000000000
51885  -34.903  -12.410  67.249 0.0000000000
51886  -35.959  -12.214  66.951 0.0000000000
51897  -34.669  -12.886  66.430 0.0000000000
43621  -22.034  -20.687  82.584 0.0000000000
42834  -21.224  -20.674  83.848 0.0000000000
42835  -22.161  -20.657  83.475 0.0000000000
103314  -24.989  -21.408  76.840 0.0000000000
43708  -24.262  -21.358  77.402 0.0000000000
115782  -24.964  -21.271  77.748 0.0000000000
43694  -25.397  -21.043  78.466 0.0000000000
43695  -26.234  -20.830  78.418 0.0000000000
44557  -27.953  -20.222  75.477 0.0000000000
103948  -27.070  -20.948  75.126 0.0000000000
44545  -28.129  -20.056  76.445 0.0000000000
43698  -28.954  -21.081  78.878 0.0000000000
43697  -28.271  -21.038  78.467 0.0000000000
42872  -28.386  -21.569  79.222 0.0000000000
42871  -27.754  -21.555  79.295 0.0000000000
108513  -28.223  -21.753  79.882 0.0000000000
42873  -28.794  -21.759  80.142 0.0000000000
48095  -32.680  -16.619  81.535 0.0000000000
43633  -14.497  -21.752  81.187 0.0000000000
42831  -14.412  -21.951  82.841 0.0000000000
42830  -13.625  -22.404  82.428 0.0000000000
43593  -16.626  -20.798  85.184 0.0000000000
54753  -37.382  -9.549  62.849 0.0000000000
54733  -37.163  -8.938  64.532 0.0000000000
55683  -37.731  -8.707  64.057 0.0000000000
56609  -41.442  -7.694  65.725 0.0000000000
55661  -39.983  -8.150  65.949 0.0000000000
101921  -41.347  -6.703  67.794 0.0000000000
57464  -40.964  -6.071  68.555 0.0000000000
57465  -41.866  -5.993  68.565 0.0000000000
57503  -45.485  -6.236  64.595 0.0000000000
116824  -44.130  -7.003  64.594 0.0000000000
56613  -44.755  -7.162  66.023 0.0000000000
59504  -49.804  -4.855  54.234 0.0000000000
59506  -51.287  -4.250  54.846 0.0000000000
59517  -51.192  -4.257  54.003 0.0000000000
60423  -51.993  -3.142  52.023 0.0000000000
109902  -53.485  -2.003  51.785 0.0000000000
62203  -54.284  -1.092  51.798 0.0000000000
62202  -53.923  -1.685  50.788 0.0000000000
62263  -53.754  -1.300  46.863 0.0000000000
62252  -53.164  -1.512  47.645 0.0000000000
62254  -54.364  -1.038  48.133 0.0000000000
63028  -54.918  -0.254  49.545 0.0000000000
104766  -56.743  1.488  48.614 0.0000000000
63922  -56.978  1.783  47.717 0.0000000000
63965  -57.702  1.614  45.454 0.0000000000
49994  -31.652  -14.756  76.422 0.0000000000
50879  -31.858  -14.352  76.192 0.0000000000
50893  -30.962  -14.428  74.819 0.0000000000
50906  -30.509  -13.817  74.214 0.0000000000
43688  -19.707  -20.848  78.732 0.0000000000
47195  -28.665  -17.159  73.362 0.0000000000
47184  -29.398  -16.876  74.720 0.0000000000
48144  -29.811  -16.557  76.327 0.0000000000
100187  -30.561  -16.045  77.428 0.0000000000
49088  -30.092  -15.839  75.876 0.0000000000
49993  -31.356  -15.187  76.540 0.0000000000
101852  -37.155  -11.065  69.227 0.0000000000
104825  -37.587  -9.797  70.123 0.0000000000
109788  -37.501  -10.403  67.775 0.0000000000
54701  -37.795  -9.615  67.411 0.0000000000
98589  -38.115  -8.921  67.169 0.0000000000
59450  -47.477  -4.418  59.553 0.0000000000
99841  -47.406  -4.593  61.243 0.0000000000
59438  -48.994  -4.379  60.664 0.0000000000
106130  -49.947  -4.236  62.282 0.0000000000
62163  -53.774  -1.726  56.388 0.0000000000
40938  -10.852  -24.580  84.787 0.0000000000
40917  -10.618  -24.858  86.587 0.0000000000
52775  -33.569  -11.745  73.981 0.0000000000
52764  -34.319  -11.356  75.272 0.0000000000
52786  -33.413  -11.462  73.061 0.0000000000
52796  -33.923  -10.927  72.621 0.0000000000
53725  -34.441  -10.628  71.942 0.0000000000
53733  -34.571  -10.658  70.857 0.0000000000
52814  -34.109  -11.338  70.210 0.0000000000
52820  -34.110  -11.753  69.341 0.0000000000
51884  -33.782  -12.109  67.795 0.0000000000
43623  -23.887  -20.805  82.471 0.0000000000
110733  -23.240  -20.867  83.154 0.0000000000
42836  -24.337  -20.959  83.128 0.0000000000
96950  -25.910  -21.144  84.641 0.0000000000
42820  -28.318  -22.951  83.906 0.0000000000
43720  -24.517  -21.541  75.775 0.0000000000
43721  -25.573  -21.423  75.917 0.0000000000
107980  -29.212  -19.455  77.224 0.0000000000
44535  -28.468  -20.178  77.476 0.0000000000
44525  -29.858  -20.014  78.369 0.0000000000
116748  -29.745  -21.102  79.222 0.0000000000
115129  -29.827  -21.436  79.814 0.0000000000
43661  -29.466  -21.654  80.360 0.0000000000
115383  -30.815  -21.095  80.863 0.0000000000
44497  -15.809  -20.998  79.897 0.0000000000
44484  -15.905  -20.931  80.947 0.0000000000
43617  -15.517  -20.939  82.612 0.0000000000
43602  -15.628  -20.719  83.616 0.0000000000
44461  -17.171  -20.361  83.193 0.0000000000
54755  -39.610  -9.078  62.094 0.0000000000
55696  -39.511  -8.560  63.425 0.0000000000
55697  -40.280  -8.379  63.129 0.0000000000
55687  -41.122  -7.890  64.380 0.0000000000
56610  -42.305  -7.389  65.681 0.0000000000
59536  -48.387  -4.628  51.459 0.0000000000
59538  -50.112  -4.157  51.972 0.0000000000
60420  -49.501  -3.713  50.922 0.0000000000
101978  -54.003  -1.006  46.123 0.0000000000
97828  -56.089  1.399  46.237 0.0000000000
63089  -55.094  0.273  45.467 0.0000000000
106668  -55.922  1.288  44.638 0.0000000000
117678  -12.805  -22.514  85.479 0.0000000000
99248  -12.535  -22.474  86.437 0.0000000000
102625  -34.581  -11.682  79.661 0.0000000000
51754  -34.161  -12.245  79.329 0.0000000000
51772  -33.784  -12.064  77.639 0.0000000000
51786  -33.199  -12.541  76.404 0.0000000000
50895  -32.126  -13.833  75.791 0.0000000000
51812  -32.485  -13.090  75.243 0.0000000000
51813  -33.007  -12.395  74.589 0.0000000000
51825  -32.813  -12.282  73.556 0.0000000000
107219  -32.445  -12.164  72.039 0.0000000000
44487  -18.791  -20.331  81.297 0.0000000000
44474  -19.830  -20.651  82.586 0.0000000000
44488  -19.682  -20.516  81.624 0.0000000000
43637  -21.854  -20.690  81.809 0.0000000000
43675  -20.461  -20.779  79.314 0.0000000000
43655  -21.842  -20.611  80.121 0.0000000000
43638  -22.670  -20.793  81.618 0.0000000000
43657  -23.604  -20.601  81.024 0.0000000000
43658  -24.608  -20.405  80.865 0.0000000000
42863  -25.489  -20.554  80.836 0.0000000000
44571  -27.939  -20.150  74.308 0.0000000000
45337  -28.282  -19.799  75.639 0.0000000000
97798  -28.655  -18.733  74.418 0.0000000000
45338  -28.997  -18.839  76.076 0.0000000000
45329  -28.716  -19.486  76.413 0.0000000000
46149  -29.639  -18.715  77.364 0.0000000000
46127  -30.579  -18.710  78.748 0.0000000000
46128  -31.461  -18.188  79.668 0.0000000000
46119  -32.380  -17.978  80.956 0.0000000000
47109  -31.959  -17.646  80.202 0.0000000000
48101  -31.801  -16.671  80.105 0.0000000000
49058  -32.266  -15.291  80.722 0.0000000000
49076  -31.238  -15.510  78.645 0.0000000000
49066  -31.980  -15.033  79.867 0.0000000000
49964  -32.590  -14.608  80.534 0.0000000000
49965  -33.302  -14.064  80.875 0.0000000000
44499  -17.335  -20.622  80.197 0.0000000000
57364  -37.959  -6.372  74.556 0.0000000000
57395  -38.388  -5.853  73.040 0.0000000000
57409  -38.809  -6.103  72.612 0.0000000000
56525  -39.353  -6.872  72.201 0.0000000000
55606  -37.968  -8.394  71.048 0.0000000000
55596  -38.705  -7.452  71.590 0.0000000000
57544  -42.793  -6.489  61.068 0.0000000000
56645  -43.049  -7.035  62.719 0.0000000000
102322  -44.129  -5.946  61.927 0.0000000000
57534  -45.012  -6.117  62.966 0.0000000000
57521  -45.975  -5.757  63.972 0.0000000000
103054  -47.814  -4.664  62.464 0.0000000000
58382  -47.667  -5.245  64.257 0.0000000000
53814  -35.150  -10.785  62.869 0.0000000000
53816  -36.464  -10.168  63.705 0.0000000000
99559  -36.004  -9.938  62.994 0.0000000000
53827  -36.635  -10.041  62.460 0.0000000000
53839  -37.568  -9.956  61.956 0.0000000000
54764  -38.384  -9.689  61.536 0.0000000000
54765  -39.231  -9.354  61.214 0.0000000000
55718  -40.609  -8.564  60.864 0.0000000000
55728  -41.158  -8.119  60.401 0.0000000000
115176  -42.095  -7.147  60.235 0.0000000000
57553  -42.650  -6.593  60.123 0.0000000000
58451  -44.262  -5.577  59.536 0.0000000000
116687  -44.958  -4.870  58.861 0.0000000000
57578  -44.186  -6.111  57.062 0.0000000000
110748  -44.700  -5.202  57.346 0.0000000000
58453  -46.128  -4.337  59.039 0.0000000000
58467  -47.306  -4.652  58.346 0.0000000000
59472  -48.733  -4.799  57.970 0.0000000000
103732  -50.028  -4.651  57.628 0.0000000000
59484  -50.869  -4.474  56.346 0.0000000000
59483  -50.017  -4.770  56.003 0.0000000000
58520  -49.152  -5.240  54.789 0.0000000000
58535  -48.258  -5.333  53.363 0.0000000000
59526  -47.898  -5.051  52.006 0.0000000000
41874  -11.759  -23.399  86.820 0.0000000000
40905  -11.484  -23.753  87.602 0.0000000000
116572  -10.613  -24.686  88.064 0.0000000000
41851  -11.364  -23.102  90.620 0.0000000000
100479  -10.806  -24.111  89.932 0.0000000000
39888  -10.096  -25.149  88.375 0.0000000000
101419  -9.424  -25.713  88.826 0.0000000000
39008  -8.102  -26.554  90.370 0.0000000000
102147  -7.041  -26.662  91.189 0.0000000000
39005  -7.025  -26.438  92.325 0.0000000000
57343  -38.526  -5.716  77.550 0.0000000000
117692  -36.852  -9.830  78.672 0.0000000000
100620  -35.304  -10.458  76.147 0.0000000000
53665  -35.961  -10.006  76.573 0.0000000000
55525  -37.687  -8.550  77.707 0.0000000000
56485  -37.804  -7.833  76.001 0.0000000000
56493  -38.072  -7.206  75.287 0.0000000000
55556  -37.454  -7.965  74.136 0.0000000000
55582  -36.764  -8.402  72.785 0.0000000000
54657  -36.103  -8.933  71.476 0.0000000000
53734  -35.245  -10.209  70.498 0.0000000000
53743  -35.603  -10.568  69.731 0.0000000000
53744  -36.572  -10.598  69.720 0.0000000000
52834  -36.317  -11.902  68.323 0.0000000000
52868  -36.211  -11.996  66.066 0.0000000000
51907  -35.747  -12.258  65.454 0.0000000000
51872  -32.108  -13.228  68.512 0.0000000000
51882  -32.551  -12.886  67.866 0.0000000000
51883  -33.095  -12.662  67.442 0.0000000000
51896  -33.705  -13.217  66.199 0.0000000000
51905  -34.509  -13.298  65.577 0.0000000000
51017  -34.398  -13.462  64.443 0.0000000000
51912  -35.060  -12.920  64.177 0.0000000000
52888  -35.544  -11.447  63.681 0.0000000000
42816  -22.326  -20.732  84.456 0.0000000000
102168  -23.112  -21.289  77.954 0.0000000000
43707  -23.431  -21.445  77.161 0.0000000000
43692  -23.671  -21.160  78.449 0.0000000000
98521  -23.983  -20.895  79.153 0.0000000000
98520  -24.981  -20.779  79.322 0.0000000000
43680  -25.733  -20.664  80.023 0.0000000000
43740  -26.321  -21.234  74.482 0.0000000000
43732  -26.389  -21.189  75.497 0.0000000000
43722  -26.447  -21.072  76.471 0.0000000000
43711  -28.118  -20.470  77.882 0.0000000000
42883  -27.334  -20.553  77.961 0.0000000000
43710  -26.550  -20.864  77.547 0.0000000000
102075  -26.574  -20.921  79.076 0.0000000000
43681  -26.458  -21.137  79.803 0.0000000000
43659  -26.314  -21.261  80.780 0.0000000000
42854  -27.879  -21.854  82.151 0.0000000000
98903  -28.888  -22.695  82.371 0.0000000000
101906  -11.774  -23.752  82.563 0.0000000000
41899  -12.418  -23.382  83.381 0.0000000000
42849  -13.520  -22.106  80.942 0.0000000000
42848  -12.826  -22.682  81.172 0.0000000000
42829  -12.985  -22.865  81.964 0.0000000000
42808  -13.068  -22.830  82.872 0.0000000000
111381  -13.192  -22.479  84.580 0.0000000000
106404  -13.691  -22.022  85.061 0.0000000000
104133  -15.918  -20.596  84.598 0.0000000000
54732  -37.035  -9.617  64.948 0.0000000000
54721  -37.469  -9.045  65.420 0.0000000000
100076  -38.481  -8.487  66.999 0.0000000000
99381  -38.670  -8.529  65.129 0.0000000000
55660  -39.451  -8.065  66.637 0.0000000000
55647  -38.948  -7.706  67.359 0.0000000000
56564  -39.701  -6.275  68.852 0.0000000000
56636  -43.142  -7.126  63.570 0.0000000000
56611  -43.086  -7.182  65.739 0.0000000000
56589  -42.664  -7.343  66.640 0.0000000000
59485  -51.843  -4.122  56.171 0.0000000000
112245  -53.076  -2.843  55.477 0.0000000000
61243  -52.939  -2.393  54.829 0.0000000000
60413  -51.748  -3.588  52.737 0.0000000000
61263  -52.693  -2.671  53.486 0.0000000000
62182  -54.154  -0.519  54.467 0.0000000000
63000  -54.822  0.357  53.988 0.0000000000
63893  -55.215  0.618  52.396 0.0000000000
61307  -53.182  -2.106  49.328 0.0000000000
62212  -54.467  -0.940  50.123 0.0000000000
63020  -55.623  0.766  50.682 0.0000000000
64780  -58.148  2.222  46.643 0.0000000000
50036  -29.236  -15.101  73.520 0.0000000000
99784  -29.733  -14.540  73.993 0.0000000000
49124  -28.729  -15.605  73.226 0.0000000000
49114  -29.687  -15.305  74.191 0.0000000000
109371  -36.229  -11.644  65.410 0.0000000000
53795  -36.537  -11.128  64.970 0.0000000000
59464  -50.495  -4.510  58.281 0.0000000000
59453  -50.641  -4.447  59.302 0.0000000000
59465  -51.523  -4.271  58.720 0.0000000000
59455  -52.351  -3.779  59.549 0.0000000000
59466  -52.510  -3.752  58.604 0.0000000000
59476  -51.999  -4.108  57.808 0.0000000000
51852  -32.422  -12.525  70.427 0.0000000000
52805  -32.932  -12.078  70.784 0.0000000000
117458  -33.345  -12.136  69.880 0.0000000000
44473  -19.123  -20.503  82.533 0.0000000000
42852  -25.784  -21.178  82.105 0.0000000000
103830  -31.338  -19.059  79.826 0.0000000000
45297  -31.518  -19.612  80.617 0.0000000000
56655  -41.787  -7.724  61.812 0.0000000000
56644  -42.348  -7.294  62.315 0.0000000000
50858  -32.441  -13.694  78.087 0.0000000000
50867  -32.279  -13.548  77.482 0.0000000000
50931  -30.435  -13.689  72.335 0.0000000000
108851  -31.293  -13.405  73.689 0.0000000000
43677  -22.088  -20.717  79.081 0.0000000000
48137  -29.847  -17.105  76.920 0.0000000000
47166  -29.630  -17.535  76.363 0.0000000000
47156  -30.027  -17.197  77.583 0.0000000000
48125  -30.394  -16.518  78.027 0.0000000000
49984  -31.938  -14.050  77.732 0.0000000000
54665  -36.382  -9.344  70.833 0.0000000000
55635  -38.499  -7.913  68.690 0.0000000000
56550  -39.014  -7.021  69.449 0.0000000000
56563  -39.005  -7.098  68.413 0.0000000000
58440  -45.957  -4.800  60.341 0.0000000000
59436  -46.745  -4.661  60.771 0.0000000000
102180  -50.882  -4.077  64.835 0.0000000000
115152  -46.965  -5.754  55.175 0.0000000000
39910  -9.927  -25.360  86.451 0.0000000000
39896  -9.446  -25.533  86.996 0.0000000000
41857  -12.343  -22.244  89.064 0.0000000000
41853  -12.638  -22.229  90.408 0.0000000000
39877  -9.596  -24.557  92.880 0.0000000000
39873  -9.116  -25.029  93.922 0.0000000000
52748  -34.437  -11.356  76.204 0.0000000000
54621  -35.817  -9.695  73.806 0.0000000000
53717  -35.076  -10.094  72.391 0.0000000000
52840  -34.691  -11.950  68.159 0.0000000000
43709  -25.702  -21.130  77.656 0.0000000000
104175  -32.629  -15.673  81.592 0.0000000000
43616  -15.045  -21.232  83.294 0.0000000000
54743  -37.943  -8.938  63.213 0.0000000000
107063  -41.955  -7.467  66.493 0.0000000000
99234  -41.219  -7.601  66.941 0.0000000000
108248  -45.754  -6.572  65.319 0.0000000000
57482  -45.073  -6.700  65.237 0.0000000000
59515  -49.709  -4.790  53.351 0.0000000000
59516  -50.468  -4.529  53.681 0.0000000000
61278  -52.984  -2.508  51.001 0.0000000000
61292  -53.113  -2.290  50.072 0.0000000000
63054  -54.449  -0.858  47.389 0.0000000000
62253  -53.938  -1.407  47.627 0.0000000000
63055  -54.920  -0.172  48.040 0.0000000000
63921  -55.746  0.898  47.912 0.0000000000
63933  -55.930  1.153  47.041 0.0000000000
50011  -31.386  -14.746  75.574 0.0000000000
50038  -29.845  -13.914  73.814 0.0000000000
48151  -29.685  -16.294  75.383 0.0000000000
48145  -30.345  -16.008  76.695 0.0000000000
100262  -31.185  -15.138  75.800 0.0000000000
53754  -37.166  -11.428  68.325 0.0000000000
53755  -37.394  -10.380  68.741 0.0000000000
53772  -37.536  -10.312  66.772 0.0000000000
111136  -37.770  -9.503  66.545 0.0000000000
59451  -48.296  -4.576  59.251 0.0000000000
98987  -48.193  -4.429  60.105 0.0000000000
59426  -51.050  -3.939  62.317 0.0000000000
59412  -51.586  -3.653  63.306 0.0000000000
60331  -52.435  -3.354  62.922 0.0000000000
61233  -53.622  -2.257  57.111 0.0000000000
62154  -54.296  -1.303  57.322 0.0000000000
108314  -11.396  -24.107  85.219 0.0000000000
40929  -10.929  -24.571  85.745 0.0000000000
117281  -33.877  -10.947  72.034 0.0000000000
53716  -34.617  -10.622  72.942 0.0000000000
52831  -34.039  -11.843  68.535 0.0000000000
43731  -24.943  -21.568  74.954 0.0000000000
45311  -29.683  -19.419  77.941 0.0000000000
44536  -29.186  -20.010  77.855 0.0000000000
116511  -30.236  -21.114  79.692 0.0000000000
43662  -30.200  -21.377  80.464 0.0000000000
43663  -31.227  -21.009  81.740 0.0000000000
44498  -16.557  -20.701  80.470 0.0000000000
44460  -16.223  -20.528  82.919 0.0000000000
44462  -17.949  -20.404  83.395 0.0000000000
55708  -39.767  -8.707  62.715 0.0000000000
56634  -41.742  -7.652  63.788 0.0000000000
55698  -40.959  -8.014  63.501 0.0000000000
56624  -41.919  -7.673  64.783 0.0000000000
111801  -48.780  -4.225  51.017 0.0000000000
63071  -53.189  -1.064  46.130 0.0000000000
63088  -53.628  -0.645  45.523 0.0000000000
103106  -54.503  -0.427  45.806 0.0000000000
63103  -54.257  -0.128  44.916 0.0000000000
98067  -13.007  -22.027  86.499 0.0000000000
42758  -13.960  -21.749  89.553 0.0000000000
51762  -33.588  -12.799  78.872 0.0000000000
113294  -32.811  -13.133  77.572 0.0000000000
105065  -33.268  -12.639  77.242 0.0000000000
50894  -31.621  -14.300  75.350 0.0000000000
50908  -32.032  -13.754  74.945 0.0000000000
100487  -32.375  -13.024  74.368 0.0000000000
51803  -33.113  -12.456  75.510 0.0000000000
101842  -21.226  -20.683  81.235 0.0000000000
115643  -22.071  -20.704  81.071 0.0000000000
43639  -23.480  -20.755  81.864 0.0000000000
117816  -23.996  -20.521  80.462 0.0000000000
112588  -25.071  -20.429  80.222 0.0000000000
116795  -28.116  -20.142  74.999 0.0000000000
46187  -28.889  -18.034  73.859 0.0000000000
103817  -28.384  -18.688  73.691 0.0000000000
46172  -28.870  -18.748  75.269 0.0000000000
114762  -28.620  -19.291  75.668 0.0000000000
100032  -29.218  -19.001  76.723 0.0000000000
116614  -30.371  -18.162  78.397 0.0000000000
112202  -31.037  -18.642  79.266 0.0000000000
47127  -31.237  -17.216  79.571 0.0000000000
48102  -32.261  -16.153  80.766 0.0000000000
49057  -31.770  -15.764  80.051 0.0000000000
112464  -30.906  -15.740  77.559 0.0000000000
49075  -30.803  -15.874  78.022 0.0000000000
49083  -31.256  -15.379  77.753 0.0000000000
49972  -31.830  -14.923  78.987 0.0000000000
50846  -33.066  -14.036  79.804 0.0000000000
50853  -33.375  -13.416  79.279 0.0000000000
50847  -33.642  -13.477  80.286 0.0000000000
44514  -16.580  -20.877  79.348 0.0000000000
44500  -18.337  -20.468  80.099 0.0000000000
56503  -37.668  -7.191  73.520 0.0000000000
57381  -38.166  -5.544  73.848 0.0000000000
57394  -37.892  -6.522  73.039 0.0000000000
56523  -38.234  -7.049  72.285 0.0000000000
57408  -38.300  -6.502  72.659 0.0000000000
56524  -38.816  -6.598  72.323 0.0000000000
57410  -39.440  -6.277  72.510 0.0000000000
56532  -38.810  -7.031  71.979 0.0000000000
55620  -38.139  -8.851  70.125 0.0000000000
55597  -39.616  -7.109  71.845 0.0000000000
55608  -39.683  -7.019  71.530 0.0000000000
57545  -43.423  -6.118  61.496 0.0000000000
115896  -46.094  -5.431  62.633 0.0000000000
117293  -45.304  -5.806  62.602 0.0000000000
58396  -45.678  -5.712  63.044 0.0000000000
59423  -47.965  -4.480  61.804 0.0000000000
59409  -48.536  -4.486  62.510 0.0000000000
58383  -48.654  -4.873  64.304 0.0000000000
38205  -5.205  -27.079  91.864 0.0000000000
38210  -4.580  -27.486  91.352 0.0000000000
38204  -4.906  -27.563  92.117 0.0000000000
117139  -36.268  -10.337  61.956 0.0000000000
100702  -36.823  -10.447  61.385 0.0000000000
53840  -37.755  -10.097  60.987 0.0000000000
54775  -38.573  -9.839  60.670 0.0000000000
54776  -39.240  -9.667  60.346 0.0000000000
54777  -39.946  -9.173  60.447 0.0000000000
55727  -40.593  -8.683  60.010 0.0000000000
56675  -41.568  -7.554  59.927 0.0000000000
56676  -42.111  -7.114  59.499 0.0000000000
57561  -42.674  -6.612  59.123 0.0000000000
107227  -43.853  -5.786  59.093 0.0000000000
98204  -44.788  -5.248  59.559 0.0000000000
111351  -44.454  -5.373  58.896 0.0000000000
58487  -45.599  -5.404  56.746 0.0000000000
116391  -45.051  -5.035  56.959 0.0000000000
58476  -45.341  -4.717  57.483 0.0000000000
58466  -45.426  -4.493  58.466 0.0000000000
110742  -46.307  -4.456  58.110 0.0000000000
58454  -46.870  -4.274  58.935 0.0000000000
58468  -47.992  -5.089  57.819 0.0000000000
58479  -48.683  -5.034  57.193 0.0000000000
59473  -49.389  -4.781  57.410 0.0000000000
58491  -49.334  -4.912  56.577 0.0000000000
96980  -50.061  -4.726  56.879 0.0000000000
58519  -48.177  -5.427  54.392 0.0000000000
58536  -49.038  -5.172  53.859 0.0000000000
103585  -8.595  -26.248  87.842 0.0000000000
41884  -12.148  -23.060  86.107 0.0000000000
41875  -12.201  -22.692  87.007 0.0000000000
40904  -10.922  -24.502  87.423 0.0000000000
40895  -11.195  -24.075  88.356 0.0000000000
41852  -11.822  -22.642  90.543 0.0000000000
111806  -10.750  -24.479  88.914 0.0000000000
39885  -10.186  -25.010  89.362 0.0000000000
101525  -9.612  -25.544  89.913 0.0000000000
39868  -7.994  -26.388  93.654 0.0000000000
57333  -38.498  -5.301  78.908 0.0000000000
58256  -38.803  -4.787  78.051 0.0000000000
52688  -34.895  -11.152  80.427 0.0000000000
52699  -34.979  -11.170  79.377 0.0000000000
53643  -35.564  -10.583  77.969 0.0000000000
53621  -35.665  -10.622  79.044 0.0000000000
53622  -36.268  -10.207  78.367 0.0000000000
103230  -36.457  -10.073  79.285 0.0000000000
52776  -34.246  -11.304  74.359 0.0000000000
53681  -34.828  -10.831  75.626 0.0000000000
54585  -36.707  -9.587  76.962 0.0000000000
54586  -37.219  -9.311  77.587 0.0000000000
109920  -37.220  -9.032  76.991 0.0000000000
55547  -37.381  -8.565  75.691 0.0000000000
114055  -38.280  -7.017  76.200 0.0000000000
102193  -37.659  -7.979  75.064 0.0000000000
54647  -36.060  -8.814  72.277 0.0000000000
54656  -35.638  -9.539  70.983 0.0000000000
53726  -35.061  -10.089  71.405 0.0000000000
53742  -34.811  -10.704  69.902 0.0000000000
53735  -35.999  -10.001  70.328 0.0000000000
53753  -36.291  -11.314  69.070 0.0000000000
117618  -31.667  -13.710  66.878 0.0000000000
51895  -33.004  -13.136  66.722 0.0000000000
50997  -32.894  -13.519  65.966 0.0000000000
51007  -33.440  -13.724  65.160 0.0000000000
51016  -33.479  -13.778  64.130 0.0000000000
51920  -34.949  -12.303  63.632 0.0000000000
42817  -23.623  -20.757  83.698 0.0000000000
103300  -23.782  -21.285  77.857 0.0000000000
98082  -27.065  -20.867  76.060 0.0000000000
43723  -27.125  -20.710  77.023 0.0000000000
42884  -27.829  -20.666  78.113 0.0000000000
43696  -27.098  -20.912  78.645 0.0000000000
112021  -27.762  -21.724  80.126 0.0000000000
43682  -27.135  -21.404  79.525 0.0000000000
111469  -27.131  -21.594  81.240 0.0000000000
103273  -27.889  -21.810  81.143 0.0000000000
43641  -29.721  -21.750  81.337 0.0000000000
43653  -15.046  -21.435  80.369 0.0000000000
109603  -13.428  -22.447  81.660 0.0000000000
42809  -13.756  -22.271  83.333 0.0000000000
109412  -13.129  -22.676  83.794 0.0000000000
58297  -40.451  -4.551  74.260 0.0000000000
53806  -36.711  -10.349  64.534 0.0000000000
54741  -36.782  -9.499  64.146 0.0000000000
55674  -37.788  -8.672  64.880 0.0000000000
55658  -37.984  -8.890  66.273 0.0000000000
55685  -39.196  -8.516  64.291 0.0000000000
99152  -39.627  -8.254  65.061 0.0000000000
56588  -40.251  -7.747  66.762 0.0000000000
56572  -39.514  -6.854  68.029 0.0000000000
117734  -39.874  -6.801  67.859 0.0000000000
57452  -41.536  -5.551  69.408 0.0000000000
57451  -40.542  -5.670  69.428 0.0000000000
57518  -43.818  -6.886  63.095 0.0000000000
57501  -43.847  -6.889  64.053 0.0000000000
56626  -43.621  -7.191  64.897 0.0000000000
56590  -43.505  -7.340  66.759 0.0000000000
59494  -51.343  -4.281  55.595 0.0000000000
60405  -51.844  -3.714  54.311 0.0000000000
60383  -51.995  -3.828  55.228 0.0000000000
60384  -52.558  -3.188  55.057 0.0000000000
60412  -51.054  -3.940  52.165 0.0000000000
117226  -51.576  -3.500  52.081 0.0000000000
61271  -53.008  -2.112  52.719 0.0000000000
61270  -52.402  -2.931  52.728 0.0000000000
61264  -53.153  -2.001  53.587 0.0000000000
61255  -53.239  -1.975  54.273 0.0000000000
62181  -53.650  -1.392  53.975 0.0000000000
62190  -54.158  -0.657  53.547 0.0000000000
99756  -54.916  -0.037  51.653 0.0000000000
114158  -54.663  -0.275  52.301 0.0000000000
63885  -55.947  1.419  52.540 0.0000000000
63010  -55.590  0.983  51.577 0.0000000000
62237  -53.730  -1.566  48.271 0.0000000000
62224  -52.823  -1.849  48.569 0.0000000000
61306  -52.308  -2.145  49.430 0.0000000000
62211  -53.884  -1.748  49.777 0.0000000000
62226  -54.373  -1.129  49.327 0.0000000000
63029  -55.620  0.626  49.855 0.0000000000
63908  -56.436  1.262  50.310 0.0000000000
63902  -56.903  1.539  50.873 0.0000000000
63909  -57.127  1.472  49.802 0.0000000000
63934  -57.067  2.087  46.876 0.0000000000
104219  -28.281  -16.625  72.839 0.0000000000
48178  -28.632  -16.222  73.288 0.0000000000
49099  -29.966  -15.614  74.990 0.0000000000
52854  -36.688  -11.685  66.502 0.0000000000
59452  -49.187  -4.589  59.133 0.0000000000
98329  -49.752  -4.455  59.849 0.0000000000
59439  -50.729  -4.406  60.296 0.0000000000
59441  -53.256  -3.024  60.579 0.0000000000
60363  -53.832  -2.341  59.189 0.0000000000
60362  -53.237  -3.220  58.558 0.0000000000
41898  -11.464  -23.975  83.483 0.0000000000
51846  -33.005  -11.727  71.568 0.0000000000
42837  -25.025  -21.012  82.504 0.0000000000
44489  -31.742  -20.250  81.438 0.0000000000
102575  -17.362  -20.311  81.742 0.0000000000
102932  -41.159  -8.259  62.111 0.0000000000
109915  -41.594  -7.747  62.788 0.0000000000
112599  -32.707  -13.317  77.918 0.0000000000
51834  -31.742  -12.957  72.964 0.0000000000
56514  -37.774  -7.110  72.785 0.0000000000
55595  -37.657  -8.054  71.665 0.0000000000
56551  -39.522  -6.409  70.015 0.0000000000
58421  -44.682  -5.340  60.914 0.0000000000
58409  -44.768  -5.561  61.579 0.0000000000
58422  -45.353  -5.158  61.114 0.0000000000
58411  -46.552  -5.123  62.217 0.0000000000
59410  -49.469  -4.277  62.999 0.0000000000
98375  -48.776  -4.541  63.355 0.0000000000
59390  -49.374  -4.442  63.825 0.0000000000
63879  -55.633  1.250  54.513 0.0000000000
57569  -42.695  -6.656  58.226 0.0000000000
57577  -43.383  -6.310  57.758 0.0000000000
58478  -47.177  -5.062  57.546 0.0000000000
58489  -47.114  -5.399  56.697 0.0000000000
99586  -47.813  -5.439  56.104 0.0000000000
58501  -47.627  -5.538  55.243 0.0000000000
39895  -8.672  -25.829  87.097 0.0000000000
117982  -9.026  -25.998  88.249 0.0000000000
42765  -12.711  -21.860  88.201 0.0000000000
41846  -11.432  -22.821  91.424 0.0000000000
114920  -9.724  -25.306  90.830 0.0000000000
39881  -9.319  -25.434  91.746 0.0000000000
39002  -7.819  -26.000  92.791 0.0000000000
39872  -8.215  -25.779  93.441 0.0000000000
52710  -34.404  -11.575  78.028 0.0000000000
52727  -34.967  -11.042  77.551 0.0000000000
53708  -34.736  -10.729  73.855 0.0000000000
103527  -35.271  -10.267  75.229 0.0000000000
54602  -37.018  -9.120  76.165 0.0000000000
54613  -36.580  -9.361  75.341 0.0000000000
55568  -36.905  -8.558  73.752 0.0000000000
52841  -35.702  -12.210  67.848 0.0000000000
105918  -35.265  -12.933  65.858 0.0000000000
98283  -21.108  -20.666  82.666 0.0000000000
42800  -23.703  -21.424  85.536 0.0000000000
44556  -27.649  -20.569  74.803 0.0000000000
43733  -27.587  -20.534  75.731 0.0000000000
99009  -14.904  -21.606  82.232 0.0000000000
42810  -14.510  -21.675  83.840 0.0000000000
42797  -14.402  -21.440  84.782 0.0000000000
54742  -37.150  -9.054  63.715 0.0000000000
55675  -40.605  -7.912  65.168 0.0000000000
56608  -40.700  -7.897  66.159 0.0000000000
56573  -40.495  -6.997  67.638 0.0000000000
56565  -40.114  -6.318  68.369 0.0000000000
57502  -44.650  -6.579  64.407 0.0000000000
111082  -44.357  -7.064  65.130 0.0000000000
59505  -50.561  -4.564  54.551 0.0000000000
98561  -51.632  -3.828  53.549 0.0000000000
98726  -52.641  -2.608  51.918 0.0000000000
62195  -53.731  -1.557  52.443 0.0000000000
105826  -54.593  -0.583  50.943 0.0000000000
62262  -52.613  -1.283  46.843 0.0000000000
62238  -54.239  -1.259  48.708 0.0000000000
107362  -54.682  -0.552  48.767 0.0000000000
63036  -55.503  0.557  48.877 0.0000000000
64787  -56.882  1.786  45.048 0.0000000000
64788  -57.767  2.087  45.620 0.0000000000
50920  -30.401  -13.596  73.339 0.0000000000
43691  -22.289  -21.218  78.178 0.0000000000
46198  -28.358  -18.124  73.136 0.0000000000
47183  -29.164  -17.325  74.089 0.0000000000
111685  -30.783  -15.535  76.211 0.0000000000
53745  -37.321  -10.408  69.674 0.0000000000
54682  -37.674  -9.559  68.336 0.0000000000
59449  -46.660  -4.400  59.761 0.0000000000
59437  -47.438  -4.501  60.388 0.0000000000
101951  -48.115  -4.444  60.968 0.0000000000
59424  -48.694  -4.399  61.597 0.0000000000
59425  -49.479  -4.397  61.522 0.0000000000
59411  -50.559  -3.950  63.142 0.0000000000
59392  -51.452  -3.650  64.174 0.0000000000
61223  -54.303  -1.544  58.863 0.0000000000
109384  -53.898  -1.316  55.730 0.0000000000
40949  -10.791  -24.484  83.919 0.0000000000
108878  -10.172  -25.153  84.246 0.0000000000
40937  -10.304  -25.164  85.143 0.0000000000
52763  -33.697  -11.866  74.909 0.0000000000
52787  -34.076  -11.104  73.465 0.0000000000
42818  -24.660  -20.687  84.107 0.0000000000
112769  -24.743  -20.742  84.924 0.0000000000
42801  -25.480  -21.485  85.504 0.0000000000
102683  -29.499  -20.548  78.594 0.0000000000
54744  -38.941  -8.920  62.752 0.0000000000
115445  -41.277  -7.781  64.991 0.0000000000
59527  -48.732  -4.804  52.204 0.0000000000
59537  -49.301  -4.347  51.611 0.0000000000
116062  -49.856  -3.952  51.447 0.0000000000
60421  -50.452  -3.571  51.312 0.0000000000
63072  -54.519  -0.657  46.588 0.0000000000
63090  -55.191  0.326  46.307 0.0000000000
114585  -55.521  0.812  45.847 0.0000000000
63947  -55.927  1.254  45.378 0.0000000000
63946  -55.179  0.542  44.693 0.0000000000
51763  -33.909  -12.188  78.474 0.0000000000
51787  -33.797  -11.980  76.748 0.0000000000
51802  -32.591  -13.114  76.119 0.0000000000
51835  -32.310  -12.498  72.784 0.0000000000
44581  -26.930  -20.660  72.992 0.0000000000
44570  -27.381  -20.669  73.884 0.0000000000
45349  -28.162  -19.397  73.954 0.0000000000
46150  -30.073  -18.753  78.157 0.0000000000
46118  -31.832  -18.621  80.542 0.0000000000
47110  -32.440  -17.122  80.766 0.0000000000
49065  -31.547  -15.460  79.409 0.0000000000
109486  -33.026  -14.462  81.511 0.0000000000
50840  -33.838  -13.537  81.217 0.0000000000
102449  -38.160  -5.532  74.688 0.0000000000
58315  -39.304  -5.613  72.884 0.0000000000
57396  -39.908  -5.585  72.885 0.0000000000
54666  -37.351  -9.265  70.611 0.0000000000
57531  -42.878  -6.692  61.902 0.0000000000
57532  -43.601  -6.519  62.300 0.0000000000
57533  -44.365  -6.402  62.664 0.0000000000
113060  -44.878  -5.920  62.298 0.0000000000
57520  -45.202  -6.074  63.780 0.0000000000
57504  -46.352  -6.100  64.986 0.0000000000
117881  -46.830  -4.793  61.528 0.0000000000
59422  -47.306  -4.737  62.006 0.0000000000
59408  -47.271  -5.030  62.753 0.0000000000
59389  -47.995  -4.835  63.288 0.0000000000
110944  -47.278  -5.250  63.494 0.0000000000
58381  -46.850  -5.588  64.138 0.0000000000
38212  -6.273  -27.448  90.358 0.0000000000
53805  -36.285  -10.946  64.110 0.0000000000
53815  -35.799  -10.492  63.292 0.0000000000
53826  -35.800  -10.271  62.375 0.0000000000
105353  -38.916  -9.370  62.020 0.0000000000
54766  -40.072  -8.884  61.424 0.0000000000
113590  -40.747  -8.570  61.623 0.0000000000
56665  -41.836  -7.584  60.845 0.0000000000
55737  -41.072  -8.201  59.510 0.0000000000
56666  -42.341  -6.967  60.756 0.0000000000
57554  -43.418  -5.961  60.528 0.0000000000
106623  -43.274  -6.148  59.564 0.0000000000
58438  -44.310  -5.532  60.266 0.0000000000
58452  -45.507  -4.772  59.454 0.0000000000
58465  -44.748  -4.870  58.130 0.0000000000
59461  -47.572  -4.490  58.931 0.0000000000
59462  -48.101  -4.800  58.522 0.0000000000
97342  -48.763  -4.703  58.633 0.0000000000
59463  -49.497  -4.638  58.278 0.0000000000
59474  -50.693  -4.521  57.330 0.0000000000
58503  -49.262  -5.076  55.699 0.0000000000
59492  -49.928  -4.895  55.114 0.0000000000
59514  -48.982  -5.088  52.976 0.0000000000
58548  -48.295  -5.160  52.652 0.0000000000
40918  -11.286  -24.223  86.674 0.0000000000
40890  -11.412  -23.460  89.565 0.0000000000
39884  -8.894  -26.234  89.590 0.0000000000
39004  -5.966  -26.835  91.857 0.0000000000
39000  -6.448  -26.783  92.598 0.0000000000
53599  -35.503  -10.440  80.832 0.0000000000
115855  -34.889  -10.908  76.163 0.0000000000
53644  -36.125  -10.121  77.452 0.0000000000
54566  -36.829  -9.793  77.901 0.0000000000
54567  -37.366  -9.203  78.526 0.0000000000
55526  -38.183  -7.506  78.400 0.0000000000
55537  -37.526  -8.490  76.597 0.0000000000
56474  -38.028  -7.555  77.122 0.0000000000
115960  -38.380  -6.645  77.036 0.0000000000
57353  -38.430  -6.040  76.420 0.0000000000
57365  -38.231  -6.269  75.458 0.0000000000
56492  -37.812  -7.246  74.399 0.0000000000
52842  -36.649  -12.024  67.522 0.0000000000
51873  -32.831  -12.620  68.501 0.0000000000
99199  -33.119  -12.364  67.971 0.0000000000
50987  -32.402  -13.291  67.173 0.0000000000
51906  -35.208  -12.963  65.024 0.0000000000
51028  -34.573  -13.043  63.670 0.0000000000
51913  -35.467  -12.233  64.454 0.0000000000
101755  -27.995  -20.328  77.191 0.0000000000
42887  -27.657  -20.471  77.494 0.0000000000
42865  -29.180  -22.023  81.188 0.0000000000
115770  -37.590  -9.260  65.967 0.0000000000
55695  -38.618  -8.678  63.663 0.0000000000
55684  -38.385  -8.604  64.400 0.0000000000
102345  -39.155  -8.357  65.823 0.0000000000
118096  -38.576  -8.473  65.758 0.0000000000
55659  -38.618  -8.398  66.382 0.0000000000
57450  -39.871  -5.933  69.840 0.0000000000
109000  -43.163  -7.163  64.298 0.0000000000
107849  -42.771  -7.316  64.894 0.0000000000
56575  -43.081  -6.899  67.650 0.0000000000
57466  -42.712  -6.249  68.514 0.0000000000
97319  -51.511  -4.303  57.061 0.0000000000
59486  -52.363  -3.847  56.941 0.0000000000
60385  -52.714  -3.478  55.974 0.0000000000
101598  -53.349  -2.701  56.199 0.0000000000
61244  -53.330  -2.036  55.575 0.0000000000
59529  -50.360  -4.415  52.798 0.0000000000
59530  -51.120  -4.171  53.139 0.0000000000
60406  -52.152  -3.317  53.525 0.0000000000
61254  -52.946  -2.476  54.091 0.0000000000
62171  -53.589  -1.463  54.903 0.0000000000
62172  -54.299  -0.474  55.427 0.0000000000
63884  -55.554  1.144  53.385 0.0000000000
63006  -54.746  0.071  53.044 0.0000000000
109134  -56.221  1.546  53.203 0.0000000000
63019  -55.045  -0.062  50.356 0.0000000000
63901  -56.265  1.324  51.063 0.0000000000
64767  -58.149  2.130  47.390 0.0000000000
63949  -58.173  2.099  46.542 0.0000000000
57380  -37.859  -6.396  73.671 0.0000000000
58295  -38.640  -4.803  74.290 0.0000000000
58437  -43.820  -5.804  59.811 0.0000000000
59289  -39.915  -4.870  73.152 0.0000000000
62196  -54.204  -0.879  52.707 0.0000000000
115585  -58.266  2.250  46.972 0.0000000000
115927  -52.199  -3.437  54.716 0.0000000000
