#!ascii label  , from subject sub-v1s9x0051358_ses-1 vox2ras=TkReg
1196
4178  -20.449  -77.783  22.064 0.5000000000
3680  -19.708  -77.895  21.600 0.6000000238
2765  -27.607  -81.208  26.274 0.3000000119
3679  -18.450  -78.393  22.219 0.5000000000
3653  -27.311  -78.625  24.000 0.4000000060
3204  -27.617  -79.701  24.579 0.4000000060
2774  -27.886  -80.760  24.955 0.4000000060
3215  -27.409  -80.033  23.420 0.4000000060
100991  -20.219  -77.386  19.046 0.5000000000
4203  -20.550  -77.545  19.773 0.5000000000
4189  -20.475  -77.634  21.076 0.5000000000
4227  -19.051  -76.834  18.863 0.6000000238
4201  -19.067  -77.332  19.280 0.5000000000
3695  -19.090  -77.959  20.725 0.6000000238
107287  -27.911  -81.874  27.538 0.3000000119
3694  -18.175  -78.255  21.066 0.5000000000
4174  -26.845  -78.133  23.100 0.5000000000
4173  -26.245  -77.478  23.268 0.5000000000
4188  -18.519  -77.797  19.983 0.6000000238
111516  -18.949  -78.182  21.633 0.5000000000
3667  -27.089  -79.260  22.759 0.5000000000
100746  -27.916  -80.522  23.965 0.4000000060
2766  -28.412  -81.358  25.306 0.3000000119
2752  -28.253  -81.698  26.534 0.3000000119
4183  -26.756  -78.679  22.226 0.4000000060
2780  -27.841  -81.172  22.932 0.4000000060
3217  -27.166  -80.824  22.073 0.4000000060
5276  -22.505  -74.994  18.036 0.6999999881
4768  -22.310  -76.123  18.358 0.6999999881
4752  -21.653  -76.798  18.602 0.6999999881
98378  -21.140  -77.626  21.850 0.5000000000
110790  -21.583  -72.586  18.178 0.6999999881
115753  -21.352  -73.657  17.848 0.6999999881
4751  -20.711  -76.674  18.351 0.8000000119
4215  -20.199  -77.111  18.689 0.5000000000
4765  -19.250  -76.244  18.535 0.6999999881
4180  -23.009  -77.488  22.501 0.5000000000
5854  -19.971  -74.079  18.394 0.6999999881
99516  -23.968  -77.401  22.457 0.4000000060
99515  -24.982  -77.337  22.339 0.5000000000
107601  -28.453  -81.636  27.752 0.3000000119
116964  -18.079  -75.922  19.152 0.6000000238
4181  -25.604  -77.660  21.704 0.5000000000
4182  -26.328  -77.865  22.231 0.5000000000
2405  -29.556  -81.645  26.874 0.3000000119
4226  -18.152  -76.542  19.044 0.5000000000
103068  -25.979  -78.202  21.250 0.5000000000
3218  -26.460  -79.954  20.345 0.4000000060
3682  -26.426  -78.829  21.334 0.4000000060
103901  -29.009  -82.360  23.492 0.4000000060
111551  -28.834  -81.967  24.475 0.4000000060
3219  -26.896  -80.822  20.539 0.3000000119
116260  -26.943  -80.930  21.224 0.4000000060
6989  -23.330  -70.898  19.632 0.5000000000
6984  -22.527  -72.001  19.445 0.6000000238
106541  -23.174  -72.129  19.016 0.6000000238
105317  -23.284  -73.092  18.457 0.6000000238
107383  -22.903  -74.151  18.168 0.6000000238
7504  -23.722  -69.369  21.157 0.5000000000
7503  -23.228  -69.426  20.328 0.5000000000
6483  -22.497  -71.689  20.018 0.6000000238
6490  -22.335  -72.334  18.455 0.6000000238
4204  -21.513  -77.419  19.787 0.6000000238
3575  -30.038  -78.243  29.045 0.3000000119
108788  -24.307  -71.809  21.859 0.6999999881
6978  -23.295  -71.442  20.832 0.6000000238
6475  -22.814  -72.603  20.721 0.6000000238
6482  -21.971  -72.164  19.716 0.6000000238
6488  -21.290  -72.478  19.370 0.6999999881
5855  -20.565  -72.944  18.537 0.6999999881
4205  -22.911  -77.347  19.312 0.6000000238
113702  -22.306  -77.401  19.788 0.6000000238
97564  -22.564  -77.470  21.550 0.5000000000
6973  -24.688  -70.819  22.805 0.6999999881
6476  -24.069  -72.857  21.630 0.6000000238
5839  -23.682  -73.579  21.644 0.6000000238
5837  -21.950  -72.994  20.405 0.6000000238
5256  -21.121  -73.404  20.058 0.6999999881
5845  -19.744  -73.118  18.958 0.6999999881
103301  -24.303  -77.435  21.618 0.5000000000
2739  -29.081  -80.920  28.017 0.3000000119
6451  -24.707  -72.973  23.892 0.6999999881
5825  -24.509  -73.856  23.373 0.6000000238
5831  -24.274  -73.812  22.347 0.6999999881
5243  -22.135  -74.154  20.913 0.6000000238
5264  -19.305  -75.022  19.046 0.6999999881
4206  -23.738  -77.810  19.263 0.5000000000
4207  -24.563  -78.088  19.492 0.5000000000
5830  -23.562  -74.324  22.079 0.6000000238
5233  -21.701  -74.948  21.289 0.6000000238
5241  -19.591  -75.126  20.361 0.6000000238
102239  -18.325  -75.390  19.360 0.6000000238
5252  -17.358  -75.494  19.540 0.6000000238
4208  -25.273  -78.286  19.323 0.5000000000
2404  -28.835  -81.837  26.998 0.3000000119
104192  -23.639  -74.905  24.006 0.6999999881
5225  -23.141  -75.161  23.261 0.6000000238
5234  -22.706  -74.649  21.782 0.6000000238
5232  -21.171  -75.562  21.980 0.6000000238
5242  -20.561  -75.192  20.946 0.5000000000
113458  -19.985  -75.670  21.330 0.5000000000
4739  -16.901  -75.317  19.995 0.5000000000
5262  -16.571  -76.233  18.910 0.5000000000
4209  -25.845  -78.739  19.485 0.5000000000
3222  -27.570  -80.613  19.846 0.3000000119
2798  -28.022  -81.287  20.489 0.3000000119
105345  -27.477  -81.386  20.957 0.3000000119
115781  -28.516  -81.985  21.754 0.4000000060
2781  -28.560  -82.067  22.530 0.4000000060
5251  -16.432  -75.798  19.207 0.5000000000
3223  -27.222  -79.934  19.154 0.3000000119
3221  -26.881  -80.441  19.645 0.3000000119
98960  -27.915  -81.754  21.808 0.4000000060
8118  -24.690  -68.921  20.745 0.5000000000
8718  -23.514  -68.423  20.116 0.5000000000
7520  -24.741  -69.352  19.845 0.5000000000
104702  -24.487  -70.358  19.560 0.5000000000
7482  -25.280  -70.184  23.231 0.5000000000
108019  -24.702  -69.920  21.993 0.5000000000
8117  -24.115  -68.834  21.045 0.5000000000
7510  -23.214  -69.651  19.929 0.5000000000
101697  -24.220  -71.654  19.200 0.5000000000
103610  -24.580  -73.929  19.205 0.6000000238
5850  -23.750  -74.747  18.911 0.6000000238
4753  -23.202  -76.850  18.887 0.8000000119
99474  -31.756  -77.218  30.483 0.3000000119
98019  -24.824  -70.543  23.845 0.6000000238
6955  -24.754  -71.762  23.571 0.6000000238
6979  -24.029  -70.467  21.595 0.6000000238
5267  -23.902  -76.154  19.048 0.4000000060
4096  -31.562  -77.685  29.587 0.3000000119
4754  -24.220  -77.486  18.787 0.5000000000
112613  -22.628  -76.946  18.918 0.6000000238
3598  -30.455  -78.782  28.353 0.3000000119
3148  -29.845  -79.702  28.036 0.3000000119
6439  -24.445  -73.119  24.715 0.6999999881
4755  -25.153  -77.321  18.686 0.4000000060
3164  -30.328  -80.443  27.384 0.3000000119
5816  -24.471  -73.893  24.333 0.6000000238
104779  -24.210  -74.432  23.911 0.6999999881
103073  -24.959  -77.931  18.907 0.4000000060
2417  -29.169  -81.826  26.181 0.3000000119
5807  -24.235  -73.976  25.102 0.6000000238
5815  -24.046  -74.526  24.656 0.6999999881
5224  -22.412  -75.503  23.360 0.6000000238
4720  -21.065  -75.898  23.022 0.5000000000
5231  -20.494  -75.838  22.082 0.5000000000
4740  -17.824  -75.276  20.101 0.6000000238
97016  -25.732  -78.298  18.887 0.4000000060
3706  -28.114  -79.495  19.485 0.3000000119
3220  -29.236  -80.113  20.882 0.3000000119
2799  -28.893  -81.424  20.875 0.3000000119
2788  -28.476  -81.780  21.270 0.4000000060
2432  -29.737  -82.285  25.481 0.3000000119
102325  -22.198  -75.720  24.192 0.6000000238
4707  -20.623  -76.245  23.827 0.5000000000
4706  -19.947  -76.364  23.699 0.5000000000
109055  -19.734  -76.105  22.102 0.5000000000
4718  -17.780  -76.156  21.617 0.5000000000
4728  -16.678  -75.637  20.863 0.6000000238
4727  -15.373  -75.645  20.460 0.5000000000
3714  -26.352  -78.964  18.876 0.3000000119
5223  -21.410  -76.020  24.031 0.5000000000
4705  -19.338  -76.369  23.054 0.5000000000
103339  -17.285  -76.400  22.411 0.5000000000
111496  -17.884  -76.564  23.311 0.5000000000
6956  -26.516  -71.615  23.652 0.5000000000
7499  -25.741  -70.652  22.614 0.5000000000
7511  -25.246  -69.425  20.217 0.5000000000
6986  -26.392  -71.607  19.676 0.5000000000
7521  -25.677  -70.627  19.769 0.5000000000
6990  -25.602  -71.552  19.383 0.5000000000
8101  -25.582  -70.232  24.133 0.5000000000
8110  -24.703  -69.434  21.353 0.5000000000
6493  -26.607  -72.467  18.912 0.4000000060
7481  -24.990  -70.141  23.333 0.5000000000
99482  -25.971  -73.729  19.078 0.4000000060
4615  -31.995  -76.804  31.241 0.3000000119
4066  -33.233  -77.363  31.178 0.3000000119
8079  -25.484  -70.075  24.631 0.6000000238
99416  -24.514  -75.299  19.113 0.4000000060
101754  -24.634  -70.744  24.996 0.6000000238
6935  -24.650  -71.689  24.397 0.6000000238
3576  -31.004  -78.157  28.928 0.3000000119
105077  -31.817  -78.236  28.918 0.3000000119
6918  -24.336  -72.121  25.088 0.6000000238
5268  -24.884  -76.350  18.932 0.4000000060
6917  -23.874  -72.276  25.511 0.6000000238
4769  -26.775  -76.880  18.206 0.4000000060
4756  -25.797  -77.567  18.573 0.4000000060
99303  -29.524  -81.237  27.355 0.3000000119
6438  -24.101  -73.251  25.306 0.6999999881
4221  -26.864  -78.412  18.517 0.3000000119
3716  -27.794  -78.899  18.885 0.3000000119
107655  -26.269  -71.615  21.890 0.5000000000
7506  -25.752  -70.602  21.494 0.5000000000
6980  -26.365  -71.507  20.765 0.5000000000
6987  -27.326  -72.245  19.171 0.4000000060
7483  -25.977  -70.668  23.487 0.5000000000
6991  -26.736  -71.821  19.209 0.4000000060
7465  -26.187  -70.840  24.155 0.6000000238
6497  -27.198  -73.486  18.589 0.4000000060
5852  -26.615  -74.717  18.639 0.4000000060
3558  -33.267  -77.758  30.313 0.3000000119
7456  -24.192  -71.107  25.567 0.6000000238
5851  -25.435  -75.079  18.989 0.4000000060
5269  -26.014  -76.251  18.676 0.4000000060
4229  -27.293  -77.467  18.161 0.4000000060
3722  -28.511  -77.993  18.319 0.3000000119
6437  -23.413  -73.194  25.733 0.6000000238
6957  -26.742  -72.649  23.057 0.5000000000
114190  -26.741  -72.296  21.259 0.5000000000
6477  -27.419  -72.991  21.131 0.4000000060
107015  -26.993  -72.305  20.219 0.4000000060
6452  -26.812  -72.713  23.876 0.5000000000
114491  -27.830  -72.823  19.001 0.4000000060
8080  -25.858  -70.307  24.541 0.6000000238
113162  -26.651  -72.074  24.999 0.6000000238
6440  -26.764  -72.867  24.637 0.6000000238
6494  -27.559  -72.744  18.870 0.4000000060
8058  -25.789  -70.254  25.041 0.6000000238
105296  -26.034  -70.841  25.503 0.6000000238
6498  -27.943  -73.669  18.428 0.4000000060
5857  -27.578  -74.296  18.306 0.4000000060
8056  -24.796  -70.144  25.603 0.6000000238
5277  -27.392  -75.440  18.166 0.4000000060
5278  -28.370  -75.261  17.821 0.4000000060
111319  -27.917  -76.262  17.849 0.4000000060
4771  -29.487  -76.453  17.807 0.4000000060
3599  -31.575  -78.752  28.305 0.3000000119
3600  -32.349  -78.569  28.643 0.3000000119
114360  -24.168  -70.510  26.253 0.6000000238
4230  -28.453  -77.009  17.901 0.4000000060
104726  -31.088  -80.727  26.871 0.3000000119
98141  -31.785  -79.410  27.781 0.3000000119
7454  -22.837  -71.714  26.320 0.6999999881
7433  -23.569  -70.699  27.357 0.6999999881
6916  -23.214  -72.313  25.919 0.6000000238
7442  -22.578  -71.427  26.824 0.6999999881
7432  -22.860  -71.166  27.372 0.6999999881
7453  -22.038  -72.235  25.992 0.6000000238
7422  -23.345  -71.045  28.124 0.6999999881
7414  -23.660  -71.287  29.128 0.6000000238
7441  -21.900  -71.690  26.286 0.6999999881
7421  -22.327  -71.360  28.109 0.6999999881
6975  -26.744  -72.531  22.130 0.5000000000
6472  -27.382  -73.298  22.376 0.5000000000
6453  -27.240  -73.581  24.201 0.5000000000
5817  -27.707  -74.178  24.609 0.5000000000
6464  -27.322  -73.467  23.354 0.5000000000
102258  -28.317  -74.543  22.196 0.5000000000
6478  -28.048  -73.589  20.423 0.4000000060
6484  -27.679  -72.866  19.756 0.4000000060
6419  -26.747  -72.939  26.349 0.6000000238
105193  -27.087  -73.855  25.941 0.6000000238
102542  -27.125  -73.721  25.019 0.6000000238
116840  -28.406  -74.891  25.362 0.6000000238
6485  -28.172  -73.376  19.246 0.4000000060
8039  -25.670  -70.269  25.755 0.6000000238
6420  -27.190  -73.848  26.922 0.6000000238
5796  -27.884  -74.409  26.453 0.6000000238
6495  -28.079  -73.385  18.710 0.4000000060
8038  -25.260  -69.997  26.073 0.6000000238
7436  -25.984  -71.369  27.259 0.6000000238
115666  -26.386  -72.182  27.318 0.6000000238
6402  -27.451  -73.679  27.835 0.6000000238
5783  -28.145  -74.342  27.470 0.6000000238
5279  -28.761  -74.788  18.061 0.4000000060
4772  -30.194  -76.542  18.036 0.4000000060
7435  -25.365  -70.668  27.514 0.6000000238
107176  -27.038  -73.050  28.141 0.6000000238
6381  -27.672  -73.404  28.691 0.6000000238
6382  -28.575  -73.757  28.814 0.6000000238
4770  -28.910  -75.771  17.676 0.4000000060
4231  -29.990  -77.076  17.919 0.4000000060
7444  -24.776  -70.153  26.361 0.6000000238
7425  -25.775  -71.379  28.210 0.6000000238
6380  -26.888  -72.790  28.809 0.6000000238
6362  -28.259  -73.200  29.372 0.6000000238
6874  -29.571  -72.716  29.655 0.6999999881
7455  -23.603  -71.397  26.004 0.6999999881
7434  -24.735  -70.454  27.642 0.6000000238
111913  -25.600  -71.498  28.781 0.6000000238
6879  -26.124  -72.110  28.979 0.6000000238
6873  -28.776  -72.834  29.920 0.6000000238
111389  -29.935  -72.072  29.883 0.6000000238
7995  -30.442  -71.041  29.231 0.6000000238
6862  -26.617  -72.570  30.527 0.6000000238
6863  -27.527  -72.597  30.698 0.6000000238
6865  -29.246  -72.272  30.358 0.6000000238
113899  -30.134  -71.443  29.849 0.6000000238
107584  -24.579  -71.315  29.313 0.6000000238
99973  -25.401  -71.754  29.460 0.6000000238
6854  -27.012  -72.391  31.348 0.5000000000
6855  -27.932  -72.236  31.329 0.6000000238
7404  -29.623  -71.492  30.580 0.6000000238
6870  -25.698  -72.207  30.490 0.5000000000
110779  -21.254  -71.415  26.673 0.6999999881
7420  -21.769  -71.469  28.890 0.6999999881
104796  -23.011  -71.515  29.944 0.5000000000
7402  -24.246  -71.615  31.028 0.6000000238
6853  -26.143  -72.227  31.228 0.5000000000
7387  -27.380  -71.838  31.867 0.5000000000
7384  -24.515  -71.451  31.759 0.6000000238
10794  -14.049  -66.006  29.197 0.6000000238
10221  -14.682  -66.648  29.363 0.6000000238
9667  -14.385  -67.541  29.363 0.6000000238
5832  -27.914  -73.976  22.757 0.5000000000
5826  -27.903  -74.266  23.770 0.5000000000
5833  -28.214  -74.663  23.047 0.5000000000
5841  -28.421  -74.403  21.058 0.5000000000
5846  -28.525  -74.198  19.720 0.4000000060
5797  -28.597  -74.940  26.047 0.5000000000
5191  -30.097  -75.338  26.698 0.5000000000
5258  -29.420  -75.894  19.881 0.4000000060
5798  -29.291  -75.035  26.768 0.5000000000
5177  -30.590  -74.740  27.171 0.5000000000
5271  -29.651  -75.807  18.652 0.4000000060
4757  -30.146  -76.360  18.274 0.4000000060
6383  -29.468  -73.869  28.710 0.5000000000
6384  -30.343  -73.685  28.493 0.5000000000
5775  -29.884  -74.427  27.962 0.5000000000
5280  -29.527  -75.730  18.018 0.4000000060
6364  -29.926  -73.247  29.098 0.6000000238
6385  -31.077  -73.156  28.188 0.6000000238
6875  -30.249  -72.576  29.269 0.6000000238
6881  -30.827  -72.411  28.718 0.5000000000
8627  -30.332  -70.129  29.157 0.4000000060
106092  -30.658  -70.595  28.429 0.4000000060
8651  -31.060  -69.884  26.751 0.4000000060
108922  -29.633  -70.003  30.659 0.6000000238
7994  -30.040  -70.655  30.091 0.6000000238
8639  -30.065  -69.206  28.925 0.5000000000
8640  -30.442  -69.749  28.252 0.4000000060
8661  -30.658  -69.129  26.753 0.4000000060
9194  -30.382  -68.438  26.333 0.4000000060
7440  -21.126  -71.373  25.802 0.6999999881
105222  -28.274  -71.478  31.673 0.6000000238
8626  -29.893  -69.608  29.849 0.5000000000
9185  -29.963  -68.081  26.940 0.4000000060
109409  -22.081  -71.545  29.799 0.6000000238
7368  -25.975  -71.365  32.189 0.5000000000
7964  -27.667  -70.939  32.153 0.5000000000
8595  -29.317  -69.585  31.126 0.5000000000
9161  -29.587  -68.555  29.674 0.5000000000
109087  -29.734  -68.331  28.588 0.4000000060
9685  -29.559  -67.365  27.178 0.4000000060
7401  -23.324  -71.543  30.891 0.6000000238
7948  -27.857  -70.168  32.385 0.5000000000
11389  -14.369  -64.282  28.363 0.6999999881
10237  -14.822  -65.793  28.957 0.6000000238
11390  -15.101  -64.575  27.884 0.6999999881
10813  -16.125  -65.545  28.198 0.6000000238
9160  -14.991  -68.326  30.004 0.6000000238
10222  -15.612  -66.674  29.523 0.6000000238
10239  -16.191  -66.111  28.955 0.6000000238
102576  -16.864  -65.617  27.799 0.6000000238
112122  -18.080  -65.578  28.280 0.6000000238
9159  -14.366  -68.588  29.424 0.5000000000
9652  -15.647  -67.941  30.501 0.6000000238
10199  -16.596  -66.750  30.692 0.6000000238
10224  -17.182  -66.268  30.135 0.6000000238
10814  -17.390  -65.684  28.419 0.6000000238
5244  -28.744  -75.263  21.705 0.5000000000
7973  -14.944  -70.067  30.056 0.5000000000
9143  -15.528  -68.921  30.529 0.5000000000
108717  -17.344  -66.506  30.988 0.5000000000
108673  -17.753  -65.929  29.713 0.5000000000
5818  -28.285  -74.833  24.670 0.4000000060
5216  -28.784  -75.489  24.488 0.5000000000
5245  -29.224  -76.074  21.198 0.5000000000
5257  -28.892  -75.140  20.402 0.4000000060
8610  -16.043  -69.379  31.008 0.5000000000
9144  -16.098  -68.392  31.063 0.5000000000
10174  -17.558  -66.727  31.651 0.5000000000
10201  -18.722  -65.946  30.801 0.5000000000
5203  -29.635  -75.797  25.435 0.5000000000
4731  -29.793  -76.561  20.750 0.4000000060
4195  -30.599  -76.768  20.260 0.4000000060
4743  -31.506  -76.671  19.664 0.4000000060
7974  -15.630  -70.217  30.483 0.5000000000
9128  -17.089  -69.042  31.758 0.5000000000
9630  -16.751  -67.933  31.690 0.6000000238
9610  -18.317  -67.504  32.302 0.6000000238
4741  -30.063  -76.372  19.419 0.4000000060
109405  -17.093  -70.437  31.068 0.6000000238
8593  -17.142  -69.849  31.783 0.6000000238
9107  -17.624  -68.268  32.124 0.6999999881
6403  -30.798  -74.007  27.781 0.4000000060
100886  -31.441  -72.774  27.425 0.5000000000
8035  -18.456  -69.664  26.262 0.6000000238
6882  -31.296  -72.247  28.025 0.5000000000
8040  -31.519  -70.679  26.327 0.4000000060
103926  -19.101  -69.886  26.492 0.6000000238
8024  -31.248  -70.755  27.183 0.4000000060
105109  -19.728  -70.467  26.633 0.6000000238
8020  -19.858  -70.713  27.547 0.6000000238
8677  -30.958  -69.171  26.064 0.4000000060
7399  -21.549  -71.504  30.588 0.6000000238
103081  -21.517  -71.412  28.118 0.6999999881
7383  -23.664  -71.400  31.786 0.6000000238
7366  -23.813  -71.054  32.429 0.6000000238
109914  -25.405  -70.998  32.454 0.5000000000
7946  -26.088  -70.569  32.726 0.5000000000
11402  -13.826  -63.838  27.395 0.6999999881
10828  -15.710  -65.007  27.469 0.6999999881
10842  -15.614  -65.091  26.282 0.6000000238
10829  -16.342  -65.331  27.111 0.6000000238
10843  -16.357  -65.380  25.928 0.6000000238
10830  -17.062  -65.609  26.821 0.6000000238
110731  -17.966  -65.586  26.744 0.6999999881
10831  -18.535  -65.467  27.630 0.6000000238
10795  -17.965  -65.718  29.012 0.6000000238
4693  -29.947  -76.406  24.277 0.5000000000
5227  -28.977  -75.805  23.266 0.5000000000
5235  -28.629  -75.268  22.744 0.5000000000
5236  -29.207  -76.119  22.415 0.5000000000
10772  -18.588  -65.708  29.786 0.6000000238
111383  -19.845  -65.420  28.609 0.5000000000
4708  -29.631  -76.387  23.398 0.5000000000
4721  -29.678  -76.582  21.728 0.5000000000
4196  -31.210  -76.754  21.069 0.4000000060
9633  -19.810  -67.431  32.016 0.6000000238
10175  -18.882  -66.351  31.603 0.6000000238
117651  -20.084  -65.678  29.910 0.5000000000
5192  -30.836  -75.259  26.403 0.5000000000
8034  -17.649  -69.781  26.562 0.6000000238
8005  -17.850  -70.244  28.453 0.4000000060
102264  -17.006  -70.554  30.302 0.6000000238
8568  -18.788  -69.581  32.453 0.6000000238
9611  -19.154  -67.959  32.278 0.6000000238
10176  -19.800  -66.522  31.571 0.6000000238
5786  -31.168  -74.217  27.155 0.4000000060
5809  -31.685  -74.543  25.958 0.4000000060
7992  -18.691  -70.418  29.102 0.5000000000
116016  -18.342  -70.558  29.868 0.5000000000
7977  -18.621  -70.594  31.269 0.6000000238
7938  -18.390  -70.055  32.251 0.6999999881
8569  -19.632  -69.649  32.561 0.6000000238
9109  -19.358  -68.918  32.511 0.6000000238
9612  -20.614  -67.999  32.113 0.6000000238
6901  -31.674  -72.354  26.580 0.5000000000
8018  -18.390  -69.805  27.299 0.6000000238
7978  -19.451  -70.733  30.960 0.6000000238
7961  -19.251  -70.525  31.791 0.6000000238
8570  -21.324  -69.158  32.709 0.6000000238
9111  -21.131  -68.546  32.580 0.6000000238
9636  -22.121  -67.532  31.916 0.6000000238
7447  -31.520  -71.468  26.815 0.4000000060
8006  -19.376  -70.403  28.311 0.5000000000
111932  -19.733  -70.775  30.154 0.6000000238
112004  -19.905  -70.667  31.495 0.6000000238
8571  -22.004  -69.838  32.437 0.6000000238
108430  -21.783  -68.528  32.715 0.6000000238
8019  -19.248  -70.058  27.435 0.6000000238
8007  -20.059  -71.009  28.506 0.6000000238
7411  -20.343  -71.130  29.630 0.6000000238
7963  -21.348  -71.110  31.944 0.6000000238
7941  -21.683  -70.714  32.263 0.6000000238
7365  -22.987  -71.126  32.287 0.6000000238
7400  -22.395  -71.567  30.755 0.6000000238
7945  -25.083  -70.453  32.837 0.5000000000
8576  -26.579  -69.697  33.014 0.5000000000
12007  -13.232  -63.735  26.677 0.6999999881
109010  -14.350  -64.611  26.006 0.6999999881
12661  -12.124  -63.020  24.009 0.6999999881
12025  -12.719  -63.636  23.945 0.6999999881
12016  -13.659  -64.253  25.878 0.6999999881
11412  -14.747  -64.944  25.387 0.6999999881
10851  -15.388  -65.187  24.780 0.6000000238
10853  -17.265  -65.671  25.552 0.6000000238
106716  -17.897  -65.878  24.548 0.5000000000
98671  -18.367  -65.612  25.824 0.5000000000
98373  -18.945  -65.408  26.752 0.5000000000
109907  -19.763  -65.354  27.583 0.5000000000
4694  -30.816  -76.456  24.489 0.4000000060
97212  -31.020  -76.806  23.038 0.5000000000
4722  -31.686  -76.527  22.774 0.5000000000
4184  -31.062  -76.826  22.185 0.5000000000
4733  -31.851  -76.528  21.726 0.4000000060
114242  -31.011  -75.568  25.798 0.4000000060
4710  -31.434  -76.478  23.731 0.4000000060
10202  -20.234  -65.957  30.665 0.6000000238
9634  -20.452  -67.205  31.657 0.6000000238
10178  -21.664  -67.036  30.777 0.6000000238
9614  -22.597  -68.063  32.738 0.6000000238
111283  -21.875  -67.286  31.331 0.6000000238
8572  -22.839  -69.768  32.655 0.6000000238
9113  -23.177  -68.886  32.878 0.6000000238
9637  -23.010  -67.386  31.981 0.6000000238
7942  -22.477  -70.670  32.446 0.6000000238
108433  -23.599  -68.123  32.998 0.5000000000
7944  -24.193  -70.490  32.791 0.6000000238
9114  -24.096  -68.904  32.876 0.5000000000
8575  -25.591  -69.735  33.131 0.5000000000
13325  -12.005  -61.783  24.288 0.6999999881
12662  -13.019  -62.916  23.741 0.6999999881
116453  -13.281  -63.493  23.636 0.6999999881
11411  -13.981  -64.491  24.480 0.6999999881
11418  -14.222  -64.215  23.334 0.6000000238
103559  -14.509  -64.817  24.097 0.6999999881
110985  -15.568  -65.244  23.708 0.4000000060
13934  -12.119  -60.215  24.624 0.6999999881
98159  -12.797  -61.888  24.070 0.6999999881
12663  -13.682  -62.979  23.746 0.6000000238
10865  -16.872  -65.904  23.855 0.5000000000
14540  -11.715  -58.468  26.050 0.6999999881
14557  -12.128  -58.874  25.117 0.6999999881
14515  -11.669  -59.269  28.007 0.6999999881
10854  -18.798  -65.673  25.067 0.5000000000
103206  -11.975  -59.710  28.892 0.6000000238
13883  -11.687  -60.216  29.711 0.6000000238
13263  -11.820  -61.254  30.160 0.6000000238
109599  -11.861  -62.686  31.408 0.5000000000
12560  -12.349  -63.088  32.069 0.5000000000
4711  -32.140  -76.052  23.308 0.4000000060
4723  -32.373  -76.152  22.255 0.4000000060
9638  -23.916  -67.151  32.084 0.6000000238
12027  -14.916  -63.858  22.963 0.5000000000
11419  -14.932  -64.707  23.225 0.5000000000
13917  -12.966  -59.523  25.563 0.6000000238
13310  -13.533  -60.774  25.435 0.6000000238
13326  -13.593  -61.998  24.373 0.6000000238
12664  -14.451  -63.212  23.630 0.6000000238
11430  -15.309  -64.405  22.515 0.5000000000
106281  -16.132  -65.489  23.473 0.5000000000
109687  -17.485  -66.040  22.983 0.5000000000
14528  -12.258  -58.762  27.021 0.6999999881
13918  -13.607  -59.740  26.655 0.6000000238
13311  -14.535  -61.238  26.001 0.6000000238
10879  -18.220  -65.811  22.416 0.5000000000
13899  -12.724  -59.465  28.126 0.6999999881
13908  -13.683  -59.628  27.798 0.6000000238
13280  -14.176  -60.052  28.507 0.6000000238
13295  -14.298  -60.284  27.305 0.6000000238
13296  -14.846  -61.039  27.616 0.6000000238
13884  -12.569  -60.058  29.237 0.6000000238
13900  -13.443  -60.005  28.800 0.6000000238
13264  -13.846  -60.903  29.158 0.6000000238
13281  -14.622  -60.651  28.548 0.6000000238
115741  -12.349  -60.693  29.778 0.6000000238
13241  -12.618  -61.486  30.023 0.6000000238
13242  -13.413  -61.541  29.848 0.6000000238
106119  -14.171  -61.631  29.772 0.6000000238
12598  -12.086  -62.223  30.580 0.5000000000
12579  -12.696  -62.601  31.292 0.5000000000
12599  -13.038  -62.156  30.487 0.5000000000
12600  -13.873  -62.109  30.393 0.6000000238
118037  -14.529  -62.031  30.320 0.6000000238
5237  -32.642  -75.545  22.594 0.4000000060
11902  -12.370  -63.956  33.444 0.5000000000
12561  -13.238  -62.938  31.989 0.5000000000
12580  -13.578  -62.500  31.194 0.6000000238
12581  -14.502  -62.362  31.104 0.6000000238
106109  -13.106  -63.982  33.455 0.5000000000
11903  -13.590  -63.725  33.200 0.5000000000
11930  -13.790  -63.287  32.600 0.4000000060
12562  -14.102  -62.775  31.909 0.5000000000
107492  -14.914  -62.635  31.942 0.6000000238
12665  -15.543  -63.016  23.800 0.6000000238
12028  -15.873  -63.636  22.813 0.5000000000
110962  -15.828  -65.432  21.857 0.5000000000
12653  -15.430  -62.362  24.793 0.6000000238
10878  -17.220  -66.047  21.745 0.5000000000
13297  -15.331  -61.403  27.136 0.6999999881
13313  -16.140  -62.260  26.034 0.6999999881
13282  -15.186  -61.198  28.565 0.6000000238
117761  -15.277  -61.267  27.874 0.6999999881
13265  -14.614  -61.271  29.263 0.6000000238
13243  -14.920  -61.699  29.940 0.6000000238
13266  -15.400  -61.474  29.450 0.6999999881
12601  -15.153  -62.097  30.605 0.6000000238
13244  -15.687  -61.849  30.148 0.6999999881
10708  -13.954  -66.047  35.227 0.5000000000
11288  -14.385  -65.175  34.151 0.5000000000
11904  -14.316  -63.680  33.199 0.4000000060
11931  -14.603  -63.083  32.578 0.6000000238
104654  -14.376  -65.707  34.771 0.5000000000
11310  -14.822  -64.362  33.678 0.4000000060
12040  -16.637  -64.159  22.093 0.5000000000
12654  -16.462  -62.704  25.399 0.6000000238
12643  -16.971  -62.651  26.679 0.5000000000
12018  -17.871  -63.227  25.553 0.5000000000
13298  -16.245  -61.897  27.115 0.6999999881
13283  -15.953  -61.506  28.848 0.6999999881
13267  -16.212  -61.660  29.628 0.6000000238
12582  -15.354  -62.368  31.357 0.6999999881
114225  -15.276  -62.892  32.523 0.6000000238
12563  -15.667  -62.573  32.063 0.6000000238
10709  -14.860  -65.977  35.434 0.5000000000
11289  -15.344  -65.094  34.155 0.4000000060
11905  -15.289  -63.534  33.123 0.6000000238
10710  -15.687  -65.853  35.973 0.4000000060
10723  -15.790  -65.565  34.965 0.4000000060
11290  -16.257  -65.005  34.258 0.5000000000
11311  -15.791  -64.358  33.692 0.5000000000
12644  -17.887  -63.080  27.163 0.5000000000
101399  -16.559  -61.853  28.206 0.6000000238
13299  -17.284  -62.476  27.656 0.5000000000
104629  -16.777  -61.701  29.033 0.6000000238
102985  -16.939  -61.740  29.719 0.6000000238
13268  -17.575  -61.760  29.272 0.5000000000
13245  -16.588  -61.955  30.382 0.6000000238
12564  -16.537  -62.516  32.113 0.6999999881
12583  -16.608  -62.221  31.247 0.5000000000
11932  -15.968  -62.943  32.699 0.6000000238
11312  -16.710  -64.372  33.755 0.5000000000
10711  -16.489  -65.502  35.666 0.4000000060
11291  -17.088  -64.876  34.353 0.5000000000
14443  -12.607  -59.530  35.418 0.4000000060
112314  -12.519  -59.142  34.649 0.3000000119
12635  -18.243  -62.779  27.958 0.5000000000
14426  -13.065  -59.986  36.025 0.3000000119
13246  -17.569  -61.768  30.206 0.5000000000
13169  -13.862  -61.441  36.885 0.3000000119
13800  -13.437  -60.857  36.295 0.4000000060
13224  -17.218  -62.018  30.911 0.5000000000
13145  -14.377  -61.981  37.394 0.3000000119
12565  -17.323  -62.600  32.421 0.6000000238
11907  -17.209  -63.722  33.341 0.6999999881
11934  -17.703  -63.034  32.976 0.6000000238
10724  -16.738  -65.316  34.891 0.5000000000
11313  -17.518  -64.318  33.931 0.5000000000
10725  -17.381  -65.105  34.889 0.4000000060
11292  -17.777  -64.703  34.564 0.4000000060
14476  -11.295  -58.745  33.632 0.3000000119
15082  -12.025  -58.894  34.097 0.3000000119
15057  -12.878  -58.798  34.114 0.3000000119
14461  -13.208  -59.117  34.800 0.3000000119
14444  -13.629  -59.481  35.428 0.4000000060
13269  -18.373  -61.587  29.589 0.5000000000
13817  -13.902  -60.240  35.868 0.4000000060
13225  -17.902  -61.900  31.023 0.5000000000
13801  -14.279  -60.925  36.257 0.4000000060
12584  -17.419  -62.240  31.682 0.5000000000
12585  -18.179  -62.010  31.650 0.5000000000
12566  -18.149  -62.385  32.395 0.5000000000
11908  -18.132  -63.718  33.636 0.5000000000
11247  -16.366  -64.629  37.172 0.3000000119
11263  -16.939  -64.990  36.727 0.4000000060
11278  -17.905  -64.877  35.324 0.4000000060
11886  -18.632  -64.017  34.228 0.4000000060
15083  -12.475  -58.473  33.553 0.3000000119
15058  -13.672  -58.656  34.297 0.4000000060
115722  -13.894  -58.905  34.948 0.4000000060
13286  -19.123  -61.541  28.608 0.4000000060
14462  -14.413  -59.128  35.217 0.4000000060
104838  -14.323  -59.739  35.589 0.4000000060
13247  -18.410  -61.620  30.465 0.4000000060
13818  -14.692  -60.310  35.853 0.4000000060
13170  -14.702  -61.446  36.859 0.4000000060
112084  -15.291  -62.222  37.456 0.3000000119
12545  -18.568  -62.893  33.239 0.5000000000
11852  -17.537  -63.542  37.167 0.3000000119
15096  -11.890  -58.194  33.172 0.3000000119
15097  -12.772  -58.006  32.996 0.3000000119
97591  -14.169  -58.352  33.806 0.4000000060
15059  -14.530  -58.627  34.502 0.3000000119
13300  -19.421  -61.733  27.815 0.4000000060
13909  -19.622  -60.904  27.245 0.4000000060
13270  -19.122  -61.251  29.387 0.4000000060
13226  -18.611  -61.672  31.204 0.4000000060
13802  -15.126  -60.921  36.298 0.3000000119
13208  -18.817  -61.819  31.969 0.4000000060
117472  -14.983  -61.790  37.220 0.3000000119
13171  -15.567  -61.508  36.977 0.3000000119
13146  -16.341  -61.985  37.433 0.3000000119
11293  -18.509  -64.423  34.821 0.4000000060
15749  -12.184  -57.125  32.330 0.3000000119
15084  -13.413  -58.309  33.475 0.4000000060
15719  -14.349  -57.918  33.127 0.4000000060
14543  -19.373  -59.465  26.252 0.4000000060
96972  -19.911  -60.040  27.661 0.4000000060
15037  -15.240  -58.972  35.006 0.4000000060
100043  -19.481  -60.808  28.832 0.4000000060
14445  -15.005  -59.637  35.490 0.4000000060
102468  -19.103  -61.404  30.656 0.4000000060
106956  -19.463  -61.021  30.083 0.4000000060
13819  -15.518  -60.264  35.830 0.3000000119
13227  -19.363  -61.448  31.392 0.4000000060
113103  -16.514  -61.399  36.902 0.3000000119
12567  -19.055  -62.163  32.812 0.5000000000
116276  -16.884  -61.720  37.276 0.3000000119
12546  -19.395  -62.614  33.640 0.5000000000
11853  -18.440  -63.551  36.892 0.3000000119
11887  -19.149  -63.904  34.712 0.4000000060
106296  -18.066  -64.669  36.083 0.4000000060
15735  -12.922  -57.397  32.497 0.3000000119
15085  -14.893  -58.190  33.731 0.3000000119
15060  -15.471  -58.453  34.284 0.3000000119
13902  -20.095  -60.109  28.577 0.4000000060
14516  -20.126  -59.268  28.028 0.3000000119
14446  -15.860  -59.549  35.370 0.3000000119
13248  -19.786  -61.054  30.774 0.4000000060
13886  -19.757  -60.575  29.405 0.4000000060
103654  -16.898  -60.790  36.393 0.3000000119
13202  -19.804  -61.866  33.253 0.4000000060
100713  -17.238  -61.941  37.487 0.3000000119
12505  -18.872  -62.732  36.986 0.3000000119
11870  -19.297  -63.566  36.332 0.3000000119
12533  -19.756  -63.026  34.690 0.3000000119
15038  -16.189  -58.807  34.818 0.3000000119
15061  -16.276  -58.171  34.110 0.3000000119
14517  -20.434  -59.263  28.832 0.3000000119
13869  -20.221  -60.481  30.171 0.4000000060
13887  -20.417  -59.941  29.407 0.4000000060
13228  -20.116  -61.106  31.494 0.4000000060
102584  -20.397  -60.708  30.899 0.4000000060
13172  -17.400  -61.394  37.051 0.3000000119
12487  -17.925  -62.564  37.306 0.3000000119
12547  -20.033  -62.156  34.081 0.3000000119
12521  -19.957  -63.076  35.805 0.3000000119
13821  -17.300  -60.116  35.913 0.3000000119
13804  -17.794  -60.690  36.578 0.3000000119
13855  -20.812  -60.674  31.476 0.3000000119
13870  -20.998  -60.177  30.679 0.3000000119
13147  -18.036  -61.739  37.404 0.3000000119
100797  -20.370  -61.461  32.902 0.3000000119
12534  -20.271  -62.287  34.746 0.3000000119
14449  -18.511  -59.386  35.765 0.3000000119
104242  -18.749  -58.711  35.504 0.3000000119
13805  -18.680  -60.567  36.776 0.3000000119
13840  -21.185  -60.716  32.130 0.3000000119
14428  -19.040  -59.972  36.232 0.3000000119
14450  -19.328  -59.255  35.917 0.3000000119
11265  -18.663  -64.211  36.296 0.4000000060
12486  -16.933  -62.698  37.427 0.3000000119
4216  -20.940  -77.259  18.976 0.6000000238
103915  -19.806  -77.707  20.328 0.5000000000
100313  -19.275  -77.675  19.831 0.5000000000
104700  -21.253  -77.515  20.776 0.5000000000
4172  -25.423  -77.192  23.482 0.5000000000
5274  -20.289  -75.473  17.914 0.6999999881
5266  -23.071  -75.589  18.618 0.6999999881
5273  -19.475  -75.179  18.396 0.6999999881
5265  -19.413  -74.063  18.892 0.6999999881
4192  -24.832  -77.615  21.048 0.5000000000
2740  -30.425  -81.283  26.830 0.3000000119
4193  -25.409  -78.237  20.363 0.5000000000
3704  -26.346  -79.654  19.465 0.3000000119
6491  -24.008  -72.618  18.962 0.6000000238
6496  -21.041  -72.408  18.773 0.6999999881
5838  -22.838  -73.785  21.306 0.6000000238
116509  -20.177  -73.241  19.433 0.6999999881
4218  -23.592  -77.503  19.040 0.5000000000
106752  -24.018  -77.531  20.539 0.6000000238
105278  -22.075  -77.448  20.628 0.5000000000
5255  -20.651  -74.217  20.260 0.6000000238
5253  -19.257  -74.729  19.405 0.6999999881
97081  -21.805  -75.571  22.586 0.5000000000
99100  -18.338  -75.731  20.917 0.5000000000
2419  -30.610  -81.984  26.427 0.3000000119
5215  -23.500  -75.082  24.895 0.6000000238
4719  -18.845  -76.210  21.917 0.5000000000
2789  -29.390  -81.969  21.647 0.3000000119
2433  -30.616  -82.369  25.592 0.3000000119
4704  -18.346  -76.425  22.697 0.5000000000
111053  -33.217  -78.189  29.488 0.3000000119
6889  -26.407  -72.063  26.698 0.6000000238
7443  -23.402  -70.903  26.751 0.6999999881
7423  -24.302  -70.866  28.388 0.6000000238
7416  -24.850  -71.700  30.282 0.6000000238
6401  -26.802  -72.893  27.322 0.6000000238
5190  -29.447  -75.460  26.063 0.5000000000
5270  -29.126  -74.919  18.791 0.4000000060
112774  -28.131  -74.008  28.263 0.6000000238
5774  -28.882  -74.314  28.203 0.5000000000
6361  -27.460  -72.951  29.432 0.6000000238
7426  -30.906  -71.510  28.478 0.4000000060
98889  -20.454  -71.099  26.674 0.6000000238
7419  -20.909  -71.363  28.727 0.6999999881
9668  -15.195  -67.428  29.870 0.6000000238
5226  -28.505  -75.206  23.716 0.4000000060
5799  -31.263  -74.686  26.596 0.4000000060
7965  -28.514  -70.440  31.865 0.4000000060
8055  -20.311  -70.890  24.745 0.6000000238
10238  -15.454  -66.057  28.879 0.6000000238
10173  -16.876  -66.983  31.516 0.6000000238
101938  -30.146  -76.809  22.602 0.5000000000
107814  -16.776  -70.108  31.384 0.5000000000
100064  -19.441  -65.961  31.084 0.6000000238
7991  -16.141  -70.538  30.046 0.4000000060
7380  -21.056  -71.282  31.244 0.5000000000
107388  -31.830  -73.116  26.161 0.5000000000
109897  -20.538  -69.717  32.455 0.6000000238
7979  -20.271  -70.990  30.800 0.5000000000
13898  -11.164  -59.642  28.941 0.6000000238
11929  -12.907  -63.529  32.788 0.5000000000
13327  -14.496  -62.143  24.590 0.5000000000
13312  -15.399  -61.761  25.933 0.6000000238
13885  -13.013  -60.790  29.475 0.6000000238
10738  -13.562  -65.113  34.026 0.5000000000
12017  -16.837  -63.041  24.636 0.5000000000
12602  -15.901  -62.179  30.859 0.6000000238
10722  -14.958  -65.567  34.647 0.5000000000
11933  -16.828  -63.013  32.835 0.6000000238
14425  -12.163  -59.902  36.227 0.3000000119
13284  -17.456  -62.072  28.465 0.5000000000
10699  -17.034  -65.222  36.154 0.3000000119
13285  -18.336  -61.941  28.699 0.4000000060
108293  -17.576  -65.038  35.904 0.4000000060
11851  -16.650  -63.656  37.311 0.3000000119
11909  -18.983  -63.422  33.974 0.5000000000
13901  -19.587  -60.816  28.122 0.4000000060
109355  -12.276  -57.687  32.738 0.3000000119
13803  -16.004  -60.855  36.338 0.3000000119
13209  -19.711  -61.543  32.299 0.4000000060
11879  -19.476  -63.754  35.464 0.3000000119
13820  -16.398  -60.184  35.816 0.3000000119
16335  -13.737  -56.970  32.176 0.3000000119
13210  -20.565  -61.105  32.213 0.4000000060
110883  -16.272  -76.531  27.122 0.5000000000
99777  -16.306  -76.537  26.267 0.5000000000
4672  -16.684  -76.676  25.322 0.5000000000
4688  -16.903  -76.735  24.407 0.4000000060
4635  -16.546  -76.567  28.699 0.5000000000
4647  -17.607  -76.737  27.793 0.5000000000
103074  -17.163  -76.701  26.988 0.5000000000
4658  -17.342  -76.788  26.042 0.5000000000
99511  -17.644  -76.778  25.177 0.5000000000
103340  -18.663  -76.510  23.673 0.4000000060
4636  -17.517  -76.627  29.126 0.4000000060
99063  -17.925  -76.742  28.417 0.5000000000
103342  -18.238  -76.835  25.943 0.5000000000
113017  -18.836  -76.569  24.442 0.4000000060
4637  -18.552  -76.609  28.889 0.5000000000
4648  -18.575  -76.816  27.912 0.5000000000
103819  -18.017  -76.821  27.230 0.5000000000
4638  -19.416  -76.486  28.563 0.5000000000
4660  -18.755  -76.812  26.846 0.5000000000
4661  -19.788  -76.660  26.731 0.5000000000
105105  -19.934  -76.589  25.907 0.5000000000
4691  -20.138  -76.390  24.463 0.4000000060
4629  -19.323  -76.080  29.438 0.5000000000
4650  -20.508  -76.437  27.521 0.5000000000
4662  -20.838  -76.464  26.533 0.5000000000
4692  -20.985  -76.276  24.720 0.5000000000
6376  -18.541  -73.570  28.695 0.5000000000
5155  -19.819  -75.220  29.809 0.5000000000
5165  -20.840  -75.522  28.746 0.5000000000
5773  -21.167  -74.600  28.794 0.5000000000
4651  -21.415  -76.058  27.573 0.5000000000
5166  -21.462  -75.365  28.271 0.5000000000
4663  -21.995  -75.956  26.776 0.5000000000
5213  -21.851  -75.985  24.942 0.5000000000
6377  -19.614  -73.625  28.431 0.5000000000
6435  -19.570  -72.999  25.631 0.5000000000
6378  -20.992  -73.936  28.856 0.5000000000
6397  -20.352  -73.493  27.775 0.5000000000
6415  -20.079  -73.253  26.624 0.5000000000
5781  -21.760  -74.566  28.137 0.5000000000
6399  -21.872  -73.889  27.711 0.5000000000
107808  -21.167  -73.383  27.067 0.5000000000
5176  -22.580  -75.190  27.068 0.5000000000
5782  -22.290  -74.541  27.460 0.5000000000
5200  -22.265  -75.815  25.859 0.5000000000
101000  -22.971  -75.373  24.156 0.5000000000
8077  -19.997  -71.064  23.899 0.5000000000
114864  -20.687  -71.684  24.354 0.6000000238
6913  -20.342  -72.439  24.603 0.5000000000
117591  -20.801  -73.136  26.228 0.5000000000
6914  -21.076  -72.423  25.048 0.5000000000
6416  -22.083  -73.416  26.676 0.5000000000
113392  -22.148  -72.996  25.977 0.5000000000
5795  -23.332  -74.616  26.223 0.5000000000
6418  -23.119  -74.021  26.300 0.5000000000
5201  -22.879  -75.459  26.010 0.5000000000
8053  -18.905  -69.821  24.293 0.5000000000
8054  -19.618  -70.310  24.506 0.5000000000
7452  -21.336  -71.762  25.270 0.6000000238
116650  -12.272  -65.884  30.200 0.5000000000
117207  -13.514  -66.042  29.397 0.6000000238
11366  -12.162  -64.465  29.315 0.5000000000
11367  -13.071  -64.522  29.197 0.5000000000
10810  -13.790  -64.590  29.033 0.6000000238
11387  -12.556  -63.934  28.350 0.6000000238
11386  -11.599  -63.906  28.254 0.5000000000
11990  -12.031  -63.627  27.156 0.6000000238
12005  -11.455  -63.440  25.582 0.5000000000
11992  -13.395  -63.737  27.529 0.6000000238
12006  -12.382  -63.786  26.030 0.6000000238
105066  -10.660  -63.064  24.814 0.5000000000
12013  -11.360  -63.333  24.535 0.6000000238
12015  -12.813  -64.013  25.077 0.6000000238
13323  -10.069  -61.730  24.668 0.5000000000
12660  -11.218  -62.743  24.399 0.5000000000
14556  -10.474  -59.136  25.141 0.5000000000
14527  -11.206  -58.558  27.040 0.6000000238
13882  -10.680  -60.114  29.672 0.6000000238
13897  -10.216  -59.508  28.862 0.5000000000
13933  -11.304  -59.570  24.687 0.6000000238
13324  -11.052  -61.359  24.491 0.5000000000
14514  -10.670  -59.037  28.019 0.5000000000
101999  -11.160  -62.005  30.600 0.6000000238
13262  -10.976  -60.934  30.209 0.6000000238
2131  -30.233  -82.562  24.731 0.3000000119
2447  -31.344  -82.520  24.096 0.3000000119
2456  -30.292  -82.975  22.872 0.3000000119
3205  -32.344  -79.871  24.379 0.3000000119
2462  -29.871  -82.472  22.259 0.3000000119
100727  -29.710  -82.732  23.358 0.3000000119
2444  -29.514  -82.432  24.366 0.3000000119
6400  -22.521  -73.983  26.953 0.5000000000
6915  -21.703  -72.507  25.661 0.5000000000
10220  -13.681  -66.639  29.268 0.5000000000
99510  -18.566  -76.690  25.124 0.4000000060
4673  -19.491  -76.529  25.044 0.5000000000
4639  -20.271  -76.259  28.324 0.5000000000
6359  -19.353  -73.935  29.427 0.5000000000
5766  -20.088  -74.471  29.566 0.5000000000
6396  -18.699  -73.510  27.736 0.5000000000
107628  -19.489  -73.441  27.460 0.5000000000
101666  -20.520  -73.715  28.528 0.5000000000
6900  -21.420  -72.949  25.910 0.5000000000
2132  -30.882  -82.722  24.444 0.3000000119
2782  -30.967  -82.216  22.648 0.3000000119
2448  -31.654  -81.860  23.879 0.3000000119
2446  -30.950  -83.039  23.465 0.3000000119
2463  -30.623  -82.636  22.585 0.3000000119
2783  -31.398  -81.711  23.134 0.3000000119
2418  -29.817  -81.944  26.289 0.3000000119
2431  -28.973  -81.905  25.408 0.3000000119
2445  -30.301  -82.830  23.812 0.3000000119
2455  -29.417  -82.568  22.640 0.3000000119
2457  -31.204  -82.568  23.136 0.3000000119
2461  -29.042  -82.183  21.914 0.4000000060
2775  -28.423  -81.409  23.922 0.4000000060
2784  -31.940  -80.872  23.765 0.3000000119
2797  -27.365  -80.988  20.227 0.3000000119
2804  -28.364  -80.566  20.260 0.3000000119
3149  -30.909  -79.494  27.846 0.3000000119
3577  -32.457  -78.125  29.195 0.3000000119
3683  -26.746  -79.955  21.500 0.4000000060
3705  -26.703  -79.807  19.076 0.3000000119
3715  -26.991  -79.184  18.764 0.3000000119
3721  -27.610  -78.183  18.427 0.3000000119
4082  -32.557  -77.275  30.775 0.3000000119
4097  -32.458  -77.732  29.999 0.3000000119
4162  -26.655  -77.680  24.022 0.5000000000
4190  -21.803  -77.533  21.515 0.5000000000
4191  -23.027  -77.433  20.335 0.5000000000
4194  -26.064  -78.906  20.361 0.5000000000
4200  -17.906  -77.306  19.401 0.6000000238
4202  -19.807  -77.515  19.370 0.5000000000
4214  -19.767  -77.224  18.957 0.6000000238
4217  -21.994  -77.130  19.185 0.6000000238
4219  -24.177  -77.960  18.906 0.5000000000
4220  -26.400  -77.990  18.475 0.4000000060
4228  -19.687  -76.869  18.630 0.6000000238
4646  -16.624  -76.548  27.839 0.5000000000
4649  -19.567  -76.675  27.657 0.5000000000
4659  -17.914  -76.836  26.599 0.5000000000
4674  -20.460  -76.438  25.387 0.5000000000
4675  -21.427  -76.244  25.707 0.5000000000
4689  -17.957  -76.704  24.229 0.4000000060
4690  -19.406  -76.450  24.082 0.4000000060
4709  -30.519  -76.733  23.649 0.5000000000
4729  -17.519  -75.598  20.698 0.6000000238
4730  -19.237  -75.716  21.137 0.5000000000
4732  -30.353  -76.866  21.500 0.5000000000
4738  -15.846  -75.527  19.725 0.5000000000
4763  -17.398  -76.303  19.019 0.5000000000
4764  -18.488  -76.275  18.889 0.5000000000
4766  -19.891  -76.381  18.249 0.6999999881
4767  -21.310  -75.854  18.055 0.6999999881
5156  -20.568  -74.982  29.302 0.5000000000
5164  -20.080  -75.778  29.068 0.5000000000
5175  -22.046  -75.310  27.671 0.5000000000
5188  -23.030  -75.120  26.479 0.5000000000
5189  -23.383  -75.083  25.797 0.5000000000
5193  -31.349  -75.142  25.968 0.4000000060
5202  -28.877  -75.393  25.278 0.4000000060
5204  -30.344  -75.726  25.861 0.5000000000
5214  -22.774  -75.557  25.150 0.5000000000
5217  -29.138  -75.932  23.993 0.5000000000
5240  -18.717  -75.222  20.156 0.6999999881
5254  -19.807  -74.069  19.498 0.6000000238
5263  -17.324  -75.950  19.123 0.6000000238
5272  -18.863  -75.703  18.821 0.6000000238
5275  -21.813  -74.913  17.768 0.6999999881
5767  -20.696  -74.348  29.204 0.5000000000
5784  -29.123  -74.672  27.467 0.5000000000
5785  -29.837  -74.901  27.276 0.5000000000
5794  -22.810  -74.588  26.791 0.5000000000
5806  -23.715  -74.078  25.729 0.5000000000
5808  -27.874  -74.425  25.439 0.6000000238
5824  -23.916  -74.616  23.055 0.6999999881
5840  -27.952  -73.795  21.685 0.5000000000
5848  -20.483  -72.658  19.122 0.6999999881
5849  -22.454  -72.958  17.955 0.6000000238
5853  -28.487  -74.028  18.693 0.4000000060
5856  -22.152  -73.823  17.795 0.6000000238
5858  -28.192  -74.472  18.038 0.4000000060
6344  -18.877  -74.090  30.098 0.5000000000
6345  -27.943  -72.862  30.048 0.6000000238
6360  -20.280  -73.931  29.072 0.5000000000
6363  -29.111  -73.307  29.298 0.6000000238
6379  -21.411  -74.069  28.432 0.5000000000
6398  -21.135  -73.700  28.186 0.5000000000
6404  -31.297  -73.562  27.374 0.4000000060
6417  -22.756  -73.402  26.242 0.5000000000
6421  -31.567  -73.908  26.591 0.5000000000
6436  -22.574  -72.743  26.019 0.5000000000
6441  -26.738  -72.936  25.443 0.6000000238
6463  -24.652  -72.701  22.766 0.6999999881
6489  -21.683  -72.241  18.859 0.6999999881
6492  -25.169  -72.672  19.219 0.6000000238
6499  -28.287  -74.033  18.366 0.4000000060
6864  -28.399  -72.477  30.621 0.6000000238
6871  -26.722  -72.669  29.624 0.6000000238
6872  -27.251  -72.774  30.091 0.6000000238
6880  -26.402  -72.288  28.004 0.6000000238
6890  -31.487  -72.067  27.320 0.4000000060
6899  -20.574  -72.870  25.574 0.5000000000
6934  -21.254  -72.102  24.988 0.5000000000
6936  -26.640  -71.790  24.351 0.6000000238
6974  -26.348  -71.579  22.847 0.5000000000
6985  -22.909  -70.687  20.011 0.6000000238
7364  -22.122  -71.193  32.141 0.6000000238
7367  -24.619  -71.074  32.411 0.5000000000
7369  -26.787  -71.206  32.268 0.5000000000
7381  -21.819  -71.446  31.500 0.5000000000
7382  -22.704  -71.428  31.628 0.6000000238
7385  -25.817  -71.791  31.685 0.5000000000
7386  -26.509  -71.921  31.825 0.5000000000
7388  -28.825  -71.903  31.084 0.6000000238
7389  -29.114  -71.109  31.343 0.6000000238
7398  -20.874  -71.326  30.393 0.6000000238
7403  -25.224  -71.798  31.211 0.5000000000
7412  -21.230  -71.441  29.664 0.6000000238
7413  -22.691  -71.402  28.983 0.6999999881
7415  -23.952  -71.490  30.103 0.5000000000
7417  -30.458  -71.862  29.272 0.6000000238
7424  -25.158  -71.006  28.489 0.6000000238
7427  -31.299  -71.490  27.637 0.5000000000
7430  -20.789  -71.304  27.636 0.6999999881
7431  -21.885  -71.456  27.263 0.6999999881
7445  -25.531  -70.426  26.611 0.6000000238
7446  -26.004  -71.098  26.250 0.6000000238
7457  -26.238  -71.082  24.876 0.6000000238
7480  -19.499  -71.222  23.252 0.5000000000
7498  -25.146  -69.983  22.062 0.5000000000
7505  -25.238  -69.703  21.034 0.5000000000
7512  -25.856  -70.460  20.341 0.5000000000
7518  -23.606  -69.751  19.646 0.5000000000
7519  -24.032  -69.322  19.650 0.5000000000
7939  -19.058  -70.121  32.322 0.6000000238
7940  -19.954  -70.290  32.154 0.6000000238
7943  -23.338  -70.552  32.624 0.6000000238
7947  -27.105  -70.370  32.615 0.5000000000
7958  -16.058  -70.019  31.055 0.5000000000
7959  -17.736  -70.291  31.697 0.6000000238
7960  -18.585  -70.330  31.983 0.6999999881
7962  -20.579  -70.837  31.693 0.6000000238
7966  -29.223  -70.258  31.308 0.6000000238
7975  -16.380  -70.338  30.810 0.5000000000
7976  -17.906  -70.587  30.624 0.6000000238
7980  -29.600  -70.747  30.888 0.6000000238
7990  -15.311  -70.402  29.764 0.5000000000
7993  -19.547  -70.663  29.293 0.5000000000
8008  -31.020  -70.903  27.878 0.4000000060
8021  -24.244  -70.308  26.991 0.6000000238
8022  -25.028  -70.171  26.863 0.6000000238
8023  -30.816  -70.220  27.633 0.4000000060
8036  -19.676  -70.344  25.616 0.6000000238
8037  -20.345  -70.910  25.742 0.6000000238
8057  -25.396  -70.000  25.256 0.6000000238
8078  -25.091  -70.077  24.752 0.6000000238
8100  -25.174  -70.057  24.133 0.6000000238
8116  -23.498  -68.718  20.510 0.5000000000
8121  -23.202  -68.898  20.081 0.5000000000
8122  -24.505  -68.679  20.198 0.5000000000
8127  -23.452  -69.005  19.815 0.5000000000
8128  -24.038  -68.642  19.865 0.5000000000
8567  -17.859  -69.476  32.163 0.6000000238
8573  -23.715  -69.777  32.891 0.6000000238
8574  -24.623  -69.751  33.035 0.6000000238
8592  -16.589  -69.693  31.440 0.5000000000
8609  -15.446  -69.830  30.600 0.5000000000
8611  -29.485  -69.159  30.546 0.5000000000
8625  -14.898  -69.374  30.055 0.5000000000
8650  -30.562  -69.441  27.419 0.4000000060
8712  -23.822  -68.395  20.433 0.5000000000
8713  -24.189  -68.477  20.512 0.5000000000
8719  -23.997  -68.322  20.209 0.5000000000
9108  -18.499  -68.640  32.340 0.6999999881
9110  -20.324  -68.927  32.663 0.6000000238
9112  -22.264  -68.952  32.818 0.6000000238
9174  -30.155  -68.939  28.002 0.4000000060
9186  -30.281  -68.697  27.190 0.4000000060
9204  -30.750  -68.519  25.422 0.4000000060
9613  -21.587  -68.011  32.356 0.6000000238
9615  -23.458  -67.703  32.636 0.6000000238
9631  -17.470  -67.242  32.025 0.6000000238
9632  -18.206  -66.759  32.009 0.5000000000
9635  -21.274  -67.395  31.599 0.6000000238
9653  -16.255  -67.461  31.046 0.6000000238
9700  -30.130  -67.807  25.561 0.4000000060
10159  -19.022  -66.863  32.247 0.6000000238
10177  -20.735  -66.756  31.064 0.6000000238
10179  -22.473  -67.145  31.067 0.6000000238
10198  -15.914  -67.132  30.258 0.6000000238
10200  -17.944  -66.102  30.444 0.5000000000
10203  -21.157  -66.569  30.218 0.6000000238
10223  -16.416  -66.477  29.782 0.6000000238
10240  -17.081  -65.951  29.217 0.6000000238
10712  -17.212  -65.236  35.463 0.4000000060
10721  -13.747  -65.611  34.522 0.5000000000
10773  -19.431  -65.714  30.325 0.6000000238
10792  -12.667  -65.228  29.822 0.5000000000
10793  -13.501  -65.373  29.430 0.6000000238
10796  -19.520  -65.545  29.426 0.5000000000
10811  -14.309  -65.124  29.108 0.6000000238
10812  -15.482  -65.260  28.422 0.6999999881
10815  -18.883  -65.486  28.638 0.5000000000
10852  -16.293  -65.448  24.657 0.4000000060
10864  -16.387  -65.889  22.360 0.5000000000
11248  -17.189  -64.369  36.949 0.4000000060
11249  -17.974  -64.293  36.725 0.4000000060
11264  -17.493  -64.815  36.450 0.4000000060
11266  -19.092  -64.139  35.840 0.3000000119
11279  -18.571  -64.452  35.616 0.4000000060
11280  -19.014  -64.198  35.289 0.4000000060
11309  -13.810  -64.351  33.667 0.5000000000
11314  -18.132  -64.270  34.205 0.4000000060
11388  -13.465  -63.933  28.286 0.6999999881
11403  -14.497  -64.178  27.135 0.6999999881
11404  -15.062  -64.644  26.775 0.6999999881
11431  -15.622  -65.134  22.563 0.5000000000
11443  -16.510  -65.363  21.584 0.5000000000
11444  -17.183  -65.548  21.346 0.5000000000
11906  -16.296  -63.635  33.239 0.6000000238
11991  -12.914  -63.682  27.400 0.6000000238
12014  -12.050  -63.722  24.571 0.6000000238
12026  -13.271  -64.048  24.206 0.6999999881
12039  -15.728  -64.656  21.930 0.5000000000
12655  -17.449  -63.056  26.151 0.5000000000
12659  -10.255  -62.662  24.601 0.5000000000
13309  -12.747  -60.776  24.638 0.6999999881
13777  -18.329  -61.155  37.202 0.3000000119
13907  -13.135  -59.046  26.893 0.6999999881
14427  -18.170  -60.040  36.091 0.3000000119
14539  -10.577  -58.336  26.079 0.5000000000
14541  -12.510  -58.785  26.115 0.6999999881
97314  -30.531  -73.045  28.797 0.6000000238
98116  -24.062  -70.594  27.657 0.6999999881
98240  -19.646  -59.995  26.921 0.4000000060
99505  -18.046  -69.620  25.356 0.6000000238
99506  -17.799  -70.511  29.608 0.6000000238
99985  -17.227  -76.609  28.373 0.5000000000
100040  -29.825  -68.180  27.664 0.4000000060
100160  -20.711  -59.833  30.010 0.4000000060
100553  -22.536  -75.212  22.444 0.6000000238
100700  -19.013  -69.792  25.420 0.6000000238
100701  -25.782  -77.417  22.632 0.5000000000
102067  -23.494  -77.426  21.535 0.5000000000
102522  -20.810  -74.422  17.804 0.6999999881
103143  -15.717  -61.521  27.995 0.6999999881
103341  -19.138  -76.752  25.911 0.5000000000
103887  -17.640  -65.584  27.636 0.6000000238
104247  -23.767  -74.587  25.378 0.6999999881
104510  -29.399  -75.918  24.770 0.5000000000
104717  -19.838  -68.276  32.257 0.6000000238
104902  -18.895  -61.396  30.049 0.4000000060
105166  -25.249  -71.469  31.977 0.6000000238
105475  -18.913  -70.634  30.180 0.6000000238
106337  -31.572  -73.163  26.851 0.4000000060
106853  -23.388  -70.237  20.764 0.5000000000
106964  -18.097  -66.367  31.280 0.5000000000
107738  -20.894  -70.479  32.133 0.6000000238
108800  -20.220  -76.223  22.984 0.5000000000
109107  -16.723  -65.781  28.511 0.6000000238
109344  -21.312  -69.958  32.316 0.6000000238
109452  -14.908  -64.925  28.682 0.6999999881
111903  -24.848  -70.354  24.367 0.6000000238
112027  -26.486  -71.832  25.728 0.6000000238
112254  -18.776  -70.086  28.108 0.6000000238
112612  -28.612  -74.692  26.851 0.5000000000
112672  -20.972  -76.023  28.158 0.5000000000
113357  -16.524  -68.894  31.378 0.5000000000
113362  -22.585  -75.527  26.482 0.5000000000
113561  -24.144  -71.290  32.138 0.6000000238
113706  -16.009  -62.376  31.530 0.6999999881
114175  -11.300  -58.620  25.237 0.5000000000
114326  -13.683  -63.773  23.423 0.6000000238
114459  -31.845  -76.081  23.939 0.4000000060
115833  -23.574  -74.626  25.827 0.5000000000
116254  -18.724  -61.558  29.053 0.4000000060
116267  -11.534  -62.399  30.977 0.6000000238
116404  -20.862  -71.333  25.029 0.6999999881
116455  -23.186  -74.844  22.559 0.6000000238
116674  -11.914  -58.581  33.595 0.3000000119
116730  -10.989  -63.215  25.000 0.5000000000
117063  -26.081  -72.369  29.846 0.6000000238
117366  -21.765  -75.754  23.457 0.5000000000
117977  -30.861  -82.982  22.872 0.3000000119
