#!ascii label  , from subject sub-v1s9x0051358_ses-1 vox2ras=TkReg
918
112514  41.711  -14.155  65.110 0.0000000000
38998  29.672  -24.216  74.251 0.0000000000
105445  24.919  -28.822  80.083 0.0000000000
34775  21.777  -29.226  84.263 0.0000000000
34845  32.513  -28.532  78.720 0.0000000000
109917  26.263  -25.933  74.022 0.0000000000
46625  37.270  -15.340  60.918 0.0000000000
51054  47.109  -10.449  66.998 0.0000000000
48395  31.972  -13.433  65.013 0.0000000000
42918  27.089  -19.120  67.053 0.0000000000
38270  26.749  -26.049  65.964 0.0000000000
34787  26.735  -28.454  82.936 0.0000000000
34790  23.327  -28.754  82.463 0.0000000000
101149  25.770  -26.906  84.930 0.0000000000
35713  28.713  -27.744  79.464 0.0000000000
49266  34.197  -12.189  65.340 0.0000000000
102527  33.692  -23.420  77.440 0.0000000000
42045  30.664  -20.977  74.437 0.0000000000
102820  29.773  -18.711  70.127 0.0000000000
41267  27.743  -21.980  71.150 0.0000000000
40540  26.295  -22.731  66.915 0.0000000000
39030  28.683  -25.631  69.797 0.0000000000
35768  22.771  -29.000  74.922 0.0000000000
36637  22.716  -27.678  71.291 0.0000000000
49253  44.405  -12.630  66.566 0.0000000000
50116  48.738  -10.949  70.107 0.0000000000
115235  22.684  -30.593  77.859 0.0000000000
32463  22.296  -32.213  80.693 0.0000000000
37362  31.376  -26.325  77.052 0.0000000000
36622  28.806  -26.693  72.898 0.0000000000
100436  29.917  -26.859  76.525 0.0000000000
35757  25.198  -27.962  76.897 0.0000000000
103603  39.943  -14.683  63.379 0.0000000000
37260  22.263  -25.740  87.525 0.0000000000
109600  21.455  -29.433  88.461 0.0000000000
50143  41.109  -11.515  65.442 0.0000000000
50153  38.767  -11.376  64.030 0.0000000000
49288  36.966  -12.056  62.078 0.0000000000
49298  33.934  -12.673  61.173 0.0000000000
47513  30.406  -13.916  61.703 0.0000000000
45576  32.051  -15.797  69.064 0.0000000000
46565  29.358  -15.248  66.427 0.0000000000
45622  27.339  -16.391  62.734 0.0000000000
107620  26.241  -20.528  62.665 0.0000000000
100352  26.676  -27.187  69.967 0.0000000000
35685  28.417  -27.977  84.748 0.0000000000
35686  26.719  -27.971  84.507 0.0000000000
36512  27.253  -26.782  85.795 0.0000000000
34785  28.589  -28.735  82.624 0.0000000000
100516  31.297  -23.177  75.870 0.0000000000
41256  30.062  -22.186  74.116 0.0000000000
112784  29.087  -21.322  72.592 0.0000000000
40499  28.712  -22.627  72.788 0.0000000000
39744  27.730  -23.290  71.036 0.0000000000
39010  28.568  -24.166  72.041 0.0000000000
33243  22.754  -31.064  75.068 0.0000000000
115387  23.087  -30.363  73.103 0.0000000000
49254  42.880  -13.328  66.014 0.0000000000
115460  44.539  -13.524  67.971 0.0000000000
47475  43.165  -14.810  66.710 0.0000000000
102535  23.347  -30.098  78.956 0.0000000000
33210  22.477  -31.677  79.308 0.0000000000
34006  22.922  -30.430  80.086 0.0000000000
34781  21.915  -29.193  83.568 0.0000000000
33193  21.744  -31.221  82.306 0.0000000000
33179  21.687  -31.237  83.936 0.0000000000
105549  21.723  -31.276  86.018 0.0000000000
37352  33.626  -26.699  78.063 0.0000000000
36574  32.497  -27.498  77.830 0.0000000000
36589  30.677  -26.635  76.847 0.0000000000
35737  31.131  -27.414  77.883 0.0000000000
102650  26.738  -27.978  79.917 0.0000000000
35726  26.776  -28.015  78.584 0.0000000000
34847  25.401  -28.689  78.936 0.0000000000
34858  23.235  -29.436  77.428 0.0000000000
47510  38.583  -14.788  62.138 0.0000000000
45620  40.835  -15.966  63.352 0.0000000000
45629  39.539  -16.166  62.431 0.0000000000
34758  20.542  -28.705  89.893 0.0000000000
50166  38.209  -11.913  62.892 0.0000000000
51093  36.372  -10.386  63.328 0.0000000000
48402  33.209  -13.238  64.970 0.0000000000
49283  33.669  -12.390  63.564 0.0000000000
48414  32.386  -13.142  63.671 0.0000000000
48435  32.409  -13.242  61.266 0.0000000000
48405  31.009  -13.415  63.961 0.0000000000
43685  28.473  -18.331  68.683 0.0000000000
44606  29.428  -17.301  68.633 0.0000000000
44624  27.951  -16.963  66.995 0.0000000000
45613  27.710  -15.951  64.926 0.0000000000
44631  26.757  -17.942  65.142 0.0000000000
43737  26.527  -18.600  62.528 0.0000000000
98671  26.146  -19.652  64.894 0.0000000000
102541  26.378  -22.857  64.941 0.0000000000
36624  27.922  -26.816  73.514 0.0000000000
35794  28.876  -28.319  71.387 0.0000000000
108658  26.681  -26.703  72.315 0.0000000000
37433  23.109  -26.266  69.437 0.0000000000
53984  50.208  -7.674  67.528 0.0000000000
51991  49.402  -9.155  68.530 0.0000000000
34803  25.792  -28.382  81.536 0.0000000000
105858  24.063  -29.042  81.129 0.0000000000
34788  25.677  -28.471  82.596 0.0000000000
34779  24.321  -28.200  83.128 0.0000000000
35681  23.911  -27.464  84.336 0.0000000000
34814  31.990  -28.702  80.528 0.0000000000
35711  30.764  -28.222  79.322 0.0000000000
34816  29.978  -29.072  80.789 0.0000000000
34818  28.235  -28.323  80.995 0.0000000000
113518  35.037  -10.659  64.884 0.0000000000
47470  33.174  -14.118  66.644 0.0000000000
42878  30.254  -19.412  72.628 0.0000000000
42885  28.730  -19.869  71.014 0.0000000000
105313  27.152  -20.166  68.759 0.0000000000
42082  26.610  -20.449  67.087 0.0000000000
41283  26.766  -21.819  68.980 0.0000000000
39766  27.383  -23.721  68.713 0.0000000000
38260  27.797  -26.073  67.205 0.0000000000
36618  24.152  -27.121  74.334 0.0000000000
37404  24.646  -25.886  72.576 0.0000000000
35779  22.678  -28.019  72.825 0.0000000000
50131  46.077  -11.781  67.012 0.0000000000
51045  47.689  -10.694  68.252 0.0000000000
49248  45.887  -12.470  68.047 0.0000000000
34000  22.320  -30.249  81.390 0.0000000000
38960  32.747  -24.724  77.162 0.0000000000
38986  30.618  -24.690  75.494 0.0000000000
106874  29.190  -25.522  74.024 0.0000000000
37375  29.710  -26.017  75.565 0.0000000000
36602  29.352  -26.283  75.379 0.0000000000
37376  27.311  -26.298  75.303 0.0000000000
35739  28.880  -27.141  78.017 0.0000000000
36579  27.518  -27.058  77.702 0.0000000000
98940  25.924  -27.060  76.044 0.0000000000
35766  24.077  -27.821  75.823 0.0000000000
34873  22.556  -29.854  76.064 0.0000000000
47491  40.547  -14.141  64.245 0.0000000000
46571  42.934  -15.219  65.361 0.0000000000
46583  41.747  -15.184  64.278 0.0000000000
36503  24.211  -26.403  85.873 0.0000000000
102497  22.275  -27.341  85.551 0.0000000000
35671  21.560  -27.125  87.106 0.0000000000
34769  21.770  -29.599  86.743 0.0000000000
106498  44.157  -11.162  65.291 0.0000000000
49261  43.241  -12.483  65.780 0.0000000000
49263  41.159  -12.617  65.364 0.0000000000
49273  40.034  -13.181  64.641 0.0000000000
48412  39.060  -13.135  63.412 0.0000000000
48421  38.574  -13.279  62.743 0.0000000000
48430  37.260  -13.506  61.552 0.0000000000
50160  34.739  -11.311  62.868 0.0000000000
107291  35.049  -11.798  61.364 0.0000000000
48441  35.656  -13.533  60.478 0.0000000000
47529  34.382  -14.178  60.172 0.0000000000
47532  31.933  -14.757  59.899 0.0000000000
47471  31.709  -14.672  67.021 0.0000000000
44600  31.179  -17.030  69.874 0.0000000000
46549  30.900  -15.643  68.153 0.0000000000
47479  30.257  -14.371  65.773 0.0000000000
47494  29.443  -14.273  64.226 0.0000000000
46610  28.458  -15.297  61.768 0.0000000000
41327  25.841  -21.390  64.887 0.0000000000
37411  29.286  -26.539  71.003 0.0000000000
110684  28.452  -27.452  69.254 0.0000000000
37445  27.351  -27.277  67.082 0.0000000000
38215  24.642  -25.600  71.141 0.0000000000
38251  24.881  -25.753  68.526 0.0000000000
115440  28.064  -27.884  85.496 0.0000000000
37277  27.875  -26.701  86.055 0.0000000000
39723  30.609  -23.681  75.316 0.0000000000
40486  30.748  -22.718  75.222 0.0000000000
40494  30.169  -22.807  74.546 0.0000000000
40498  29.185  -22.626  73.370 0.0000000000
39736  28.854  -23.310  73.162 0.0000000000
39739  28.508  -23.358  72.477 0.0000000000
39005  28.739  -24.090  72.869 0.0000000000
48390  42.290  -13.938  65.580 0.0000000000
48383  42.939  -14.192  66.213 0.0000000000
47476  42.818  -14.688  65.822 0.0000000000
99359  23.964  -29.592  79.137 0.0000000000
34836  23.515  -30.023  79.620 0.0000000000
102643  24.166  -29.331  79.844 0.0000000000
33984  21.731  -30.194  84.141 0.0000000000
33175  21.765  -31.084  84.938 0.0000000000
33980  21.763  -30.028  84.911 0.0000000000
34828  33.613  -29.018  79.626 0.0000000000
34856  34.106  -29.212  78.941 0.0000000000
36562  33.811  -28.283  78.497 0.0000000000
35721  32.460  -27.945  78.068 0.0000000000
35736  31.675  -27.354  77.662 0.0000000000
35722  31.772  -27.826  78.204 0.0000000000
34834  25.685  -28.431  79.608 0.0000000000
34846  26.232  -28.274  79.078 0.0000000000
34835  24.799  -29.041  79.350 0.0000000000
34848  24.432  -29.116  78.698 0.0000000000
47520  37.964  -14.975  61.446 0.0000000000
46608  39.060  -15.423  62.398 0.0000000000
46623  38.506  -15.544  61.793 0.0000000000
52045  36.762  -9.775  64.624 0.0000000000
51083  37.088  -10.107  63.783 0.0000000000
97509  35.992  -10.065  64.097 0.0000000000
48394  32.704  -13.666  65.438 0.0000000000
48413  33.091  -12.943  64.089 0.0000000000
48403  32.558  -13.289  64.575 0.0000000000
48415  31.587  -13.279  63.354 0.0000000000
48404  31.777  -13.310  64.260 0.0000000000
43693  27.531  -18.535  67.574 0.0000000000
43692  28.049  -18.009  68.027 0.0000000000
104075  27.238  -18.252  66.633 0.0000000000
44630  27.173  -17.542  65.808 0.0000000000
43709  26.772  -18.419  65.763 0.0000000000
43710  26.425  -18.682  64.836 0.0000000000
43703  26.485  -19.250  65.683 0.0000000000
37393  27.074  -26.351  73.813 0.0000000000
36625  27.368  -26.985  72.969 0.0000000000
37402  26.279  -26.009  73.204 0.0000000000
52004  48.952  -8.823  67.698 0.0000000000
97903  48.319  -9.819  67.841 0.0000000000
34802  26.885  -28.285  81.844 0.0000000000
107729  25.982  -27.722  84.467 0.0000000000
109474  25.953  -28.231  83.924 0.0000000000
35680  24.987  -27.386  84.212 0.0000000000
35688  24.123  -27.804  83.748 0.0000000000
36514  24.644  -26.808  84.861 0.0000000000
103769  31.694  -29.189  81.749 0.0000000000
34815  30.973  -29.037  80.732 0.0000000000
34798  30.741  -29.368  81.834 0.0000000000
34786  27.684  -28.563  82.721 0.0000000000
34800  28.847  -28.730  81.741 0.0000000000
34801  27.934  -28.464  81.771 0.0000000000
98338  27.337  -27.992  80.968 0.0000000000
41254  31.106  -21.316  75.056 0.0000000000
42044  31.296  -20.568  74.773 0.0000000000
42048  30.910  -20.165  74.127 0.0000000000
42877  30.925  -18.978  73.029 0.0000000000
42875  30.539  -19.747  73.422 0.0000000000
42053  28.642  -21.051  71.936 0.0000000000
42055  28.885  -20.112  71.819 0.0000000000
105785  28.205  -20.401  70.683 0.0000000000
42067  27.767  -20.340  70.042 0.0000000000
42063  27.368  -21.026  69.898 0.0000000000
41287  26.946  -21.052  69.164 0.0000000000
41282  27.033  -21.756  69.691 0.0000000000
39021  27.982  -23.880  70.252 0.0000000000
39759  27.288  -23.310  69.620 0.0000000000
39031  27.940  -24.213  69.261 0.0000000000
39037  27.887  -24.628  68.346 0.0000000000
38237  28.351  -25.396  68.924 0.0000000000
35774  22.966  -28.212  74.600 0.0000000000
114834  23.064  -27.524  73.477 0.0000000000
35780  22.703  -28.315  73.730 0.0000000000
49252  45.174  -12.173  66.825 0.0000000000
49249  44.783  -12.823  67.614 0.0000000000
48375  45.267  -13.323  68.800 0.0000000000
33230  22.698  -31.375  76.696 0.0000000000
33225  22.661  -31.618  77.530 0.0000000000
99780  23.848  -28.988  81.877 0.0000000000
34805  23.150  -29.528  81.348 0.0000000000
33186  21.669  -31.625  83.127 0.0000000000
114747  21.761  -32.129  82.463 0.0000000000
37353  32.734  -26.725  77.596 0.0000000000
38160  33.320  -26.020  77.720 0.0000000000
38173  32.266  -25.475  76.940 0.0000000000
38187  31.238  -25.023  76.105 0.0000000000
37373  30.953  -25.845  76.410 0.0000000000
38188  30.539  -25.482  75.759 0.0000000000
37374  30.284  -25.912  76.090 0.0000000000
36590  30.228  -26.642  76.549 0.0000000000
36601  30.111  -26.259  76.287 0.0000000000
104219  29.767  -26.524  76.134 0.0000000000
36603  29.040  -26.534  75.537 0.0000000000
36591  29.223  -26.776  76.331 0.0000000000
35712  29.920  -27.984  79.345 0.0000000000
35723  29.570  -27.486  78.458 0.0000000000
35741  26.331  -28.010  77.873 0.0000000000
103914  26.950  -27.680  78.029 0.0000000000
36580  26.697  -27.428  77.486 0.0000000000
36593  26.386  -27.188  76.750 0.0000000000
115867  25.678  -27.536  76.593 0.0000000000
36594  25.013  -27.539  76.113 0.0000000000
35758  24.326  -28.081  76.621 0.0000000000
34030  22.857  -30.146  77.703 0.0000000000
34872  22.990  -29.219  76.588 0.0000000000
34859  22.712  -29.999  76.909 0.0000000000
47500  40.547  -14.630  63.799 0.0000000000
46584  41.078  -14.597  64.238 0.0000000000
46595  41.059  -15.166  63.776 0.0000000000
45619  41.629  -16.513  63.465 0.0000000000
37271  23.715  -25.776  87.007 0.0000000000
36504  23.119  -26.688  85.902 0.0000000000
36494  22.233  -26.632  86.473 0.0000000000
35660  21.254  -28.114  89.263 0.0000000000
107254  21.542  -28.744  88.332 0.0000000000
98407  21.630  -28.312  86.978 0.0000000000
34766  21.627  -29.483  87.805 0.0000000000
33977  21.761  -30.521  86.498 0.0000000000
33974  21.550  -30.445  87.717 0.0000000000
51064  44.820  -10.867  65.462 0.0000000000
50141  42.752  -11.580  65.312 0.0000000000
102096  41.868  -11.999  65.483 0.0000000000
49262  42.497  -12.466  65.629 0.0000000000
50152  39.343  -11.319  64.574 0.0000000000
49265  39.808  -12.327  64.808 0.0000000000
102309  39.242  -12.078  64.260 0.0000000000
49274  39.483  -12.943  64.177 0.0000000000
49275  38.819  -12.226  63.604 0.0000000000
105455  37.576  -11.777  62.523 0.0000000000
49287  37.929  -12.570  62.434 0.0000000000
48422  37.985  -13.405  62.125 0.0000000000
49295  36.557  -12.671  61.453 0.0000000000
110176  34.658  -11.223  64.848 0.0000000000
100070  34.649  -11.177  63.815 0.0000000000
49290  33.681  -12.457  61.880 0.0000000000
49289  34.185  -12.101  62.572 0.0000000000
49297  34.431  -12.162  61.457 0.0000000000
113453  35.196  -12.890  60.507 0.0000000000
49303  34.557  -12.743  60.726 0.0000000000
47528  35.287  -14.291  60.250 0.0000000000
48433  33.918  -13.321  60.598 0.0000000000
47512  31.102  -13.766  61.674 0.0000000000
47531  32.546  -14.013  60.242 0.0000000000
106431  30.823  -14.230  61.002 0.0000000000
47523  30.077  -14.599  60.962 0.0000000000
46548  31.768  -15.493  68.318 0.0000000000
43674  30.371  -18.333  70.549 0.0000000000
44579  30.934  -17.871  71.003 0.0000000000
44593  30.224  -18.139  69.786 0.0000000000
45588  29.366  -16.225  67.597 0.0000000000
45579  29.720  -16.562  68.318 0.0000000000
46557  29.742  -15.532  67.175 0.0000000000
46556  30.547  -15.304  67.435 0.0000000000
46573  29.654  -14.752  65.959 0.0000000000
47487  29.515  -14.444  65.234 0.0000000000
46574  29.000  -14.981  65.653 0.0000000000
108439  27.177  -16.381  63.656 0.0000000000
107649  28.323  -15.237  62.690 0.0000000000
45631  27.886  -15.822  62.265 0.0000000000
46627  28.716  -15.416  60.968 0.0000000000
45647  28.090  -16.107  61.190 0.0000000000
45648  27.600  -16.892  61.481 0.0000000000
42954  26.262  -19.001  63.208 0.0000000000
43753  26.714  -18.870  61.938 0.0000000000
41299  26.338  -21.903  67.350 0.0000000000
41313  26.082  -21.289  66.225 0.0000000000
96586  25.945  -21.718  65.743 0.0000000000
104015  26.429  -22.925  64.084 0.0000000000
37391  28.938  -26.033  73.757 0.0000000000
38205  29.042  -25.617  73.071 0.0000000000
37401  29.101  -26.532  72.490 0.0000000000
36641  27.908  -28.080  70.226 0.0000000000
36640  28.876  -27.688  70.100 0.0000000000
36647  27.399  -27.789  69.472 0.0000000000
115147  28.021  -27.378  67.793 0.0000000000
36657  27.137  -27.617  68.449 0.0000000000
37405  23.723  -26.525  72.357 0.0000000000
38207  24.876  -25.685  71.903 0.0000000000
37423  23.771  -25.912  70.973 0.0000000000
38253  23.498  -25.743  68.772 0.0000000000
38262  24.499  -25.665  67.123 0.0000000000
50124  48.053  -10.875  69.462 0.0000000000
51033  49.302  -10.165  69.667 0.0000000000
46562  43.147  -15.167  66.333 0.0000000000
35695  27.612  -28.421  83.759 0.0000000000
110183  26.936  -28.267  83.842 0.0000000000
97659  27.565  -28.123  84.709 0.0000000000
35679  26.787  -27.277  85.263 0.0000000000
35694  28.447  -28.447  83.560 0.0000000000
40473  32.039  -23.088  76.474 0.0000000000
39709  32.890  -22.998  76.995 0.0000000000
40485  31.343  -22.381  75.581 0.0000000000
41248  31.095  -22.001  75.229 0.0000000000
41258  30.160  -21.478  73.941 0.0000000000
42049  30.262  -20.593  73.723 0.0000000000
41259  29.665  -22.018  73.572 0.0000000000
41260  29.158  -21.938  72.986 0.0000000000
41266  28.198  -21.893  71.703 0.0000000000
40506  27.498  -22.546  70.797 0.0000000000
39743  28.172  -23.359  71.738 0.0000000000
39011  28.295  -24.077  71.192 0.0000000000
39020  28.560  -24.821  70.485 0.0000000000
34049  22.616  -30.378  74.697 0.0000000000
34897  22.597  -29.284  73.680 0.0000000000
34048  22.896  -30.890  74.291 0.0000000000
102481  43.756  -13.131  66.291 0.0000000000
48381  44.213  -13.413  67.088 0.0000000000
48377  44.074  -14.205  67.678 0.0000000000
34021  22.833  -30.431  78.417 0.0000000000
103833  22.581  -31.021  78.047 0.0000000000
34022  22.552  -31.022  78.852 0.0000000000
34014  22.415  -30.964  79.701 0.0000000000
33204  22.276  -31.554  80.169 0.0000000000
34791  22.209  -29.190  82.814 0.0000000000
116079  21.966  -29.811  82.539 0.0000000000
33987  21.780  -30.339  83.105 0.0000000000
32425  21.712  -32.040  85.480 0.0000000000
36573  33.243  -27.552  78.046 0.0000000000
37354  32.058  -26.795  77.443 0.0000000000
37363  30.754  -26.280  76.744 0.0000000000
36575  31.350  -26.811  77.278 0.0000000000
36576  31.010  -27.060  77.292 0.0000000000
36577  30.301  -27.072  76.968 0.0000000000
35714  27.652  -27.822  79.734 0.0000000000
35725  27.579  -27.693  79.052 0.0000000000
35715  26.907  -28.035  79.209 0.0000000000
35727  25.881  -28.273  78.466 0.0000000000
35742  25.493  -28.131  77.689 0.0000000000
35743  24.597  -28.329  77.434 0.0000000000
34857  24.060  -28.980  77.899 0.0000000000
34849  23.484  -29.684  78.341 0.0000000000
47509  39.263  -14.603  62.838 0.0000000000
46596  40.385  -15.243  63.379 0.0000000000
46607  39.750  -15.294  62.896 0.0000000000
35652  20.682  -27.724  89.869 0.0000000000
34757  20.816  -28.736  89.822 0.0000000000
33967  21.212  -29.949  88.678 0.0000000000
33968  20.624  -30.044  89.054 0.0000000000
51091  38.296  -10.764  63.835 0.0000000000
50158  38.302  -11.297  63.384 0.0000000000
51092  37.765  -10.596  63.408 0.0000000000
51100  37.057  -10.586  62.977 0.0000000000
51101  36.244  -10.783  62.681 0.0000000000
49276  33.636  -12.614  64.631 0.0000000000
49282  34.112  -11.859  64.271 0.0000000000
97321  32.981  -12.823  63.109 0.0000000000
48423  32.938  -12.709  62.109 0.0000000000
48434  33.297  -12.923  61.297 0.0000000000
48424  32.195  -13.154  62.570 0.0000000000
48425  31.353  -13.399  62.485 0.0000000000
48416  30.788  -13.350  63.077 0.0000000000
114160  28.889  -18.540  69.218 0.0000000000
44602  29.831  -17.704  69.237 0.0000000000
44607  28.731  -17.639  68.327 0.0000000000
44616  28.330  -17.294  67.666 0.0000000000
45597  28.255  -16.272  66.590 0.0000000000
46575  28.322  -15.420  65.279 0.0000000000
45605  27.983  -16.100  65.765 0.0000000000
45614  27.225  -16.515  64.509 0.0000000000
44646  26.745  -17.057  64.011 0.0000000000
44652  26.620  -17.790  62.716 0.0000000000
44647  26.515  -17.707  63.544 0.0000000000
42940  26.121  -19.286  64.045 0.0000000000
98586  25.931  -20.130  64.159 0.0000000000
39044  26.699  -23.739  66.317 0.0000000000
112208  26.227  -22.669  65.884 0.0000000000
39792  26.567  -23.656  65.402 0.0000000000
39802  26.511  -23.693  64.556 0.0000000000
39072  26.344  -24.465  63.269 0.0000000000
36623  28.468  -26.717  73.389 0.0000000000
36630  28.775  -27.410  72.392 0.0000000000
98267  28.197  -27.392  72.689 0.0000000000
109626  27.692  -27.683  72.056 0.0000000000
37421  26.392  -26.706  70.741 0.0000000000
36643  22.869  -26.942  70.018 0.0000000000
102958  22.583  -27.889  69.858 0.0000000000
53000  50.047  -7.694  67.690 0.0000000000
52979  50.071  -8.175  68.043 0.0000000000
51989  50.498  -9.074  67.704 0.0000000000
111041  25.630  -28.392  80.487 0.0000000000
34821  24.312  -29.082  80.480 0.0000000000
34820  24.903  -28.712  80.915 0.0000000000
34804  24.808  -28.682  81.783 0.0000000000
34789  24.595  -28.534  82.515 0.0000000000
34777  26.194  -28.389  83.556 0.0000000000
34778  25.404  -28.307  83.237 0.0000000000
34780  22.884  -28.220  83.246 0.0000000000
35689  22.304  -28.404  83.898 0.0000000000
100544  21.949  -28.478  84.362 0.0000000000
34829  32.728  -28.810  79.575 0.0000000000
35710  31.538  -28.269  78.934 0.0000000000
34830  31.236  -28.610  79.796 0.0000000000
34831  30.322  -28.742  79.946 0.0000000000
34832  29.393  -28.368  80.152 0.0000000000
34799  29.738  -29.116  81.785 0.0000000000
34817  29.065  -28.726  80.882 0.0000000000
34833  28.463  -28.035  80.329 0.0000000000
110042  27.681  -27.888  80.407 0.0000000000
114558  26.105  -28.142  80.141 0.0000000000
46636  36.531  -15.895  60.548 0.0000000000
45646  37.752  -16.576  60.955 0.0000000000
45660  36.949  -16.691  60.635 0.0000000000
51084  35.472  -10.259  64.878 0.0000000000
49267  33.715  -13.029  65.500 0.0000000000
48393  33.316  -13.522  65.629 0.0000000000
47477  32.585  -14.099  66.171 0.0000000000
43659  30.745  -18.790  72.171 0.0000000000
43666  29.880  -18.910  70.963 0.0000000000
42051  29.822  -20.140  73.032 0.0000000000
42884  29.339  -19.481  71.426 0.0000000000
42894  29.175  -19.237  70.579 0.0000000000
42904  28.262  -19.059  69.204 0.0000000000
42905  27.614  -19.415  68.778 0.0000000000
42907  27.229  -19.407  67.990 0.0000000000
42908  26.876  -19.789  67.307 0.0000000000
42081  26.818  -20.276  67.889 0.0000000000
41288  26.586  -21.753  68.231 0.0000000000
40529  26.497  -22.635  67.813 0.0000000000
40510  27.177  -22.503  70.092 0.0000000000
39760  26.893  -23.102  68.954 0.0000000000
39767  26.802  -23.264  68.256 0.0000000000
39773  27.393  -24.045  67.804 0.0000000000
113789  27.464  -25.435  66.815 0.0000000000
37453  27.311  -26.241  66.535 0.0000000000
37389  24.771  -26.523  74.121 0.0000000000
98055  25.351  -25.818  73.066 0.0000000000
36626  23.931  -26.907  73.643 0.0000000000
99906  23.348  -27.122  72.921 0.0000000000
36631  22.922  -27.369  72.160 0.0000000000
34908  22.575  -28.830  73.096 0.0000000000
35787  22.634  -28.839  72.376 0.0000000000
51055  46.233  -10.941  66.494 0.0000000000
50130  46.815  -11.211  67.457 0.0000000000
50125  47.296  -11.352  68.699 0.0000000000
49247  46.916  -12.129  69.139 0.0000000000
49242  46.346  -12.893  69.782 0.0000000000
34822  23.570  -29.691  80.456 0.0000000000
34007  22.195  -30.799  80.610 0.0000000000
109291  22.052  -31.453  80.896 0.0000000000
33993  21.893  -30.341  82.132 0.0000000000
32455  21.958  -31.982  81.594 0.0000000000
39702  33.397  -24.239  77.470 0.0000000000
39711  31.601  -24.003  76.365 0.0000000000
110239  31.072  -24.118  75.831 0.0000000000
38997  30.152  -24.428  74.866 0.0000000000
38202  29.270  -24.877  73.776 0.0000000000
38198  29.585  -25.040  74.509 0.0000000000
37386  29.475  -25.721  74.812 0.0000000000
110831  29.212  -26.083  74.787 0.0000000000
36614  28.781  -26.308  74.178 0.0000000000
36615  28.739  -26.442  74.575 0.0000000000
37392  27.694  -26.467  74.374 0.0000000000
37387  26.710  -26.094  74.635 0.0000000000
103009  30.768  -27.740  78.504 0.0000000000
35738  30.501  -27.369  77.618 0.0000000000
109270  29.767  -27.305  77.522 0.0000000000
35740  27.725  -27.425  78.321 0.0000000000
101553  28.371  -27.011  77.674 0.0000000000
107465  28.342  -26.818  76.988 0.0000000000
36604  28.102  -26.533  76.050 0.0000000000
36605  26.864  -26.569  76.132 0.0000000000
37388  25.661  -26.262  74.627 0.0000000000
36617  24.756  -26.983  74.799 0.0000000000
36619  23.874  -27.586  74.947 0.0000000000
35767  23.288  -28.303  75.399 0.0000000000
35744  23.731  -28.693  77.066 0.0000000000
35759  23.510  -28.478  76.229 0.0000000000
34880  22.537  -29.774  75.205 0.0000000000
34046  22.554  -30.501  75.533 0.0000000000
47484  40.917  -14.174  64.579 0.0000000000
47483  42.283  -14.658  65.173 0.0000000000
112015  41.546  -14.532  64.701 0.0000000000
46594  41.525  -15.684  63.757 0.0000000000
45612  42.186  -15.886  64.010 0.0000000000
45644  38.973  -16.800  61.838 0.0000000000
37278  27.295  -26.387  85.945 0.0000000000
37279  26.400  -26.137  85.741 0.0000000000
36513  26.348  -26.525  85.566 0.0000000000
37270  24.405  -25.706  86.611 0.0000000000
36502  25.179  -26.289  85.636 0.0000000000
36515  23.615  -27.121  85.001 0.0000000000
36516  22.697  -27.397  85.017 0.0000000000
35675  21.885  -27.990  84.938 0.0000000000
36495  21.801  -26.361  87.185 0.0000000000
35676  21.708  -27.490  86.115 0.0000000000
34773  21.668  -28.685  85.740 0.0000000000
33981  21.774  -29.811  85.735 0.0000000000
51062  46.537  -10.253  65.943 0.0000000000
51063  45.636  -10.554  65.682 0.0000000000
50139  45.394  -11.347  66.200 0.0000000000
50140  44.547  -11.813  65.878 0.0000000000
51065  43.486  -10.902  65.019 0.0000000000
49260  43.713  -11.760  65.495 0.0000000000
114381  43.993  -12.468  65.877 0.0000000000
101987  41.993  -12.930  65.597 0.0000000000
48391  41.501  -13.459  65.313 0.0000000000
99606  40.455  -12.054  65.272 0.0000000000
49264  40.477  -13.067  65.060 0.0000000000
48392  41.014  -13.857  64.956 0.0000000000
48400  40.504  -13.708  64.630 0.0000000000
48401  40.062  -13.652  64.237 0.0000000000
47501  39.633  -14.191  63.373 0.0000000000
49286  38.554  -12.638  62.994 0.0000000000
47502  39.161  -13.826  63.091 0.0000000000
101728  38.620  -14.023  62.463 0.0000000000
47511  37.990  -14.160  61.755 0.0000000000
47521  37.108  -14.406  61.120 0.0000000000
51085  35.160  -10.615  64.294 0.0000000000
51094  35.443  -10.658  63.304 0.0000000000
50169  35.413  -11.057  62.365 0.0000000000
110614  34.273  -11.816  63.429 0.0000000000
50170  34.814  -11.555  62.002 0.0000000000
50175  35.521  -11.525  61.723 0.0000000000
49296  35.708  -12.092  61.245 0.0000000000
48431  36.448  -13.542  60.980 0.0000000000
47527  36.154  -14.343  60.566 0.0000000000
46637  35.745  -15.224  60.359 0.0000000000
112556  34.820  -15.033  60.182 0.0000000000
48443  33.112  -13.481  60.680 0.0000000000
102419  32.985  -15.043  59.800 0.0000000000
100655  32.508  -14.441  66.923 0.0000000000
100657  31.944  -14.316  66.428 0.0000000000
45570  31.559  -16.329  69.535 0.0000000000
44605  30.099  -16.947  68.974 0.0000000000
45578  30.458  -16.246  68.609 0.0000000000
45577  31.226  -15.961  68.874 0.0000000000
46555  31.388  -15.168  67.608 0.0000000000
47478  31.120  -14.449  66.297 0.0000000000
47485  31.775  -13.922  65.685 0.0000000000
113683  30.656  -13.666  64.364 0.0000000000
47493  30.213  -13.721  63.758 0.0000000000
47503  30.105  -13.590  62.622 0.0000000000
46585  28.753  -14.777  64.753 0.0000000000
46597  28.619  -14.810  63.565 0.0000000000
47514  29.609  -14.172  61.966 0.0000000000
46643  29.484  -15.376  60.682 0.0000000000
43736  26.854  -18.127  61.974 0.0000000000
42982  27.623  -19.259  61.339 0.0000000000
42929  26.219  -20.111  65.672 0.0000000000
42118  25.907  -20.496  64.929 0.0000000000
103815  25.832  -20.827  64.285 0.0000000000
40560  25.996  -22.150  65.197 0.0000000000
41337  25.910  -21.444  63.942 0.0000000000
39004  29.020  -24.740  73.152 0.0000000000
38214  28.870  -25.210  71.387 0.0000000000
38225  28.901  -25.772  70.540 0.0000000000
35793  29.313  -27.922  70.968 0.0000000000
37420  29.320  -27.267  70.432 0.0000000000
37430  28.777  -26.514  69.092 0.0000000000
38249  28.482  -26.436  68.304 0.0000000000
37444  27.795  -27.013  66.951 0.0000000000
37454  26.945  -26.762  66.417 0.0000000000
37403  25.606  -25.840  72.342 0.0000000000
100550  25.299  -25.787  71.612 0.0000000000
37422  25.833  -26.337  69.965 0.0000000000
37424  23.424  -26.070  70.188 0.0000000000
38238  24.941  -25.677  69.558 0.0000000000
37432  25.744  -26.453  68.934 0.0000000000
37438  25.951  -26.599  67.974 0.0000000000
105488  25.789  -26.269  66.384 0.0000000000
51044  49.108  -9.771  69.061 0.0000000000
51972  49.671  -9.606  69.007 0.0000000000
51031  50.278  -9.619  68.416 0.0000000000
39731  30.125  -23.614  74.677 0.0000000000
116147  30.407  -23.188  74.970 0.0000000000
39732  29.663  -23.399  74.125 0.0000000000
39735  29.306  -23.194  73.634 0.0000000000
39001  29.251  -23.979  73.543 0.0000000000
34844  33.282  -29.046  78.983 0.0000000000
34843  34.071  -29.238  79.122 0.0000000000
35720  33.451  -28.776  78.646 0.0000000000
46624  37.928  -15.777  61.193 0.0000000000
113262  36.025  -9.812  64.894 0.0000000000
43702  26.821  -18.946  66.346 0.0000000000
52006  47.416  -9.757  66.387 0.0000000000
52005  48.181  -9.264  66.805 0.0000000000
109799  26.263  -28.402  82.244 0.0000000000
34782  31.555  -29.234  82.880 0.0000000000
34783  30.522  -29.223  82.900 0.0000000000
42039  31.646  -20.924  75.296 0.0000000000
41272  28.038  -21.190  71.130 0.0000000000
42062  27.758  -20.918  70.461 0.0000000000
41273  27.474  -21.696  70.479 0.0000000000
114169  28.351  -24.718  69.740 0.0000000000
35775  22.649  -28.896  74.262 0.0000000000
34031  22.629  -30.788  77.289 0.0000000000
113046  23.186  -29.187  81.929 0.0000000000
34806  22.500  -29.538  82.067 0.0000000000
32449  21.798  -32.676  83.162 0.0000000000
113737  32.091  -26.214  77.172 0.0000000000
38174  31.633  -25.671  76.716 0.0000000000
36581  25.999  -27.838  77.164 0.0000000000
37259  23.113  -25.143  88.209 0.0000000000
37272  22.951  -25.992  87.097 0.0000000000
51077  44.191  -10.422  64.878 0.0000000000
50142  41.929  -11.012  65.150 0.0000000000
49294  37.337  -12.865  61.944 0.0000000000
50174  36.200  -11.896  61.671 0.0000000000
47522  31.578  -13.958  60.714 0.0000000000
45596  28.942  -15.852  66.917 0.0000000000
45632  27.551  -16.471  61.921 0.0000000000
44651  27.068  -17.160  62.145 0.0000000000
103652  26.054  -19.855  63.302 0.0000000000
42969  26.434  -19.519  62.369 0.0000000000
100155  26.100  -21.929  66.517 0.0000000000
36642  27.262  -27.662  70.543 0.0000000000
37431  26.536  -27.229  69.162 0.0000000000
37415  23.360  -26.654  71.570 0.0000000000
50117  47.915  -11.601  69.943 0.0000000000
35678  27.648  -27.540  85.620 0.0000000000
35684  29.195  -27.844  84.188 0.0000000000
41255  30.581  -21.924  74.653 0.0000000000
41264  28.667  -21.901  72.370 0.0000000000
40502  28.311  -22.627  72.112 0.0000000000
40505  27.868  -22.630  71.457 0.0000000000
48382  43.631  -14.128  66.669 0.0000000000
47468  43.558  -14.872  67.487 0.0000000000
34013  22.859  -30.542  79.256 0.0000000000
32443  21.648  -32.080  83.745 0.0000000000
32433  21.664  -32.034  84.507 0.0000000000
32418  21.850  -31.950  86.606 0.0000000000
36561  34.871  -28.354  78.699 0.0000000000
36563  33.007  -28.150  78.137 0.0000000000
100386  31.968  -27.324  77.667 0.0000000000
35728  24.943  -28.472  78.273 0.0000000000
45630  38.884  -16.055  62.052 0.0000000000
45628  40.314  -16.566  62.695 0.0000000000
33963  20.468  -29.370  89.750 0.0000000000
33962  20.823  -29.574  89.473 0.0000000000
50167  36.973  -11.209  62.461 0.0000000000
43681  29.164  -17.999  68.921 0.0000000000
44617  27.760  -17.736  67.266 0.0000000000
45589  28.606  -16.562  67.316 0.0000000000
45598  27.705  -16.822  66.202 0.0000000000
45606  27.454  -16.697  65.354 0.0000000000
44637  26.963  -17.260  64.872 0.0000000000
44638  26.567  -17.826  64.382 0.0000000000
39066  26.392  -24.543  64.108 0.0000000000
36636  26.909  -27.227  71.446 0.0000000000
52980  49.803  -8.379  68.167 0.0000000000
51990  50.007  -8.847  68.593 0.0000000000
35687  25.210  -27.939  83.717 0.0000000000
113008  23.117  -27.779  83.852 0.0000000000
35682  22.693  -27.736  84.345 0.0000000000
111554  32.423  -28.821  81.588 0.0000000000
34813  33.071  -28.695  80.679 0.0000000000
113171  31.995  -28.571  79.458 0.0000000000
34784  29.481  -29.043  82.711 0.0000000000
34819  26.416  -28.100  80.802 0.0000000000
46635  37.305  -16.051  60.795 0.0000000000
49255  34.101  -12.771  66.185 0.0000000000
48385  33.634  -13.531  66.285 0.0000000000
48386  33.134  -13.871  65.999 0.0000000000
40472  32.527  -22.248  76.506 0.0000000000
42883  30.082  -19.179  71.774 0.0000000000
41263  29.634  -21.145  73.195 0.0000000000
42052  29.248  -20.567  72.491 0.0000000000
43675  29.033  -18.948  69.775 0.0000000000
42900  28.416  -19.661  70.105 0.0000000000
42901  27.730  -19.815  69.424 0.0000000000
115428  26.737  -21.374  68.711 0.0000000000
40520  26.682  -22.536  68.617 0.0000000000
39749  27.429  -23.125  70.409 0.0000000000
39774  26.714  -23.475  67.356 0.0000000000
38250  28.130  -25.733  67.956 0.0000000000
39043  27.705  -25.026  67.484 0.0000000000
34061  22.740  -30.193  73.795 0.0000000000
34896  22.805  -29.635  72.916 0.0000000000
96430  22.994  -29.600  71.989 0.0000000000
99231  22.608  -28.144  72.020 0.0000000000
115070  46.605  -11.864  67.921 0.0000000000
33218  22.586  -31.730  78.403 0.0000000000
33999  22.835  -30.185  80.782 0.0000000000
37337  35.303  -26.897  78.390 0.0000000000
37351  34.449  -26.507  78.277 0.0000000000
38161  32.782  -25.747  77.309 0.0000000000
38959  33.590  -25.103  77.577 0.0000000000
39710  32.333  -23.877  76.852 0.0000000000
38197  30.081  -25.245  75.137 0.0000000000
37385  29.986  -25.736  75.511 0.0000000000
36616  28.329  -26.554  74.925 0.0000000000
36592  27.301  -26.760  76.947 0.0000000000
37377  26.276  -26.393  75.404 0.0000000000
36606  25.377  -26.943  75.394 0.0000000000
36607  24.606  -27.339  75.431 0.0000000000
34879  22.862  -29.092  75.731 0.0000000000
45611  42.846  -16.376  64.539 0.0000000000
45645  38.419  -16.324  61.507 0.0000000000
113402  38.241  -17.297  61.232 0.0000000000
38062  27.591  -26.111  85.495 0.0000000000
37269  25.278  -25.774  85.948 0.0000000000
35665  21.543  -27.313  88.328 0.0000000000
36486  21.546  -26.315  88.017 0.0000000000
100782  21.103  -30.751  88.461 0.0000000000
114998  40.982  -13.290  65.214 0.0000000000
48411  39.607  -13.666  63.697 0.0000000000
48432  35.805  -12.790  60.841 0.0000000000
103698  33.975  -14.964  60.067 0.0000000000
46554  32.344  -14.953  67.721 0.0000000000
44592  30.774  -17.688  70.211 0.0000000000
44591  31.435  -17.315  70.566 0.0000000000
45587  30.082  -15.857  67.935 0.0000000000
46564  30.223  -14.887  66.616 0.0000000000
46563  30.987  -14.856  67.025 0.0000000000
100656  30.910  -14.036  65.509 0.0000000000
100033  30.267  -13.936  64.853 0.0000000000
47504  29.382  -14.060  63.077 0.0000000000
46586  28.056  -15.338  64.364 0.0000000000
46609  28.863  -14.664  62.392 0.0000000000
46626  29.141  -14.816  61.351 0.0000000000
46644  28.794  -15.867  60.652 0.0000000000
42983  26.947  -19.449  61.648 0.0000000000
43752  27.217  -18.678  61.571 0.0000000000
42919  26.640  -19.752  66.504 0.0000000000
42094  26.290  -20.620  66.339 0.0000000000
42104  25.950  -20.931  65.648 0.0000000000
101878  26.233  -22.177  63.557 0.0000000000
101805  26.052  -22.165  64.433 0.0000000000
38213  29.156  -26.068  71.984 0.0000000000
35785  29.121  -27.857  71.727 0.0000000000
100676  28.962  -27.143  69.507 0.0000000000
113268  29.162  -26.591  69.996 0.0000000000
109570  28.429  -27.112  68.349 0.0000000000
36665  27.570  -27.493  67.757 0.0000000000
36664  27.832  -27.330  67.344 0.0000000000
37413  25.535  -25.967  70.921 0.0000000000
38226  25.018  -25.619  70.382 0.0000000000
38252  24.056  -25.488  68.479 0.0000000000
38239  24.122  -25.489  69.208 0.0000000000
53994  50.596  -7.639  66.668 0.0000000000
51034  48.590  -10.316  69.262 0.0000000000
51032  50.011  -10.250  69.117 0.0000000000
40495  29.650  -22.696  73.917 0.0000000000
109145  21.764  -30.583  85.611 0.0000000000
35719  34.404  -29.106  78.915 0.0000000000
96753  19.881  -28.844  89.775 0.0000000000
43686  27.819  -18.760  68.404 0.0000000000
44625  27.556  -17.455  66.592 0.0000000000
41247  31.663  -21.655  75.580 0.0000000000
42874  31.284  -19.387  73.740 0.0000000000
42056  28.486  -20.504  71.328 0.0000000000
42068  27.365  -20.462  69.474 0.0000000000
100622  23.358  -27.551  74.154 0.0000000000
105630  31.981  -24.803  76.662 0.0000000000
35724  28.445  -27.406  78.735 0.0000000000
34041  22.585  -30.631  76.377 0.0000000000
37258  23.731  -25.154  87.711 0.0000000000
103885  21.303  -26.702  89.551 0.0000000000
101256  33.533  -12.541  62.669 0.0000000000
49302  35.100  -12.277  60.853 0.0000000000
48442  34.832  -13.431  60.286 0.0000000000
48436  31.694  -13.473  61.749 0.0000000000
47533  30.990  -14.789  60.357 0.0000000000
43665  30.528  -18.540  71.367 0.0000000000
44601  30.491  -17.371  69.567 0.0000000000
44615  29.028  -16.932  67.981 0.0000000000
108441  27.544  -15.905  64.176 0.0000000000
46587  27.814  -15.650  63.360 0.0000000000
45669  28.688  -16.622  60.617 0.0000000000
44658  27.533  -17.782  61.399 0.0000000000
97735  26.320  -21.211  66.864 0.0000000000
37410  29.400  -26.952  71.672 0.0000000000
110492  27.910  -28.276  70.809 0.0000000000
35803  28.573  -28.343  70.623 0.0000000000
35811  28.238  -27.963  69.668 0.0000000000
36656  27.948  -27.698  68.598 0.0000000000
37437  26.869  -27.353  67.684 0.0000000000
37414  24.180  -25.920  71.774 0.0000000000
100114  22.881  -26.494  68.672 0.0000000000
106147  24.415  -25.606  67.925 0.0000000000
46570  43.334  -15.629  66.224 0.0000000000
35693  29.298  -28.468  83.374 0.0000000000
112850  32.932  -23.812  77.291 0.0000000000
40484  31.833  -22.359  76.042 0.0000000000
34885  22.572  -29.632  74.401 0.0000000000
114725  23.494  -31.273  74.028 0.0000000000
32432  21.826  -32.843  84.975 0.0000000000
37338  34.352  -27.434  78.340 0.0000000000
45621  40.193  -15.803  62.931 0.0000000000
36467  20.604  -26.277  89.712 0.0000000000
35651  20.949  -27.540  89.818 0.0000000000
34762  21.208  -29.217  89.105 0.0000000000
33969  19.908  -29.779  89.296 0.0000000000
50159  37.683  -11.150  62.859 0.0000000000
50168  36.211  -11.334  62.082 0.0000000000
48426  30.760  -13.560  62.318 0.0000000000
45569  32.321  -16.089  69.770 0.0000000000
111725  29.524  -18.375  69.492 0.0000000000
46566  28.635  -15.629  66.118 0.0000000000
102602  26.772  -17.013  63.127 0.0000000000
43725  26.414  -18.299  63.165 0.0000000000
43717  26.323  -18.453  63.871 0.0000000000
35786  28.549  -28.008  71.975 0.0000000000
35795  28.229  -28.320  71.398 0.0000000000
36635  27.596  -27.946  71.269 0.0000000000
96235  23.104  -26.769  70.775 0.0000000000
110219  22.703  -27.554  70.502 0.0000000000
36648  22.701  -27.205  69.266 0.0000000000
35812  22.573  -28.214  69.078 0.0000000000
105965  49.005  -11.503  70.153 0.0000000000
42879  29.557  -19.777  72.235 0.0000000000
42072  26.750  -20.927  68.421 0.0000000000
42073  26.558  -21.077  67.648 0.0000000000
40519  26.885  -22.519  69.359 0.0000000000
104845  27.204  -24.503  66.850 0.0000000000
39050  27.085  -25.296  66.149 0.0000000000
37394  25.510  -25.902  73.764 0.0000000000
37395  24.724  -26.120  73.379 0.0000000000
37396  24.071  -26.449  73.006 0.0000000000
32475  22.742  -32.577  77.809 0.0000000000
33197  21.865  -30.969  81.457 0.0000000000
38159  34.031  -25.820  78.147 0.0000000000
97915  34.122  -24.191  77.741 0.0000000000
110637  28.344  -26.582  74.100 0.0000000000
36578  29.329  -27.099  77.061 0.0000000000
33237  22.708  -31.194  75.884 0.0000000000
33236  23.145  -31.639  75.483 0.0000000000
46572  42.242  -15.057  64.770 0.0000000000
34772  21.715  -29.053  84.907 0.0000000000
47492  40.096  -14.146  63.784 0.0000000000
107167  36.569  -15.041  60.645 0.0000000000
47530  33.484  -14.124  60.169 0.0000000000
45571  30.810  -16.612  69.277 0.0000000000
47486  31.175  -13.606  64.840 0.0000000000
42132  25.924  -20.697  63.544 0.0000000000
38206  28.972  -25.013  72.409 0.0000000000
36629  29.213  -27.245  72.080 0.0000000000
36634  29.390  -27.497  71.504 0.0000000000
37419  29.477  -27.299  71.105 0.0000000000
37436  28.275  -26.773  67.581 0.0000000000
36655  28.104  -27.193  67.501 0.0000000000
38271  26.394  -26.189  65.904 0.0000000000
37412  26.077  -26.265  71.577 0.0000000000
38227  24.150  -25.513  70.187 0.0000000000
38228  23.639  -25.705  69.572 0.0000000000
98450  26.461  -27.141  68.410 0.0000000000
38261  25.283  -26.022  67.474 0.0000000000
37446  26.443  -26.947  67.013 0.0000000000
51043  50.800  -9.928  67.286 0.0000000000
50115  49.424  -10.874  69.662 0.0000000000
