#!ascii label  , from subject sub-v1s9x0051358_ses-1 vox2ras=TkReg
799
68451  46.686  9.528  47.219 0.0000000000
64204  49.641  3.679  41.321 0.0000000000
68580  48.967  8.906  31.603 0.0000000000
60713  50.869  -0.832  38.848 0.0000000000
64930  44.576  4.171  45.248 0.0000000000
97901  55.140  10.753  34.000 0.0000000000
62570  52.481  2.564  37.391 0.0000000000
69286  42.226  10.413  38.731 0.0000000000
67840  53.836  8.420  41.473 0.0000000000
66438  48.122  7.489  44.112 0.0000000000
62488  47.907  1.125  44.245 0.0000000000
71717  44.720  13.163  35.221 0.0000000000
66521  44.130  6.687  34.643 0.0000000000
67202  49.486  7.688  37.615 0.0000000000
63458  49.857  2.487  34.229 0.0000000000
103052  40.213  12.870  36.352 0.0000000000
67804  50.570  8.503  45.332 0.0000000000
67134  47.334  7.840  45.615 0.0000000000
63356  46.313  2.572  44.310 0.0000000000
71040  49.562  12.759  32.639 0.0000000000
72411  46.869  14.512  33.905 0.0000000000
104797  46.702  11.080  33.258 0.0000000000
69332  45.002  10.057  35.134 0.0000000000
67231  46.727  7.774  33.766 0.0000000000
66472  50.858  6.556  41.545 0.0000000000
96080  52.232  8.379  39.324 0.0000000000
65724  49.396  5.283  39.910 0.0000000000
61658  52.831  1.534  36.299 0.0000000000
63449  50.805  2.030  35.383 0.0000000000
61661  50.312  0.642  36.695 0.0000000000
63442  48.368  2.880  37.455 0.0000000000
111772  48.533  -1.170  39.282 0.0000000000
58925  45.747  -2.062  40.949 0.0000000000
67120  43.815  8.336  47.746 0.0000000000
66429  45.053  7.048  45.953 0.0000000000
68584  53.770  10.301  31.057 0.0000000000
61604  50.546  0.802  41.493 0.0000000000
116024  50.629  2.129  39.552 0.0000000000
61613  53.039  0.531  40.182 0.0000000000
105770  55.687  2.418  36.702 0.0000000000
100892  56.153  11.015  41.579 0.0000000000
68462  53.387  9.770  44.159 0.0000000000
67147  51.250  7.731  43.628 0.0000000000
65705  48.696  5.307  42.548 0.0000000000
65681  45.690  5.592  43.888 0.0000000000
64190  46.846  3.695  43.000 0.0000000000
63371  48.606  2.001  42.761 0.0000000000
61569  50.566  -0.160  44.486 0.0000000000
67112  42.202  8.163  49.174 0.0000000000
73024  43.436  16.095  33.419 0.0000000000
72401  41.444  14.487  34.473 0.0000000000
70187  43.672  11.630  36.800 0.0000000000
67203  44.263  7.884  36.834 0.0000000000
65004  42.556  4.907  35.750 0.0000000000
68526  55.727  9.627  38.136 0.0000000000
68542  53.855  9.005  35.792 0.0000000000
67901  50.009  7.917  33.731 0.0000000000
112157  49.914  3.840  37.196 0.0000000000
65750  49.653  4.293  34.982 0.0000000000
65774  49.255  4.995  32.511 0.0000000000
65752  47.387  4.992  35.698 0.0000000000
64981  45.884  4.268  37.859 0.0000000000
71013  39.010  12.695  35.523 0.0000000000
98549  39.441  13.111  34.748 0.0000000000
68456  48.808  9.310  46.417 0.0000000000
67124  46.834  8.319  46.499 0.0000000000
69348  49.789  10.494  32.003 0.0000000000
70213  47.544  11.587  33.006 0.0000000000
68567  47.696  9.816  32.726 0.0000000000
67912  46.655  8.956  33.467 0.0000000000
67239  48.262  7.646  32.297 0.0000000000
65712  49.953  5.184  41.558 0.0000000000
66479  49.787  6.193  40.429 0.0000000000
64968  49.616  4.445  40.236 0.0000000000
60726  52.543  0.287  37.973 0.0000000000
61659  51.730  0.811  36.351 0.0000000000
60728  50.576  -0.360  38.017 0.0000000000
61649  49.805  0.222  37.930 0.0000000000
60714  50.054  -1.177  38.795 0.0000000000
59840  48.793  -1.822  39.582 0.0000000000
59824  50.057  -1.980  40.227 0.0000000000
66425  43.226  7.026  46.819 0.0000000000
70220  52.567  11.668  31.898 0.0000000000
69337  54.597  10.315  32.347 0.0000000000
96769  51.238  0.025  42.107 0.0000000000
105510  51.465  0.335  41.094 0.0000000000
61602  53.232  0.018  41.224 0.0000000000
62549  56.491  2.617  38.277 0.0000000000
61644  57.114  1.746  37.496 0.0000000000
60723  55.884  0.833  37.772 0.0000000000
67132  49.219  8.175  44.986 0.0000000000
67810  50.911  8.214  44.899 0.0000000000
67149  49.611  7.843  44.159 0.0000000000
66452  50.242  6.919  42.935 0.0000000000
65695  48.091  6.018  42.991 0.0000000000
65671  44.331  6.393  45.669 0.0000000000
66435  45.389  6.921  45.252 0.0000000000
65682  45.047  5.330  44.435 0.0000000000
63355  46.970  2.103  44.139 0.0000000000
64176  46.562  2.997  43.654 0.0000000000
63373  47.247  2.719  43.319 0.0000000000
64189  47.751  3.529  42.713 0.0000000000
62501  48.175  1.484  43.478 0.0000000000
62500  48.768  1.093  43.203 0.0000000000
62487  48.574  0.674  44.202 0.0000000000
61554  51.660  0.615  46.352 0.0000000000
71730  45.948  13.986  34.317 0.0000000000
73010  45.314  15.373  34.165 0.0000000000
97100  43.875  15.167  34.740 0.0000000000
73013  42.545  15.466  34.357 0.0000000000
71719  43.400  13.770  35.623 0.0000000000
71705  42.205  13.197  36.300 0.0000000000
70996  43.858  12.379  36.266 0.0000000000
67904  44.539  7.641  34.119 0.0000000000
68543  44.568  9.387  36.086 0.0000000000
67208  44.273  7.432  35.570 0.0000000000
108525  43.308  6.375  36.472 0.0000000000
65756  42.969  5.289  35.432 0.0000000000
68490  55.225  8.939  41.633 0.0000000000
115698  56.183  10.493  40.122 0.0000000000
67850  54.879  8.771  40.015 0.0000000000
115695  50.973  8.320  38.139 0.0000000000
67876  52.679  8.679  37.375 0.0000000000
67886  50.830  8.589  36.593 0.0000000000
103533  51.605  8.849  35.140 0.0000000000
107942  49.496  7.827  35.589 0.0000000000
62571  51.785  2.587  37.820 0.0000000000
64230  50.576  3.182  38.260 0.0000000000
64242  50.837  2.763  37.003 0.0000000000
63457  49.988  2.165  34.334 0.0000000000
64255  50.336  2.888  35.154 0.0000000000
65010  49.489  3.765  33.980 0.0000000000
65767  50.048  4.597  32.524 0.0000000000
65018  49.394  4.115  33.061 0.0000000000
65769  48.113  5.148  34.025 0.0000000000
65011  48.692  3.636  34.645 0.0000000000
63413  47.388  2.113  38.975 0.0000000000
64232  47.536  3.281  38.093 0.0000000000
64222  46.072  3.062  39.231 0.0000000000
64235  44.200  3.988  38.379 0.0000000000
69305  54.410  11.375  35.795 0.0000000000
70985  39.703  12.023  37.087 0.0000000000
70171  41.453  11.593  37.620 0.0000000000
68453  51.446  9.666  46.231 0.0000000000
68455  49.656  9.537  46.269 0.0000000000
67806  48.871  8.485  45.443 0.0000000000
66432  47.769  7.653  44.944 0.0000000000
64166  45.011  3.302  45.094 0.0000000000
109282  47.933  13.482  33.069 0.0000000000
71023  46.271  12.584  33.696 0.0000000000
71024  45.643  12.487  34.224 0.0000000000
70196  44.872  11.613  35.330 0.0000000000
104324  45.467  10.808  34.183 0.0000000000
67903  44.887  8.438  33.980 0.0000000000
66531  44.863  6.893  34.054 0.0000000000
67181  52.167  7.811  41.516 0.0000000000
67861  53.028  8.343  39.957 0.0000000000
95797  50.977  7.611  40.187 0.0000000000
67189  50.352  7.563  39.376 0.0000000000
66494  48.881  6.281  38.562 0.0000000000
97749  53.374  2.374  35.907 0.0000000000
63439  51.492  2.138  36.480 0.0000000000
62581  52.284  1.861  36.337 0.0000000000
62588  50.483  1.844  35.011 0.0000000000
63440  49.761  1.778  35.422 0.0000000000
64244  48.789  3.024  36.208 0.0000000000
62583  49.310  1.685  36.926 0.0000000000
61651  47.958  0.755  38.663 0.0000000000
61633  47.244  0.088  39.176 0.0000000000
109558  47.085  -2.496  41.106 0.0000000000
67798  44.876  8.402  47.029 0.0000000000
67125  46.182  8.084  46.633 0.0000000000
100058  44.803  7.761  46.794 0.0000000000
66430  44.362  6.871  46.240 0.0000000000
105757  43.743  5.015  45.865 0.0000000000
71753  50.699  13.700  32.707 0.0000000000
70221  51.243  11.957  31.724 0.0000000000
67924  50.795  8.529  31.219 0.0000000000
63389  50.081  2.288  41.207 0.0000000000
64203  49.958  3.023  40.897 0.0000000000
62523  50.464  1.621  40.846 0.0000000000
62534  51.343  1.424  39.515 0.0000000000
62552  52.693  2.212  38.355 0.0000000000
61611  54.838  0.879  40.196 0.0000000000
62550  54.723  2.307  37.882 0.0000000000
62568  54.385  2.934  36.273 0.0000000000
61657  54.586  2.614  35.847 0.0000000000
60725  53.708  0.562  37.720 0.0000000000
60711  52.966  -0.502  39.058 0.0000000000
59822  51.925  -1.788  40.372 0.0000000000
69210  55.042  10.263  43.721 0.0000000000
68477  54.145  9.128  42.774 0.0000000000
68464  52.165  8.775  45.081 0.0000000000
67808  52.443  8.640  44.247 0.0000000000
67827  52.328  8.134  42.990 0.0000000000
66464  51.293  7.005  42.263 0.0000000000
65711  50.393  5.922  41.939 0.0000000000
64953  49.443  4.415  41.647 0.0000000000
67130  46.638  7.928  46.202 0.0000000000
66433  46.936  7.350  44.874 0.0000000000
66439  47.284  7.094  44.143 0.0000000000
64938  45.425  4.468  44.082 0.0000000000
65680  46.462  5.634  43.528 0.0000000000
65696  47.274  5.647  43.177 0.0000000000
106884  47.834  5.295  42.737 0.0000000000
64198  48.481  3.835  42.366 0.0000000000
64197  49.145  3.552  41.981 0.0000000000
62513  49.221  1.554  42.476 0.0000000000
61592  50.228  0.199  42.455 0.0000000000
60658  51.848  -0.501  43.616 0.0000000000
61560  50.668  0.098  45.326 0.0000000000
61568  51.431  -0.193  44.851 0.0000000000
67789  44.331  8.732  47.743 0.0000000000
67121  43.196  8.166  48.035 0.0000000000
67113  41.537  7.726  49.538 0.0000000000
95705  44.516  16.739  31.964 0.0000000000
73042  41.293  15.506  31.757 0.0000000000
71722  40.365  13.602  35.106 0.0000000000
70983  42.002  12.041  37.126 0.0000000000
69301  42.741  10.664  38.025 0.0000000000
101304  44.253  11.052  36.594 0.0000000000
69299  43.848  10.066  37.343 0.0000000000
68528  43.439  9.290  38.383 0.0000000000
68539  56.385  10.063  36.465 0.0000000000
67868  53.941  8.800  38.439 0.0000000000
68535  55.080  9.247  36.883 0.0000000000
68546  55.945  9.699  34.911 0.0000000000
99189  53.798  9.272  33.584 0.0000000000
67899  51.583  8.585  32.629 0.0000000000
67227  50.538  7.154  31.711 0.0000000000
108470  49.757  3.753  39.661 0.0000000000
100631  49.160  5.183  38.687 0.0000000000
65731  48.904  5.563  37.719 0.0000000000
64254  50.761  2.434  35.768 0.0000000000
64989  49.828  3.842  36.064 0.0000000000
66509  48.866  6.131  35.854 0.0000000000
66517  49.404  6.132  34.444 0.0000000000
67218  50.027  6.631  32.522 0.0000000000
113332  49.208  7.202  31.711 0.0000000000
66540  48.442  6.030  32.775 0.0000000000
66518  47.302  5.952  34.639 0.0000000000
65753  46.551  5.887  36.029 0.0000000000
64245  47.990  3.565  37.098 0.0000000000
64991  46.428  4.634  37.240 0.0000000000
65744  44.258  5.412  35.925 0.0000000000
64993  43.845  4.850  36.557 0.0000000000
59830  44.460  -1.331  41.122 0.0000000000
71734  38.044  13.253  33.610 0.0000000000
71748  38.397  13.452  32.571 0.0000000000
67795  47.172  8.912  46.649 0.0000000000
67796  46.382  8.823  46.733 0.0000000000
68588  49.633  9.556  31.524 0.0000000000
106106  48.634  10.088  32.208 0.0000000000
68581  48.255  9.144  32.178 0.0000000000
67911  47.688  8.775  32.719 0.0000000000
67920  48.579  8.206  31.848 0.0000000000
64961  49.797  4.425  41.052 0.0000000000
65719  49.938  5.188  40.803 0.0000000000
60727  51.466  -0.080  37.933 0.0000000000
60729  49.934  -0.623  38.304 0.0000000000
59839  49.606  -1.695  39.535 0.0000000000
59838  50.447  -1.490  39.559 0.0000000000
69318  53.728  10.976  34.716 0.0000000000
69328  53.998  10.833  33.336 0.0000000000
69338  54.150  10.765  32.081 0.0000000000
69327  54.991  10.461  33.009 0.0000000000
60671  52.180  -0.513  42.793 0.0000000000
61603  52.234  -0.157  41.726 0.0000000000
60683  53.033  -0.449  42.253 0.0000000000
62547  57.321  2.266  38.458 0.0000000000
60707  57.642  0.513  39.330 0.0000000000
60722  56.794  0.901  37.966 0.0000000000
112220  42.445  9.849  39.124 0.0000000000
67138  48.840  7.853  44.446 0.0000000000
66437  48.825  7.508  43.831 0.0000000000
66454  48.463  6.816  43.427 0.0000000000
65675  44.189  5.237  45.374 0.0000000000
106584  44.650  4.978  44.901 0.0000000000
62489  47.570  1.432  44.701 0.0000000000
63354  47.602  1.826  43.758 0.0000000000
71731  44.977  14.025  34.816 0.0000000000
71718  44.199  13.844  35.305 0.0000000000
72385  43.615  14.533  35.230 0.0000000000
71012  44.000  13.096  35.754 0.0000000000
66532  44.339  7.128  34.107 0.0000000000
67214  44.161  7.103  34.372 0.0000000000
66510  43.823  6.487  34.952 0.0000000000
65764  43.558  5.901  35.147 0.0000000000
68491  54.465  8.753  41.983 0.0000000000
68504  55.464  9.018  40.737 0.0000000000
67839  54.676  8.649  41.062 0.0000000000
67201  50.228  8.145  37.961 0.0000000000
67878  50.891  8.438  37.470 0.0000000000
67887  50.111  8.202  37.069 0.0000000000
106944  50.067  8.370  35.955 0.0000000000
101520  49.437  7.773  36.561 0.0000000000
63426  51.288  2.680  37.694 0.0000000000
63425  52.144  2.329  36.855 0.0000000000
64261  49.713  2.683  34.301 0.0000000000
64262  49.525  3.366  34.085 0.0000000000
115010  49.467  3.952  33.538 0.0000000000
98888  49.107  3.845  33.766 0.0000000000
64256  49.194  2.961  34.720 0.0000000000
62555  47.155  1.282  39.226 0.0000000000
63414  46.699  2.206  39.405 0.0000000000
63415  45.890  2.341  39.828 0.0000000000
108475  45.376  2.913  39.793 0.0000000000
71000  39.490  12.497  36.431 0.0000000000
70172  40.416  11.745  37.530 0.0000000000
108290  40.302  12.372  36.847 0.0000000000
69194  50.943  10.112  46.871 0.0000000000
68447  50.200  9.855  46.866 0.0000000000
67802  48.378  8.720  45.984 0.0000000000
67133  48.160  8.205  45.518 0.0000000000
114137  48.705  8.249  45.250 0.0000000000
71754  49.273  13.621  32.765 0.0000000000
71743  48.757  14.352  32.892 0.0000000000
71031  48.330  12.633  32.924 0.0000000000
114163  47.244  10.964  33.049 0.0000000000
71032  47.173  12.601  33.265 0.0000000000
70214  46.530  11.820  33.443 0.0000000000
70205  45.882  11.931  33.810 0.0000000000
70195  45.408  11.609  34.424 0.0000000000
70215  45.869  11.152  33.631 0.0000000000
115675  46.374  8.411  33.709 0.0000000000
67913  45.624  8.896  33.735 0.0000000000
67902  45.522  8.148  33.947 0.0000000000
67221  44.709  7.537  33.975 0.0000000000
67220  45.819  7.517  34.291 0.0000000000
67175  51.467  7.226  41.498 0.0000000000
67182  51.645  7.575  40.842 0.0000000000
67183  50.982  7.020  40.821 0.0000000000
66485  50.050  7.048  40.228 0.0000000000
114673  49.600  6.663  39.886 0.0000000000
66486  49.507  6.940  39.192 0.0000000000
103925  49.244  6.143  39.516 0.0000000000
61664  52.068  1.702  36.354 0.0000000000
61660  50.949  0.602  36.402 0.0000000000
61665  51.227  1.187  36.106 0.0000000000
61666  50.597  1.422  35.833 0.0000000000
62589  50.179  1.719  34.931 0.0000000000
62582  50.062  1.361  36.062 0.0000000000
60730  48.992  -0.301  38.943 0.0000000000
61650  48.935  0.648  38.552 0.0000000000
60731  48.058  0.021  38.750 0.0000000000
60716  47.883  -0.664  39.183 0.0000000000
58923  48.860  -2.480  40.802 0.0000000000
59826  48.332  -2.231  40.160 0.0000000000
67127  44.242  8.096  47.139 0.0000000000
66431  43.656  6.506  46.336 0.0000000000
101104  43.338  5.461  46.192 0.0000000000
65672  43.849  5.992  45.855 0.0000000000
69353  53.390  10.704  30.882 0.0000000000
71038  52.096  12.062  31.725 0.0000000000
69354  52.282  10.430  30.911 0.0000000000
69355  51.170  10.228  31.141 0.0000000000
68585  52.677  9.728  30.956 0.0000000000
113370  50.100  1.581  41.488 0.0000000000
95880  52.369  0.152  40.836 0.0000000000
61614  51.951  0.745  40.048 0.0000000000
61632  52.060  1.398  39.144 0.0000000000
61631  52.862  1.299  39.271 0.0000000000
61600  54.806  0.638  41.277 0.0000000000
61610  55.418  1.473  40.851 0.0000000000
62566  56.389  2.312  37.137 0.0000000000
62533  55.323  1.958  38.803 0.0000000000
97698  55.815  2.501  37.228 0.0000000000
62567  55.164  2.618  36.344 0.0000000000
97972  54.675  2.741  36.003 0.0000000000
61656  55.112  2.605  36.374 0.0000000000
113038  55.101  0.079  38.551 0.0000000000
60724  54.854  0.807  37.606 0.0000000000
60710  54.149  -0.182  38.753 0.0000000000
59835  53.779  -1.017  39.687 0.0000000000
59836  52.879  -1.444  40.006 0.0000000000
69203  54.448  10.560  44.287 0.0000000000
69211  54.146  9.955  43.920 0.0000000000
68465  54.532  9.487  43.251 0.0000000000
68466  53.814  9.488  43.517 0.0000000000
68460  51.042  9.034  45.779 0.0000000000
68459  51.896  9.126  45.730 0.0000000000
67803  51.423  8.575  45.263 0.0000000000
67136  50.652  7.984  44.266 0.0000000000
67809  51.605  8.226  44.480 0.0000000000
67813  52.040  8.100  43.640 0.0000000000
67812  52.667  8.683  43.389 0.0000000000
67165  51.744  7.544  42.909 0.0000000000
67166  51.004  7.078  42.992 0.0000000000
65694  48.971  6.219  42.850 0.0000000000
65703  49.908  6.347  42.630 0.0000000000
65704  49.645  5.587  42.350 0.0000000000
100839  49.398  4.970  42.120 0.0000000000
67131  45.715  7.656  46.389 0.0000000000
65673  45.493  6.363  44.544 0.0000000000
66434  46.088  7.148  44.966 0.0000000000
66440  46.408  6.554  44.172 0.0000000000
63357  45.622  2.792  44.597 0.0000000000
64178  45.359  3.576  44.441 0.0000000000
64177  45.975  3.519  44.032 0.0000000000
106550  46.303  3.859  43.408 0.0000000000
64936  46.600  4.716  43.128 0.0000000000
64948  47.300  4.598  42.770 0.0000000000
63382  48.575  2.990  42.522 0.0000000000
63381  49.196  2.525  42.223 0.0000000000
61580  49.190  0.397  43.672 0.0000000000
62499  49.402  0.569  42.829 0.0000000000
61579  50.064  -0.130  43.560 0.0000000000
61591  51.109  -0.225  43.111 0.0000000000
61578  51.186  -0.365  44.034 0.0000000000
110861  50.498  0.436  45.978 0.0000000000
61559  51.634  0.168  45.606 0.0000000000
61567  52.295  0.061  45.037 0.0000000000
68441  44.573  9.407  48.538 0.0000000000
111163  43.358  9.045  49.378 0.0000000000
67780  43.709  8.819  48.477 0.0000000000
67111  42.896  8.519  48.824 0.0000000000
67122  42.452  7.862  48.357 0.0000000000
73011  44.277  15.755  34.034 0.0000000000
73023  44.371  16.255  33.066 0.0000000000
73033  43.672  16.235  32.368 0.0000000000
73628  43.032  16.107  31.562 0.0000000000
96098  42.770  15.796  32.512 0.0000000000
73041  42.093  15.560  31.704 0.0000000000
72400  42.216  14.919  34.788 0.0000000000
72402  40.654  13.882  33.981 0.0000000000
72388  41.123  14.009  34.952 0.0000000000
111272  43.241  12.315  36.666 0.0000000000
70997  42.538  12.535  36.703 0.0000000000
70188  42.863  11.899  37.125 0.0000000000
70170  42.358  11.414  37.609 0.0000000000
70169  43.143  11.176  37.403 0.0000000000
69322  44.730  10.788  35.866 0.0000000000
105398  44.718  9.963  35.839 0.0000000000
67888  44.482  8.533  36.219 0.0000000000
68536  44.272  9.387  36.903 0.0000000000
68537  43.929  9.334  37.679 0.0000000000
69300  43.383  10.001  37.961 0.0000000000
67880  43.908  8.429  37.906 0.0000000000
67871  43.333  8.556  38.824 0.0000000000
65745  42.739  5.515  35.851 0.0000000000
70112  55.633  11.836  40.613 0.0000000000
69264  56.055  10.300  39.356 0.0000000000
70143  55.940  11.319  38.803 0.0000000000
69281  56.094  10.591  38.380 0.0000000000
69295  55.887  10.822  37.024 0.0000000000
68533  56.233  10.225  37.598 0.0000000000
98284  53.162  8.537  39.129 0.0000000000
67884  52.744  8.808  36.441 0.0000000000
96888  53.472  8.762  37.710 0.0000000000
67875  53.857  8.933  36.823 0.0000000000
115504  55.506  9.403  35.535 0.0000000000
68547  54.874  9.292  35.156 0.0000000000
113142  54.520  9.350  34.354 0.0000000000
68548  53.729  9.175  34.821 0.0000000000
67894  50.578  8.544  34.783 0.0000000000
67893  51.485  8.966  33.946 0.0000000000
67900  50.806  8.233  33.288 0.0000000000
67909  51.154  7.561  32.019 0.0000000000
67910  50.436  7.274  32.334 0.0000000000
64220  49.973  3.072  39.951 0.0000000000
113449  50.128  3.264  39.146 0.0000000000
64231  50.306  3.541  37.673 0.0000000000
64221  49.916  3.695  38.690 0.0000000000
108381  49.686  4.200  38.166 0.0000000000
64980  49.460  4.646  37.472 0.0000000000
63448  51.557  1.903  36.384 0.0000000000
64999  50.031  3.337  34.552 0.0000000000
65741  49.304  4.990  36.583 0.0000000000
65751  49.143  5.367  35.895 0.0000000000
65761  49.493  5.181  34.666 0.0000000000
65773  49.896  4.922  32.271 0.0000000000
108320  50.098  5.050  32.423 0.0000000000
66538  49.856  5.577  32.390 0.0000000000
100365  49.586  6.551  32.343 0.0000000000
66539  49.373  5.651  32.355 0.0000000000
67229  48.812  6.654  32.214 0.0000000000
65012  48.173  4.444  34.642 0.0000000000
65762  47.366  5.444  35.141 0.0000000000
66519  46.620  6.171  35.249 0.0000000000
63441  49.101  2.352  36.531 0.0000000000
64246  47.041  3.971  37.671 0.0000000000
65743  45.846  5.508  36.685 0.0000000000
64992  45.111  4.999  37.167 0.0000000000
64982  44.624  4.549  37.780 0.0000000000
64224  43.975  3.380  39.127 0.0000000000
64236  42.883  3.539  37.693 0.0000000000
59828  46.116  -1.663  40.525 0.0000000000
59809  45.090  -1.659  41.332 0.0000000000
71025  37.656  13.089  34.640 0.0000000000
71723  38.603  12.865  34.534 0.0000000000
71708  39.816  13.100  35.763 0.0000000000
67794  47.985  9.047  46.516 0.0000000000
67129  47.524  8.389  46.196 0.0000000000
70223  49.163  11.143  32.401 0.0000000000
70224  48.705  11.844  32.717 0.0000000000
109352  48.265  11.070  32.572 0.0000000000
69349  47.712  10.689  32.746 0.0000000000
69340  47.116  10.452  33.170 0.0000000000
69341  46.255  10.416  33.401 0.0000000000
68568  46.939  9.695  33.306 0.0000000000
105214  47.294  8.149  33.223 0.0000000000
65718  50.390  5.859  41.203 0.0000000000
66478  50.513  6.483  40.851 0.0000000000
61648  52.188  0.452  36.694 0.0000000000
60734  51.212  0.093  36.912 0.0000000000
60735  50.515  0.055  37.316 0.0000000000
60715  49.324  -1.255  39.044 0.0000000000
59825  49.208  -2.261  40.092 0.0000000000
58922  49.707  -2.374  40.846 0.0000000000
67128  43.590  7.768  47.314 0.0000000000
112234  51.791  13.173  32.841 0.0000000000
69347  53.474  11.177  31.552 0.0000000000
69346  54.175  10.919  31.147 0.0000000000
68576  54.266  10.302  31.887 0.0000000000
62532  55.821  2.079  39.708 0.0000000000
63411  57.054  2.736  38.890 0.0000000000
62548  57.052  2.357  38.003 0.0000000000
61654  56.912  2.069  37.193 0.0000000000
61655  56.104  2.287  36.889 0.0000000000
61645  56.649  1.801  37.152 0.0000000000
60709  55.961  -0.231  38.910 0.0000000000
69205  52.788  10.104  44.777 0.0000000000
67805  49.686  8.480  45.336 0.0000000000
67137  50.152  8.128  44.912 0.0000000000
67148  50.340  7.475  43.515 0.0000000000
66453  49.405  7.108  43.256 0.0000000000
65674  44.682  6.174  45.035 0.0000000000
111254  46.703  2.152  44.621 0.0000000000
63372  47.957  2.398  43.007 0.0000000000
61570  49.637  0.206  44.573 0.0000000000
61555  50.890  0.703  46.600 0.0000000000
62470  52.236  1.181  46.681 0.0000000000
72396  46.127  14.948  34.207 0.0000000000
110908  45.430  14.640  34.475 0.0000000000
72397  44.737  14.954  34.646 0.0000000000
73012  43.221  15.802  34.306 0.0000000000
73025  42.557  15.767  33.616 0.0000000000
72399  43.017  15.164  34.870 0.0000000000
72386  42.766  14.461  35.344 0.0000000000
72387  41.856  14.235  35.346 0.0000000000
71720  42.546  13.719  35.784 0.0000000000
71704  43.141  13.019  36.202 0.0000000000
103394  44.661  8.560  34.494 0.0000000000
68550  44.723  9.345  35.183 0.0000000000
67896  44.505  8.037  35.021 0.0000000000
67204  43.879  7.343  37.333 0.0000000000
66501  43.903  6.845  36.116 0.0000000000
66502  43.127  6.001  35.356 0.0000000000
69229  56.425  9.925  41.530 0.0000000000
69247  56.243  10.677  40.727 0.0000000000
68489  55.888  9.335  41.333 0.0000000000
107520  55.580  9.327  39.841 0.0000000000
114605  55.200  9.106  39.457 0.0000000000
112640  51.576  8.313  38.632 0.0000000000
67869  52.663  8.550  38.361 0.0000000000
67870  51.732  8.477  37.843 0.0000000000
67877  51.737  8.664  37.002 0.0000000000
67892  52.689  8.932  35.467 0.0000000000
67885  51.717  8.779  36.102 0.0000000000
98283  50.880  8.697  35.765 0.0000000000
67895  49.843  8.102  34.987 0.0000000000
62554  51.044  2.063  38.881 0.0000000000
63412  50.559  2.652  39.120 0.0000000000
64260  50.352  2.189  34.615 0.0000000000
65760  49.954  4.337  33.397 0.0000000000
65017  49.722  4.241  33.003 0.0000000000
65025  49.680  4.462  32.499 0.0000000000
65768  48.978  4.557  32.926 0.0000000000
65019  48.758  4.338  33.647 0.0000000000
65000  47.833  4.287  35.730 0.0000000000
63428  47.868  2.522  38.398 0.0000000000
63429  47.076  2.830  38.851 0.0000000000
64233  46.552  3.584  38.446 0.0000000000
64234  45.443  3.935  38.612 0.0000000000
64223  44.987  3.481  39.286 0.0000000000
63416  44.629  3.007  39.917 0.0000000000
69317  55.156  10.939  34.994 0.0000000000
71001  38.579  12.399  36.264 0.0000000000
70153  40.943  11.129  38.185 0.0000000000
70152  41.893  11.030  38.220 0.0000000000
68454  50.533  9.570  46.242 0.0000000000
67800  50.090  9.042  45.714 0.0000000000
67801  49.200  8.942  45.794 0.0000000000
67139  48.492  7.976  44.960 0.0000000000
63346  45.526  2.505  45.491 0.0000000000
63345  46.318  2.160  45.082 0.0000000000
63344  47.134  1.821  45.062 0.0000000000
62481  48.205  0.755  45.122 0.0000000000
72410  47.867  15.047  33.278 0.0000000000
71745  46.796  13.506  33.690 0.0000000000
105635  45.957  13.151  34.055 0.0000000000
105751  45.394  13.203  34.614 0.0000000000
71010  45.090  12.410  34.926 0.0000000000
71011  44.493  12.389  35.635 0.0000000000
69321  45.158  10.838  34.919 0.0000000000
69331  45.274  10.113  34.343 0.0000000000
68569  45.948  9.653  33.545 0.0000000000
68557  45.302  9.424  33.891 0.0000000000
68558  44.893  9.293  34.328 0.0000000000
67841  53.022  8.176  41.898 0.0000000000
67852  52.879  8.163  40.953 0.0000000000
116021  52.173  7.916  40.893 0.0000000000
67862  51.962  8.122  40.264 0.0000000000
67188  51.287  8.021  39.412 0.0000000000
67196  50.682  8.004  38.679 0.0000000000
67190  49.784  7.621  38.521 0.0000000000
66500  49.046  7.054  38.165 0.0000000000
63424  53.086  2.534  36.342 0.0000000000
63438  52.532  2.075  36.378 0.0000000000
62587  51.080  1.841  35.974 0.0000000000
63456  50.225  2.013  34.551 0.0000000000
63450  50.084  1.953  34.352 0.0000000000
63451  49.455  2.318  35.063 0.0000000000
63427  48.598  2.105  37.749 0.0000000000
62572  49.572  1.018  37.455 0.0000000000
62573  48.734  1.362  38.098 0.0000000000
62574  47.967  1.682  38.608 0.0000000000
106380  46.495  -0.221  39.602 0.0000000000
58924  46.522  -2.208  40.698 0.0000000000
59841  47.786  -1.586  39.677 0.0000000000
59827  47.388  -2.184  40.392 0.0000000000
67787  45.865  9.413  47.374 0.0000000000
67797  45.606  8.641  46.874 0.0000000000
67126  45.431  7.894  46.712 0.0000000000
66423  44.990  7.397  46.525 0.0000000000
66424  44.207  7.315  46.740 0.0000000000
64925  43.991  4.104  45.810 0.0000000000
71742  50.106  14.484  32.789 0.0000000000
71039  50.721  12.623  32.312 0.0000000000
109793  51.644  12.623  32.156 0.0000000000
70222  50.207  11.515  32.123 0.0000000000
70231  50.692  10.956  31.480 0.0000000000
69356  50.335  10.063  31.458 0.0000000000
67925  49.858  8.632  31.246 0.0000000000
63390  49.663  2.877  41.615 0.0000000000
63400  50.280  2.317  40.222 0.0000000000
62522  50.974  1.006  40.456 0.0000000000
62535  50.709  1.661  39.869 0.0000000000
62553  51.841  2.078  38.588 0.0000000000
60682  53.716  -0.137  41.929 0.0000000000
61601  54.170  0.253  41.199 0.0000000000
61612  53.965  0.498  40.272 0.0000000000
61629  54.487  1.240  39.434 0.0000000000
61630  53.809  1.212  39.297 0.0000000000
62551  53.660  2.254  38.085 0.0000000000
62569  53.364  2.632  36.907 0.0000000000
63423  53.839  2.952  35.900 0.0000000000
62580  54.319  2.722  35.818 0.0000000000
102078  53.965  2.137  35.738 0.0000000000
104913  55.639  1.859  36.867 0.0000000000
61646  54.503  1.807  36.300 0.0000000000
61647  53.338  1.104  36.445 0.0000000000
60712  51.839  -0.410  39.011 0.0000000000
59837  51.359  -1.337  39.624 0.0000000000
108193  52.206  -1.252  39.617 0.0000000000
104258  56.231  10.152  42.444 0.0000000000
69219  55.415  9.596  42.963 0.0000000000
68476  54.893  9.126  42.468 0.0000000000
67825  53.677  8.641  42.326 0.0000000000
69197  52.547  10.372  45.572 0.0000000000
68458  52.378  9.463  45.412 0.0000000000
68463  52.698  9.307  44.573 0.0000000000
68467  53.045  9.278  43.816 0.0000000000
67826  52.876  8.497  42.642 0.0000000000
67164  52.332  7.914  42.356 0.0000000000
96861  51.800  7.485  42.114 0.0000000000
66465  50.663  6.571  42.392 0.0000000000
66428  45.943  7.408  45.806 0.0000000000
66427  46.642  7.556  45.550 0.0000000000
64929  44.993  4.261  44.681 0.0000000000
64937  45.994  4.658  43.570 0.0000000000
108521  47.010  6.352  43.667 0.0000000000
66455  47.679  6.603  43.548 0.0000000000
64947  48.113  4.516  42.514 0.0000000000
64954  48.881  4.449  42.216 0.0000000000
63380  49.674  2.004  41.845 0.0000000000
62512  49.788  1.068  42.058 0.0000000000
60657  52.644  -0.553  43.655 0.0000000000
102717  49.015  0.533  45.064 0.0000000000
113853  51.084  0.302  46.016 0.0000000000
60643  52.129  -0.381  44.329 0.0000000000
67788  45.041  9.177  47.570 0.0000000000
66411  41.740  7.481  48.711 0.0000000000
98640  41.926  15.253  32.715 0.0000000000
73034  41.230  15.147  32.408 0.0000000000
73035  40.717  15.134  32.505 0.0000000000
97384  39.912  13.402  34.065 0.0000000000
71707  40.619  13.341  36.009 0.0000000000
71706  41.403  13.305  36.230 0.0000000000
70999  40.879  12.847  36.559 0.0000000000
70984  41.118  12.197  37.045 0.0000000000
70186  44.372  11.663  36.151 0.0000000000
69310  44.318  10.218  36.588 0.0000000000
69311  43.833  10.818  37.143 0.0000000000
110224  43.393  10.566  37.612 0.0000000000
68529  42.875  9.955  38.574 0.0000000000
68515  42.924  9.322  39.073 0.0000000000
66495  43.632  6.776  37.744 0.0000000000
70127  56.010  11.379  39.797 0.0000000000
70180  54.770  11.560  36.694 0.0000000000
111995  55.721  10.696  35.846 0.0000000000
69316  56.004  10.361  34.610 0.0000000000
67851  53.911  8.493  40.519 0.0000000000
67860  53.986  8.670  39.516 0.0000000000
67859  54.901  9.100  38.929 0.0000000000
103506  54.269  8.985  37.531 0.0000000000
68527  55.038  9.279  37.837 0.0000000000
68534  56.017  9.646  37.130 0.0000000000
68545  56.357  9.991  35.302 0.0000000000
68553  56.204  9.984  34.238 0.0000000000
68562  55.838  9.978  33.488 0.0000000000
68564  54.590  9.704  32.582 0.0000000000
68565  53.426  9.368  32.364 0.0000000000
68549  52.571  9.095  34.393 0.0000000000
68556  52.516  9.065  33.171 0.0000000000
68566  52.324  9.086  32.176 0.0000000000
67908  51.602  8.366  31.894 0.0000000000
67917  51.075  7.785  31.552 0.0000000000
67918  50.213  7.855  31.456 0.0000000000
64212  49.769  3.725  40.574 0.0000000000
64974  49.521  4.417  39.241 0.0000000000
65732  48.750  6.390  37.738 0.0000000000
64243  50.446  3.244  36.474 0.0000000000
65742  48.850  5.894  36.872 0.0000000000
66508  48.886  6.937  37.004 0.0000000000
67207  49.007  7.106  35.693 0.0000000000
67213  49.537  7.243  34.297 0.0000000000
106189  50.096  5.044  33.139 0.0000000000
66528  49.953  5.894  32.949 0.0000000000
67228  50.020  6.758  31.717 0.0000000000
67230  47.901  7.225  33.043 0.0000000000
67219  47.281  6.970  33.836 0.0000000000
65775  48.506  5.290  33.092 0.0000000000
66529  47.738  6.042  33.808 0.0000000000
66530  46.497  6.793  34.611 0.0000000000
66520  45.374  6.465  35.108 0.0000000000
64257  48.334  3.626  35.864 0.0000000000
64990  47.473  4.186  36.755 0.0000000000
65001  46.964  4.925  36.478 0.0000000000
65754  45.172  5.843  35.713 0.0000000000
65763  44.060  5.893  35.038 0.0000000000
65755  43.422  5.515  35.325 0.0000000000
65002  43.138  5.037  35.528 0.0000000000
64994  42.833  4.646  36.009 0.0000000000
64983  43.403  4.298  37.093 0.0000000000
59823  50.927  -1.793  40.321 0.0000000000
58921  50.571  -2.252  40.927 0.0000000000
59842  46.805  -1.623  40.113 0.0000000000
61627  57.533  1.558  38.764 0.0000000000
61628  57.323  1.145  38.157 0.0000000000
61643  57.288  1.906  37.707 0.0000000000
63399  56.715  2.761  39.661 0.0000000000
63401  45.148  2.435  40.204 0.0000000000
63410  57.218  2.669  38.974 0.0000000000
65003  42.677  4.913  35.620 0.0000000000
67238  49.851  7.280  31.541 0.0000000000
67879  44.239  8.725  37.186 0.0000000000
67919  49.386  7.995  31.495 0.0000000000
68475  55.771  9.353  42.124 0.0000000000
68478  53.341  9.115  43.039 0.0000000000
68503  56.210  9.762  40.557 0.0000000000
68514  55.537  9.553  39.020 0.0000000000
68525  56.002  10.044  38.453 0.0000000000
68540  56.008  9.625  36.020 0.0000000000
68541  54.944  9.188  36.024 0.0000000000
68554  55.914  9.763  33.878 0.0000000000
68555  55.013  9.520  33.628 0.0000000000
68563  55.498  9.872  33.164 0.0000000000
68574  55.559  9.966  33.094 0.0000000000
68575  55.085  10.045  32.693 0.0000000000
68577  53.136  9.545  31.434 0.0000000000
68578  52.217  9.108  31.606 0.0000000000
68579  51.602  8.800  31.447 0.0000000000
68586  51.515  9.454  31.077 0.0000000000
68587  50.517  9.350  31.163 0.0000000000
69198  52.159  9.850  46.066 0.0000000000
69204  53.678  10.526  44.590 0.0000000000
69326  55.852  10.209  33.636 0.0000000000
69336  55.454  10.089  33.021 0.0000000000
69342  45.651  10.266  33.763 0.0000000000
70211  52.476  11.618  32.362 0.0000000000
70219  53.482  11.115  31.330 0.0000000000
70229  52.718  11.219  31.323 0.0000000000
70230  51.757  11.214  31.313 0.0000000000
70943  55.388  12.439  39.852 0.0000000000
70998  41.688  12.700  36.674 0.0000000000
71014  38.212  12.686  35.467 0.0000000000
71037  52.067  12.685  32.491 0.0000000000
71721  41.207  13.722  35.625 0.0000000000
71733  39.112  13.147  33.454 0.0000000000
71740  51.560  13.218  32.613 0.0000000000
71744  47.621  14.176  33.387 0.0000000000
72398  44.310  14.507  34.999 0.0000000000
101569  53.886  9.873  31.757 0.0000000000
102446  49.621  11.975  32.447 0.0000000000
104382  47.980  -2.378  40.959 0.0000000000
104581  41.851  13.649  35.877 0.0000000000
107358  44.583  8.791  35.405 0.0000000000
112376  55.301  9.478  34.401 0.0000000000
